1.047545 1.835422 2.597152 0.1451697 0.6980129 1.162236
1.115465 1.410505 3.537969 0.1791926 0.7738757 1.769472
1.024257 1.821607 2.87689 0.1796742 0.9009714 1.688286
0.8719354 2.87503 1.559707 0.1648502 1.128498 1.013198
1.198697 1.039927 4.85839 0.1809529 0.7041457 2.191683
1.002909 1.716309 3.625735 0.1807031 0.9343097 2.282892
0.9793055 2.105388 2.640792 0.1832292 1.013772 1.737481
0.9140081 2.2825 2.274437 0.1725409 1.043187 1.500652
0.998747 2.129939 2.082612 0.1456601 0.7650494 0.9952272
0.8903452 2.649365 1.699674 0.1817604 1.17772 1.188145
0.9887906 2.16259 2.041939 0.1502448 0.800727 1.016441
0.9958374 2.052808 2.340717 0.1713236 0.904919 1.345609
1.047096 1.595691 3.595233 0.143044 0.6805393 1.626512
0.7399446 3.705531 1.008285 0.1885288 1.697628 0.8437897
1.006095 2.073173 2.250495 0.1474948 0.7658971 1.088271
1.41254 0.574396 5.115118 0.2417061 0.7477879 2.166829
1.285216 0.9180468 4.527867 0.198245 0.6965166 1.928382
0.8339375 3.030222 1.262887 0.1501905 1.081776 0.7516504
0.8892808 2.68018 1.587307 0.1545197 0.9982609 0.9299672
0.985335 2.07521 2.522851 0.1386816 0.7469536 1.215869
1.220258 1.188151 3.626866 0.1704749 0.6389376 1.44246
1.2883 0.7404959 5.521382 0.2124692 0.7466083 2.504465
1.021315 1.865713 2.919512 0.1839067 0.936082 1.788812
1.257104 0.8544207 5.388024 0.2091302 0.7660012 2.57875
0.9260661 2.287393 2.270892 0.1495454 0.8866009 1.270021
0.9995311 2.056242 2.419065 0.1667447 0.8820413 1.36473
0.7518909 3.608749 0.9954114 0.1555191 1.348824 0.6682561
1.032368 1.804759 3.104279 0.1543729 0.767273 1.568939
0.9451656 2.284317 2.145746 0.1818508 1.056895 1.421173
0.8884735 2.692696 1.613722 0.1361319 0.8818186 0.837485
1.031451 1.838337 2.872035 0.1339855 0.6612887 1.240116
0.9672567 2.033979 2.499231 0.1509963 0.8218536 1.319125
1.096239 1.468949 3.632861 0.1926039 0.8648452 2.062989
1.095855 1.487872 3.596246 0.1507231 0.6686581 1.574783
1.025232 1.884037 2.519709 0.1633088 0.8128337 1.309357
0.9679142 2.103123 2.568888 0.1486244 0.8217213 1.361407
1.414366 0.2440881 7.871558 0.269482 0.853771 3.750476
0.9204767 2.427366 1.806232 0.1585649 0.950055 1.039511
1.072781 1.647908 3.138731 0.170165 0.7911046 1.620174
0.8116516 3.169277 1.305927 0.1558563 1.18781 0.8436687
0.9815134 2.135887 2.237669 0.1442232 0.7777324 1.098375
0.8297955 2.919367 1.520058 0.1402588 1.01057 0.8763976
0.9763804 2.012566 2.42524 0.141061 0.7536619 1.17028
0.7592182 3.47594 1.09533 0.1526444 1.293812 0.726707
1.143888 1.384258 3.809325 0.1703383 0.7186737 1.788602
1.026588 1.921693 2.459917 0.1410108 0.6977834 1.092301
1.29852 1.007607 3.826597 0.2090275 0.7229828 1.670506
0.9350963 2.476746 1.739115 0.2020997 1.207498 1.263373
1.170166 1.144272 4.804323 0.2185367 0.8989262 2.833642
1.097208 1.446205 3.679341 0.1866481 0.8334378 2.010775
0.903838 2.654464 1.601743 0.1617586 1.021527 0.9608563
0.7320749 3.830712 0.9479218 0.1562592 1.43921 0.656338
1.147213 1.303107 4.041962 0.1810076 0.7569419 1.993514
1.29922 0.6929829 5.852132 0.2354694 0.8270281 2.944828
0.877157 2.529983 2.016323 0.167577 1.095118 1.355348
1.291004 0.748723 5.630681 0.2277028 0.80603 2.781403
0.9435615 2.224998 2.575966 0.1496562 0.8752154 1.457929
1.479252 0.1228072 7.975993 0.2923039 0.8766688 3.73276
0.8528116 2.906326 1.387513 0.1567633 1.091275 0.8557281
1.04907 1.653461 3.203944 0.162657 0.7748894 1.625291
0.758168 3.419839 1.345769 0.1231083 1.047065 0.7462847
0.8951595 2.387406 2.208349 0.1665832 1.046143 1.448355
0.7358049 3.811047 0.9177354 0.1781049 1.625893 0.7169382
1.043866 1.575469 3.609567 0.1480282 0.7040252 1.683343
0.8949212 2.397005 2.119912 0.1766226 1.109489 1.466287
1.047714 1.864462 2.467618 0.1699658 0.8222287 1.290443
0.8717824 2.575566 1.953832 0.1639783 1.083549 1.289265
1.014342 1.932714 2.686901 0.1655434 0.8492152 1.477951
0.7878791 3.493577 1.030402 0.1769251 1.446676 0.7577593
0.8902071 2.562648 1.827729 0.1202644 0.764096 0.8452514
0.9143177 2.479812 1.979723 0.1708747 1.057688 1.285437
1.038222 1.728246 2.835353 0.1700137 0.8215106 1.504564
0.5463919 6.066091 0.3671578 0.1631456 2.572366 0.3101438
1.054528 1.62025 3.35502 0.1876924 0.8946357 1.976942
1.540927 -0.1929414 10.63049 0.3186937 0.927783 4.953982
0.92147 2.573188 1.854302 0.2418983 1.512636 1.695785
0.9993591 1.982615 2.625979 0.1760451 0.9269928 1.574348
1.140094 1.363406 3.416023 0.164798 0.6813392 1.480253
0.9341152 2.183071 2.24516 0.198434 1.148894 1.627937
1.062558 1.660433 3.145978 0.1817912 0.8584759 1.764922
1.210782 1.153686 4.06715 0.1965258 0.7579459 1.954475
0.8634944 2.521824 1.993886 0.1421132 0.9357957 1.142987
1.027973 2.119187 2.008976 0.1510811 0.7644816 0.9519628
1.081362 1.64079 3.004515 0.1749092 0.801657 1.558408
1.584237 -0.4852459 12.16825 0.3386904 0.9567928 5.286317
0.8368175 3.13905 1.262841 0.1293773 0.9388679 0.6422501
0.9765804 2.011105 2.65802 0.1756122 0.9545263 1.646127
1.006779 1.821014 3.338492 0.1813758 0.9447134 2.109494
1.143528 1.321836 4.284052 0.189916 0.8092399 2.295316
0.942612 2.271482 1.921508 0.1313947 0.7466417 0.8854161
0.7895159 3.275651 1.232359 0.2024933 1.619412 1.065828
1.237071 0.9091648 4.793178 0.1970016 0.7256063 2.148572
0.6766742 4.24494 0.7698917 0.1788423 1.874984 0.64206
0.8620026 2.750789 1.721185 0.1360188 0.9243674 0.9394765
1.433813 0.3973504 5.765723 0.2386637 0.7186746 2.260499
0.8631079 2.64427 1.882614 0.1503168 1.01088 1.147162
0.6990804 4.147879 0.7513697 0.1414023 1.403769 0.4730166
1.076927 1.381193 4.421086 0.1740766 0.7989453 2.372639
0.9419797 2.24692 2.211311 0.1810021 1.050338 1.462836
0.9157341 2.25045 2.527437 0.2159444 1.315737 2.138692
1.076354 1.592644 2.762941 0.1798215 0.8097961 1.415262
1.161014 1.277674 4.07643 0.1822501 0.7494702 1.983152
1.020376 1.857653 2.744593 0.170618 0.8592375 1.527639
0.8975144 2.799483 1.362919 0.146389 0.9413632 0.7290957
0.9924632 1.9312 3.091098 0.165552 0.8843334 1.813633
1.068129 1.579751 3.426039 0.1732434 0.8077227 1.821642
0.8292136 3.192309 1.251333 0.1770843 1.325582 0.8956456
0.8534042 2.661433 1.713064 0.135983 0.9186255 0.9366284
1.310514 0.803856 4.751869 0.2061713 0.7018454 1.995254
1.161851 1.368127 3.212284 0.168027 0.6769845 1.369076
1.186103 1.033598 5.051242 0.2173045 0.8686621 2.836177
1.040587 1.618789 3.709474 0.1852784 0.907431 2.259164
0.6047559 5.136235 0.5901899 0.1351981 1.754682 0.3981181
0.7365286 3.989351 0.7904949 0.165291 1.529993 0.5575261
1.023707 1.806518 2.877431 0.1427241 0.7066774 1.32326
1.030236 1.908352 2.640778 0.1543759 0.7708343 1.312716
1.352973 0.2691954 8.657058 0.2479246 0.8304487 4.123754
0.9669861 2.307215 2.044905 0.1512928 0.8538922 1.086067
1.08721 1.626996 3.107622 0.1582266 0.7181151 1.449405
0.9302639 2.126268 2.855714 0.1706962 1.006663 1.888061
1.250358 0.8809895 5.064717 0.2326424 0.8594612 2.709563
1.094931 1.662624 3.112457 0.1672884 0.7622852 1.547954
0.7855033 3.489488 1.03198 0.1342861 1.093323 0.5735041
1.021259 1.828332 3.113991 0.1514216 0.7642423 1.569728
0.6220379 4.886077 0.5511779 0.1450473 1.765569 0.3835044
0.7241116 3.931769 0.800407 0.1354071 1.260618 0.4693225
1.113567 1.585664 2.781812 0.1643623 0.7119791 1.255303
0.9437998 2.516351 1.600172 0.1867024 1.103466 1.048068
0.9709219 2.327778 1.953867 0.1652887 0.9289206 1.118254
0.9187617 2.489078 1.799434 0.1680397 1.025471 1.116069
0.9256027 2.593512 1.555191 0.1457968 0.8852583 0.8110778
0.8703421 2.671987 1.847041 0.1387568 0.9261929 1.026335
0.9006299 2.442907 2.102078 0.1721865 1.082227 1.412506
0.8891035 2.752054 1.52821 0.1753825 1.14761 1.017152
1.137602 1.246318 4.211824 0.1981614 0.8362437 2.294373
1.054719 1.695906 2.786563 0.1697117 0.7981512 1.426272
1.088859 1.496891 3.365891 0.1903259 0.856042 1.871569
1.0125 1.823756 3.039505 0.1745918 0.8929096 1.787108
1.115141 1.516163 3.312454 0.1706464 0.7454046 1.600622
0.9509297 2.170125 2.293785 0.1604592 0.907324 1.318811
1.211101 1.200194 4.161622 0.2007844 0.7850914 2.102567
0.890521 2.64779 1.67558 0.148965 0.9588922 0.9524197
0.8169386 2.966171 1.458621 0.1262389 0.9274621 0.7652521
1.013763 1.787545 2.945142 0.177593 0.8965884 1.724579
0.965572 2.301332 1.883579 0.1497053 0.8356577 0.9657335
1.691464 -0.320392 8.076192 0.3606006 0.9153033 3.263047
0.8763219 2.516223 2.039383 0.1793705 1.171844 1.468918
1.526104 0.09226799 7.553615 0.2880443 0.8251932 3.238364
1.224882 0.9819325 4.548016 0.2088056 0.7852279 2.227247
1.193781 1.106237 4.048363 0.1791306 0.689945 1.748446
1.315292 0.7798722 5.437782 0.2150746 0.7427969 2.472594
1.173037 1.277211 3.798902 0.1856955 0.7487579 1.821796
1.171066 1.319495 3.574802 0.1697371 0.6820228 1.554375
1.001888 2.150888 2.196485 0.1764624 0.9406818 1.30154
0.9902408 2.183454 2.064559 0.1579279 0.8464961 1.087683
0.9372995 2.4329 1.967696 0.1685432 1.006001 1.216761
1.231232 1.011617 4.969981 0.1840792 0.6939058 2.197764
1.220531 0.864793 5.55293 0.2022928 0.7671332 2.683566
0.9168475 2.483903 1.995171 0.1868441 1.157723 1.419448
0.8677442 2.780403 1.55883 0.1540344 1.038144 0.9391502
0.8576642 2.936131 1.38851 0.1151884 0.7951173 0.6235732
1.306376 0.4856127 7.516728 0.2448657 0.8603206 3.89113
0.8377176 3.026481 1.367317 0.1570415 1.137507 0.8668182
1.025312 1.941195 2.403597 0.1624969 0.8138413 1.244006
1.047257 1.789748 2.582333 0.1732388 0.8300187 1.366752
0.8436899 2.791804 1.76523 0.1426294 1.000403 1.040272
1.279326 0.7354381 5.248579 0.2346073 0.8297548 2.619038
0.8117099 3.062746 1.375537 0.1491273 1.118526 0.8524034
1.04044 1.821814 2.763844 0.1636326 0.799945 1.429465
0.8130657 3.13713 1.358053 0.1505061 1.141738 0.8508295
1.062625 1.877033 2.40094 0.1740535 0.8290063 1.259699
0.7810374 3.40947 1.126757 0.1501932 1.223569 0.714488
1.098059 1.576877 3.24078 0.1697198 0.761661 1.607613
0.995098 2.141395 1.989677 0.1334012 0.6977507 0.8604198
1.212049 1.133951 4.081388 0.2005277 0.7711477 1.989855
0.9789021 2.354753 1.931733 0.227539 1.28277 1.522155
1.051813 2.015128 2.021154 0.1792922 0.8707544 1.087693
0.9767068 2.015871 2.613522 0.1558871 0.8419118 1.422214
1.08364 1.541181 3.491349 0.1636472 0.7442062 1.705755
1.11756 1.515351 3.256658 0.1898509 0.8307224 1.751111
1.054882 1.686917 3.243146 0.1882235 0.9061233 1.9375
0.7954309 3.497829 0.9119677 0.186226 1.491518 0.6795266
0.9428501 2.253747 2.215887 0.1602807 0.9276417 1.295032
0.9295295 2.081734 3.003711 0.1541599 0.903109 1.794318
0.8997523 2.441054 2.015755 0.1692721 1.059365 1.317896
0.8454212 3.002326 1.523007 0.1202243 0.8595901 0.7416872
1.063018 1.586868 3.109739 0.1769877 0.8197037 1.64825
0.8722231 2.762348 1.663331 0.1592993 1.072425 1.046396
1.273987 0.8017712 5.269065 0.212745 0.7595245 2.451327
0.9960766 1.937731 2.684988 0.2039744 1.074267 1.868791
1.290403 0.7017558 5.638011 0.2154581 0.7537373 2.562719
1.126136 1.136505 5.812898 0.1843471 0.8007519 3.154103
0.9164989 2.579979 1.591423 0.1706234 1.048313 0.9846293
1.06728 1.725473 2.817021 0.1891171 0.8900324 1.616816
1.282464 0.9818559 4.060245 0.199748 0.7008901 1.728725
1.15177 1.212438 4.110034 0.182108 0.7468124 1.973248
0.8332226 2.975747 1.422887 0.1705616 1.234921 0.9880157
0.7449183 3.631958 0.9680743 0.14149 1.241043 0.5951644
0.9530354 2.162316 2.609789 0.150807 0.8600798 1.45107
0.8616026 2.746812 1.701496 0.1953792 1.336755 1.340352
0.9144704 2.313723 2.415752 0.1956823 1.200327 1.847327
1.140324 1.540628 2.932187 0.1785083 0.7548159 1.407366
0.9549113 2.19226 2.21164 0.1392946 0.7827084 1.093458
0.6428954 4.602882 0.6716833 0.138567 1.587515 0.4450511
1.371867 0.4380083 6.727922 0.2448586 0.7978487 3.092548
0.9006575 2.45097 2.001027 0.1393336 0.8685792 1.072726
0.8752995 2.480564 1.947631 0.1276983 0.816933 0.97382
1.067407 1.65404 3.109179 0.1821378 0.853154 1.727906
1.269733 0.806569 6.137684 0.2077208 0.7594949 2.950683
1.011468 2.072604 2.263351 0.1457921 0.7535662 1.078808
0.9696098 2.203476 2.167044 0.173738 0.965287 1.312886
0.9789479 2.199861 2.005634 0.1413955 0.7635742 0.9488101
0.9646971 2.067875 2.593907 0.1655837 0.9166644 1.535693
1.103368 1.588566 3.662854 0.1956986 0.896089 2.189643
1.210056 0.9525827 4.915996 0.1971294 0.7520251 2.322533
1.305833 0.5318098 6.895113 0.2266852 0.786921 3.238936
0.9437849 2.226511 2.431741 0.1797953 1.048425 1.630767
0.6795127 4.467713 0.6338909 0.1522487 1.612975 0.431454
0.8367742 2.991899 1.360663 0.1735275 1.249856 0.948984
0.9773345 2.017605 2.613594 0.1643721 0.890358 1.506055
0.9111541 2.562542 1.582147 0.1584413 0.9742591 0.9107342
1.104892 1.511492 3.12594 0.1708596 0.7469292 1.496354
0.9757998 1.947331 2.901616 0.1464839 0.789482 1.505646
1.093672 1.591494 3.321778 0.177655 0.8068504 1.754983
0.9610524 1.917544 3.14664 0.1637991 0.9040409 1.892908
1.295499 0.9409676 4.125815 0.2044201 0.7070181 1.759597
0.9621324 2.210758 2.314668 0.1501299 0.845139 1.241373
1.034949 1.727704 3.350598 0.1583529 0.7819495 1.742274
0.9306256 2.244143 2.448455 0.1759674 1.045681 1.639766
1.384123 0.3919927 6.713928 0.2512995 0.8070202 3.068062
0.8504923 2.934631 1.437173 0.1160253 0.8096952 0.6597242
0.8581699 2.826694 1.628416 0.1629982 1.126361 1.065371
1.073338 1.633305 3.210344 0.1914651 0.8932016 1.874662
1.109517 1.540588 3.062337 0.1686676 0.7371491 1.448758
0.9925608 2.056503 2.239119 0.1677248 0.883119 1.245854
0.9034843 2.537222 1.852654 0.1671116 1.049452 1.176412
1.168328 1.306079 3.516873 0.1763828 0.7091474 1.582639
0.8109553 3.201487 1.157127 0.2046606 1.561149 0.9640841
0.9363144 2.509888 1.7101 0.1283903 0.7612328 0.7819374
1.088006 1.859734 2.198582 0.1653087 0.7547189 1.032794
0.9159568 2.358051 2.340271 0.1898528 1.171288 1.739127
0.9194777 2.603726 1.631503 0.1601481 0.9874256 0.953703
0.8553002 3.024287 1.350083 0.156791 1.107242 0.8302251
1.135951 1.264025 4.418117 0.1805097 0.7663778 2.230144
1.200486 1.090103 4.24049 0.2039468 0.7904073 2.114206
1.149704 1.344611 3.710807 0.1772115 0.7367659 1.766958
1.127851 1.296836 4.032017 0.1788207 0.7598944 1.993996
0.7760578 3.495369 1.042274 0.1594315 1.32022 0.6990827
1.150123 1.362449 3.614235 0.1615829 0.668104 1.557702
1.150384 1.138273 5.160612 0.1699519 0.7066362 2.413111
0.866648 2.759494 1.636592 0.1461963 0.9894291 0.9505995
1.285224 0.9427935 4.459219 0.2311271 0.8225732 2.25647
0.9169642 2.269288 2.254486 0.1177773 0.6951719 0.9885937
1.451455 0.2091653 8.565058 0.2697303 0.8358459 4.007127
0.9710912 2.083157 2.475885 0.1999358 1.103786 1.754104
1.088285 1.668509 3.143679 0.1900214 0.8780967 1.805004
1.13145 1.511112 3.426148 0.1916919 0.8330432 1.863186
1.179327 1.024787 4.808294 0.18994 0.7502665 2.295206
1.079554 1.662797 3.031337 0.1673338 0.7708379 1.516665
0.9959408 2.223498 1.98578 0.176359 0.9489198 1.167219
1.17644 1.016395 5.578029 0.1846772 0.7442038 2.715832
1.244684 0.7852027 6.111549 0.2191442 0.8188993 3.154863
0.9967958 2.073503 2.27067 0.1561784 0.8216291 1.179409
1.035617 1.900597 2.501149 0.1515911 0.7463226 1.193238
1.036576 1.672126 3.37331 0.1770451 0.8669524 1.937039
1.127388 1.262835 4.112688 0.1753344 0.7418422 1.982053
0.997574 1.971538 2.645409 0.1618916 0.8498078 1.454419
0.840701 2.973316 1.362616 0.1786049 1.275543 0.971141
0.7980583 3.31664 1.207274 0.1488905 1.173656 0.7487781
0.9014819 2.361664 2.15445 0.1465482 0.9035615 1.217885
0.9715044 2.197656 2.060977 0.15526 0.8510667 1.091679
0.8468164 2.890769 1.56383 0.147803 1.041894 0.9359665
0.8965352 2.523696 1.882321 0.1598422 1.010278 1.15496
0.9377281 2.277044 2.145576 0.1400585 0.8138564 1.096291
0.9884519 1.953089 2.669112 0.1253702 0.654304 1.131068
0.8715936 2.965281 1.252291 0.1563677 1.061949 0.7348716
1.271816 0.6912593 6.049954 0.2181773 0.7828106 2.895056
1.103837 1.781941 2.460371 0.1582213 0.7077543 1.098705
1.050756 1.713099 3.282297 0.149756 0.7221142 1.569736
0.8692897 2.561111 2.028855 0.1648163 1.094715 1.362593
1.112028 1.439497 3.593263 0.1766185 0.7716116 1.806854
1.234602 0.957757 4.571339 0.201367 0.7458392 2.112291
0.7188742 3.945335 0.8794798 0.1406996 1.333094 0.5504554
1.098034 1.602703 3.43763 0.1773523 0.8090562 1.838105
0.9426784 2.411312 1.863939 0.1575993 0.9238206 1.051199
1.078146 1.575322 3.443136 0.1675522 0.7726743 1.753221
0.9813481 2.059567 2.694199 0.1723677 0.9418695 1.649666
1.072099 1.479851 3.918034 0.1630018 0.7521989 1.963083
1.037519 1.764643 3.108006 0.1583506 0.7774996 1.588403
0.9770762 2.092872 2.614958 0.1549865 0.8505226 1.439338
1.028295 1.9185 2.557943 0.1488738 0.7435609 1.222634
1.216158 1.070819 4.211675 0.1827224 0.6900408 1.819108
1.136617 1.154254 4.955934 0.2014165 0.8548738 2.79631
1.151519 1.317017 3.835466 0.1694936 0.7001314 1.735842
0.8895629 2.677119 1.762828 0.1505998 0.983055 1.033626
0.6188328 4.810221 0.6888351 0.14976 1.840058 0.5167056
1.262149 1.03166 3.879251 0.1989091 0.7115004 1.68123
0.8081171 3.13576 1.254957 0.1659366 1.262072 0.8616004
0.8865507 2.583416 1.98083 0.1369517 0.8851003 1.066956
0.8141127 3.325928 1.034896 0.1929237 1.482863 0.7958371
1.153563 1.233051 3.911713 0.1732605 0.7041099 1.756682
0.7381572 3.758307 0.9087633 0.1666144 1.499461 0.6579912
0.9994849 2.084505 2.221772 0.1534385 0.803554 1.123989
0.9746028 2.085662 2.362327 0.1596658 0.8671575 1.303703
1.11516 1.338468 3.460641 0.1765556 0.7492879 1.650903
1.00448 1.909471 2.745574 0.1756895 0.910731 1.624706
0.7196677 4.235949 0.7196861 0.2423875 2.380625 0.7574487
0.8977061 2.443387 2.139191 0.1829034 1.157517 1.541599
1.027708 1.720186 3.200363 0.1725276 0.8554979 1.806628
0.9881392 1.991176 2.758252 0.1790172 0.9607322 1.726494
1.129299 1.620945 2.854582 0.1713678 0.74038 1.349738
1.191157 1.484744 2.888347 0.1977323 0.7906792 1.435571
1.004919 1.737616 3.192916 0.1460035 0.7365079 1.549428
0.9014028 2.587107 1.683508 0.1448861 0.9091806 0.9114999
0.971114 2.073678 2.303124 0.1858275 1.012624 1.478649
1.100769 1.548556 3.38449 0.1853253 0.8324058 1.842767
0.9322106 2.138012 2.548022 0.1671938 0.9729812 1.599506
1.106324 1.687483 2.860957 0.1676344 0.7503513 1.381163
0.6591891 4.614915 0.6657544 0.1508272 1.688799 0.4681808
0.6396095 5.123983 0.4721336 0.1848526 2.245035 0.3993009
0.9426535 2.328617 2.075009 0.1786162 1.045434 1.350029
0.8422348 3.135092 1.260152 0.2123062 1.554485 1.066031
0.9071266 2.429499 2.103589 0.1653504 1.027093 1.341638
1.086891 1.662836 2.738661 0.1608221 0.7239971 1.263074
1.027475 1.92523 2.589896 0.1505496 0.7536143 1.255073
0.8515688 2.799338 1.591076 0.1279127 0.8756178 0.8070376
1.03254 1.729822 2.845179 0.1620874 0.7855369 1.442485
0.9003549 2.514757 1.980684 0.1493559 0.9411753 1.141091
0.5569131 6.156055 0.3307423 0.1063137 1.646792 0.1759456
1.020575 1.753519 3.467931 0.161537 0.8192482 1.906741
0.740258 3.591673 1.110614 0.130093 1.152941 0.6492202
1.015841 1.880785 2.723653 0.1678154 0.852941 1.50648
0.8907893 2.422949 2.268843 0.135974 0.8608135 1.226577
0.821736 3.086083 1.313885 0.1437044 1.064101 0.7684454
0.7479503 3.546982 1.040027 0.1368904 1.185331 0.6229503
1.04317 1.893204 2.286694 0.1995064 0.9705377 1.394356
1.290882 0.60417 7.097545 0.2128477 0.7566978 3.305748
0.8557715 2.856776 1.440137 0.1439832 0.9872921 0.8092805
0.6502561 4.671316 0.6311697 0.1625265 1.855314 0.481352
0.9555238 2.299127 1.989243 0.1712729 0.97485 1.198128
1.046586 1.742511 2.825772 0.1755953 0.8441045 1.540495
1.235806 1.1025 3.912687 0.1898561 0.7033699 1.709151
0.8623591 2.97597 1.397979 0.176057 1.230507 0.9655971
0.9802932 2.362107 1.991849 0.1963509 1.108656 1.363655
0.8257331 2.783843 1.749838 0.1405286 1.006087 1.037615
1.184518 0.9905478 5.640261 0.2031654 0.8156049 3.003638
0.9260128 2.110758 2.834579 0.1643979 0.9688814 1.801311
1.026558 1.850083 2.757787 0.1625601 0.8105615 1.447526
1.173907 1.254385 4.192629 0.1843319 0.750037 2.047161
1.115714 1.565448 3.050153 0.1708942 0.7448516 1.457963
0.9111037 2.558363 1.727353 0.157415 0.9759504 1.008988
0.9523185 2.078877 2.716653 0.1594585 0.9005633 1.59212
1.027142 1.854838 2.766371 0.1341224 0.661773 1.184632
0.5073284 6.697346 0.3077129 0.02212957 0.3660806 0.04060648
0.7771389 3.56823 1.028425 0.2612022 2.199497 1.137914
0.8324823 2.896329 1.484894 0.1571635 1.127156 0.9559098
0.9870241 2.218277 2.089493 0.1437313 0.7779214 1.014539
1.180596 0.8721703 6.729435 0.1872586 0.7518312 3.31359
0.9082252 2.577578 1.738619 0.1224493 0.760865 0.7942913
0.8090387 3.34321 1.042349 0.1511475 1.168636 0.6311903
0.8140207 3.240826 1.225489 0.1913976 1.471455 0.9654094
0.9201024 2.628573 1.703449 0.1156162 0.7141498 0.7273289
1.093474 1.682208 2.817981 0.1555818 0.7001187 1.265327
1.033908 1.723294 3.119215 0.1589822 0.7768573 1.588347
1.187172 1.002021 4.858816 0.1985317 0.7798521 2.407681
0.9105373 2.401644 1.996249 0.1511076 0.9233347 1.138758
0.8918424 2.475066 1.701403 0.1622787 1.009952 1.030645
1.037247 1.701413 3.348386 0.1608354 0.7882045 1.750608
1.246252 0.7743561 6.01617 0.2165146 0.8036851 3.024392
1.041675 1.767634 2.761668 0.156106 0.7518749 1.337643
1.128083 1.325865 3.830801 0.1840397 0.7828051 1.944597
0.7417107 3.877637 0.8837873 0.1538026 1.400361 0.586874
0.7862883 3.170575 1.279173 0.1595063 1.257483 0.8742894
1.155186 1.204809 4.321389 0.1994025 0.8248962 2.316158
0.8165415 3.335308 1.018126 0.1975967 1.513847 0.7962734
0.8257925 3.01166 1.44509 0.1429716 1.048893 0.850942
1.170293 1.272617 3.923869 0.1819543 0.7373384 1.862853
0.9864772 1.890307 2.995289 0.1434526 0.7556767 1.489029
1.024886 1.928085 2.567032 0.1534946 0.7715043 1.273043
1.065979 1.599856 3.137551 0.1633401 0.7549396 1.537144
1.176003 1.080363 4.778028 0.182456 0.7287128 2.24322
1.383622 0.3851108 6.669318 0.2590157 0.8332173 3.141075
1.072401 1.454991 3.841259 0.2013313 0.9306132 2.366866
1.274638 1.042159 3.772715 0.1933659 0.6819605 1.562012
0.9579578 2.216678 2.20867 0.1720719 0.9732775 1.353767
0.9428108 2.388425 1.878371 0.1588064 0.9294746 1.070043
1.116818 1.322378 4.245378 0.16769 0.7263829 2.035452
1.304852 0.6650071 6.261275 0.2242618 0.7849856 3.003427
0.9649933 2.183116 2.494341 0.1451994 0.8156497 1.305996
1.05995 1.647602 3.525538 0.1878708 0.9026655 2.122641
1.213972 1.014161 4.804952 0.1977493 0.7585568 2.31604
0.8800646 2.800589 1.567974 0.1579238 1.054257 0.9581419
0.8504192 2.898538 1.488376 0.1609795 1.128633 0.9578253
1.260128 0.8364695 5.709818 0.2185559 0.8049047 2.894427
0.9797556 2.098464 2.339047 0.1626328 0.8801803 1.307982
0.9776296 2.048892 2.433378 0.1387948 0.7457302 1.162678
1.344631 0.7015198 5.193029 0.2182188 0.7217238 2.214452
1.364061 0.2654649 9.011546 0.2665348 0.8955185 4.683412
1.028601 1.897364 2.7763 0.1735004 0.8763709 1.583369
0.6834062 4.458901 0.6767777 0.1810908 1.921266 0.5541119
1.085697 1.698308 2.846356 0.1709513 0.7826887 1.433942
0.7668045 3.540066 1.082029 0.125878 1.061267 0.5831153
1.362449 0.4772091 6.57428 0.2313119 0.7573399 2.887552
1.13654 1.482469 3.304366 0.1863506 0.7961007 1.698508
1.048685 1.856543 2.436777 0.1626751 0.7814546 1.206958
1.051859 1.805614 2.932603 0.165885 0.8064961 1.545253
0.9760903 2.15268 2.368283 0.1594867 0.8787344 1.326948
1.295523 0.6359242 6.399774 0.2135185 0.7480715 2.903321
1.019217 1.942508 2.413809 0.1652762 0.8343431 1.28203
1.062941 1.585975 3.39798 0.1854911 0.8720424 1.949792
1.273836 1.046122 4.185162 0.2111033 0.7616306 1.982702
1.278469 0.8304307 5.686488 0.2139652 0.7740207 2.765056
1.079589 1.515118 4.137727 0.1900095 0.8895885 2.48848
0.9455284 2.303719 2.03226 0.1654915 0.9557366 1.205225
0.9709748 2.202951 2.163611 0.1588251 0.8775152 1.190342
1.050969 1.853481 2.373765 0.1593008 0.7595611 1.137325
0.7945903 3.41541 1.160042 0.1682392 1.356535 0.8189683
0.7706406 3.118956 1.430735 0.1701894 1.371344 1.08784
0.8257933 2.897241 1.609989 0.1709743 1.24629 1.156685
0.9534102 2.112591 2.557715 0.1443087 0.8130131 1.343709
1.035127 1.829812 2.949657 0.1831339 0.9142597 1.766578
1.100359 1.356298 4.110815 0.1621737 0.713639 1.934189
1.027222 1.96582 2.406435 0.1633113 0.8217347 1.260032
0.9521069 2.239634 2.042632 0.1549667 0.8753686 1.112053
0.8317435 2.886027 1.645328 0.1404795 1.012159 0.9644067
1.149601 0.9975467 5.620731 0.1993594 0.8265783 3.040849
0.9041501 2.694163 1.497594 0.1752029 1.112147 0.9678501
1.025845 1.753656 2.943404 0.1739295 0.8600828 1.648441
1.060927 1.726563 3.065021 0.1601823 0.7618375 1.528243
1.204895 1.044905 4.913022 0.1935224 0.7532339 2.376261
0.9178292 2.256893 2.121824 0.2188078 1.305876 1.734136
0.9164462 2.367851 2.181738 0.1423309 0.8644605 1.182527
0.8061642 3.385149 1.071269 0.153912 1.212524 0.6746391
1.145075 1.180411 4.326167 0.200435 0.8326185 2.327676
1.351998 0.4856007 6.130749 0.2368851 0.7772921 2.731302
0.8427177 2.83942 1.737958 0.1469011 1.042767 1.062818
0.9832737 2.245359 2.043352 0.1521338 0.8311122 1.05568
1.014698 1.795147 2.828784 0.1535047 0.766988 1.407814
0.7725938 3.548606 0.9987163 0.1618461 1.353323 0.6782229
1.564917 0.08698803 7.005543 0.2965171 0.8189068 2.915102
1.072635 1.65086 3.269761 0.1737841 0.813585 1.748729
1.221307 0.911283 5.418025 0.196252 0.7460112 2.564537
1.412751 0.4012921 6.894677 0.2505335 0.7908909 3.116369
1.044201 1.588231 3.641887 0.1751807 0.8447756 2.049259
1.164453 1.249156 3.863089 0.1686047 0.6787375 1.674803
0.9260099 2.428161 2.125251 0.1510559 0.9173219 1.213186
0.7581409 3.508836 1.111234 0.1585933 1.354868 0.7695521
1.267961 0.7227252 6.000612 0.2414748 0.8788642 3.256791
1.405108 0.4262145 6.438401 0.2408154 0.7571824 2.761873
1.000335 1.890874 2.876864 0.1707141 0.8899471 1.676087
0.8666832 2.758348 1.72126 0.1343365 0.9112551 0.9276339
1.218865 0.9774959 4.683804 0.1963572 0.7410327 2.170321
0.8363488 2.957712 1.364843 0.1472701 1.049361 0.801374
1.206886 0.8166286 6.799889 0.2217635 0.8741711 3.867813
1.090859 1.331897 4.409537 0.1919001 0.8651331 2.546126
0.846865 3.224257 1.153433 0.1468411 1.072947 0.6604607
1.159969 1.552168 2.894421 0.1884617 0.7849987 1.442862
0.9165224 2.404149 2.026874 0.1282287 0.773815 0.9699516
1.023986 2.008151 2.359554 0.1538791 0.777965 1.164379
1.365806 0.249272 8.79879 0.2543531 0.8457967 4.260702
0.6869873 4.485431 0.6410844 0.1790278 1.889203 0.5111569
1.043544 1.668573 3.436661 0.1565836 0.7578272 1.728074
1.179088 1.12962 4.546694 0.2043558 0.821844 2.413723
1.212318 1.087664 4.316228 0.1981065 0.7597595 2.072612
1.065887 1.592282 3.582789 0.1850754 0.8742418 2.08077
0.7681635 3.226188 1.473509 0.147757 1.214088 0.9810344
0.9360996 2.60514 1.550106 0.145048 0.8718282 0.795029
1.013209 2.107619 2.125677 0.1594361 0.8235306 1.09378
0.9319443 2.23171 2.454239 0.1589859 0.9374456 1.472911
1.01316 1.650142 3.977138 0.1771686 0.9042177 2.449694
0.9806435 2.173815 2.023088 0.1683759 0.9096138 1.141677
0.8860975 2.564478 2.151349 0.1392271 0.9073556 1.206253
0.8121369 3.088071 1.349501 0.1678394 1.268525 0.9455547
1.011475 1.814634 2.820115 0.1620214 0.8168613 1.495188
1.479896 0.231532 6.692098 0.2658197 0.7814025 2.785733
1.021434 1.887066 2.505902 0.149958 0.7450063 1.190609
1.005574 1.902378 2.631485 0.1669535 0.8558441 1.450478
1.064739 1.668273 3.000663 0.1745904 0.8174826 1.59054
1.107505 1.44972 3.925414 0.1597208 0.705832 1.834545
1.207838 0.9860071 5.199817 0.2110022 0.8225024 2.748855
1.576999 -0.01139955 7.83005 0.3196703 0.8862134 3.49019
0.7449815 3.845798 0.9032695 0.2031399 1.844577 0.7963545
1.027341 2.042695 2.098544 0.1908548 0.9626664 1.258324
1.491931 0.2013351 7.100509 0.2907498 0.8576134 3.261046
1.031431 1.701671 3.536411 0.1859958 0.9290248 2.201335
1.069138 1.755115 2.540854 0.1743984 0.8100632 1.304993
1.111856 1.574662 3.302404 0.165991 0.7349204 1.583456
0.9525897 2.392738 1.782244 0.1510559 0.8672436 0.9381426
1.324823 0.6564893 6.152679 0.2275729 0.7814534 2.918269
1.028833 1.967143 2.254819 0.150395 0.7439132 1.053499
0.8920177 2.565113 1.898194 0.1305384 0.8327921 0.9602935
1.08857 1.666988 2.901437 0.1462711 0.6593425 1.231655
1.330588 0.5744205 5.948201 0.2238474 0.7504672 2.616274
1.237797 1.108359 4.003754 0.1952907 0.7269477 1.81947
0.8748056 2.751008 1.643993 0.1702541 1.138579 1.095572
1.153016 1.487578 2.952354 0.1749387 0.722647 1.348028
1.286335 0.8046915 5.247385 0.2163237 0.7652266 2.459461
1.010308 2.036435 2.290676 0.1463541 0.7529477 1.092665
0.9749102 2.154981 2.196075 0.146037 0.7955196 1.099888
1.295058 0.5440822 7.567528 0.2117749 0.7483101 3.455459
1.044034 1.784415 2.927355 0.1897462 0.9305227 1.777696
0.9444944 2.371736 2.120954 0.1471394 0.8635301 1.141209
0.850865 3.027382 1.2171 0.1548224 1.088283 0.7251319
1.223871 0.9777688 4.817389 0.2128434 0.8082826 2.456425
1.10544 1.540143 3.206061 0.1842155 0.8168834 1.695938
1.273596 0.7949491 5.216563 0.2015209 0.7145081 2.269336
0.8738946 2.703264 1.502965 0.1316383 0.8636358 0.756838
1.114196 1.445777 3.81908 0.18044 0.7950525 2.003091
1.153272 1.242424 4.236919 0.1865171 0.7726264 2.12915
1.008223 1.787255 2.897926 0.1490856 0.7499996 1.415591
0.9678556 2.038916 2.622803 0.1575663 0.8653786 1.470838
0.9632151 2.107322 2.693711 0.1750672 0.9854737 1.726196
0.8791273 2.679569 1.755037 0.1438397 0.9472389 0.9891077
1.314677 0.5921607 5.943716 0.2303227 0.7866169 2.761659
1.028558 1.781126 2.774659 0.1625539 0.7979 1.429415
0.8586089 2.84192 1.477123 0.1453381 0.9945056 0.84115
0.6801515 4.344673 0.754426 0.1807464 1.909933 0.6310423
0.9632999 1.963249 2.854135 0.1466589 0.8014774 1.498698
1.051821 1.732996 3.122304 0.1961093 0.9530329 1.956815
1.019546 1.820793 2.651159 0.1560573 0.7742713 1.319186
1.132632 1.298258 4.19381 0.2013998 0.8629279 2.378467
0.9391222 2.264985 2.000243 0.1818883 1.049319 1.29952
0.8226606 3.281803 1.044308 0.1764714 1.333502 0.7279281
0.9887744 2.150532 2.102128 0.1622281 0.8682362 1.140178
1.083384 1.518998 3.225279 0.1596448 0.7149015 1.489141
1.389585 0.3622459 7.294284 0.2361568 0.7563682 3.139398
1.027597 1.816581 2.639345 0.1441321 0.7045207 1.192406
1.101332 1.391943 3.788711 0.1837556 0.8095463 2.002094
1.088208 1.609732 2.97063 0.1768656 0.7984717 1.525118
0.8762423 2.760395 1.641043 0.1662727 1.113183 1.069655
0.9566638 2.324076 1.917361 0.1787708 1.018724 1.199358
1.059056 1.446199 4.228574 0.1788809 0.8424522 2.395104
0.8392591 3.161402 1.315414 0.1845694 1.365197 0.9798865
1.02156 1.957561 2.681039 0.1550451 0.7907058 1.372703
1.043913 1.871018 2.432324 0.1722723 0.8372175 1.293196
0.9974755 1.903207 2.814028 0.1474643 0.7651258 1.402753
1.240567 1.012795 4.669217 0.2009888 0.750816 2.213326
1.073991 1.588767 3.695729 0.1674421 0.7827819 1.928155
1.054163 1.58993 3.340305 0.1711123 0.8072314 1.768595
0.6569969 4.670242 0.5857814 0.1557282 1.748672 0.4175026
1.038799 1.733203 3.066145 0.1762155 0.8623668 1.733445
1.260479 0.9745221 4.639464 0.2065587 0.7532518 2.180297
1.116072 1.509707 2.910496 0.1478656 0.6271491 1.152819
0.9950414 1.778359 2.987303 0.1533472 0.7839307 1.530648
1.195734 0.8524179 6.138982 0.2054755 0.807094 3.180258
0.9767189 2.071679 2.423458 0.1617076 0.8770109 1.358401
0.8526901 2.77879 1.696374 0.1624576 1.126137 1.122461
1.048391 1.797348 2.825226 0.1554588 0.7510903 1.376348
0.955707 2.158613 2.171641 0.1560445 0.8690498 1.185511
1.011085 2.057226 2.015882 0.1421805 0.7226535 0.9048799
1.231072 1.13152 4.14826 0.204814 0.7762625 2.038503
1.072174 1.454373 3.934799 0.1776704 0.820218 2.146464
0.9518769 2.243474 2.250471 0.1352773 0.7710729 1.097906
1.141556 1.260926 4.40263 0.1981461 0.8405077 2.437097
1.115723 1.605088 2.787452 0.1712205 0.7449294 1.319237
1.297114 0.8339159 4.939501 0.2186179 0.7640409 2.300051
0.9158134 2.54855 1.741288 0.1463346 0.898793 0.9379723
0.9441273 2.451467 1.713606 0.1626511 0.9508594 0.9795654
0.7711879 3.452128 1.153167 0.1616946 1.350335 0.8058082
1.146737 1.261873 3.975839 0.168013 0.691838 1.770952
1.081211 1.581448 3.424428 0.171161 0.7871264 1.773171
1.041069 2.125623 1.931136 0.1700445 0.8520678 1.014875
1.009458 2.113195 2.074356 0.1461135 0.7549369 0.9763157
1.035862 1.843703 2.709345 0.1447801 0.7089695 1.240237
0.5171347 6.073741 0.421613 0.1385614 2.322768 0.3255255
1.207495 1.068616 4.501146 0.1776327 0.6803616 1.940194
1.071478 1.657299 3.087827 0.1769859 0.8254296 1.660407
1.193482 1.073373 4.757086 0.1862404 0.7316497 2.236446
0.9757425 2.040177 2.502266 0.1647235 0.8931027 1.4362
1.096102 1.752576 2.477057 0.1531333 0.6852977 1.070251
0.7366591 3.597503 1.075652 0.1735014 1.547992 0.8387177
0.7869398 3.286497 1.03689 0.1303488 1.023561 0.5539268
1.042719 1.754872 2.872482 0.1842369 0.8951101 1.667403
0.7614914 3.593983 1.064621 0.1516383 1.304214 0.6992439
0.9152957 2.205394 2.383098 0.1528397 0.9080511 1.378631
1.11353 1.313098 4.453342 0.1805361 0.7915266 2.345915
0.8635456 2.635635 2.174873 0.1643914 1.121618 1.501089
0.8610512 2.766406 1.620205 0.1578374 1.074332 1.016853
1.161414 1.115379 4.354508 0.2024438 0.8190151 2.274706
1.140506 1.654753 2.659542 0.1625282 0.6907534 1.16121
1.039292 1.894238 2.51744 0.1762365 0.8695244 1.400454
0.7266045 3.827027 0.9468713 0.1934766 1.800675 0.8210089
1.051917 1.692822 3.522054 0.2339108 1.151309 2.718003
1.31331 0.7805157 4.680987 0.2094129 0.7070456 1.958146
0.9843181 1.995596 2.556801 0.138819 0.7353498 1.211321
0.9194088 2.37165 2.139685 0.1490026 0.8997971 1.200455
1.061328 1.601266 3.499723 0.185677 0.8807225 2.042815
0.8775056 2.737824 1.598063 0.1561792 1.035524 0.9675752
0.8012616 3.322521 1.107667 0.1537411 1.201401 0.6958716
1.022594 2.026392 2.263681 0.1744564 0.8883766 1.269795
0.959272 2.131281 2.338173 0.1478092 0.8217716 1.222617
0.9039882 2.336209 2.231473 0.1555101 0.9565069 1.343616
0.8504797 2.908155 1.395087 0.1616151 1.126792 0.8868317
1.119097 1.536213 3.502699 0.1837565 0.8124657 1.869871
0.9532838 2.301402 1.857276 0.1408948 0.7934043 0.9018143
0.735628 3.848152 0.8356601 0.1693061 1.540108 0.6077813
1.173281 1.048551 5.757862 0.189897 0.7774785 2.972971
0.8721788 2.683773 1.728619 0.1984118 1.326413 1.360748
1.016906 1.921953 2.838561 0.1580358 0.8118584 1.507741
1.392054 0.3067016 8.996023 0.2617861 0.8636932 4.571966
0.8471478 2.931926 1.472779 0.1532611 1.080977 0.9019132
0.9275575 2.44052 1.787406 0.1568441 0.9340202 1.009574
1.154268 1.32707 3.504035 0.1779676 0.7276372 1.622461
0.9327571 2.315315 2.31911 0.1780753 1.063512 1.561328
1.074156 1.764316 2.736118 0.1676576 0.78309 1.378
0.9254986 2.418203 1.958116 0.1978514 1.196021 1.438684
0.5491836 6.159121 0.3832557 0.1416954 2.245863 0.2805195
1.221483 1.009136 4.292594 0.2016933 0.7560707 2.0108
1.104963 1.497596 3.43581 0.1909297 0.8485504 1.901672
0.5084566 6.621515 0.3314796 0.1816113 3.252971 0.3278283
1.180305 1.096685 4.568974 0.2097016 0.839184 2.462893
0.9981649 1.954772 2.576023 0.1827766 0.9567641 1.587405
0.7892765 3.158404 1.394414 0.1298427 1.017211 0.7788156
0.9364196 2.388584 1.965192 0.1751342 1.03927 1.259068
0.7824478 3.341871 1.266464 0.1628104 1.324536 0.889873
0.9642472 2.055772 2.567413 0.1718626 0.9501201 1.57383
1.145169 1.137412 4.881134 0.1861944 0.7764418 2.48315
1.033735 1.781435 2.628093 0.1608438 0.778767 1.307717
1.189394 1.164662 4.117045 0.198197 0.7825212 2.053409
0.6104706 5.090167 0.5154326 0.1886425 2.403969 0.4731803
0.9455907 2.386317 1.860295 0.1942561 1.135292 1.290051
0.8843819 2.944617 1.259928 0.1653758 1.105304 0.7722749
1.018142 1.956946 2.428449 0.1595415 0.8083091 1.251601
1.53868 0.0415455 8.347942 0.2966573 0.8514516 3.708023
1.220251 0.7629942 6.851272 0.2080251 0.8008414 3.518139
1.142693 1.231613 4.539943 0.2052772 0.8702336 2.604997
1.086996 1.573391 3.472708 0.176461 0.809195 1.854019
1.483352 0.1006511 9.033089 0.2639794 0.7935108 3.891769
1.051735 1.774262 2.747211 0.1536131 0.7330982 1.298184
0.8726639 2.453536 2.129657 0.1997997 1.306011 1.729974
1.305834 0.9251562 4.378284 0.1878032 0.6424803 1.706081
1.267345 0.8943665 4.626416 0.2169044 0.7777409 2.200219
1.100545 1.548706 3.230061 0.1833583 0.8182029 1.713726
1.141717 1.265868 4.2636 0.1886929 0.7957745 2.222674
0.8594573 2.816979 1.574529 0.1944662 1.340306 1.221804
1.214616 0.8505868 5.789041 0.1974963 0.7540268 2.761059
0.8923237 2.604939 1.686708 0.2028351 1.30149 1.30573
1.024323 2.063834 2.309767 0.1635828 0.8382199 1.227297
1.143664 1.262252 4.009214 0.1609031 0.6642696 1.720074
0.8294816 3.048745 1.446488 0.1576505 1.163395 0.9419578
1.216871 1.153394 3.759548 0.1908276 0.7220329 1.691746
1.135767 1.376837 4.135974 0.2059983 0.892497 2.44913
1.441342 0.2630846 6.636662 0.2665734 0.8079905 2.884379
1.13101 1.519052 3.149399 0.1769151 0.7577036 1.532181
1.131714 1.179222 4.714979 0.1850833 0.7835156 2.423366
1.273411 0.9578222 4.107463 0.1959656 0.6900766 1.715602
0.9484271 2.066821 2.359698 0.1468211 0.8139637 1.221544
0.8561759 2.811759 1.528709 0.1574919 1.081106 0.9537462
1.011237 1.949639 2.460122 0.1554472 0.7917284 1.243383
1.002795 1.972321 2.436297 0.1510842 0.778869 1.211249
1.185921 1.086582 4.756879 0.1883897 0.7473133 2.290626
0.9449057 2.273661 2.037274 0.1628428 0.9361067 1.185879
0.7728812 3.399746 1.13793 0.1506057 1.241511 0.7350906
0.9445469 2.212788 2.178364 0.1506164 0.8576059 1.172979
1.000869 2.108834 2.17701 0.1428487 0.7478196 1.023248
1.427223 0.3201585 7.072964 0.2561979 0.7950609 3.135488
0.9747785 1.871431 2.788483 0.1739642 0.9246833 1.677687
1.172944 1.365008 3.531821 0.1775259 0.719501 1.628719
0.8781115 2.648071 1.852035 0.1625119 1.074984 1.196929
1.052204 1.77599 3.168843 0.1718846 0.840271 1.760743
0.7424166 3.680742 0.9062731 0.2429001 2.158412 0.9551976
0.9244298 2.535422 1.703061 0.1845735 1.12437 1.144638
0.8360485 2.796329 1.822282 0.2156123 1.549371 1.67362
0.8893873 2.505542 2.235037 0.1369456 0.8822937 1.23071
0.5588803 5.918735 0.3805317 0.186844 2.837576 0.3618003
0.8486135 2.786059 1.63218 0.1934374 1.34976 1.287411
0.8143698 3.010634 1.647123 0.1509732 1.137833 1.069855
0.7806662 3.586867 0.9070781 0.1514511 1.249563 0.5594282
0.9589911 2.039454 2.887566 0.1675565 0.9414299 1.7883
0.8398529 2.914274 1.438565 0.1520701 1.078081 0.8789144
0.970703 2.10296 2.641561 0.1865426 1.040664 1.782806
0.9957958 1.733705 3.38143 0.1350124 0.6884071 1.546724
0.8312323 3.151083 1.115372 0.1469154 1.072781 0.6393408
0.999432 1.912382 2.911882 0.1366941 0.7087681 1.351422
1.156122 1.25867 4.079008 0.2053385 0.8514017 2.252554
1.078236 1.277091 5.164643 0.1982587 0.915117 3.219362
0.7708222 3.430119 1.143278 0.1707146 1.422699 0.8438338
0.9564102 2.162564 2.480531 0.1625014 0.920413 1.46423
1.04776 1.563776 3.55643 0.174723 0.8322501 1.956839
0.9443443 2.253878 2.255019 0.1742414 1.011393 1.440881
1.210447 1.030745 4.973742 0.209196 0.8145405 2.606145
1.059962 1.720427 3.022785 0.1533238 0.7255921 1.430133
0.8955195 2.521674 1.917728 0.169758 1.077558 1.258564
1.068109 1.766816 2.756834 0.1811453 0.8548704 1.517691
0.9804442 2.109763 2.372489 0.1507418 0.8180766 1.23859
1.006176 2.096814 2.289541 0.1938626 1.023095 1.482803
0.8784311 2.57148 1.787965 0.150968 0.9771795 1.050414
0.8346947 3.120479 1.186872 0.1729057 1.262564 0.8101879
0.7340103 3.81102 0.9127205 0.1841489 1.685233 0.7385866
0.8636846 2.885109 1.423061 0.1397623 0.9539885 0.7704281
0.9437972 2.362795 1.863151 0.1924611 1.119886 1.274399
1.178476 1.134424 4.775084 0.2132839 0.8669364 2.704536
1.107767 1.214664 4.601696 0.1774846 0.7698428 2.330004
1.30383 0.6315433 6.458693 0.2209125 0.7720215 3.032306
0.9000527 2.577221 1.616672 0.1755534 1.101954 1.054899
0.8964625 2.403806 1.995975 0.1370788 0.845645 1.039524
0.8222382 3.090838 1.274187 0.1552828 1.149426 0.8015067
0.8788736 2.775 1.544875 0.1736779 1.156022 1.035197
0.7017018 4.002238 0.8945628 0.1473913 1.444023 0.6021349
1.330462 0.6617045 6.573516 0.2464981 0.8562491 3.479144
1.159684 1.245 4.238788 0.1857584 0.7662378 2.116882
1.041588 1.893573 2.508581 0.1542266 0.7551161 1.211894
1.209215 1.316589 3.309961 0.1839061 0.7094378 1.47365
1.067272 1.549023 3.065055 0.1662439 0.7567195 1.488336
0.7314219 3.903747 0.7710284 0.2100871 1.936368 0.694572
1.010702 1.833329 2.959056 0.1597766 0.8144852 1.57994
1.514756 0.2505489 6.100318 0.2732248 0.7762632 2.483655
1.085915 1.509853 3.469912 0.1541239 0.6924577 1.570677
1.079759 1.48997 3.796585 0.1560563 0.7107401 1.786686
0.9722933 2.065453 2.577614 0.1757276 0.9675981 1.61236
1.094767 1.63765 3.042001 0.1640756 0.7410884 1.461748
1.153881 1.192209 4.645637 0.174904 0.7233113 2.202374
1.19604 1.110474 4.610591 0.2291286 0.9116227 2.714909
1.002684 2.114266 2.247055 0.1372196 0.7225401 1.029913
1.039567 1.735076 3.14362 0.1547159 0.7529609 1.554055
1.20732 0.9407569 5.182846 0.1962384 0.7545412 2.477761
1.006884 1.931328 2.711945 0.1497815 0.7715964 1.357099
1.166253 1.217986 4.202562 0.191513 0.7807096 2.121735
1.246101 1.030663 4.617335 0.1914173 0.7102396 2.072463
0.8899668 2.759391 1.495261 0.1475525 0.9610977 0.831706
1.103743 1.606698 2.903947 0.1684787 0.745261 1.385839
0.9004538 2.507328 1.896041 0.1647935 1.037038 1.198431
1.048402 1.515932 4.732989 0.1853448 0.9100832 2.985039
0.8739801 2.626077 1.791441 0.1982998 1.313595 1.410577
1.255549 0.9277691 5.05807 0.2078989 0.7648192 2.429667
1.080512 1.63058 3.045564 0.18452 0.8479598 1.673347
0.9748307 2.142355 2.206486 0.1923895 1.054955 1.466096
0.9626975 2.105972 2.282488 0.1671359 0.9210196 1.330825
1.214417 1.034799 4.826027 0.1939441 0.7459801 2.300535
0.9738885 2.238476 2.188383 0.1366881 0.7565826 1.041572
0.9443117 2.403207 1.66546 0.1612933 0.9311649 0.9309719
1.040891 1.804368 3.213654 0.165978 0.8254298 1.760698
1.029082 1.846136 2.742545 0.1605658 0.7974599 1.415539
0.7380745 3.813743 0.8242355 0.2337563 2.118632 0.8288337
1.017793 1.819515 2.766225 0.1541476 0.7690218 1.375858
0.9854753 2.168001 2.323245 0.1836681 1.00626 1.484436
1.188327 1.207263 3.750244 0.180502 0.7051306 1.665292
0.9260664 2.450005 1.905986 0.1279243 0.7675399 0.8965122
0.9636877 2.02929 2.598378 0.1551623 0.8525211 1.432587
1.308372 0.7572728 5.268974 0.2207131 0.7616002 2.424709
1.241388 1.21997 3.355033 0.1853662 0.6841858 1.419419
0.9877751 2.036386 2.665805 0.1654471 0.8909713 1.540597
0.7531335 3.621395 0.9096221 0.1665574 1.43563 0.641643
0.857143 2.997133 1.257735 0.170572 1.188995 0.8244454
0.7098797 4.02588 0.8217995 0.1551422 1.504093 0.5701973
1.31281 0.7624135 5.217859 0.217004 0.7455367 2.351183
0.7599946 3.349009 1.230509 0.1322986 1.103753 0.7180642
0.7305945 3.740137 0.9695376 0.1675813 1.53059 0.725057
0.8795079 2.770221 1.578651 0.1682716 1.120974 1.030221
1.221085 1.070125 4.522519 0.2087809 0.7996727 2.299588
1.028194 1.742161 3.382885 0.1841118 0.9250198 2.087373
0.8472105 2.908563 1.461365 0.13163 0.9211876 0.7650478
1.116081 1.336581 4.170012 0.1720949 0.7468992 2.052235
1.08788 1.607683 3.158929 0.168337 0.7643948 1.5694
0.9211805 2.470517 1.924746 0.1926288 1.18028 1.389087
1.351358 0.4508928 7.101144 0.2360425 0.7868022 3.270822
1.006915 2.097886 2.196224 0.1350355 0.6997911 0.9676332
1.05023 1.688816 2.899793 0.1817442 0.8646652 1.619461
0.895024 2.442704 2.050274 0.1912695 1.209796 1.534876
1.047356 1.674015 3.283952 0.1854561 0.8984563 1.948251
0.7409838 4.071472 0.7572934 0.1823719 1.696677 0.5832707
0.728063 3.873334 0.9141192 0.1547762 1.438927 0.6265748
1.046924 1.949543 2.476122 0.1867878 0.9256882 1.466127
1.091934 1.638991 2.973116 0.1673707 0.7559263 1.450071
0.8014159 3.133433 1.472857 0.2365275 1.849291 1.513543
0.9733415 2.105232 2.412466 0.1298434 0.7062097 1.090775
1.160028 1.255361 3.733818 0.2009083 0.8179141 1.943438
1.075647 1.550224 3.484075 0.1806298 0.8337343 1.910556
1.031635 1.842757 2.749393 0.1598701 0.7909788 1.406969
0.6908851 4.19663 0.8449327 0.1491069 1.525064 0.582575
0.9234123 2.322562 2.117562 0.175807 1.051745 1.39071
1.276801 0.8092697 6.135295 0.2329509 0.8542861 3.330397
1.193848 1.23204 3.633846 0.1812202 0.7054856 1.61377
1.17078 1.184243 3.81013 0.1828126 0.7256055 1.742196
1.175321 1.33068 4.069888 0.1958226 0.8078354 2.159081
1.055101 1.7458 2.820444 0.1598633 0.7591346 1.382361
0.8735425 2.701887 1.829049 0.1230119 0.8179762 0.8941212
0.811105 3.033182 1.379772 0.169357 1.271972 0.9782323
0.9853023 2.090811 2.401792 0.2125575 1.155432 1.772684
0.8561589 2.890102 1.481329 0.1626826 1.130384 0.9547181
0.89241 2.544345 1.850937 0.1640095 1.045327 1.171331
1.092394 1.693804 2.799206 0.1833367 0.8343615 1.49916
1.169301 1.353661 3.523071 0.1875558 0.7633514 1.7213
0.8471866 2.813328 1.711615 0.14907 1.044893 1.048145
0.84106 2.781996 1.693178 0.1824725 1.285827 1.278027
1.376245 0.3538036 7.227271 0.2653476 0.8661532 3.566055
1.054626 1.804275 2.372518 0.1694993 0.7988384 1.191506
1.231387 0.7815847 5.793622 0.22189 0.8325178 3.004477
1.205657 0.8744624 6.541588 0.1969891 0.7737797 3.303126
1.056254 1.691195 3.180719 0.2096506 1.009615 2.110889
1.139176 1.671114 2.318504 0.1798278 0.7569514 1.082731
1.13678 1.41235 3.460134 0.1768136 0.7477962 1.669871
0.9435603 2.186082 2.465836 0.1836706 1.064383 1.683141
1.463944 0.2384888 7.152192 0.282245 0.8526461 3.319554
0.9812603 2.240093 2.046803 0.1661183 0.9102644 1.157166
0.8364793 2.754334 1.870754 0.1941331 1.38353 1.544412
0.6362452 5.179194 0.4894833 0.1714175 2.110791 0.3879537
0.7260607 3.744873 0.9053231 0.153711 1.404227 0.6156326
1.311633 0.9211076 4.234204 0.2055475 0.7014978 1.790328
1.243372 0.8843518 5.142804 0.2118956 0.7849599 2.519006
0.7759525 3.615471 0.9813601 0.156154 1.314352 0.6414043
0.9109719 2.511568 1.717014 0.1697109 1.045399 1.077553
1.012736 1.930505 2.668811 0.1728766 0.8884706 1.533795
0.9980271 2.056188 2.18321 0.1435969 0.7457141 1.02291
1.125602 1.31848 4.100959 0.1943864 0.8370039 2.251179
1.23224 0.6123473 8.051422 0.1997781 0.7560813 3.849625
1.117246 1.375725 3.74936 0.1738259 0.7492606 1.82653
0.9928201 2.061619 2.520448 0.1376993 0.7316267 1.186962
1.090946 1.549222 3.893981 0.1692296 0.7781356 2.031334
1.266568 0.707018 6.109969 0.2098221 0.7564948 2.840176
0.9305044 2.607951 1.66791 0.1599151 0.9779424 0.9691431
0.9614388 2.195321 2.435115 0.1987866 1.132647 1.765135
1.288927 0.918252 4.241286 0.2170963 0.7581144 1.941351
1.096842 1.327123 3.813378 0.1946575 0.8540537 2.109423
1.116152 1.63104 2.882785 0.1898643 0.8374083 1.546832
1.053739 1.665181 3.275179 0.1469977 0.6973642 1.503103
1.200887 1.154831 3.730495 0.2002482 0.7692662 1.785238
1.216402 1.023386 4.735807 0.2034479 0.7800237 2.346929
0.8877883 2.943266 1.256725 0.1342802 0.890156 0.621539
1.33205 0.6784072 5.794459 0.2230229 0.7562824 2.640855
1.110201 1.556161 3.272887 0.1948829 0.8672492 1.847934
0.9372615 2.385345 1.58095 0.1584366 0.9105223 0.8563616
1.183223 1.050664 4.844736 0.1944327 0.7714115 2.397835
1.053145 1.581379 3.074694 0.1567099 0.7275559 1.443975
1.286558 0.8713263 4.475288 0.2105649 0.7346572 1.980872
1.058015 1.627359 3.259293 0.1585622 0.7461724 1.594622
0.8150049 2.979863 1.671552 0.1807347 1.362985 1.309816
1.256131 1.012183 4.304119 0.199693 0.7262777 1.936522
1.093699 1.736668 2.671441 0.1850058 0.8434512 1.43927
1.170547 1.363514 3.10924 0.1852794 0.7406523 1.439758
1.039636 1.936722 2.439894 0.1701851 0.841283 1.30678
0.9265326 2.345704 2.156185 0.1445078 0.862471 1.163897
1.308167 0.729477 5.542964 0.2153024 0.7439003 2.498443
1.087827 1.739109 2.767461 0.1662756 0.7635233 1.359589
0.8246009 3.128513 1.336231 0.12447 0.9263118 0.6808175
1.220519 0.7728682 5.869555 0.1990949 0.748563 2.731065
1.234239 0.8695765 5.402274 0.2022766 0.7561267 2.563693
1.072698 1.620047 3.131088 0.1725301 0.7968714 1.620947
1.070916 1.816164 2.337267 0.1495632 0.6896016 1.011056
0.829742 3.131021 1.147921 0.1559871 1.143721 0.7066712
1.050546 1.836108 2.66418 0.1933704 0.940813 1.61302
0.8880492 2.479735 1.877221 0.1828896 1.161856 1.32884
1.085355 1.458974 3.998857 0.1951036 0.8951764 2.388968
1.019207 1.584138 4.467122 0.159023 0.8028635 2.473461
0.9326522 2.268959 2.084275 0.1453428 0.8451984 1.099805
1.05857 1.655689 3.163313 0.1703616 0.8051555 1.664981
1.154917 1.157649 4.439928 0.1808507 0.7397832 2.122062
0.7743988 3.34925 1.166094 0.1415889 1.155936 0.7080782
1.46677 0.2348014 6.798267 0.2736026 0.815416 2.966291
0.9580185 1.884082 3.253121 0.1588435 0.874873 1.899284
0.9722842 2.013714 2.945912 0.1608919 0.8869965 1.723351
1.066821 1.500502 3.623456 0.1672279 0.7712776 1.838132
1.134861 1.295073 4.074954 0.1868792 0.7914378 2.102177
0.9806521 2.365369 1.74284 0.2142129 1.191977 1.254969
1.051346 1.838989 2.778348 0.1614596 0.7843919 1.412984
0.9174109 2.685086 1.606043 0.1473936 0.9230387 0.8713923
1.353819 0.6832902 5.656374 0.2146998 0.7119761 2.418326
1.050745 1.770236 2.952788 0.1685262 0.815044 1.569868
0.9921062 2.069112 2.557142 0.1663712 0.893697 1.47282
1.188953 0.9594347 5.898517 0.1784591 0.7085588 2.732284
1.019806 1.763949 3.309791 0.1687633 0.8533709 1.87854
0.9969087 2.061878 2.356087 0.1713654 0.9073353 1.360645
0.8119839 3.223062 1.230743 0.1518981 1.162082 0.7675395
1.178497 1.453779 2.93293 0.1743033 0.6977135 1.284783
0.8484564 2.721904 1.708504 0.1731024 1.195614 1.207513
1.180041 1.107796 4.435583 0.1698192 0.6687441 1.892454
0.8512458 2.820983 1.598867 0.1575697 1.094528 1.01502
0.9434087 2.125831 2.625987 0.1433051 0.8192915 1.393591
0.9791204 1.928939 2.692417 0.1480923 0.7850529 1.370835
1.105413 1.726038 2.593384 0.2050583 0.9218667 1.517229
0.936857 2.393766 1.884991 0.1958669 1.157627 1.333544
1.169303 1.253239 4.027117 0.1855564 0.7534339 1.957555
0.7830704 3.621458 0.9346063 0.169465 1.409721 0.6502925
1.174667 1.493248 3.118144 0.168549 0.6867323 1.366787
1.217358 0.9490338 4.699996 0.2091615 0.7905277 2.313256
0.7818234 3.509198 1.106198 0.1775518 1.474931 0.8346716
1.016553 1.808163 3.20113 0.1713529 0.8745047 1.856956
1.015146 1.62066 4.10068 0.1621508 0.8206182 2.296535
1.115575 1.395726 3.885272 0.1935562 0.8485265 2.168487
0.9166549 2.316318 2.236146 0.1369817 0.8226054 1.158074
0.6367201 4.920042 0.5537798 0.1914745 2.296505 0.4998614
1.065931 1.729179 3.086388 0.16318 0.7732841 1.562518
0.9160713 2.518291 1.749164 0.1508043 0.9234135 0.9719184
0.640309 4.934912 0.5617859 0.1553193 1.85105 0.4079751
1.073279 1.846941 2.635224 0.1627182 0.7687831 1.300225
0.9181888 2.573412 1.656759 0.1698505 1.044775 1.028207
0.940141 2.386044 1.979591 0.1425982 0.8352891 1.018519
1.273685 0.8680268 4.703442 0.1992638 0.7043174 2.01348
0.9072351 2.56786 1.751131 0.1915599 1.202654 1.262151
1.149307 1.13413 4.890165 0.1618235 0.6645662 2.120845
1.157847 1.219951 4.501051 0.203141 0.8459886 2.50042
0.5819224 5.32706 0.5558039 0.1401399 1.93267 0.4008798
1.009391 1.812799 3.068144 0.15239 0.7747642 1.562658
1.137284 1.280568 3.846404 0.1830942 0.7645493 1.890815
1.118665 1.4007 3.527747 0.1616186 0.6906932 1.572108
0.7293971 3.581281 1.234334 0.1548995 1.404658 0.8896478
1.086908 1.564096 3.005483 0.1939535 0.8724619 1.680158
0.8808086 2.748151 1.489137 0.1714024 1.126577 0.9688028
0.8335624 3.091011 1.252574 0.1401449 1.021014 0.6996825
0.8478995 2.818972 1.645751 0.2039834 1.435775 1.378282
0.9052795 2.548609 1.91365 0.2129477 1.352372 1.575529
1.018617 2.138542 2.152604 0.1353685 0.6987294 0.9455156
1.115798 1.692394 2.485587 0.186087 0.8144447 1.269969
0.8075425 3.154583 1.313291 0.14715 1.12537 0.8070182
1.23391 0.8300543 5.737181 0.2170913 0.8170194 2.951176
1.032593 1.751599 3.235622 0.155537 0.7698873 1.649938
1.073647 1.656323 3.317451 0.1659945 0.7771011 1.699665
0.7918865 3.434147 1.12816 0.1668049 1.348608 0.7862483
0.8931823 2.412422 2.088791 0.1429072 0.8941946 1.159743
0.9646935 1.94019 3.163912 0.1589159 0.8765948 1.846679
0.669669 4.619436 0.6322058 0.1782849 1.964631 0.5143765
1.032576 1.886891 2.859273 0.173675 0.8745366 1.633701
1.206084 1.166121 4.822626 0.202287 0.8057792 2.557072
0.6435024 4.746482 0.6092878 0.1548266 1.796311 0.4432067
0.7108323 4.10534 0.7890631 0.1685915 1.647969 0.5905162
0.9155379 2.497942 1.810026 0.1332484 0.8123105 0.890302
1.315701 0.5332809 7.151506 0.2130358 0.7338399 3.156349
1.127647 1.457939 3.300498 0.1908753 0.8188796 1.739392
0.8009337 3.313467 1.085448 0.1605357 1.251566 0.70916
1.015922 1.93551 3.186702 0.168739 0.8836295 1.875984
0.952005 2.324052 1.949585 0.1469088 0.8389342 1.008288
0.7217289 3.699088 1.089617 0.1402186 1.293491 0.7009217
1.148996 1.251664 3.996164 0.2046767 0.8496531 2.188128
0.9532694 2.090426 2.496915 0.1397688 0.7793956 1.250884
0.8075029 3.039897 1.387286 0.1289477 0.9660472 0.7457708
1.058555 1.565907 3.589619 0.1791466 0.8465552 2.012932
0.8019431 3.069351 1.497147 0.1406238 1.076857 0.9031389
1.080992 1.442724 3.632758 0.1741952 0.7853273 1.864268
1.127209 1.491942 3.650627 0.1642689 0.714132 1.716192
1.147052 1.474671 3.119755 0.1729415 0.721534 1.434908
1.090488 1.62454 2.905111 0.168936 0.7594349 1.41487
0.8130413 3.037798 1.484589 0.1717212 1.297045 1.083411
0.9433874 2.397774 1.854051 0.1475777 0.8591655 0.9719195
1.114962 1.624155 2.881678 0.1825277 0.8029561 1.480538
0.8427785 2.993189 1.49427 0.1914645 1.383864 1.168145
0.7374496 3.603025 1.130289 0.1680166 1.504633 0.8615075
1.226206 0.6971994 7.375377 0.2225737 0.8560612 4.041993
0.9379606 2.430269 1.826793 0.1632099 0.963839 1.070209
0.957199 1.945982 2.871935 0.1378739 0.7549577 1.422711
0.8647774 2.887085 1.419451 0.1797589 1.235281 0.9956003
0.6712004 4.286435 0.7971537 0.1396719 1.483481 0.524961
1.181031 1.038094 4.930776 0.1964089 0.7822599 2.48094
1.024575 1.985674 2.334356 0.1406423 0.7049572 1.043965
1.035156 1.819868 2.816003 0.1766273 0.8732252 1.596467
1.111164 1.591546 3.171664 0.1746417 0.774832 1.595974
1.396611 0.6139236 5.167203 0.2408151 0.7594989 2.257124
1.172272 1.140911 3.958504 0.1861313 0.7355717 1.829968
0.8563451 2.672141 1.657067 0.1439111 0.9683288 0.9489433
0.8276315 3.169867 1.247524 0.1684707 1.256258 0.8476505
0.912582 2.520712 1.841483 0.1409186 0.8699787 0.9716409
1.054944 1.774698 2.669028 0.1492978 0.7050674 1.204366
1.385473 0.4290127 6.723284 0.2613975 0.8459883 3.270883
1.024349 1.701935 3.244732 0.1767707 0.8779504 1.880174
1.152231 1.412262 3.452044 0.2017103 0.8447932 1.87865
1.235369 0.8911974 5.32367 0.2179132 0.8191417 2.747265
0.9211699 2.461267 1.860031 0.1888022 1.149771 1.301585
1.12575 1.476139 3.451014 0.1798122 0.7785319 1.748283
0.9299603 2.342136 1.965062 0.1533634 0.9034021 1.095452
0.9109811 2.404897 2.264657 0.1526029 0.9437242 1.342499
0.8237488 3.093406 1.29879 0.167939 1.247239 0.8894205
1.154615 1.142449 4.530051 0.1781556 0.7275642 2.128595
0.8726938 2.808674 1.629663 0.1708577 1.160709 1.102981
0.8361889 2.733502 1.827098 0.137475 0.9661475 1.051688
0.905272 2.505699 1.832375 0.1453792 0.9030313 1.003916
1.067426 1.715617 2.962986 0.1758934 0.8284105 1.594277
1.040104 1.636226 3.569883 0.1662585 0.8095299 1.928222
0.9935637 2.14403 2.25588 0.1543589 0.8268727 1.179327
1.292803 0.7816653 5.771108 0.2201818 0.7832344 2.808664
0.6583751 4.376347 0.7224378 0.1508199 1.64404 0.5149459
0.7483155 3.605733 0.948011 0.1848069 1.61019 0.7565132
1.163004 1.230125 4.157815 0.1872007 0.7653061 2.058526
1.172433 1.367021 3.408472 0.1702754 0.686213 1.490812
0.6994447 3.930444 1.018158 0.1511196 1.486628 0.7242743
1.052916 1.724652 2.851279 0.1733331 0.825489 1.520476
1.005304 2.071212 2.342053 0.146259 0.7631015 1.135627
1.262575 0.9062773 4.860074 0.2035562 0.7358985 2.212688
1.076005 1.543058 3.479644 0.1609979 0.7372982 1.68437
0.9938627 2.017074 2.759663 0.1930213 1.038945 1.871485
1.054695 1.742687 2.890353 0.1634161 0.7796792 1.462052
1.185349 0.9706424 5.393649 0.2001297 0.7934759 2.751667
0.9466026 2.306054 2.167228 0.1463619 0.8488158 1.154513
1.234555 0.8414441 5.806742 0.2314498 0.8776454 3.232827
0.9487387 2.182514 2.191363 0.1335204 0.7504358 1.036251
1.00737 1.870875 2.569363 0.1450877 0.7317313 1.205831
1.316852 0.5617454 5.955197 0.2325966 0.790276 2.753822
0.9795672 2.16823 2.113883 0.1617339 0.878232 1.16129
0.9230507 2.533712 1.657398 0.1719283 1.044635 1.031724
1.199844 1.098175 4.420781 0.193898 0.755545 2.128415
0.892985 2.820385 1.349753 0.1963465 1.280723 0.9781323
1.030903 1.89365 2.659078 0.1871208 0.9385805 1.610609
1.21307 0.9624632 5.165829 0.204925 0.7891375 2.598192
0.9073853 2.637113 1.638546 0.1447873 0.9086951 0.8800036
0.857512 2.945888 1.42895 0.1354705 0.9435678 0.7622371
1.214556 1.205033 4.165159 0.1969691 0.7671266 2.055724
1.031453 1.776815 3.005164 0.1876346 0.9316821 1.831935
1.118183 1.369157 3.734418 0.1696739 0.7280413 1.763616
1.13346 1.502866 3.255108 0.1997997 0.8605851 1.809481
1.05352 1.80671 2.940688 0.1646914 0.7998104 1.537722
1.045229 1.768462 2.806119 0.1606812 0.7736804 1.402368
1.007348 1.985413 2.775576 0.181117 0.9549248 1.731906
