1.018914 1.048331 0.7189747 0.06270646 0.1918083 0.05220377
0.9189018 1.143559 0.7096405 0.05455075 0.1880406 0.05226849
0.9575602 1.079513 0.7312208 0.05793694 0.190581 0.05381657
0.9782115 1.076757 0.7209524 0.05911477 0.1894288 0.0524304
0.9521953 1.158612 0.6865884 0.05637087 0.1864527 0.04983242
1.046066 0.7912645 0.7802592 0.06994269 0.202877 0.05517514
0.9928919 0.9987678 0.763945 0.06153779 0.1940213 0.05624562
0.9900872 1.079884 0.6966385 0.0600642 0.1888072 0.04990679
0.8781862 1.466854 0.6115916 0.04775182 0.1790335 0.04557059
0.9962628 1.164547 0.6789587 0.05852918 0.1849425 0.04886839
1.02177 1.01035 0.7352132 0.06325989 0.1925873 0.05325121
1.051979 0.9269555 0.7775417 0.06662271 0.1966893 0.0566951
1.060904 0.8449474 0.8020759 0.06977379 0.2028433 0.05871529
0.894572 1.2554 0.7216812 0.05142033 0.1877541 0.05566794
0.9242458 1.261837 0.6941309 0.05260811 0.183961 0.05190975
0.9564285 1.221988 0.6889753 0.05545243 0.1858703 0.05117861
1.052013 0.7603209 0.8436913 0.07056087 0.2064096 0.06167299
0.9675913 1.022211 0.7604775 0.05982569 0.1943654 0.05650564
0.9267059 1.182455 0.7541103 0.05456013 0.1908282 0.05837427
0.9718476 1.082372 0.7893607 0.05872454 0.1937117 0.06067036
0.9849885 1.125601 0.7016423 0.05913918 0.1890035 0.05133539
1.040413 0.9510526 0.7414386 0.06582693 0.1947115 0.05304746
1.04478 0.8724991 0.7436483 0.0673756 0.1961372 0.0519373
0.9624078 1.183383 0.6611733 0.05655703 0.1840044 0.04714679
1.036805 0.8689747 0.7759546 0.0668889 0.1980565 0.05548569
1.035845 0.8338816 0.7838081 0.06824584 0.2016564 0.05629748
1.169609 0.6231189 0.807971 0.08282308 0.2119474 0.0558436
1.033169 0.9315049 0.766177 0.06590916 0.1972955 0.05572765
0.9414324 1.288533 0.6674475 0.053739 0.1834893 0.04946121
0.9909843 1.057697 0.7406862 0.06021526 0.1913812 0.05456417
1.070421 0.8149022 0.8060789 0.07141302 0.204905 0.05885048
1.05819 0.8891181 0.7655345 0.06863768 0.1991703 0.05514491
1.072572 0.7122785 0.8474509 0.07322903 0.2089177 0.06140189
1.02819 0.9791065 0.7637065 0.06430912 0.1951128 0.05605155
0.9464729 1.176645 0.681289 0.05641593 0.1884433 0.05010047
1.001582 1.098775 0.7268511 0.06060807 0.1909346 0.05380935
0.9885154 1.094539 0.7365966 0.06030771 0.1932178 0.05531906
0.946515 1.012629 0.7571395 0.05837029 0.1930792 0.05561408
0.9381816 1.21749 0.6375011 0.0548149 0.1833042 0.04530397
1.071304 0.8872343 0.7435268 0.06918561 0.196827 0.05238475
0.9508641 1.085357 0.7438995 0.05783925 0.1925061 0.05567578
0.9671079 1.072412 0.7348385 0.05857653 0.1903555 0.0539233
0.8539861 1.427971 0.6610157 0.0465002 0.1815088 0.05076134
1.053077 0.7795364 0.838728 0.0704486 0.2061095 0.06157252
0.9231699 1.248853 0.6812254 0.05305285 0.1839843 0.05030296
1.00067 0.9759787 0.7280095 0.06239128 0.1919634 0.05164016
0.9374834 1.129998 0.7345847 0.05612777 0.1904972 0.05511979
0.9468109 1.142712 0.7712852 0.05627763 0.1923019 0.0597968
1.042387 0.7693485 0.8209757 0.06970476 0.2050203 0.05929879
0.9706416 1.164106 0.6933156 0.05733579 0.1870043 0.05078144
1.002997 1.017794 0.7518114 0.06211151 0.1938801 0.05539169
0.9643746 1.135586 0.707499 0.05746274 0.1882346 0.05193732
0.9901334 1.038655 0.742707 0.06121082 0.1937984 0.05488028
1.0056 0.9057382 0.783441 0.06434523 0.1979367 0.0570281
1.033981 0.9895353 0.7240542 0.06482543 0.1933414 0.05182977
1.052957 0.8078519 0.7745291 0.06954845 0.2006466 0.05451341
0.969408 1.109199 0.7162252 0.05857659 0.1907471 0.05294319
1.033737 0.789712 0.7907415 0.0689269 0.2030365 0.05624818
1.061114 0.7492494 0.8327039 0.07124414 0.2056669 0.06008472
0.9465186 1.291995 0.6869744 0.05423964 0.1862435 0.05226229
1.073114 0.7701875 0.8617643 0.07218916 0.2084989 0.06435681
0.9387779 1.21945 0.7117744 0.05462862 0.187749 0.05390864
1.029286 0.9362765 0.7758501 0.06496755 0.1960196 0.05653329
0.9829842 1.159623 0.704109 0.05838099 0.1885176 0.0521359
0.9616862 1.179485 0.6501857 0.0561917 0.1824777 0.04573946
1.001327 0.9641953 0.7934193 0.06314235 0.1981545 0.05956189
1.052977 0.8786267 0.781109 0.06835202 0.1999763 0.05668024
1.071503 0.6833914 0.8761714 0.07399359 0.2121043 0.06434149
1.006999 0.847029 0.8319146 0.06658182 0.2057939 0.06259933
0.9711087 1.01357 0.7704082 0.06023539 0.1951608 0.05752161
0.9919377 0.9243365 0.8429368 0.0634328 0.2023032 0.06487555
0.9956662 1.026586 0.7510183 0.06103861 0.192298 0.05514174
0.9566213 1.154474 0.7110353 0.05678677 0.1886466 0.05277965
0.9509434 1.110718 0.7500487 0.05722854 0.1919589 0.05674174
1.072577 0.8483195 0.7829912 0.06977896 0.1996403 0.05610859
0.9838241 1.183231 0.7141822 0.05782426 0.1880663 0.05351169
1.06918 0.8058825 0.7683084 0.07116343 0.2018561 0.05413341
1.048337 0.9169292 0.7995072 0.0671319 0.1997872 0.05945108
0.8797699 1.342293 0.7061531 0.04928133 0.18582 0.05514808
0.9729653 1.087841 0.714247 0.05859991 0.188807 0.05182483
0.9026897 1.201529 0.7236486 0.05288973 0.1890311 0.0551154
1.065597 0.8315516 0.7736564 0.06954968 0.1990149 0.05462237
0.9899643 1.059929 0.6964805 0.05979602 0.1868761 0.04905986
0.9276891 1.263624 0.654903 0.05348319 0.1836328 0.04783573
1.00235 1.005574 0.7552087 0.06232649 0.194561 0.05565521
1.082161 0.7949641 0.7906262 0.07171414 0.202002 0.05613704
0.9643418 1.151588 0.6865019 0.05717922 0.1864465 0.04969227
0.9552672 1.040275 0.770463 0.05900273 0.1956672 0.05830626
1.021892 0.7885622 0.8060322 0.06802483 0.2036862 0.05792881
1.036554 0.7942824 0.8415749 0.06895586 0.2055926 0.06212503
0.9202669 1.29813 0.6797154 0.05220364 0.1840909 0.05110143
0.9761129 0.9881745 0.7903989 0.0604369 0.1952366 0.05908036
0.930482 1.320515 0.6748602 0.05283937 0.1848986 0.05116152
0.8898517 1.284649 0.7236321 0.05106689 0.1886135 0.05660842
1.129991 0.6913878 0.836369 0.07763546 0.2087557 0.05963535
0.9332506 1.315755 0.6643528 0.05271582 0.1832494 0.04965348
0.997558 0.9387466 0.8122164 0.06339213 0.199883 0.06136164
1.01944 0.8623616 0.7630616 0.06630286 0.198475 0.0541114
1.033391 0.873899 0.7741287 0.06683775 0.1986347 0.05555224
1.082439 0.6994762 0.8604383 0.07460534 0.2113107 0.06296839
1.027162 0.9364938 0.7585369 0.06537921 0.1967222 0.05496022
1.0387 0.830167 0.8285992 0.0686892 0.2049673 0.06158765
0.9367839 1.216892 0.6973223 0.05464232 0.1868473 0.05209604
0.9617714 1.087778 0.7916263 0.058621 0.1960828 0.06171924
0.9624756 1.069416 0.78055 0.05875305 0.1952539 0.05995445
1.111433 0.6769238 0.7846705 0.07732572 0.2083341 0.05412792
1.000838 1.101146 0.7117551 0.06048856 0.1898301 0.05206219
1.030001 0.9461439 0.750914 0.06536543 0.1960839 0.05426775
1.09116 0.7720164 0.8075415 0.07332582 0.2050965 0.05797883
1.014212 0.7501013 0.8453371 0.06837059 0.2072487 0.06178016
1.072682 0.7799846 0.8226834 0.07185572 0.205711 0.05988584
0.9182973 1.317274 0.6892204 0.05227759 0.186228 0.05293588
1.008455 0.8503251 0.8487013 0.0656436 0.2035759 0.06387346
0.9560575 1.143351 0.6972634 0.05677176 0.1874328 0.05089406
1.075709 0.7242396 0.8143344 0.07297821 0.2060917 0.0577113
0.9413322 1.260958 0.6347922 0.05373297 0.1803696 0.0451073
0.9489648 1.038398 0.7895691 0.0583878 0.1959372 0.06033871
1.02813 1.007428 0.7124974 0.06399345 0.1919364 0.05074186
0.8978635 1.3933 0.6549407 0.0496723 0.1822861 0.0497271
0.9632148 1.050082 0.7729886 0.05888463 0.1939393 0.0583149
1.009783 0.9489258 0.7406781 0.06388763 0.1949118 0.05302511
0.993189 1.079244 0.7280006 0.06052799 0.1916209 0.05369905
1.02889 0.8324474 0.8074385 0.06746891 0.2020106 0.05873157
1.019697 0.8814246 0.7745417 0.06617369 0.1996853 0.05602173
1.029927 0.9619034 0.7249534 0.06471499 0.1929381 0.05128601
1.04779 0.8168392 0.8367848 0.0691744 0.2046669 0.06202225
0.9919358 1.076127 0.7212282 0.06055158 0.191385 0.05288641
1.078284 0.6726615 0.8896577 0.07482742 0.2133927 0.06570865
1.042313 0.9124431 0.7697669 0.06687904 0.1981625 0.05589362
0.9162699 1.226086 0.715908 0.05363498 0.1893366 0.05483649
0.9758805 0.9934863 0.7785564 0.06113188 0.1971697 0.05846191
1.086433 0.6180169 0.8573803 0.076912 0.2145566 0.0611911
1.023497 1.103399 0.6663834 0.06168772 0.1864508 0.04684656
0.9907313 1.14588 0.6950359 0.05926836 0.1886303 0.0509565
1.038183 0.8503284 0.788366 0.06776689 0.2006804 0.05693962
1.008745 0.9885652 0.7678983 0.06327806 0.1963131 0.05698851
1.035397 0.8824069 0.7370656 0.06692615 0.1963813 0.0515333
0.9995593 1.055569 0.7342028 0.06064167 0.1904263 0.05360985
0.9967968 0.9883982 0.7903897 0.06216029 0.1965175 0.05937594
0.9964755 1.139747 0.7017689 0.05937386 0.1878816 0.05133391
1.004392 0.9773365 0.7660435 0.0628047 0.1952685 0.05631115
1.015024 0.9789309 0.7134118 0.06368185 0.1924729 0.05037968
0.9655786 1.123417 0.6750313 0.05797695 0.1869875 0.04815174
0.9677557 1.179019 0.7070095 0.05729708 0.1889637 0.05291589
1.05313 0.7973456 0.7481033 0.07048399 0.2014505 0.05186085
0.8872581 1.329105 0.679524 0.05021537 0.1853971 0.0519783
0.9897004 1.030081 0.7277026 0.06155618 0.1938439 0.05319641
1.057265 0.7470568 0.8277546 0.07193178 0.2083637 0.06022011
0.9277712 1.194508 0.6949967 0.05472186 0.1876318 0.05158933
0.9304856 1.273757 0.6759613 0.05346056 0.185057 0.05049788
0.9560971 1.135385 0.7501148 0.05697225 0.1912512 0.05712969
0.9705904 1.137069 0.7387371 0.05786503 0.1906208 0.05579515
0.9551614 0.9186857 0.8103314 0.06126895 0.2008453 0.06090103
1.034254 0.914649 0.7746346 0.06605472 0.1975159 0.0562698
1.045902 0.8017994 0.77461 0.06925816 0.2011751 0.05453082
0.9240087 1.084946 0.7653722 0.05653676 0.1954115 0.05871795
0.9108577 1.340519 0.6678781 0.05169195 0.1854008 0.05091137
1.023202 1.034251 0.7274063 0.06243985 0.1902597 0.05244349
1.081352 0.7664759 0.7916137 0.07258965 0.2037068 0.05591738
1.097851 0.7107647 0.7884387 0.07532129 0.2064839 0.05489838
1.085302 0.7461323 0.7665957 0.07395447 0.2048591 0.05325451
1.141707 0.6631774 0.8605089 0.07991343 0.2137266 0.06260219
0.8844592 1.476069 0.6888119 0.04870019 0.1882385 0.0562655
0.976367 0.9760826 0.833708 0.06112803 0.1995917 0.06451898
1.011738 0.8399121 0.7913158 0.06626732 0.2013174 0.05715861
0.9374747 1.214304 0.7375788 0.05481335 0.1901739 0.05715158
1.069957 0.7016258 0.8760333 0.07364677 0.2121071 0.06488054
0.9592869 1.201633 0.7339175 0.05638095 0.1903264 0.05653067
1.037484 0.846105 0.7963893 0.06744589 0.2000225 0.05745796
0.924247 1.174858 0.7389094 0.05461208 0.1906815 0.05663592
0.9644446 0.9695434 0.7815903 0.06046437 0.1963431 0.05798114
1.048765 0.8538319 0.7937473 0.06871547 0.2018439 0.05783602
1.050871 0.762606 0.833634 0.07057913 0.2062112 0.06065154
1.070067 0.8432653 0.8165608 0.06927608 0.2002063 0.05947143
0.9594858 0.998549 0.8112445 0.06003576 0.1989559 0.06248046
0.9766426 1.003072 0.7738115 0.06100505 0.1963208 0.05791792
1.083705 0.5785775 0.8925137 0.07834035 0.2201773 0.0650106
1.000293 1.037238 0.6831851 0.06140371 0.1883214 0.04764469
0.9711759 1.098291 0.7416207 0.05881809 0.1922521 0.05568967
0.9326443 1.31794 0.6622713 0.05265264 0.1831926 0.04947585
0.989034 1.069715 0.7495487 0.06051641 0.1935971 0.05623583
1.050803 0.8583362 0.7813393 0.06783783 0.1982736 0.05585111
1.150453 0.5928396 0.8978857 0.08270598 0.2196957 0.06589495
1.071667 0.7399707 0.8102989 0.07279309 0.2064436 0.05775761
0.9595364 1.108424 0.7010651 0.0572015 0.1866298 0.05038159
0.9865103 0.9857526 0.798293 0.06181077 0.1980032 0.06055457
1.001476 0.9953585 0.7612131 0.06295968 0.1966574 0.0565345
0.9327883 1.149091 0.6820679 0.05549816 0.1869879 0.04935451
0.9823366 1.10263 0.7013023 0.05951901 0.1897092 0.05100649
1.040657 0.7729298 0.8510877 0.06980436 0.2071898 0.06294569
0.9887873 1.235327 0.6611513 0.05690268 0.1828377 0.04786169
0.9368159 1.243116 0.6837767 0.05428338 0.1860014 0.05100609
0.9553274 1.12269 0.7413844 0.05653752 0.1885049 0.05520435
0.9409592 1.269233 0.7105725 0.05366947 0.1857006 0.05416222
0.9185112 1.227413 0.707942 0.05370292 0.1884498 0.053776
0.9417276 1.213653 0.693662 0.05529658 0.1877018 0.05185157
0.9047687 1.283356 0.68463 0.0518435 0.18566 0.05172119
1.029037 0.7970917 0.8083811 0.0689001 0.2053588 0.05877485
0.959739 1.17626 0.7255848 0.05650773 0.1887286 0.0547027
0.9562249 1.181332 0.7038605 0.05616172 0.1873507 0.05226343
1.015778 1.104965 0.7307164 0.0617648 0.1925666 0.0547585
0.8482678 1.424824 0.6591639 0.04665915 0.1829867 0.05083594
1.032989 0.8350833 0.7786664 0.06784271 0.2007248 0.05559251
1.116103 0.5013785 0.8963542 0.08285201 0.2245221 0.06418698
0.960425 1.200495 0.6606222 0.05601114 0.1837915 0.0474143
0.9760039 1.099416 0.7328237 0.05899495 0.1910743 0.05446575
0.9397703 1.290064 0.6621176 0.05377417 0.18427 0.04920567
0.980552 0.94516 0.7828337 0.06201482 0.197227 0.05775311
1.035254 0.9415422 0.7309998 0.06555031 0.1939254 0.05164553
1.093987 0.7176321 0.8410819 0.07423532 0.2072536 0.06046813
1.021244 1.008831 0.7370837 0.06369837 0.1940675 0.05373973
0.9748867 1.153459 0.7130677 0.05789448 0.1886532 0.05294513
0.9794664 1.128141 0.7336499 0.05880368 0.1912657 0.05523466
0.9295411 1.245759 0.6903468 0.05382378 0.1864647 0.05184441
0.9449185 1.190944 0.7120304 0.05536051 0.1876215 0.05332324
0.9589293 1.146142 0.7004027 0.05706069 0.1881425 0.05142528
0.9403152 1.158605 0.7015647 0.05548476 0.1870699 0.05152756
0.9460278 1.173728 0.7316146 0.05552607 0.1885948 0.05528297
1.08837 0.633287 0.8379314 0.07673 0.2129874 0.05929359
0.9530636 1.136222 0.7594647 0.05703376 0.1926358 0.05847519
1.134732 0.6120271 0.8284816 0.08065416 0.2137247 0.05797622
1.093085 0.694271 0.8823795 0.07455137 0.2100751 0.06476779
0.9443641 1.278555 0.6326554 0.05404521 0.1815868 0.04543502
0.8756325 1.283686 0.6803822 0.04992042 0.1843679 0.05097665
0.9995238 0.9852692 0.7759622 0.06261757 0.1964444 0.05778007
0.9527794 1.269625 0.6899989 0.05457339 0.1851996 0.05190942
0.9583856 1.110174 0.7463319 0.05795406 0.1927264 0.05654373
1.033853 0.882443 0.7596941 0.06692702 0.1980787 0.05414539
0.9731809 1.194047 0.6708407 0.0569572 0.1848117 0.04853205
0.9600211 1.110868 0.7240291 0.05786376 0.1904464 0.0536485
0.9925449 0.971917 0.7524318 0.06220049 0.194651 0.05465909
0.9125158 1.272506 0.6897497 0.05191085 0.1842297 0.05173966
1.06165 0.7049617 0.7988123 0.0729246 0.207102 0.0559039
0.9851165 0.9752289 0.7756029 0.0622072 0.1975467 0.05776873
1.039387 0.7745742 0.79419 0.06937838 0.2030068 0.05622074
0.8569437 1.482693 0.6524498 0.04712703 0.1852139 0.05154225
1.036944 0.9461512 0.7358651 0.06565925 0.1945246 0.05237911
0.9438625 1.104052 0.697753 0.05683316 0.1883182 0.05036251
0.994255 0.9967042 0.7303071 0.0622748 0.1939455 0.05275878
0.9909581 0.9716005 0.7892561 0.06211976 0.1969309 0.05898383
1.099802 0.6652045 0.8227125 0.07678166 0.2109751 0.05817044
1.000759 0.9929014 0.7850228 0.0626528 0.1973604 0.05917141
0.8707484 1.418555 0.6953486 0.04842558 0.1875608 0.05580073
0.9468055 1.076497 0.8034174 0.05698075 0.1936638 0.06205367
1.006825 0.9379772 0.7495517 0.06362442 0.1946562 0.05359292
1.033768 0.9708448 0.8077047 0.06516584 0.1991455 0.06147253
0.9591477 1.223467 0.7046182 0.05591668 0.1871957 0.05301316
0.9978783 1.066085 0.7535852 0.06113664 0.1939351 0.05666333
1.03092 1.039611 0.7304262 0.06303923 0.1907947 0.05293481
0.941204 1.056504 0.7112739 0.05771296 0.1907098 0.05131496
1.056457 0.8297842 0.7812994 0.06945685 0.2009002 0.05577076
0.9845279 1.169862 0.6551604 0.0576074 0.1825642 0.04606781
1.124819 0.7080435 0.7920339 0.07666412 0.2051471 0.0548847
0.9626773 1.194575 0.6868336 0.05653194 0.1866127 0.05057872
1.041783 0.9552536 0.7122699 0.0651627 0.190848 0.04943008
0.8638473 1.432895 0.660093 0.04744464 0.1836265 0.05128947
1.019641 0.901969 0.7686747 0.06574495 0.1988559 0.05572917
1.032994 0.8471906 0.7967705 0.06786281 0.2022023 0.05804131
1.149898 0.571611 0.8327503 0.0828821 0.2158858 0.05779985
1.029152 0.8950234 0.827619 0.06649388 0.2023767 0.06249508
1.063951 0.7239609 0.7842305 0.07240353 0.2050114 0.05450014
1.043469 0.9346285 0.763873 0.06646503 0.1971048 0.05554539
1.016241 1.003341 0.7492966 0.06348487 0.1949213 0.05506433
0.9663789 1.107734 0.711736 0.05830262 0.1896675 0.05213838
0.9711298 0.9962567 0.761755 0.06067982 0.1954726 0.05632646
0.9081369 1.266713 0.7289708 0.05255979 0.189895 0.05717815
0.988512 0.973235 0.7702644 0.06191574 0.1953968 0.05663197
1.124563 0.6918458 0.8005114 0.07740932 0.2073185 0.05580525
1.015727 1.035992 0.7087215 0.06251527 0.190444 0.05059126
1.06065 0.7605509 0.778963 0.07153708 0.2038758 0.05458759
1.006938 0.9860732 0.747815 0.06350627 0.1961824 0.0548535
0.9282655 1.186763 0.6585767 0.05487283 0.1854448 0.04729831
0.8970223 1.353183 0.6906129 0.05074687 0.1871028 0.05398013
1.119442 0.6434455 0.8151089 0.07863919 0.2111031 0.05685858
1.031671 0.9863232 0.7422395 0.06471454 0.1947301 0.05394546
1.001587 1.138875 0.695271 0.05977634 0.1878104 0.05064958
0.8829726 1.288301 0.6866572 0.04992716 0.1835159 0.0515226
0.9908101 1.000333 0.7353048 0.0614874 0.1926708 0.05307167
0.9758757 1.046312 0.7404593 0.06015483 0.1934913 0.05475777
0.9798998 1.141678 0.725474 0.05873379 0.1907159 0.05447872
1.040109 0.8737175 0.7781465 0.06770138 0.2003212 0.05637057
1.033514 0.8094578 0.803448 0.068662 0.2038677 0.05823664
1.016092 0.9082277 0.7775805 0.06466099 0.1967639 0.05625179
0.9772497 1.02073 0.7065333 0.06060042 0.1913352 0.05029013
1.026786 0.8951457 0.8102881 0.06592207 0.1998223 0.05998671
1.0834 0.8056797 0.8047638 0.07156123 0.2025246 0.05793689
0.9480597 1.051161 0.7353842 0.05758616 0.1904637 0.05363154
0.9631452 1.132325 0.7254462 0.05763627 0.1901016 0.05415854
0.9690384 1.130034 0.7580943 0.05822168 0.1930538 0.05830204
1.001474 0.9840182 0.7359879 0.06266334 0.1937382 0.05303841
1.053782 0.7464514 0.8083918 0.07162548 0.2068558 0.05785627
1.023669 0.8319286 0.8328677 0.06716626 0.2036255 0.06174417
1.017462 0.9502359 0.7627212 0.06403446 0.1951612 0.05531881
0.9814685 0.9708291 0.7760683 0.06178919 0.1967825 0.05752776
0.9875946 1.015396 0.7367845 0.06094704 0.1919567 0.05332221
0.9998641 1.02243 0.70871 0.0615168 0.1899046 0.05021363
0.9300947 1.166744 0.720544 0.05552361 0.1907286 0.05447526
0.8907446 1.25131 0.7273674 0.05138077 0.188622 0.05641167
0.9603257 1.089791 0.7055223 0.05777905 0.1880153 0.05078688
1.023369 0.8878445 0.7943969 0.06585463 0.1993179 0.0580941
0.9761243 1.023878 0.7317158 0.0601796 0.1918141 0.05295629
0.9197759 1.354432 0.6450467 0.05134386 0.1812324 0.04781765
0.9838861 1.172247 0.6549204 0.05777892 0.1832692 0.04622479
1.042812 0.7984608 0.7970939 0.06918487 0.2026292 0.05699647
0.9717349 0.9995885 0.7674791 0.06054395 0.195329 0.05694276
1.073755 0.7031037 0.8593243 0.07322333 0.2089458 0.06234515
1.033947 1.039963 0.6989515 0.06336 0.1891366 0.04941851
1.006088 0.9345828 0.7461363 0.06368577 0.1947328 0.05321391
0.9098228 1.223508 0.7367514 0.05312658 0.1902422 0.05726007
1.015401 1.027019 0.684345 0.0630208 0.1901271 0.04793683
1.040932 0.8608398 0.8234512 0.06829096 0.2041156 0.06163392
1.079141 0.853202 0.7901103 0.07004727 0.1997156 0.05695389
1.028127 0.8879792 0.8044913 0.06685566 0.2020293 0.05979906
0.9869275 1.048578 0.7294749 0.0604608 0.1918801 0.05333875
1.038436 0.7504929 0.8376881 0.0698086 0.2061714 0.06072287
1.004936 1.079234 0.7159421 0.06067471 0.1888588 0.05180141
1.056106 0.813852 0.8228094 0.07027663 0.2055814 0.06076152
0.9781115 1.095648 0.7109577 0.0594627 0.1907969 0.05210854
0.9791435 1.025315 0.7230997 0.06065613 0.1922484 0.05221759
1.064267 0.9422668 0.7695005 0.06739851 0.1965207 0.05614114
1.013074 0.9053041 0.7655391 0.06443117 0.1959445 0.0548019
0.9159517 1.367622 0.6488623 0.0512459 0.1826387 0.04874455
0.933552 1.126376 0.7257445 0.05624654 0.1914545 0.05443081
1.008119 0.8848427 0.8336248 0.06542433 0.2034994 0.06321026
1.005669 0.9853902 0.7329579 0.06284722 0.1930333 0.05255738
0.9327486 1.148484 0.7677221 0.05534867 0.1919305 0.05942116
0.8717187 1.377303 0.6448986 0.04842018 0.1812448 0.04815196
0.9881422 1.05061 0.7653679 0.06028105 0.1932014 0.05736393
0.9032252 1.187173 0.7320872 0.05347687 0.1912833 0.05633088
1.027199 0.8641369 0.806592 0.06677215 0.2012505 0.05924061
1.058755 0.9307275 0.7247537 0.06750434 0.194557 0.05094728
0.9312839 1.320984 0.7171626 0.05288436 0.188327 0.05660343
1.002043 1.058764 0.7852105 0.06163287 0.1965163 0.06051441
0.9804278 1.106222 0.6799022 0.05900661 0.1869221 0.04829345
1.042988 0.6872468 0.8393519 0.07207868 0.2103539 0.06026728
0.9989089 0.9364481 0.7811558 0.06362756 0.1981453 0.05758363
0.9347976 1.235998 0.6797562 0.05391015 0.184629 0.05016768
0.957518 1.072375 0.6981012 0.05841333 0.1895867 0.05006683
1.091451 0.7071041 0.8326158 0.0745514 0.2079668 0.059527
0.9430492 1.06757 0.7803554 0.05735978 0.1940776 0.05951879
1.052158 0.9356752 0.7951284 0.06715348 0.1994669 0.05935844
0.9855303 1.062976 0.6858942 0.0602483 0.1889429 0.04855917
0.8788458 1.503775 0.6529418 0.04771044 0.1841454 0.05171288
0.9962026 0.9448422 0.773848 0.06298369 0.1965659 0.05666136
0.9838415 1.073878 0.7398847 0.05950179 0.1907402 0.05460805
0.9461342 1.027955 0.7907753 0.05852377 0.1967115 0.06043969
1.102718 0.6031228 0.8866822 0.07808048 0.2157968 0.06403442
1.021486 0.8460052 0.7901976 0.06701531 0.2015867 0.05721016
1.092465 0.7158872 0.8595801 0.07491084 0.2107275 0.0632023
0.9770295 1.032727 0.7882164 0.0606469 0.1973465 0.06042296
0.9679146 1.032959 0.7693333 0.05970173 0.1950691 0.05788436
1.091908 0.8012897 0.811007 0.07239703 0.2036641 0.05876036
1.049337 0.8462479 0.8212333 0.06799209 0.2006556 0.06012221
1.012497 0.972598 0.7321227 0.06297365 0.1918997 0.05200175
0.9932277 1.060175 0.7552611 0.06090622 0.1936827 0.05659234
1.009542 1.003817 0.7267506 0.06343846 0.1944926 0.05265387
0.9466565 1.207757 0.686559 0.05498843 0.1851241 0.050476
1.027988 1.085258 0.6957998 0.06241778 0.1887991 0.04987725
1.175747 0.4611321 0.93868 0.08786276 0.2270225 0.06777403
1.031659 0.9111801 0.7326073 0.066108 0.1953586 0.05148759
1.05216 0.8659795 0.7929555 0.06875729 0.2016218 0.05797918
0.9096358 1.259885 0.6929373 0.05253374 0.1867116 0.05242466
0.9783533 0.9619912 0.756523 0.06149643 0.195019 0.05492145
1.090583 0.6478641 0.9087535 0.07621783 0.2154931 0.06757999
0.8638364 1.435359 0.6718785 0.04811364 0.1865232 0.05318022
0.9422541 1.280062 0.6780592 0.05408045 0.1855398 0.05097411
1.052754 0.9353397 0.7493871 0.06672442 0.1952218 0.05366504
0.9270294 1.207355 0.7026009 0.05451972 0.1882702 0.0527834
0.9951217 1.047147 0.7422932 0.06106272 0.1928147 0.05481708
1.016796 0.8770202 0.7809302 0.06539499 0.1980352 0.05617318
0.9244718 1.259797 0.6547999 0.05291811 0.1820724 0.04741871
0.9803664 1.04617 0.7402038 0.06011236 0.192233 0.05440029
1.048485 0.7908131 0.8192691 0.06994397 0.2048742 0.05958514
1.106402 0.7652191 0.7625444 0.07439652 0.2022835 0.05272105
0.9072037 1.329293 0.6490305 0.05095215 0.1817225 0.04796322
1.130557 0.6055773 0.8206707 0.07998609 0.2119727 0.05663969
1.023019 0.7922026 0.8429481 0.06857915 0.2074449 0.06272713
0.9530654 1.166179 0.6950334 0.05655963 0.1878972 0.05116625
0.9419792 1.215757 0.7141436 0.05434687 0.1860986 0.05368694
1.009533 0.9330433 0.7799192 0.06442003 0.1982774 0.05740703
1.075445 0.8879205 0.7677135 0.06873269 0.1963629 0.05471148
0.9954161 1.044 0.7341548 0.06126462 0.1926397 0.05385504
1.11951 0.7222917 0.7932891 0.07682758 0.2071093 0.05578476
1.153046 0.5920917 0.8775088 0.08255223 0.2174722 0.06319757
1.03386 0.9321511 0.7889469 0.0659557 0.1988891 0.05849455
0.9548863 1.123353 0.74003 0.05706195 0.1901817 0.0554726
0.950342 1.186673 0.690864 0.05543559 0.1853161 0.05055557
0.9612045 0.9631583 0.7653128 0.06071368 0.1964103 0.05613868
0.9713724 1.178947 0.6945425 0.05678151 0.1861156 0.05103743
1.033886 0.9305572 0.7520479 0.06578281 0.1960515 0.05403084
0.9482364 1.138986 0.6956754 0.0568187 0.1887454 0.05092424
0.922105 1.339322 0.6658044 0.0520665 0.1843736 0.05045909
1.054552 0.8876766 0.7477152 0.0675268 0.1954307 0.05249691
0.9674026 1.08213 0.6912907 0.05800019 0.1862437 0.04886198
0.9446883 1.054765 0.7605954 0.05734325 0.1920602 0.05667405
0.969937 1.050296 0.7367266 0.05939713 0.1919119 0.05405157
1.108457 0.7172223 0.8435139 0.07539113 0.2079551 0.06088438
1.000632 1.030587 0.7441483 0.06147273 0.1923679 0.05452819
0.9556371 1.352102 0.6777722 0.05376283 0.1853027 0.05217919
0.9953067 1.046684 0.7183589 0.06067881 0.1898052 0.05165105
0.9741136 0.9661741 0.7882207 0.06117559 0.1968389 0.05869374
0.9542555 1.03161 0.7791427 0.05888743 0.1954108 0.05890941
1.014853 0.9275027 0.8040899 0.06492333 0.2000997 0.06024045
0.9555304 1.165357 0.6976014 0.05670887 0.1881844 0.0514994
1.020678 0.8589652 0.781476 0.06658617 0.2001157 0.05625655
1.080732 0.8197535 0.767478 0.07115956 0.2000714 0.05397572
0.9566951 1.103314 0.7170658 0.05751487 0.1890818 0.05245373
1.108098 0.6489023 0.8577382 0.07819985 0.2148305 0.06215476
1.044966 0.8503069 0.769053 0.06835671 0.199918 0.05480941
1.11801 0.6150749 0.8476233 0.07890478 0.2133117 0.05986065
1.106255 0.648588 0.8057783 0.07735648 0.2097191 0.05576976
0.9472663 0.9587731 0.7574988 0.06010423 0.1969102 0.05540192
0.9848638 1.05443 0.7312132 0.06056543 0.1925191 0.05371205
1.018908 0.9786485 0.7133909 0.06385426 0.1919585 0.05021975
1.063663 0.7806509 0.8032862 0.07093444 0.203446 0.05736106
1.005999 1.103161 0.6933698 0.06044384 0.1876997 0.04978709
1.059304 0.7998811 0.8018173 0.07019076 0.2027966 0.05755745
0.957986 1.137616 0.7391128 0.05677391 0.1892606 0.05547443
0.9669143 1.05443 0.7546911 0.05916995 0.1930601 0.05626416
0.9654896 1.170522 0.6825554 0.05678496 0.1856204 0.04947962
1.050274 0.834728 0.7913752 0.06906422 0.2016211 0.05704555
0.8835297 1.199587 0.7440578 0.05192895 0.191091 0.0578044
1.01223 1.006588 0.7528682 0.0630846 0.1947613 0.05546439
1.205388 0.4226313 0.9163203 0.09179214 0.2295536 0.06496922
1.121065 0.533196 0.9026177 0.08211907 0.222567 0.06529783
1.027144 0.9669276 0.7424718 0.0646963 0.1948936 0.0536045
1.039301 0.8108509 0.7928563 0.06833777 0.2012396 0.05660248
0.942069 1.162972 0.7087155 0.05539105 0.1869022 0.05228072
0.9967147 1.091389 0.7329478 0.06032679 0.1912169 0.0543815
0.9927471 0.8885655 0.8270022 0.06430446 0.2027303 0.06237278
0.9154781 1.185599 0.7363018 0.05383965 0.1895332 0.05619981
1.04032 0.9581309 0.7286686 0.06582176 0.1942253 0.05182087
0.9909372 1.033251 0.7589932 0.06101625 0.1937659 0.05643592
1.006443 0.9493273 0.7599155 0.06295757 0.1937129 0.05466692
1.00163 0.9660806 0.7839857 0.06307282 0.1973386 0.05841139
0.9874428 0.9573517 0.7696736 0.06251893 0.1972687 0.05672061
1.017566 0.9768599 0.7215429 0.06381684 0.1928439 0.05122285
1.113115 0.7208071 0.7773958 0.07609314 0.2052928 0.05378748
1.02944 0.9792129 0.7674372 0.06481862 0.1967157 0.05682997
1.05483 0.9131985 0.7552958 0.06773019 0.1974933 0.05430212
1.002365 1.073185 0.7050399 0.06072359 0.188839 0.05063007
1.004627 0.9906942 0.7171528 0.06272965 0.1921279 0.05089921
1.05203 0.8042214 0.8161387 0.07000959 0.2046285 0.05955132
1.067979 0.7352358 0.7908568 0.07284896 0.2060901 0.05563172
1.079193 0.7522031 0.7762252 0.07306925 0.2042307 0.05419677
1.075153 0.7961718 0.7718955 0.07190869 0.202594 0.05439481
0.9405238 1.280841 0.6509611 0.05371646 0.1826938 0.04755816
1.011741 0.9733048 0.7970417 0.06299173 0.1959386 0.05955351
1.000695 0.9045162 0.7734119 0.06442946 0.1989624 0.05629851
1.0632 0.7673905 0.8316158 0.07130513 0.2060193 0.06054149
1.048793 0.897475 0.7553766 0.06766814 0.1978197 0.05401425
0.9847545 1.04756 0.7447357 0.06016876 0.1918626 0.05480193
0.935122 1.155833 0.721642 0.05562146 0.1897615 0.05416572
1.146397 0.5604465 0.8915314 0.08240021 0.2182039 0.06386945
1.029273 0.9212515 0.7841971 0.06588758 0.1989394 0.05776729
1.043686 0.8574923 0.7783306 0.0683095 0.2007614 0.05609134
0.9883738 0.9978686 0.7817884 0.06116253 0.1950238 0.05835998
0.987792 0.9448658 0.7859332 0.06258764 0.1977529 0.05819664
0.9730107 1.172354 0.6916718 0.05739401 0.186437 0.05056127
0.9394265 1.15491 0.7585068 0.05590641 0.1922394 0.05866194
1.17198 0.5023203 0.8787627 0.08653009 0.2221684 0.06186521
0.9248675 1.254254 0.6747208 0.05340259 0.1849756 0.05000213
1.043021 0.8613828 0.761841 0.0679031 0.1989242 0.05412376
0.9229202 1.239523 0.7134389 0.053367 0.1874119 0.05436305
1.044955 0.8736565 0.7810988 0.06776451 0.199389 0.05638499
1.065907 0.7039399 0.8737527 0.07312161 0.2110902 0.06439617
0.9543965 1.058027 0.7580602 0.0582968 0.1929454 0.05664376
0.991742 1.085712 0.7203943 0.06034534 0.1911233 0.05288018
1.07762 0.8600984 0.7603369 0.07065096 0.2000249 0.05416047
1.030764 0.7752807 0.8336069 0.06921748 0.2066361 0.06109934
1.015909 1.036256 0.7245728 0.06188929 0.1894901 0.05196975
1.113042 0.7071787 0.8202022 0.0762272 0.2079046 0.05827764
0.9754203 0.9046069 0.8313579 0.06210161 0.1998176 0.06244157
0.9206836 1.245193 0.7213208 0.05361757 0.1895728 0.05584326
1.079167 0.6801114 0.8471358 0.07456174 0.2103051 0.06079853
1.015101 0.8955247 0.7645737 0.06498932 0.1966622 0.05461427
0.9867895 1.043284 0.7451534 0.06071934 0.1935672 0.0552344
1.000807 1.00496 0.7855011 0.06237378 0.196922 0.05939058
0.9270524 1.175991 0.7349797 0.05448793 0.18913 0.05580367
1.037435 0.8350889 0.771207 0.06815422 0.2003166 0.05475109
1.022045 0.8118229 0.8046483 0.06777232 0.2035739 0.05833453
0.9514159 1.210837 0.6769823 0.05525509 0.1844722 0.04937306
1.130457 0.5415257 0.8421939 0.08223247 0.2177162 0.05833232
1.031015 0.9520478 0.7113109 0.06507397 0.192674 0.04969331
1.022796 1.002881 0.7136662 0.06374323 0.1921192 0.05082275
0.8936601 1.199367 0.6852917 0.05224851 0.1860354 0.05039648
1.048445 0.885933 0.7799353 0.06795686 0.1997667 0.05667082
0.9833457 1.017409 0.7519177 0.06073945 0.1935917 0.05535841
0.959248 1.013987 0.7638456 0.05947732 0.1946887 0.05673153
1.033085 0.870215 0.7917727 0.06673657 0.1993753 0.05743196
1.065716 0.7784707 0.8109384 0.07119092 0.2041797 0.05824836
0.9799528 1.04887 0.7802548 0.05992823 0.1943223 0.05913199
0.9578764 1.101675 0.7326436 0.05785728 0.1911561 0.05453727
1.037625 0.901508 0.8198361 0.06670951 0.2012712 0.06158557
1.170853 0.5138389 0.8365202 0.08640346 0.2198099 0.05746321
1.027045 0.8479804 0.8154896 0.06679968 0.2014079 0.05981043
0.9692922 1.132386 0.7325911 0.05832625 0.1917283 0.05530816
0.9805929 1.015857 0.7885761 0.06076547 0.196364 0.05981668
1.06568 0.7682722 0.7481337 0.07185478 0.2021681 0.05138592
1.038372 0.8274435 0.7609142 0.06844293 0.1999332 0.05343262
0.9173814 1.400399 0.6131034 0.05089597 0.1796828 0.04490338
1.016236 1.013476 0.7233104 0.06323881 0.1927705 0.05212781
0.9736624 1.049189 0.7684576 0.05943666 0.193496 0.05773926
0.9384207 1.092875 0.7018455 0.05693272 0.1895115 0.05080939
0.9662525 1.062552 0.7685388 0.05819386 0.1910908 0.0573804
1.004905 0.8409105 0.8187559 0.06565373 0.2023351 0.06020783
1.158084 0.502279 0.8962192 0.08578321 0.2238198 0.06398268
0.9908735 1.058637 0.71727 0.06047439 0.1904389 0.05192086
0.9628666 1.161981 0.7262257 0.05759231 0.1914317 0.05517377
0.9572362 1.03746 0.7809226 0.05854176 0.1939714 0.05886624
1.000419 0.9968638 0.753317 0.06265064 0.19539 0.05544394
1.072638 0.8172165 0.8097704 0.07081414 0.2031699 0.05890114
0.9978319 0.9533423 0.7279055 0.06324667 0.1945174 0.05173867
1.017121 0.9554758 0.7341458 0.06422864 0.1941343 0.05230704
0.9675182 1.044087 0.750525 0.05903 0.1920024 0.05539127
1.001341 0.9089068 0.7813485 0.06386613 0.1976207 0.05687589
0.9337634 1.222821 0.6866738 0.05422902 0.1855737 0.05081711
0.9856586 1.026781 0.7360533 0.06067871 0.1921926 0.05359417
0.9944745 1.088683 0.7054059 0.0602852 0.1896659 0.0511623
1.037147 1.036942 0.7310115 0.06364478 0.191457 0.05309494
1.039679 0.9643989 0.7268583 0.06543579 0.1934091 0.05161161
0.9778775 1.09765 0.7229281 0.05947396 0.1915793 0.05352943
0.9643166 1.125232 0.7193146 0.05731904 0.1879169 0.05284232
1.154759 0.7086664 0.7984435 0.0794766 0.2078441 0.05615875
1.044252 0.9187264 0.7870594 0.06676891 0.198708 0.0579336
0.9522655 1.121114 0.7346297 0.05721821 0.1910249 0.05510404
1.013922 0.9845551 0.73728 0.06330647 0.1932464 0.0530406
0.9718234 1.106724 0.7520764 0.05908032 0.1938782 0.05734185
1.117073 0.4914328 0.9172629 0.08189647 0.222307 0.06541921
0.9383712 0.9908786 0.7711234 0.05854269 0.1956518 0.05723478
0.9129928 1.344345 0.662557 0.05088239 0.1819909 0.04966891
1.149524 0.5651152 0.8638784 0.08262834 0.2167093 0.06085044
1.030454 0.8532615 0.8055026 0.06716062 0.2014633 0.05893908
0.952667 1.147541 0.7583586 0.0572452 0.1936321 0.05882142
1.055337 0.9426255 0.7774801 0.0671749 0.1980849 0.05735216
0.9461181 1.18781 0.7252361 0.05583378 0.1898984 0.05522044
0.9894583 0.9448834 0.7829059 0.06301259 0.1986503 0.05810832
0.9420183 1.19055 0.666476 0.05538813 0.1850313 0.04805418
1.126849 0.5983168 0.8411116 0.08005369 0.2136154 0.05876836
0.9956957 0.90691 0.7356003 0.06399885 0.1958125 0.05175569
0.9599828 1.125997 0.7394869 0.05764876 0.1916428 0.05589927
0.954647 1.0404 0.7625091 0.05870663 0.1943136 0.05714013
0.919063 1.236372 0.6981423 0.05370779 0.1883876 0.05294882
0.9496931 1.096062 0.7143224 0.05720276 0.1891733 0.05207908
0.9593625 1.213978 0.6681679 0.05605551 0.184795 0.04855985
0.9490393 1.14827 0.7143105 0.05643343 0.1889633 0.05307751
0.9950939 1.160347 0.7150594 0.05926806 0.1898726 0.0536097
1.010586 0.8977904 0.815197 0.06506044 0.2010277 0.06091629
1.019275 0.8119813 0.8003068 0.06731975 0.2023887 0.05759767
0.9851096 1.056851 0.7107753 0.06032176 0.1905113 0.05123687
0.9500797 1.136488 0.7253085 0.05704777 0.1908123 0.05437551
1.097355 0.6247147 0.8389531 0.07763245 0.2135913 0.05931335
0.9541983 1.139133 0.7415148 0.05684258 0.1907117 0.05614913
0.9982956 1.011299 0.7358171 0.06221306 0.1939489 0.05364003
0.9359846 1.180394 0.6894953 0.05544522 0.1876634 0.05080025
0.9619743 1.029772 0.7610258 0.05952709 0.1946306 0.05675758
0.9280367 1.264421 0.6654699 0.05274694 0.1817998 0.0485199
0.8835194 1.432405 0.6396003 0.04893474 0.1832426 0.04894347
1.010956 0.9449548 0.80812 0.0642107 0.1997171 0.06103432
0.9979312 1.05611 0.7214939 0.06067603 0.1898723 0.05216686
0.9816222 0.9970875 0.7418123 0.06087258 0.1927696 0.05367361
1.042182 0.8963866 0.7934804 0.06568536 0.1952917 0.05721387
1.023112 0.8723278 0.758275 0.06665447 0.1992397 0.05408603
0.9663847 1.062422 0.7292474 0.05875529 0.1905551 0.05323559
0.9842936 0.9569579 0.7584824 0.06162166 0.1941885 0.05481982
0.9465019 1.185735 0.7202331 0.05555426 0.1882403 0.05422031
1.074232 0.7648182 0.7939697 0.07230989 0.2046086 0.05635949
1.049534 0.8626653 0.8256102 0.06823072 0.2024989 0.06151414
1.13375 0.7192947 0.7979019 0.07750302 0.2065053 0.05603929
1.006341 1.079433 0.710192 0.06090325 0.1890771 0.0512979
0.9420576 1.198067 0.6980192 0.05516882 0.1870879 0.05190742
1.07288 0.710127 0.8149021 0.07328276 0.2071224 0.05764695
1.121369 0.7386483 0.7986807 0.07614022 0.20585 0.05646656
0.9842219 1.027174 0.747041 0.06091528 0.1937665 0.05505745
0.9985759 1.006695 0.7464776 0.06239985 0.1948169 0.05480866
0.951084 1.149901 0.6889316 0.05629936 0.1863845 0.04991177
1.082949 0.7195654 0.8693513 0.07381195 0.2101119 0.06416469
1.1256 0.661667 0.8054881 0.07887026 0.2104864 0.05623447
1.079076 0.7943194 0.7713704 0.07207906 0.2024326 0.0543005
1.129575 0.6605702 0.8121013 0.07910529 0.2109498 0.05699788
1.016949 0.9348395 0.7559824 0.0646837 0.1963243 0.05456263
0.9776454 1.04257 0.7344381 0.05935589 0.189597 0.05309276
0.9449242 1.124797 0.7557859 0.05681175 0.193082 0.05799439
1.051891 0.8723771 0.7926469 0.06769222 0.1986832 0.05739775
1.055918 0.9515691 0.7834995 0.0668618 0.1978007 0.05812275
1.044981 0.7761442 0.8562911 0.07003668 0.2076646 0.06375491
0.9738382 1.214626 0.6667877 0.05661301 0.1839788 0.04828625
0.9971536 0.98524 0.768081 0.06226787 0.1951911 0.05663861
1.082696 0.736811 0.7953029 0.07336009 0.2049576 0.05585542
0.9092677 1.323126 0.6526124 0.05096706 0.1812558 0.04811265
0.9721414 1.168464 0.7407972 0.05809793 0.192629 0.05717332
0.9066674 1.309539 0.6653163 0.05157772 0.1840841 0.04979264
0.9812569 1.034049 0.7222745 0.05991171 0.1900509 0.05187354
0.9991221 0.9282652 0.7724654 0.06320749 0.1961555 0.05606765
0.9527777 1.012564 0.7586075 0.0589611 0.1939172 0.05597047
0.9241459 1.256396 0.6742163 0.05341061 0.185195 0.05003177
1.000671 1.018295 0.7084453 0.06201148 0.1911726 0.05038195
0.9343246 1.234013 0.6809536 0.05434208 0.1860286 0.05054293
1.092765 0.6670895 0.8239301 0.07629981 0.2108824 0.05827437
0.9544888 1.192335 0.674801 0.05581557 0.1849491 0.04894631
1.004961 1.126062 0.6554382 0.06002848 0.1848172 0.04582706
1.020238 1.005397 0.7324532 0.06325378 0.1921928 0.05273205
1.000194 1.063127 0.7153408 0.06004871 0.1872592 0.05109726
1.046543 0.8953308 0.7502187 0.06730225 0.1966981 0.05319744
1.00581 0.9926281 0.7662863 0.06264005 0.195123 0.05665816
1.038499 0.917293 0.7501254 0.06675205 0.1974239 0.05383702
1.046976 0.9433999 0.702181 0.06624949 0.1920439 0.04846884
1.054912 0.9113365 0.7775678 0.06740826 0.1978186 0.05659305
1.010729 0.8677981 0.8070545 0.06562534 0.2013106 0.05941961
0.896354 1.270544 0.6903959 0.0511807 0.1849082 0.05193274
0.9171304 1.313906 0.6831324 0.05191901 0.1851247 0.05206452
1.092444 0.8452855 0.7608539 0.07122334 0.1985595 0.05357048
1.040318 0.9208043 0.764033 0.06666386 0.1978648 0.05543137
1.094937 0.731204 0.799219 0.07454006 0.2060634 0.05635862
1.121361 0.6777306 0.7826509 0.07821683 0.2088369 0.05406873
1.005173 1.051498 0.7290506 0.06178646 0.1923357 0.05340751
1.008623 0.9197794 0.8044045 0.06415715 0.1984939 0.05964387
1.139413 0.581501 0.8742007 0.08244262 0.2194245 0.06303761
0.9004673 1.247142 0.6646462 0.05183886 0.183887 0.04867311
1.041085 0.8186532 0.8175414 0.06843544 0.2024761 0.05950067
0.9286041 1.06922 0.7921438 0.05661793 0.1956616 0.0612856
0.9821136 1.04838 0.7402029 0.05939205 0.1893533 0.05371939
0.9599734 1.194197 0.7034674 0.05647308 0.188011 0.05259435
0.9737696 1.035303 0.7177553 0.05999322 0.1913427 0.05169365
1.039189 0.8551542 0.8105521 0.06834782 0.2036207 0.06000998
1.110693 0.7924786 0.7952153 0.07425807 0.2040551 0.05701385
1.016244 1.013952 0.7195821 0.0626647 0.1908642 0.05135497
0.8512757 1.529845 0.650489 0.04582157 0.1838698 0.05180654
1.064623 0.7831251 0.7892645 0.07130293 0.2035634 0.05603824
0.9190257 1.231166 0.7027805 0.05316266 0.1863447 0.05282325
0.9830612 1.102752 0.7099727 0.05950499 0.1898114 0.05187091
0.9285134 1.25088 0.7177927 0.05399024 0.1891797 0.05546449
0.9697476 1.234624 0.6709365 0.05567697 0.1827498 0.04877427
0.9686225 1.07529 0.7465505 0.05890285 0.1923306 0.05572068
0.9711327 1.087099 0.7405686 0.05870878 0.191039 0.05499716
1.045842 0.9012109 0.756443 0.06710262 0.1967669 0.05394997
1.046549 0.8548337 0.839685 0.06803451 0.2028409 0.06282815
0.9487615 1.088847 0.745926 0.05738633 0.1917206 0.05577738
0.9915112 0.938765 0.766224 0.06280993 0.1961888 0.05564149
1.101809 0.7246508 0.82295 0.07560533 0.2089678 0.05924945
0.9666708 1.100563 0.7503533 0.05811485 0.1912815 0.0563828
0.9638843 1.106793 0.7332024 0.05808007 0.191055 0.05469947
1.12766 0.71521 0.7618616 0.07795813 0.2068038 0.0525033
0.9789841 1.065058 0.7866744 0.0601547 0.196512 0.06079151
1.024462 0.9406406 0.7360286 0.06533877 0.1958778 0.05259417
0.9703242 1.083815 0.7260864 0.05878017 0.1905213 0.05333977
0.9392317 1.233817 0.7221256 0.05500815 0.1901029 0.05582425
0.8839142 1.493729 0.5896665 0.04761864 0.1769491 0.04326901
0.9484728 1.065987 0.7257959 0.05799962 0.1915173 0.05316433
0.9588012 1.137736 0.7129503 0.0574158 0.1897287 0.0528945
1.081742 0.7237373 0.869456 0.07335994 0.2090761 0.06400861
1.043414 0.9821119 0.7107027 0.06539496 0.1918607 0.0499868
1.025974 0.9248721 0.7578287 0.06578881 0.1977165 0.05485158
1.12491 0.6748785 0.869996 0.07778539 0.2118077 0.06339442
1.068209 0.723648 0.8200738 0.07333579 0.2089128 0.05892668
0.9892761 1.051455 0.7517945 0.06058541 0.193207 0.05598629
0.9758217 1.013666 0.713312 0.06041685 0.1911418 0.05077189
1.015337 0.954725 0.7166786 0.06452243 0.1944078 0.05063454
1.00017 1.089196 0.7151258 0.06042033 0.1896508 0.05215424
0.9785901 1.064295 0.710146 0.05942618 0.1892645 0.0510662
0.9569315 1.142535 0.7004072 0.05715767 0.1886142 0.05144299
1.010382 0.8799736 0.7481863 0.0655221 0.1978204 0.05291843
0.9176014 1.158769 0.7372111 0.05470737 0.1912135 0.05618824
1.084637 0.7401893 0.7879519 0.07378446 0.2054707 0.05532465
1.033699 0.8131498 0.7741526 0.06859944 0.2018872 0.05489472
1.006958 0.9767426 0.7698777 0.06322849 0.1964332 0.05699684
0.9762454 1.056957 0.7425419 0.05996525 0.1930336 0.05503323
0.9950786 1.077244 0.7364787 0.06031047 0.1907857 0.0542944
1.101554 0.6342776 0.8735103 0.07731943 0.21396 0.0631182
1.015421 0.9685583 0.7603697 0.06341025 0.194199 0.05526224
1.003074 1.014865 0.7653465 0.06195073 0.1941104 0.05678192
0.9593557 1.228236 0.6959063 0.05563511 0.1862795 0.05204976
1.157684 0.6870596 0.7806838 0.08023409 0.2075496 0.05381726
1.055166 0.9105545 0.7699993 0.06728827 0.1967542 0.05552398
0.9518071 1.234794 0.7011734 0.05546345 0.1880754 0.05317785
1.096609 0.798913 0.8199113 0.07304509 0.204761 0.05980681
0.9958935 0.9530701 0.7840375 0.06309717 0.1980555 0.05828545
1.021864 0.8967431 0.7735222 0.06596485 0.1990942 0.05613769
0.9312905 1.118803 0.7030302 0.05535935 0.1866883 0.05079764
0.995155 1.080136 0.6904921 0.06009498 0.1873116 0.04894724
0.9653975 1.038577 0.7537347 0.05935556 0.1933529 0.05589705
0.9742201 1.117506 0.7352751 0.05890016 0.1924666 0.05550222
0.9897294 0.9706044 0.7643106 0.06178715 0.1944015 0.05574588
0.9683006 1.063258 0.7930223 0.05914324 0.1956408 0.06119789
0.9274053 1.247527 0.6915898 0.05363916 0.1860107 0.05183696
0.9532139 1.22853 0.721431 0.05556435 0.1893166 0.05551534
1.040339 0.9661544 0.7552357 0.06507831 0.1940778 0.05465483
0.953204 0.9630293 0.7917825 0.0598923 0.1968507 0.05895392
1.049186 0.7381717 0.8186584 0.07103889 0.2062421 0.05850865
1.040143 0.910096 0.7743192 0.06665362 0.1980017 0.05624786
1.015167 0.9636489 0.7289493 0.06389222 0.1936359 0.05187766
1.087733 0.7669862 0.8394674 0.07252948 0.2050965 0.06107872
1.053757 0.891087 0.7821726 0.06742045 0.1974983 0.05648868
0.9371239 1.182986 0.6957294 0.05516041 0.1874062 0.05148714
1.060513 0.8096582 0.7694377 0.07050163 0.2018902 0.05435445
1.040192 0.9806283 0.7502143 0.06511007 0.1944382 0.05454351
0.9650517 1.030437 0.7398135 0.05924428 0.1918942 0.05396553
0.9984527 1.051162 0.6978249 0.06146299 0.1905027 0.04982174
1.088411 0.8479638 0.8117847 0.07105712 0.2019481 0.05955919
1.046368 0.9346758 0.7560008 0.06685661 0.1973378 0.05481105
1.037653 0.8262278 0.8003603 0.06833533 0.2023868 0.05797187
1.143488 0.633733 0.7892918 0.08044884 0.2095134 0.05374179
1.027926 0.9527413 0.7420828 0.06499189 0.1948621 0.05321618
1.06493 0.8618507 0.8223276 0.06972649 0.2037928 0.06148715
0.9378003 1.314535 0.6467551 0.05309792 0.1820114 0.04750005
1.091024 0.6491354 0.8552586 0.07639855 0.2129103 0.06143714
1.100402 0.7526466 0.7774881 0.07453323 0.2043888 0.05435916
0.975106 1.018041 0.7748328 0.06048871 0.1957227 0.05823879
1.289791 0.372511 0.8178022 0.1005253 0.2284237 0.05373845
1.174636 0.4592473 0.8854669 0.08838803 0.2258406 0.0621049
1.091787 0.6820992 0.8267735 0.07524512 0.2088812 0.05852405
0.9594315 1.160354 0.7101281 0.0565392 0.1871358 0.05239172
1.002944 0.9823027 0.7586393 0.06287753 0.1955148 0.05572335
0.9779391 1.131467 0.7154865 0.05805965 0.1881023 0.05267426
0.8705365 1.375556 0.6853902 0.04881455 0.1863497 0.05366526
0.9944488 1.074227 0.7341852 0.06063163 0.192015 0.05434061
1.038489 0.8817583 0.7898283 0.06758106 0.2013876 0.05802857
1.062313 0.8225116 0.8123668 0.06971361 0.2022299 0.05906532
0.9847111 1.117223 0.7486642 0.05885005 0.1906796 0.05640055
1.076307 0.677205 0.8224715 0.07499599 0.2107428 0.05837612
1.019184 0.9547399 0.7652524 0.06432672 0.1965275 0.05607641
0.9155827 1.262312 0.7233522 0.05296106 0.1892367 0.05632192
1.097275 0.7192009 0.8538146 0.0746602 0.2085939 0.06211816
1.06416 0.8023948 0.822117 0.07032323 0.2034739 0.05983427
0.9231206 1.247332 0.6647499 0.0529167 0.1826673 0.04836111
1.100929 0.6927779 0.8544721 0.07559773 0.2097542 0.0617498
0.9195065 1.144252 0.7192021 0.05437335 0.1880126 0.05327411
0.9614425 1.183176 0.7385135 0.05666121 0.190361 0.0566577
1.097635 0.6658324 0.8272567 0.07713373 0.2126113 0.05900368
1.105171 0.7499182 0.7813971 0.07505788 0.2050177 0.05480322
1.069825 0.7057673 0.85366 0.07411013 0.2122854 0.06270197
0.9063951 1.317512 0.6819086 0.05171824 0.1864699 0.05226647
1.003986 0.9158898 0.8274498 0.06452456 0.2021772 0.06298647
1.047755 0.8689827 0.7717141 0.06789992 0.1988528 0.05526816
1.019591 0.9552544 0.7778871 0.06407078 0.1961573 0.05724972
0.9411147 1.124171 0.7548768 0.05659514 0.1927677 0.05775767
1.109188 0.6903927 0.8257965 0.07608726 0.2080607 0.05844535
1.091722 0.7163854 0.8167723 0.07444144 0.2071079 0.05799564
1.00845 1.067366 0.7228494 0.06165966 0.1915648 0.05293379
1.091163 0.7951364 0.7977962 0.07304816 0.2043757 0.05737783
0.8804748 1.405479 0.6276844 0.04853865 0.1796832 0.04644514
1.00771 0.9393656 0.7842355 0.0640649 0.1982745 0.0580423
0.9469313 1.055351 0.7631506 0.05783356 0.1933944 0.05726018
1.03401 0.8693741 0.7433473 0.06620502 0.1948688 0.05161629
0.992678 1.005863 0.7461078 0.06192935 0.1945156 0.05469654
0.921203 1.290154 0.6712921 0.05264519 0.1845643 0.05020884
1.004009 0.9537561 0.7556165 0.06346863 0.1958233 0.0548417
0.9329992 1.290175 0.6871479 0.05360107 0.1865748 0.05230743
0.9294515 1.1556 0.7259463 0.05487725 0.1887619 0.05439317
0.945073 1.272889 0.6588369 0.05484749 0.1859179 0.04893396
1.03728 0.954105 0.7574518 0.06543272 0.1954701 0.05494352
1.078863 0.7970006 0.7882824 0.07126677 0.2013855 0.05582819
1.106008 0.6877413 0.7983243 0.07639442 0.2077579 0.05557189
1.031396 0.9383517 0.7911394 0.06546821 0.1983771 0.05876422
1.017383 0.9965731 0.7165914 0.06312862 0.1912231 0.0507869
0.8967695 1.207777 0.7605313 0.05284216 0.1927209 0.06013165
1.048867 0.937522 0.7616464 0.0666668 0.1965164 0.05522317
0.994896 0.998311 0.7657476 0.06157801 0.193993 0.05644421
1.067008 0.8469003 0.8151387 0.0694266 0.2012944 0.05969312
1.11125 0.5629404 0.8810557 0.08030248 0.2188231 0.06301061
1.037575 0.9331563 0.8022377 0.06585454 0.198721 0.05986459
0.9766976 1.039672 0.7546717 0.06037039 0.19481 0.05642775
0.999788 0.9158336 0.7449832 0.06370331 0.1954575 0.05287573
1.066164 0.7777045 0.8052062 0.07113542 0.2035978 0.05752419
0.8554022 1.526756 0.5912726 0.04607738 0.1784193 0.04414339
1.049971 0.9931783 0.692338 0.06571117 0.190873 0.04821417
0.9561688 1.132169 0.7359716 0.05684577 0.1897517 0.05520597
1.005813 0.927834 0.7529718 0.0640603 0.1961309 0.05406032
1.164368 0.4519766 0.8763937 0.08815699 0.226752 0.06123134
1.093705 0.6714121 0.8153602 0.07602291 0.209699 0.05729067
0.9962542 1.150798 0.6769479 0.05916107 0.1862243 0.04869043
1.111311 0.7257426 0.8317222 0.07630031 0.2097738 0.06038756
0.8516591 1.545906 0.6242889 0.04565774 0.1812653 0.04850962
1.005374 1.033589 0.7039083 0.06197158 0.1904093 0.05006509
0.9421173 1.087434 0.7644232 0.05705851 0.1933314 0.05813015
0.9488951 1.096359 0.753205 0.05738901 0.1926344 0.05695358
1.100326 0.6878645 0.8245919 0.07653858 0.210822 0.05888038
0.9958525 0.9898161 0.7116194 0.06242277 0.1925779 0.05044189
1.145295 0.5715991 0.8092907 0.08264461 0.2146947 0.05524359
0.971365 1.178029 0.6960474 0.0574162 0.1879053 0.05152372
0.9148823 1.197804 0.7452776 0.05360484 0.1901576 0.05760138
1.020102 0.9620919 0.7970404 0.06406018 0.1972897 0.05964008
1.064816 0.8079753 0.8398188 0.07076456 0.2060026 0.06245939
1.124881 0.6719514 0.801685 0.07784932 0.2077966 0.05550923
1.047857 0.8806263 0.7385563 0.06791145 0.1970925 0.05181818
0.9766836 1.05953 0.7382369 0.05939624 0.1912519 0.05428288
1.09023 0.7067215 0.8356613 0.07460331 0.2085594 0.059968
0.9913294 1.035573 0.749369 0.06093841 0.192918 0.05528169
0.9957436 1.015379 0.7708949 0.06212346 0.1963575 0.05789689
0.9912005 0.964158 0.7639501 0.06196706 0.1944077 0.05557192
0.9054967 1.296964 0.6819473 0.05184161 0.1860535 0.05179435
0.9952448 0.9898662 0.7162054 0.06222485 0.19233 0.05083628
1.022334 0.9594715 0.7804307 0.06470661 0.1978019 0.05798565
0.9811439 1.024176 0.7390347 0.06076225 0.1934111 0.05411586
1.104466 0.6664922 0.8134787 0.07770709 0.212017 0.05748648
1.13203 0.5976427 0.9044465 0.08022193 0.2166915 0.06589318
1.036109 0.9363302 0.7558662 0.06613576 0.1971127 0.05477316
1.059143 0.7606225 0.831489 0.07108386 0.2058852 0.06031154
0.9422249 1.107527 0.7318916 0.05657043 0.1903211 0.05440487
1.126319 0.6227111 0.8085112 0.07955905 0.2113426 0.05574187
0.9552156 1.040126 0.7662691 0.05881139 0.1947036 0.05760957
0.9745943 1.042925 0.7651457 0.05981257 0.1940236 0.05737216
1.08898 0.7680011 0.8075788 0.07275368 0.2037174 0.057558
1.032736 1.033599 0.704434 0.063577 0.1902844 0.05010354
0.9518885 1.14604 0.6758112 0.05644735 0.1857129 0.04838377
0.9338479 1.205424 0.718521 0.05457607 0.1882656 0.05444778
1.016117 0.9275528 0.7415439 0.06464776 0.1951123 0.05266986
1.121806 0.6487423 0.8414576 0.07866416 0.2125569 0.05998165
0.9529867 1.099939 0.7611432 0.05735384 0.1925643 0.05789364
0.9889949 0.8784905 0.7877995 0.06430272 0.2006256 0.05750154
1.075806 0.7844096 0.7987728 0.07182823 0.203786 0.057129
0.9979158 1.085316 0.6679547 0.06019021 0.185914 0.04655712
0.9051383 1.280517 0.6897339 0.05159503 0.1849185 0.05203956
1.057834 0.9668618 0.7192242 0.0665168 0.1927611 0.05075452
1.095342 0.7188447 0.7940218 0.07507113 0.2069144 0.05575396
1.001418 0.9857091 0.7400851 0.06291867 0.1946464 0.05365301
1.03983 0.8936852 0.7459475 0.06682686 0.1962024 0.05261734
0.9165319 1.246663 0.6848991 0.05284816 0.1851832 0.05097832
1.021648 0.8878961 0.7811366 0.06550333 0.1977353 0.05635614
0.9445474 1.263336 0.6928542 0.05449234 0.1863312 0.05233515
1.086469 0.7995327 0.7661447 0.0716446 0.1995922 0.05327264
0.9944064 0.9226849 0.7997478 0.06365525 0.2000077 0.05969156
0.9991478 1.035892 0.7372161 0.06135553 0.1919864 0.05383424
1.070591 0.8182264 0.8213182 0.07081018 0.204308 0.06039305
1.103165 0.7170904 0.7956991 0.0759356 0.2077426 0.05603309
0.9980081 1.032724 0.7452592 0.06126512 0.1923735 0.05468592
0.9277915 1.137051 0.7145856 0.05565555 0.1898444 0.05303428
0.9990619 0.9352139 0.8209978 0.06345905 0.2000563 0.06222411
1.126762 0.5643856 0.8593743 0.08134533 0.217536 0.06059816
0.9700761 1.150702 0.7237698 0.05775315 0.1899113 0.05432973
1.102599 0.764835 0.8084059 0.07423911 0.2054622 0.05799629
0.9711697 1.248134 0.7035417 0.056412 0.1880987 0.05366366
0.948423 1.115251 0.7248583 0.05704532 0.1904375 0.05384329
0.8984085 1.299431 0.6714554 0.05121273 0.1845639 0.05038712
1.027723 0.9888246 0.722511 0.06439153 0.1932588 0.0516717
0.9834725 1.086116 0.7342224 0.05981911 0.1922057 0.05465988
0.9876203 0.9743035 0.7312886 0.06226832 0.1946513 0.0525735
0.9454442 1.109684 0.7233149 0.05689714 0.1902158 0.05352136
0.952854 1.15043 0.7007958 0.05651153 0.1874199 0.05133247
0.9538244 1.132548 0.7433302 0.05733403 0.1920018 0.05646925
0.9959231 1.043174 0.7806025 0.06119315 0.1951154 0.05925223
0.997384 1.018169 0.7502576 0.06192571 0.1944221 0.0553851
0.9196158 1.18133 0.7403582 0.05402219 0.1895492 0.05657225
1.070308 0.7891469 0.7695855 0.07071868 0.1998001 0.05340771
1.041868 0.8960893 0.7667255 0.06667953 0.1971058 0.05500716
0.9292049 1.340527 0.6662051 0.05205096 0.1824752 0.05001569
1.037677 0.8012728 0.7676129 0.06901423 0.2015388 0.05389175
1.042876 0.8231485 0.8145248 0.06889495 0.2036793 0.05963633
0.9044882 1.245945 0.6688025 0.05221655 0.1841324 0.04905702
0.9371734 1.175732 0.6540727 0.05506327 0.1834644 0.04624504
0.9924809 1.100345 0.7062219 0.06009342 0.1898273 0.05148839
1.024472 1.016349 0.7377574 0.06369234 0.1936105 0.05383601
0.9891582 1.039143 0.7376671 0.06111097 0.1931171 0.05417206
1.101615 0.7170884 0.8162769 0.07509412 0.2069786 0.05792646
0.9997995 1.029625 0.7265636 0.06105767 0.190082 0.05219962
0.9734472 1.201703 0.7021164 0.05672761 0.1866293 0.05230147
1.044148 0.8343873 0.788193 0.0684057 0.2006472 0.05648742
1.032584 0.9185798 0.7639693 0.06569817 0.1964426 0.05506207
1.029854 0.8730011 0.7530458 0.06686205 0.1980041 0.05327007
1.095491 0.6822769 0.8499089 0.07549161 0.210173 0.0611511
0.8820026 1.37775 0.673641 0.04920925 0.1848631 0.05210858
1.12997 0.6611981 0.8429002 0.07844976 0.210607 0.05995034
1.013729 0.9821744 0.7440158 0.06304078 0.1926577 0.05350993
0.9438305 1.252606 0.6598946 0.05442789 0.1837012 0.04818867
0.9987424 0.9749613 0.8320585 0.06312561 0.2013866 0.06479802
0.9895734 1.038352 0.7526097 0.06145043 0.1952383 0.0562342
0.9622771 1.096987 0.7186772 0.05808111 0.1900213 0.05275239
1.001147 0.9397221 0.7818073 0.06330405 0.1970065 0.05749054
1.009072 0.9052631 0.7842612 0.06497205 0.1994155 0.05748774
1.054457 0.8612539 0.7919146 0.06889311 0.201656 0.05782033
0.9689681 0.9453391 0.7640538 0.061636 0.1972412 0.05583483
1.044689 0.907687 0.7980509 0.06692919 0.1995151 0.05902731
0.9937068 1.059272 0.7428024 0.06059247 0.1919426 0.05489525
0.9301759 1.28786 0.6491963 0.05310751 0.1825964 0.04745064
1.047065 0.8658916 0.7556863 0.06812399 0.1986581 0.0535689
1.142517 0.6088666 0.8534616 0.08094287 0.2141406 0.06042849
0.9547291 1.098945 0.7686467 0.05803378 0.1947452 0.05918552
1.029417 0.9856504 0.7362434 0.06471014 0.1945689 0.05326278
1.08062 0.7005128 0.8343067 0.07449283 0.2099565 0.06002226
1.004338 1.026127 0.7817632 0.06178162 0.1948943 0.05895657
1.06712 0.7597213 0.8269644 0.07196691 0.2067013 0.0600395
1.028118 0.8175682 0.7811611 0.06791866 0.2014634 0.05559219
0.9745652 1.00053 0.7371136 0.06041349 0.1922607 0.05310954
0.9300339 1.261977 0.676697 0.05286525 0.1824148 0.04974534
1.138177 0.6744851 0.7995512 0.07863999 0.2075773 0.05535012
0.915001 1.317451 0.6856028 0.05205726 0.1861869 0.05259323
0.9533517 1.128715 0.7340626 0.05734353 0.1915286 0.05533068
0.9347427 1.15209 0.7537454 0.05553656 0.1913374 0.05783809
1.021779 0.9563674 0.7327135 0.06416925 0.1931802 0.05199486
1.120475 0.622064 0.8634723 0.07916117 0.214592 0.061934
1.007213 0.9544617 0.782446 0.0631937 0.1959438 0.05761625
0.9482597 1.044602 0.7812185 0.05807421 0.1944316 0.05915477
1.1216 0.559136 0.8776337 0.08108044 0.218835 0.06261597
0.9913307 1.005693 0.7426001 0.06186727 0.1944639 0.05433929
1.098784 0.6925207 0.8668974 0.07572828 0.2114301 0.06346761
1.045857 0.9025532 0.7575414 0.06733762 0.1978528 0.05438332
0.9443242 1.148506 0.6816651 0.0557436 0.1850872 0.04884341
0.9075788 1.220565 0.681102 0.05313136 0.1867168 0.05047383
0.9869018 0.9613494 0.7923809 0.06183051 0.1968038 0.05907629
1.136265 0.6032281 0.8799613 0.08013137 0.2144912 0.06303037
0.9790593 1.063555 0.7101657 0.05951879 0.1892912 0.05103225
1.053838 0.8439949 0.8070626 0.0688319 0.2016888 0.05892461
0.9184788 1.279091 0.6998506 0.05266675 0.1869559 0.05360436
0.9446703 1.171989 0.7160032 0.05633261 0.1904838 0.05405373
0.9891449 0.9793217 0.7563279 0.06183219 0.1944726 0.05513951
0.8706642 1.391382 0.6871172 0.04871798 0.1865506 0.0541281
0.980684 1.144135 0.701346 0.05827369 0.1874664 0.05126923
1.059132 0.8238759 0.8130103 0.06932258 0.201421 0.05889683
0.936865 1.156177 0.7390911 0.05595335 0.1917606 0.05649582
1.009182 1.033238 0.7099488 0.06186868 0.1898683 0.05055877
0.9773181 1.089803 0.7095626 0.058837 0.1884831 0.05131374
0.989982 1.058354 0.7610323 0.06064244 0.1939359 0.05724684
1.019572 1.011185 0.7382679 0.0630957 0.1925881 0.05355482
0.9507487 1.04931 0.7396569 0.05828436 0.1925097 0.05451587
1.065031 0.7984077 0.8303326 0.07052538 0.2043083 0.0607925
0.920644 1.20981 0.701229 0.05318008 0.1849156 0.05191255
0.9513456 1.138455 0.6855702 0.05662959 0.1869594 0.04951955
1.023397 0.9655892 0.7728693 0.06393986 0.1947164 0.05654912
1.110883 0.6764741 0.8208805 0.07707925 0.2098292 0.05800912
0.9374045 1.192542 0.7497415 0.05545021 0.192113 0.05848245
0.9920877 0.9483229 0.7511943 0.0628071 0.19544 0.05414615
0.9028025 1.364048 0.6540778 0.05068531 0.1834234 0.04939864
0.9572283 1.208409 0.657341 0.05592664 0.184054 0.04725489
1.092094 0.7981777 0.7495688 0.07269586 0.2004855 0.05182179
1.038384 0.7487156 0.7564677 0.07058938 0.2037973 0.05209835
0.9199802 1.374536 0.6212638 0.05124498 0.1800981 0.04546692
0.9804058 1.031356 0.7656774 0.06030716 0.1938225 0.05708358
0.9602754 1.108444 0.7483875 0.05760549 0.1910533 0.05628444
1.045903 0.9860419 0.6923864 0.06553598 0.1911103 0.04816261
1.000888 0.9042738 0.784707 0.06432218 0.1991296 0.05746578
0.9684565 1.025706 0.7506395 0.05982942 0.1939099 0.05549362
0.9364632 1.207948 0.6851577 0.05513525 0.1872853 0.05075794
1.002927 1.044417 0.7784143 0.06229038 0.1970764 0.05953419
0.9232537 1.228064 0.688035 0.0537051 0.1861889 0.0511941
0.9482899 1.050885 0.7333397 0.05822195 0.192296 0.05382056
0.9829101 1.020585 0.7267571 0.06051006 0.1910933 0.0522321
0.9212834 1.247426 0.6833284 0.05357214 0.1868973 0.051252
1.024346 1.021456 0.7643416 0.06374648 0.1958077 0.05723458
0.9979735 1.153798 0.7265716 0.05952757 0.1905663 0.05483557
0.9699082 1.214792 0.6791089 0.05617404 0.1841431 0.0495738
0.9122325 1.284182 0.652493 0.05203668 0.18278 0.04779802
1.023755 0.9466507 0.7844668 0.06516834 0.1988489 0.05838608
0.9612342 1.153542 0.7152884 0.05706474 0.1886009 0.05314219
0.9350435 1.075616 0.7950854 0.0573417 0.1973773 0.06222954
1.161837 0.4735373 0.9392302 0.08660549 0.2269556 0.06825986
1.072793 0.7590274 0.8010708 0.0721988 0.2045257 0.0568573
1.00214 0.9869992 0.7574384 0.06246637 0.1943038 0.0553868
1.034901 0.8123876 0.848794 0.06837453 0.2053122 0.06331393
0.945066 1.215041 0.6997529 0.05486251 0.1860475 0.05212865
0.998177 1.114631 0.6721993 0.06001751 0.1867152 0.04765716
0.8995002 1.285369 0.6858707 0.05148812 0.1853626 0.05177497
1.002763 0.9739576 0.7199275 0.06272874 0.1920214 0.0508031
1.049721 0.8214748 0.7994879 0.06899953 0.2015804 0.05753902
0.9179903 1.27132 0.6854664 0.05209792 0.18342 0.05108536
1.029096 0.9925236 0.737228 0.06406296 0.1931371 0.05320616
1.135297 0.4864294 0.9214106 0.08442356 0.2258016 0.06656574
1.021077 0.9201019 0.7777309 0.06541269 0.1986257 0.05699378
1.019137 0.9519062 0.7779218 0.06392474 0.1954333 0.05695176
1.021954 0.8506216 0.8242819 0.06623354 0.201242 0.06073309
0.8803992 1.335101 0.6561965 0.04968711 0.1831068 0.049063
0.9371442 1.248055 0.6543292 0.05360485 0.1816199 0.04710145
1.116269 0.7065896 0.8179253 0.07610268 0.2067494 0.05776453
1.14527 0.7048367 0.7521269 0.07901674 0.205284 0.05098956
1.064179 0.7792129 0.8188703 0.07092171 0.2042962 0.05912018
0.9702515 1.046159 0.6897805 0.05938516 0.1886927 0.04856017
0.9780928 1.110482 0.7119287 0.05898307 0.1898962 0.05229639
0.892224 1.416245 0.6371318 0.04946514 0.1823268 0.04820895
1.00865 0.8378062 0.828242 0.06534569 0.2008873 0.06071701
0.9990294 1.012131 0.7353833 0.06198818 0.1928785 0.05333463
0.9791699 1.159113 0.6831388 0.05822656 0.1871257 0.04964487
1.13085 0.5677716 0.8257115 0.08120483 0.2144354 0.05667848
1.010051 0.847986 0.8547873 0.06556983 0.2032821 0.06437566
1.080746 0.7340228 0.8548467 0.07331754 0.2087188 0.06271153
1.08815 0.7491765 0.7965081 0.07330379 0.2041762 0.05608837
0.9510697 1.126967 0.7486466 0.05710705 0.1920877 0.05697017
1.022397 0.8793741 0.7970068 0.06659447 0.2018253 0.05879634
0.9947895 1.001609 0.7856044 0.06149499 0.1949969 0.05879887
1.028845 0.9646145 0.7650598 0.06488332 0.1961419 0.05608835
0.911025 1.22775 0.6949241 0.05256405 0.1854579 0.05177983
0.9860275 1.088476 0.7062492 0.05966099 0.1890638 0.05106476
1.032803 0.8685278 0.771549 0.06686543 0.1983808 0.05509201
1.070845 0.8403499 0.8186185 0.07048341 0.2037074 0.0604887
0.9236503 1.217211 0.725021 0.05410091 0.1898269 0.05578155
1.108407 0.5845975 0.8898635 0.07958788 0.2185252 0.064486
1.019446 0.9877413 0.7307417 0.06343257 0.1923802 0.05227784
0.9132038 1.286846 0.7057803 0.05207918 0.1863136 0.05416549
0.9693326 1.110613 0.7165509 0.05795869 0.1884141 0.05241104
0.9850243 1.066235 0.7000029 0.06037288 0.1904036 0.05032422
1.034381 0.8218803 0.8335637 0.06765496 0.2028077 0.06137217
0.9232971 1.194148 0.7035366 0.05420011 0.1875428 0.05248262
0.9468599 1.149572 0.7066126 0.05605642 0.1875172 0.05195261
1.131587 0.6869683 0.7943296 0.07811479 0.2073795 0.05508481
1.027666 0.7993436 0.8239124 0.06862796 0.2057243 0.06050256
1.054385 0.8748732 0.8193001 0.06843296 0.2020553 0.06102135
0.9196011 1.078434 0.7517572 0.05583616 0.1923098 0.05629464
1.096136 0.730186 0.810218 0.07430134 0.205815 0.05737818
1.049907 0.8397024 0.7442361 0.06836878 0.1970143 0.05147397
1.006344 0.9876434 0.7656889 0.06279876 0.1951986 0.05648361
0.9661234 1.109845 0.7098846 0.05787007 0.1882616 0.05167555
0.9519696 1.23606 0.6836334 0.05539376 0.1863482 0.05092267
