3.134753 0.9013581 0.6923748 0.3690348 0.354079 0.08603276
3.005593 0.6049463 1.071312 0.3890671 0.4122409 0.1586692
3.357246 0.8319096 0.8032006 0.4057771 0.3726561 0.1074727
3.003013 1.094563 0.680949 0.3267458 0.3374151 0.08719003
2.590272 1.271047 0.7246183 0.2755153 0.3495546 0.1045237
2.459492 1.528971 0.6371457 0.2382723 0.3278322 0.08992903
3.51348 0.3949804 0.9454636 0.4952288 0.4268103 0.1242283
3.00122 0.9887066 0.8012531 0.3425219 0.3608285 0.1110144
3.008754 1.175755 0.6744658 0.3232466 0.3379364 0.08875556
3.644459 0.3848563 0.8734017 0.5166288 0.4218854 0.1094563
2.514356 1.322747 0.6621906 0.2634606 0.3392547 0.09135694
2.58375 1.416275 0.7035259 0.2630136 0.3440138 0.1038345
2.732133 1.232234 0.7167704 0.2912389 0.345207 0.1003618
3.966118 0.1546023 0.9690973 0.6130685 0.4634553 0.1224589
2.956539 0.9786762 0.7261183 0.3381265 0.3525036 0.09453679
2.991397 0.9217717 0.7776949 0.3466369 0.3592147 0.103293
3.353492 0.630269 0.9300682 0.4348139 0.4016889 0.1288367
3.112284 0.6787789 0.8504314 0.3908572 0.3831764 0.1115015
2.526358 1.453617 0.6209963 0.2483583 0.3232742 0.08378155
2.978755 0.7538262 0.8894133 0.3726972 0.3901662 0.1245944
2.804477 1.077703 0.7898881 0.3125562 0.3578309 0.1119236
3.33855 0.8769308 0.6719532 0.3974681 0.3534251 0.08145808
3.81797 0.3334726 0.8595282 0.5466059 0.4224816 0.1044039
3.042782 0.9493399 0.7465284 0.3561893 0.3607405 0.09890379
3.019776 1.078743 0.7664665 0.3378066 0.356086 0.1068493
3.237629 0.9282603 0.7975859 0.37015 0.3567808 0.106668
2.880384 0.8789442 0.7926347 0.3392631 0.3637517 0.1052539
3.105073 0.6944476 0.8011079 0.3946786 0.3831097 0.1031232
3.796974 0.518577 0.7692521 0.5148045 0.396737 0.09249411
2.413878 1.778709 0.5248044 0.2220773 0.318492 0.07211186
3.142879 0.7959726 0.7968827 0.3863471 0.3758906 0.1053659
3.600855 0.2676313 1.038188 0.5290471 0.4490633 0.1390659
2.837313 1.179598 0.7797906 0.3018947 0.3471754 0.1111034
2.728916 1.214681 0.7440793 0.2901324 0.3455728 0.1050249
3.228836 0.9837882 0.6979211 0.3713527 0.3506145 0.08909348
3.170705 0.7064163 0.8200941 0.3974089 0.3808174 0.1067139
3.227759 0.6505449 0.8762809 0.4034739 0.3814867 0.1142396
2.88898 0.966962 0.7336401 0.3334837 0.3558205 0.09618836
3.530012 0.4730314 0.8840212 0.4847863 0.41275 0.113987
2.310438 1.755546 0.6130334 0.2221791 0.3435175 0.09434689
2.993673 1.048974 0.6814579 0.3348052 0.3440767 0.08718754
2.822268 1.185988 0.6685521 0.3038197 0.3387605 0.08818746
3.601202 0.4457123 0.8400737 0.4998842 0.4116108 0.1044382
2.957389 1.126015 0.6390146 0.3209886 0.3331431 0.07984202
2.856321 1.311414 0.7151258 0.3000687 0.3475016 0.1035502
3.341334 0.733527 0.7745479 0.4195781 0.3779353 0.09896569
3.218064 0.8108439 0.7314213 0.3941169 0.3668354 0.09196138
3.518705 0.3862361 0.8830891 0.4973218 0.4217574 0.1112794
3.23262 0.7082571 0.7842821 0.4050707 0.3764398 0.09924432
2.499204 1.591927 0.6237907 0.2398333 0.3298274 0.08958101
3.045444 0.8423486 0.7948024 0.3625217 0.3659392 0.1046389
3.360016 0.5149333 0.8923964 0.4482981 0.4028644 0.1153633
2.802803 1.155067 0.7218292 0.3051377 0.3469998 0.09897492
3.150484 0.7315965 0.8496665 0.3899365 0.3798617 0.1130471
3.069177 0.8438144 0.9049383 0.368794 0.3818746 0.1302969
3.13855 0.9540841 0.7746284 0.3593179 0.3564285 0.1033669
2.637089 1.458526 0.6223304 0.2627515 0.3298274 0.08576933
2.649221 1.120964 0.7265429 0.2891249 0.3455062 0.09822937
3.616944 0.5204766 0.8435169 0.4881669 0.4035481 0.1071472
2.739785 1.342815 0.685298 0.2792376 0.3354209 0.09568658
3.101069 0.9846684 0.7420471 0.3526831 0.3520164 0.09746393
2.597968 1.314465 0.6325445 0.2692326 0.3306481 0.08366475
3.741574 0.1700554 0.9317994 0.5734579 0.4557336 0.1149719
2.957231 1.134239 0.7117351 0.3216424 0.3434969 0.09545882
3.203492 0.8092609 0.755222 0.3894838 0.3675709 0.09642085
3.119147 1.113053 0.6872021 0.3463441 0.3465223 0.09087338
2.754308 1.402061 0.6499136 0.2813188 0.3359087 0.090672
2.891541 1.112063 0.720707 0.3191342 0.3487329 0.09765834
2.80399 1.219578 0.719765 0.2967051 0.3428985 0.100085
3.260346 0.8078995 0.8057537 0.3904509 0.3673678 0.1054929
2.785111 1.367702 0.6423498 0.2831076 0.3317014 0.08748721
3.134637 0.8045877 0.7746077 0.3849513 0.3729224 0.1008682
3.178558 0.9431622 0.7179123 0.3622915 0.3475457 0.09059856
3.101602 0.7571992 0.8505642 0.3799787 0.3773096 0.1137925
3.2537 0.7693213 0.8377781 0.4041738 0.3829273 0.1135522
2.842475 1.249258 0.7241328 0.2994361 0.3439367 0.1021809
2.775226 1.306259 0.6441413 0.2887247 0.3335403 0.08627235
3.43388 0.6981803 0.7503588 0.4361625 0.3776417 0.09310499
2.612076 1.262689 0.727411 0.2767252 0.3468314 0.103941
2.927026 1.190894 0.7017881 0.3147912 0.3434395 0.09565862
2.84058 1.405218 0.6382152 0.2841339 0.3273437 0.08659575
3.439026 0.4933136 0.8966187 0.4603654 0.4037191 0.1151823
2.741882 1.245998 0.6886138 0.2916371 0.3425982 0.09486982
2.641473 1.510061 0.6127148 0.2596363 0.3275737 0.08468905
2.96309 1.240171 0.6356306 0.3124397 0.3318228 0.08240925
3.815325 0.03434004 1.007436 0.6213343 0.4901244 0.1275078
2.79907 1.096586 0.7253884 0.308172 0.3471838 0.09759734
2.751885 1.188383 0.7719114 0.2965274 0.3513449 0.1110098
3.265091 0.7919069 0.7844744 0.4000325 0.3726049 0.1020985
3.473803 0.6911501 0.8349594 0.4327434 0.379555 0.1085563
3.464329 0.5402402 0.8474092 0.457168 0.3951738 0.106828
3.41933 0.7128127 0.7893192 0.4342757 0.3824297 0.1016432
3.34292 0.7322918 0.7723945 0.4170022 0.3750357 0.09790396
3.700528 0.0943468 1.179779 0.5815989 0.4887797 0.1643858
3.785615 0.2633779 0.9330699 0.5616269 0.443562 0.1180205
3.268522 0.7445706 0.8279033 0.4026708 0.3768077 0.1089225
2.875265 1.109757 0.7442019 0.3148011 0.3486105 0.1020193
3.57889 0.2275234 0.9238499 0.5391762 0.4488419 0.1154868
4.151781 0.02061468 1.126652 0.6746021 0.4995204 0.1509511
2.884129 1.130553 0.6776323 0.3152141 0.3410722 0.08854396
3.630553 0.3184875 0.9261803 0.5263262 0.434361 0.1179623
3.177896 0.8642882 0.8214978 0.3748418 0.3669202 0.1108899
3.363446 0.6064879 0.8875393 0.4404893 0.3997918 0.1187332
3.280891 0.6824396 0.7991749 0.418279 0.3831673 0.1021888
3.034022 1.065885 0.7433258 0.3405535 0.3542379 0.1015334
3.81494 0.1682549 1.060905 0.591269 0.4740538 0.1430244
2.992134 1.052449 0.7770721 0.336746 0.3577243 0.1082775
2.872534 1.045742 0.7005043 0.3183411 0.3426546 0.09014639
3.222182 0.7926486 0.784115 0.3945837 0.3723543 0.1019872
2.899908 1.085578 0.8235068 0.321796 0.3601879 0.1195161
2.640794 1.377308 0.7956861 0.2774941 0.3632067 0.1272543
2.843221 0.9353981 0.7808932 0.3311829 0.3626869 0.1053478
2.895336 1.113974 0.6874455 0.3148364 0.3401193 0.08968753
3.76187 0.2742727 0.9064659 0.5530822 0.4370647 0.1124973
2.590498 1.112648 0.7702616 0.2820764 0.34902 0.1070738
2.53799 1.296292 0.7731991 0.2658807 0.3509557 0.1154632
3.523006 0.5615127 0.8598482 0.46626 0.3988236 0.110977
3.295283 0.5626986 0.8618019 0.4324458 0.3955622 0.1106454
2.693532 1.332523 0.6574359 0.2803083 0.3376199 0.09046365
3.11985 0.9334596 0.7791059 0.3639898 0.3629279 0.1049658
3.198193 1.239092 0.6780306 0.3392174 0.3390867 0.09173667
2.72674 1.230182 0.7108723 0.2872651 0.3411387 0.09831637
2.916022 1.178099 0.7349226 0.3081374 0.3395367 0.1004427
3.200979 0.9442746 0.6699087 0.3728672 0.3494323 0.08260604
3.050806 1.004014 0.7006694 0.3457707 0.347913 0.08985814
2.976457 1.151516 0.6854315 0.3218565 0.3397491 0.09036511
2.734207 1.208927 0.7230339 0.2888452 0.3408289 0.09963994
3.109436 1.010653 0.6981768 0.3517089 0.3467377 0.08931334
2.785747 1.376468 0.6581768 0.2830766 0.3323249 0.09057973
3.107671 0.7182773 0.7765359 0.3900614 0.3775033 0.09862952
2.73356 1.322373 0.6326263 0.2817117 0.3304988 0.08400241
3.04491 0.9456953 0.746258 0.3457783 0.3498513 0.09629961
2.970962 1.137471 0.7097951 0.325886 0.3472067 0.09616514
3.198216 0.7305273 0.8402218 0.3979053 0.3814599 0.1117532
2.889156 1.156455 0.7595768 0.3139795 0.3511657 0.1074015
2.807486 1.472053 0.6309479 0.282743 0.3350239 0.08883398
3.684003 0.2399006 0.9203349 0.5503417 0.4448409 0.1147151
3.105622 0.8272595 0.8857406 0.3747691 0.3802627 0.1250816
2.796998 1.189465 0.7068007 0.297552 0.3395234 0.09555283
2.711741 1.320222 0.7137551 0.285155 0.34783 0.1035668
2.590883 1.464632 0.5719728 0.2558423 0.321362 0.07494886
3.225157 0.7885373 0.7973266 0.3934151 0.372156 0.1041826
2.817188 1.351634 0.6229978 0.2878077 0.3272646 0.08220264
3.08655 0.9340247 0.7678951 0.3636001 0.3654215 0.1035054
2.684737 1.271816 0.6821328 0.28035 0.3374027 0.09327358
3.082404 0.8632857 0.768899 0.3614102 0.3591663 0.0993996
2.785114 1.415054 0.6564027 0.2814097 0.3342121 0.09189785
3.276726 0.6299687 0.8864089 0.4264929 0.3984325 0.1194696
2.702004 1.33228 0.6634978 0.2787615 0.3359401 0.09130698
2.956909 1.136719 0.6686464 0.3230786 0.3403849 0.0869767
3.740236 0.5969844 0.779394 0.4864862 0.3845 0.09518974
4.594438 -0.2504282 0.8592272 0.8584677 0.5477079 0.09571207
2.863931 1.112751 0.6582736 0.315831 0.3398212 0.08413618
3.928418 -0.1594514 1.206194 0.6846676 0.5412194 0.1620643
3.664114 0.3345949 0.9101478 0.5277499 0.4302989 0.1150212
2.656111 1.416977 0.588414 0.2679049 0.3256914 0.07751834
2.862993 1.311382 0.6438674 0.2977608 0.3336102 0.08635593
2.774779 1.254293 0.7631909 0.2911785 0.346595 0.1106041
2.90757 1.249602 0.703698 0.3104333 0.3454937 0.09849382
3.602499 0.3365287 1.034292 0.5171788 0.4409549 0.1409704
2.811474 1.0057 0.7506393 0.3135302 0.3485893 0.09926443
3.322441 0.7271684 0.8367047 0.4099078 0.3769781 0.1097119
3.479931 0.5237566 0.9279273 0.4668531 0.4091123 0.123969
2.872801 1.065719 0.8082851 0.3164025 0.3545269 0.1141235
2.815292 1.216118 0.7037146 0.2997135 0.3419924 0.09653979
2.950339 1.178736 0.6859036 0.3162548 0.3387392 0.09112063
3.662435 0.4084103 0.8417526 0.5146565 0.4158676 0.1038312
2.700072 1.296469 0.6938325 0.2788322 0.3371918 0.09628312
3.174722 1.009494 0.7433413 0.3610797 0.3542329 0.09921756
3.490432 0.6173694 0.9123467 0.4496356 0.3961105 0.1231121
3.000424 1.076771 0.703508 0.3373582 0.3501757 0.09341282
3.37108 0.5952619 0.8922902 0.4388852 0.3970926 0.1183334
2.483089 1.730462 0.5571044 0.2308909 0.3219922 0.07795703
4.175461 -0.007802062 1.038891 0.6866201 0.4971654 0.1319152
3.598648 0.5078565 0.8039632 0.4924506 0.4042247 0.09951559
3.261501 0.7156756 0.8421936 0.4081079 0.3827661 0.1116546
2.719722 1.089767 0.7258695 0.305249 0.353174 0.09875333
3.326812 0.5538856 0.8106729 0.4423364 0.3953484 0.1010525
3.076324 1.036308 0.6994315 0.3436653 0.3432968 0.08956765
2.707493 1.421402 0.6319705 0.2670045 0.324257 0.08535489
3.125576 0.9136283 0.7258498 0.3676049 0.3584225 0.09332425
3.563077 0.7085625 0.7502885 0.4509588 0.376037 0.09309294
2.894173 1.052995 0.7187181 0.3212989 0.3457911 0.09437482
2.629017 1.411419 0.625753 0.259827 0.3235872 0.08381621
2.774861 1.366818 0.6154874 0.2820102 0.3270531 0.08136064
3.136383 0.7743496 0.8085366 0.3825002 0.3724654 0.1056914
3.152592 0.9939641 0.7278176 0.357065 0.3505456 0.09502407
3.03935 1.090362 0.7429175 0.3354769 0.3491842 0.1010532
3.131384 1.064472 0.7316536 0.3484723 0.3494393 0.09810425
2.808365 1.262393 0.7106036 0.2967027 0.3445679 0.1001828
2.786695 1.260864 0.6871408 0.2959075 0.3429852 0.09516229
2.594526 1.204655 0.7646396 0.2841801 0.3573202 0.1117107
2.66 1.517159 0.6442538 0.2584959 0.3300603 0.09169896
3.24008 0.9436691 0.7991686 0.3765463 0.3642475 0.1095201
3.355795 0.6618293 0.8633497 0.4311067 0.3923861 0.115254
2.91212 1.228504 0.6962383 0.3106946 0.3428418 0.09573799
4.053032 0.1360116 0.922928 0.6318037 0.4624375 0.1128859
2.694615 1.271519 0.7038845 0.2813312 0.3395293 0.09784274
2.504985 1.74505 0.5846561 0.2358308 0.3330202 0.08617066
2.823842 1.154398 0.7548593 0.3053881 0.3489956 0.1059052
3.041237 1.05694 0.7906829 0.3435751 0.3615102 0.112203
3.414953 0.6948828 0.8218628 0.4302343 0.3818983 0.1066302
3.435868 0.5453699 0.863048 0.4515745 0.3953067 0.1098967
2.342718 1.868369 0.5297387 0.2121449 0.3231146 0.07556556
2.550423 1.250947 0.6853695 0.2692657 0.3401734 0.09388201
2.854751 1.048069 0.8077401 0.3171541 0.3557105 0.1134516
3.331552 0.4861136 0.8544334 0.4523608 0.405366 0.1076492
2.822498 1.315454 0.6857933 0.2920215 0.3378703 0.0954188
3.584264 0.621233 0.7818522 0.4715892 0.3910321 0.09808724
3.015035 1.286764 0.5756836 0.313501 0.3208277 0.07082107
2.767163 1.32388 0.656594 0.2798935 0.3264855 0.08747739
2.460038 1.477054 0.610019 0.2436199 0.3273557 0.08335184
3.501542 0.5686405 0.7769541 0.4652361 0.3923517 0.0952485
3.451386 0.5538079 0.8492045 0.4565258 0.3970845 0.108258
2.895369 1.01212 0.8450236 0.3260067 0.3619738 0.1208907
3.662053 0.4096875 0.8747995 0.5156533 0.4199871 0.1105841
2.837385 1.18279 0.6899239 0.3045116 0.3406016 0.09249635
2.596531 1.497172 0.635225 0.2578112 0.3335595 0.09009404
2.854215 1.044327 0.7637807 0.3201492 0.3545591 0.1046286
2.619518 1.545804 0.5722666 0.2553768 0.3226444 0.07696358
3.163102 0.9226619 0.7725801 0.369943 0.3628236 0.103344
2.835816 1.178839 0.7569239 0.3072134 0.3515598 0.1078601
3.540647 0.4901361 0.8961259 0.4784655 0.4078338 0.1159714
2.866833 1.129527 0.7197086 0.3112145 0.3452715 0.09747669
2.828344 1.284035 0.7302516 0.3006503 0.3505746 0.1062961
2.753058 1.040049 0.7932909 0.3087161 0.3562853 0.1103305
3.903483 0.2960427 0.9048578 0.5770889 0.4406114 0.1142642
3.480461 0.7311699 0.7227583 0.4341249 0.3684175 0.08771544
2.659032 1.250639 0.8263406 0.2901415 0.3687886 0.1301941
2.812823 1.183605 0.8029901 0.3031667 0.3559614 0.1186057
2.887248 1.157072 0.7895183 0.3157318 0.3572489 0.1150658
3.164635 0.8132411 0.7726172 0.3816473 0.366803 0.09957103
2.945508 1.161733 0.7118387 0.3161722 0.3412455 0.09595897
2.876317 1.253893 0.6587643 0.304506 0.3369252 0.08810026
3.379364 0.8702745 0.8037888 0.4034922 0.3698444 0.1084978
2.596941 1.430114 0.6872724 0.2669728 0.3475826 0.1020228
2.797285 1.087867 0.8045782 0.3114055 0.35952 0.1156563
3.204325 0.6612358 0.8402509 0.4068868 0.385273 0.109231
3.508429 0.6627262 0.7641259 0.4464053 0.3780929 0.09414498
2.981064 1.141957 0.677347 0.3268396 0.3425242 0.08911095
3.627788 0.4227661 0.8389625 0.5071129 0.4138271 0.1036284
2.767084 1.38119 0.6576673 0.2831871 0.3365446 0.09181091
3.171752 0.9256573 0.7200269 0.3650804 0.3508 0.09112499
3.359463 0.6402891 0.7839736 0.4356677 0.3865258 0.09837842
3.353773 0.6517355 0.8051967 0.4273553 0.3821386 0.101689
2.600798 1.522863 0.5576871 0.2551012 0.3185509 0.07277882
3.409026 0.9615777 0.7268791 0.3912305 0.3524276 0.09396885
2.938512 1.020014 0.7323273 0.335071 0.3547618 0.0977271
3.13207 0.8004842 0.8298399 0.3797688 0.3740362 0.1112299
3.220265 0.7555418 0.7466631 0.3959839 0.3675321 0.09267634
3.172173 0.6373505 0.8213419 0.4103822 0.3892767 0.1055125
3.163344 0.9300567 0.7424996 0.3682699 0.3583967 0.0970834
2.815627 1.297936 0.6634501 0.2941585 0.3360896 0.09008455
3.252259 1.107779 0.6551187 0.3574565 0.3377581 0.08298498
2.863566 1.166151 0.7196731 0.3091028 0.3453099 0.09868928
2.8151 1.309642 0.7335272 0.291693 0.3433556 0.1058573
2.916022 1.070945 0.695164 0.3237223 0.3453845 0.0907849
3.163647 0.9983375 0.750516 0.3658907 0.3607998 0.1017315
3.323276 0.6715495 0.7757164 0.4258349 0.3823066 0.09738588
3.201928 0.8087969 0.8026366 0.387619 0.3711113 0.1058306
3.114368 0.9717031 0.7424503 0.3634548 0.3608145 0.09907547
3.158132 1.058257 0.6154387 0.3495392 0.3319866 0.07359199
3.24085 0.7546969 0.8786687 0.399768 0.3830966 0.1205757
2.589809 1.445138 0.6616868 0.2617865 0.338485 0.0949496
3.33009 0.6986295 0.8551002 0.416886 0.3831087 0.113241
2.661041 1.381469 0.7077758 0.2772212 0.3497342 0.1050323
2.775108 1.263798 0.6682146 0.2907099 0.335014 0.08971287
3.280793 0.8375672 0.7722646 0.3911438 0.3640385 0.09991973
2.839658 1.175934 0.7193876 0.3079068 0.3477823 0.09959434
3.355247 0.7035213 0.8015011 0.4228079 0.3801441 0.1029252
3.072261 0.9657397 0.7777199 0.3530472 0.3598075 0.1054034
3.353325 0.8473059 0.7890457 0.4009282 0.3675 0.1041972
2.88435 0.9541648 0.7916535 0.3315767 0.3596033 0.1072896
3.692246 0.09878902 1.093561 0.5828885 0.4838238 0.1466083
3.178209 0.7031317 0.8373283 0.4001597 0.383883 0.1103864
4.275063 -0.03511637 0.9390696 0.7194619 0.4995537 0.1130551
3.01595 0.9284257 0.7225588 0.351262 0.3553914 0.09263743
3.467047 0.5036028 0.9057999 0.4684089 0.4095568 0.1189649
2.969222 1.249298 0.6652335 0.3136023 0.338137 0.08964034
2.981374 0.9680582 0.7367464 0.3486037 0.3608141 0.09788326
2.707557 1.319875 0.7018973 0.2780385 0.338424 0.0989346
3.183628 0.8182223 0.8707471 0.3838178 0.3776074 0.1209111
2.743662 1.463979 0.6412817 0.2717761 0.3293326 0.08921409
2.864812 1.192621 0.6646192 0.3069927 0.3366278 0.08713983
2.797315 1.353183 0.6716579 0.2890771 0.3392641 0.09426941
2.788928 1.432906 0.5640559 0.2790602 0.3189299 0.07200709
2.983074 1.098477 0.6751359 0.3299926 0.3429232 0.08745577
3.306039 0.6851695 0.8304418 0.4183176 0.3845549 0.1084863
3.367959 0.6114673 0.8174811 0.4362732 0.3879537 0.1033025
2.379782 1.613 0.653299 0.2323498 0.3416052 0.0988604
2.895643 1.024794 0.8440973 0.3277209 0.365526 0.1224855
3.335824 0.7891291 0.8296159 0.4110982 0.3796711 0.1120437
2.650942 1.458811 0.6581638 0.2636651 0.3344032 0.09378897
2.86384 1.168358 0.6239099 0.3065425 0.3300086 0.07789814
2.660643 1.343163 0.6797809 0.2727566 0.3373184 0.09516969
3.740656 0.4748219 0.7868288 0.5130326 0.4020353 0.09464545
3.12891 0.9802751 0.7588275 0.360785 0.3597691 0.1023952
2.764335 1.536364 0.5905984 0.2727347 0.328251 0.0812977
2.679958 1.353728 0.66145 0.273512 0.3319649 0.09039849
2.911513 1.026077 0.7453746 0.3268257 0.3516151 0.0997383
3.907292 0.3213933 0.93302 0.5662234 0.4352092 0.119617
3.838718 0.1306657 1.003568 0.5955158 0.4678408 0.128184
2.906747 1.171862 0.7362389 0.3096499 0.3426969 0.1013473
3.095482 1.015752 0.6858286 0.3446947 0.3401579 0.08593539
3.559227 0.5300029 0.8672339 0.4742517 0.401149 0.11131
2.953538 1.190146 0.583738 0.3179971 0.3277256 0.07109831
3.056659 0.8719692 0.7789578 0.3655408 0.3680381 0.1035216
3.047849 0.9816852 0.8414669 0.3533676 0.3711282 0.1214759
3.320325 0.6030551 0.9458804 0.4356875 0.4066173 0.1316717
3.416926 0.4461644 0.9809399 0.4682381 0.4200084 0.1323125
3.196972 0.9583172 0.7272853 0.3668487 0.3520568 0.09382524
3.143228 1.034337 0.6805246 0.3554571 0.3461481 0.08685669
2.857063 0.8738313 0.773167 0.3391819 0.3642335 0.1015599
3.091556 0.8164241 0.7287338 0.3732173 0.3620902 0.09082952
2.917879 1.227336 0.6887111 0.3098564 0.3401835 0.09366701
3.217431 0.8549008 0.7121072 0.3841149 0.3591443 0.08886437
3.341636 0.8135308 0.753527 0.4059046 0.3669676 0.096109
3.494904 0.5493222 0.8777912 0.4607551 0.3984238 0.1135258
3.014281 0.9624952 0.7810324 0.3508581 0.3639247 0.1067625
2.919511 0.878774 0.8219306 0.3419754 0.3649479 0.1110594
2.470572 1.40938 0.6825649 0.2507881 0.3398534 0.09838382
3.078614 1.019835 0.7481459 0.346722 0.3527762 0.1003187
2.842228 1.220327 0.717585 0.2983432 0.3402472 0.09910041
2.642831 1.415632 0.6774147 0.260067 0.3282427 0.09459881
3.224938 0.7355005 0.8303397 0.4052091 0.3840087 0.1106445
4.306167 -0.05968194 1.0348 0.7184442 0.5033599 0.1290069
2.469607 1.59679 0.6382602 0.2399065 0.3357334 0.09385082
2.823844 1.138396 0.8249707 0.3110432 0.362366 0.1229132
3.008864 0.9887619 0.7797725 0.3437766 0.3591035 0.1065165
2.659945 1.24167 0.6808046 0.2792441 0.3362991 0.09174803
3.128327 0.9479994 0.6991715 0.36112 0.3501901 0.08802042
2.901479 0.8683003 0.7126669 0.350874 0.3639222 0.09032442
2.809551 1.17477 0.7291154 0.3079688 0.351906 0.1023084
3.001122 1.026417 0.7722484 0.3392685 0.3564114 0.1059057
3.499175 0.3404949 0.8696908 0.5041599 0.4267807 0.1074665
2.755484 1.030328 0.8760224 0.3114328 0.3690403 0.1303487
3.313301 0.5925542 0.7803982 0.4313418 0.3847612 0.095235
3.191159 0.7658307 0.8604245 0.3887693 0.3769279 0.1160363
3.704674 0.4276743 0.8127252 0.5197394 0.4126288 0.09901506
2.651711 1.315324 0.6911708 0.2718591 0.3353401 0.09582929
2.891978 1.052578 0.7296462 0.3227742 0.3499654 0.09749625
3.181425 0.6902708 0.8019244 0.4047848 0.3834426 0.1031688
2.731239 1.226046 0.7606281 0.2929535 0.3520046 0.1105052
3.073296 0.9613529 0.6569113 0.3580417 0.3497999 0.08106764
3.238031 0.6996829 0.8423211 0.3981138 0.3749355 0.1090046
3.156488 1.003354 0.7323895 0.3592957 0.3522878 0.0964384
2.972584 1.000611 0.8049739 0.3371385 0.3603434 0.112245
3.610917 0.3697527 0.9611398 0.5090302 0.426997 0.1255874
2.905113 1.245943 0.654519 0.3067261 0.3346719 0.08657575
3.488722 0.701989 0.795931 0.4315984 0.3723339 0.1001288
4.050835 0.3407727 0.8941191 0.5826965 0.4284477 0.1121332
2.782259 1.189962 0.6872934 0.2974672 0.3392291 0.09190667
2.73488 1.086391 0.7884254 0.3011801 0.3535921 0.1108426
2.929526 0.9661559 0.7502855 0.3379813 0.3576554 0.09966797
2.928541 1.150658 0.7137275 0.3200806 0.3469918 0.0972659
3.093324 1.001681 0.6941676 0.3518362 0.3484786 0.08876685
2.790972 1.252378 0.7097254 0.3005613 0.3504796 0.1011222
2.885014 1.262144 0.6658987 0.3007251 0.3334333 0.08894654
2.15538 1.961223 0.4974689 0.1892024 0.3128671 0.06852654
2.880937 1.267245 0.660047 0.3043822 0.3386718 0.08929581
2.640238 1.081877 0.7520338 0.2927349 0.351847 0.1032059
2.862877 1.101341 0.7860824 0.3111298 0.3495388 0.1098557
2.778874 1.145429 0.7817783 0.3007384 0.3515545 0.1114661
2.935691 1.073186 0.7642354 0.330074 0.357585 0.1066216
2.623927 1.147394 0.7316201 0.2848428 0.3473701 0.1007839
2.581407 1.410323 0.6489649 0.2581743 0.3310028 0.08985573
3.01237 0.9620147 0.7063272 0.3466424 0.3520214 0.09033895
2.916438 0.9010189 0.835232 0.3388301 0.3650281 0.1146873
2.790783 1.321394 0.6962941 0.2888154 0.3412038 0.09868508
3.322069 0.5505326 0.8247579 0.4431327 0.3980467 0.1039718
2.509777 1.779781 0.5427142 0.2314532 0.3218904 0.07616098
2.953159 1.098781 0.7451917 0.3260805 0.3504522 0.1021606
2.692162 1.104283 0.7957038 0.300749 0.3617382 0.1153301
2.537752 1.507292 0.6614181 0.2497796 0.3363515 0.09640173
3.887853 0.3754854 0.7760123 0.560741 0.4187887 0.09153076
3.277301 0.39453 0.9234278 0.4594338 0.4222106 0.1190424
2.752945 1.058053 0.7817103 0.3055916 0.3538554 0.1084486
2.912103 1.016081 0.7036531 0.3293164 0.3474614 0.09060276
2.961847 0.9809088 0.6967921 0.3355685 0.3459622 0.08796926
2.654064 1.431922 0.622832 0.2663289 0.3296124 0.0850596
2.689789 1.142384 0.7823072 0.3004545 0.3624009 0.1142792
2.794337 1.102153 0.6429925 0.3069843 0.3363562 0.08048224
4.21124 -0.2822238 1.181565 0.7719998 0.5675335 0.1533841
2.886916 1.069665 0.7581919 0.3187931 0.3493815 0.1031732
3.013785 0.8608218 0.8005468 0.3560436 0.3646844 0.1061746
2.533169 1.609672 0.5881815 0.2457894 0.3290679 0.0827488
3.016773 0.9955578 0.7527945 0.3455543 0.3573232 0.1012362
3.008351 1.077933 0.715624 0.3342435 0.3473312 0.09503323
3.481274 0.5210625 0.941895 0.4662603 0.4101328 0.1268395
3.111893 0.6585724 0.8249575 0.3942102 0.3820677 0.1054539
2.992745 0.8461609 0.8337067 0.354579 0.3683389 0.1126175
2.626283 1.105547 0.8147413 0.2903373 0.3594556 0.1184534
2.955971 1.266062 0.7311572 0.3089076 0.3440581 0.104308
2.774822 1.301115 0.6933614 0.292007 0.3436295 0.09779277
3.693925 0.5620559 0.81155 0.4874829 0.3924546 0.1009133
2.660049 1.447962 0.6705534 0.262031 0.3305654 0.09479679
3.001003 0.9510795 0.8013367 0.3416396 0.3578876 0.1087725
2.743791 1.208412 0.7259871 0.2933685 0.3454595 0.1013542
3.022173 0.9318327 0.7450176 0.3540611 0.359734 0.09771175
2.920385 1.207665 0.6571293 0.3120066 0.3364774 0.08630584
3.088185 0.9007256 0.740811 0.3651691 0.3610405 0.09604666
3.407034 0.6188111 0.815647 0.4469197 0.3932733 0.104489
3.056904 0.9544388 0.8033215 0.3583756 0.3687459 0.1119457
2.912064 1.234099 0.6374476 0.305431 0.3302836 0.08231459
3.235728 0.9540607 0.7739367 0.3759033 0.362225 0.1047171
3.024172 1.099159 0.6870373 0.3344957 0.3431359 0.08951163
2.604048 1.614428 0.6113575 0.2521421 0.3321616 0.08807099
2.778065 1.128108 0.7802073 0.3045603 0.3543132 0.1111301
2.952631 1.196984 0.6375732 0.3185232 0.3369877 0.08257327
2.710873 1.524935 0.6227039 0.2620564 0.3248841 0.08638671
2.961273 1.064019 0.674667 0.3300754 0.3430197 0.08623482
2.891834 1.146243 0.6902362 0.3164306 0.3450863 0.09238034
3.082381 1.021286 0.7653311 0.3504136 0.3575828 0.1046668
3.672977 0.3389701 0.9483474 0.5276536 0.4329184 0.1227945
2.629545 1.405114 0.5774271 0.2635774 0.3201447 0.0740635
3.634462 0.4222727 0.8967742 0.5048049 0.4166387 0.1144484
3.359977 0.5983188 0.8643304 0.4424083 0.3992049 0.1138324
3.233912 0.7007965 0.8142065 0.4058239 0.3796756 0.1049826
2.763565 1.362201 0.6811365 0.2881263 0.3441329 0.09754357
2.941382 0.9363226 0.9158581 0.3395294 0.3738175 0.1350781
3.028107 0.6812898 0.9028015 0.3829452 0.3915677 0.1236762
3.055374 1.014058 0.795457 0.3478668 0.3613244 0.1111535
2.770956 1.250977 0.6621804 0.2886138 0.3306032 0.08713176
2.724422 1.157527 0.7034942 0.296572 0.3454683 0.09532287
3.696896 0.3642252 0.8985642 0.5211947 0.420613 0.112412
3.129215 1.045006 0.7002465 0.3499379 0.3461581 0.09088495
3.180124 0.6326257 0.8953054 0.4123755 0.3982121 0.1213006
3.125186 0.8420923 0.8209088 0.3750544 0.3714495 0.1107793
3.151828 0.6719758 0.8963385 0.3969376 0.3883726 0.1210228
2.961546 0.9747534 0.7542201 0.3396433 0.3570514 0.1006937
2.821702 1.182731 0.6752869 0.3026339 0.3381005 0.08916464
3.458138 0.5821698 0.7939943 0.453068 0.3885216 0.09792257
2.913782 1.237208 0.6976855 0.310002 0.3420695 0.09602222
3.886222 0.04188921 1.036414 0.625127 0.4862749 0.1322915
2.83724 0.8911139 0.9207516 0.3344048 0.378294 0.1347598
2.724757 1.209654 0.741581 0.2920139 0.3482959 0.1051561
2.319204 1.506269 0.7049916 0.2325905 0.3478867 0.1081452
2.747189 1.338141 0.7216033 0.2821373 0.3418911 0.1042104
2.847932 1.00365 0.7507772 0.3241108 0.3552524 0.1006793
3.573303 0.5384783 0.8505731 0.4806103 0.403365 0.1091435
2.783335 1.23107 0.7123806 0.2918969 0.3377713 0.09748228
2.730291 1.120301 0.7450279 0.3001244 0.35138 0.1033496
3.489879 0.6777987 0.8276574 0.4390702 0.3810115 0.1066828
3.396162 0.7197556 0.756071 0.4303979 0.3783746 0.09512234
3.565282 0.4652433 0.8958514 0.4904625 0.4144524 0.1161606
2.418564 1.611021 0.5982063 0.2301566 0.324963 0.08392705
3.313289 0.87508 0.7665566 0.3962266 0.3670161 0.1011347
2.653769 1.265502 0.7757482 0.2831074 0.3557403 0.1162542
3.742724 0.3017924 0.8890086 0.5484168 0.4347099 0.1104009
2.9886 0.9730981 0.7975127 0.342315 0.3612663 0.1098502
3.340052 0.6102347 0.8660235 0.4340996 0.3944731 0.113589
2.924942 0.9474018 0.7782162 0.3370768 0.358908 0.1043669
2.941023 1.284572 0.6455467 0.3115524 0.3377058 0.08670797
3.132862 0.7857062 0.7680437 0.3857453 0.3720596 0.09866348
2.809019 1.14793 0.8138024 0.3122402 0.3665724 0.1225222
3.654213 0.4390851 0.8731953 0.5066426 0.4142225 0.1105521
3.007783 1.198746 0.7414535 0.3189757 0.3431991 0.1033504
3.507278 0.3540525 0.9439438 0.5000158 0.4298407 0.1221885
2.749412 1.182071 0.6965643 0.2958795 0.3426748 0.09424874
2.863375 1.167715 0.7448309 0.3099105 0.3488656 0.1043727
3.101197 1.048594 0.6551716 0.3476432 0.3421774 0.08219082
3.181957 1.031189 0.7040883 0.3591685 0.3491163 0.09175701
4.468797 -0.3872517 1.101741 0.8607109 0.5906478 0.1354277
2.791631 1.062483 0.7125208 0.313541 0.349897 0.09451201
3.029549 1.01294 0.7275397 0.3394547 0.3476575 0.09500434
3.037427 0.8347031 0.7960416 0.3614143 0.3659386 0.1046427
3.435829 0.5251257 0.8871761 0.4586985 0.4030306 0.1149668
3.47009 0.8671062 0.7228896 0.415537 0.3617737 0.09170669
3.308161 0.713442 0.8504379 0.4154266 0.3852802 0.1137766
2.873228 1.128747 0.6767387 0.3174213 0.3446252 0.08907706
2.578154 1.52285 0.6312904 0.2531212 0.3314695 0.08953312
3.077442 0.8919929 0.8000716 0.3609157 0.3644902 0.1075256
3.017378 1.120036 0.7214791 0.3301444 0.3456005 0.09723728
3.627925 0.4309862 0.8034205 0.5046733 0.4085021 0.096865
2.882895 1.006494 0.7909798 0.3284429 0.3605521 0.1097774
2.472551 1.735056 0.6099361 0.2346888 0.3377039 0.09203388
2.964325 0.9680746 0.7812333 0.3376619 0.3559803 0.1050152
2.86203 1.43189 0.6277249 0.2889034 0.3321952 0.08653363
2.746204 1.183197 0.7195585 0.2952087 0.3446062 0.0990199
3.11122 0.821565 0.8429162 0.3792151 0.3783939 0.1157689
3.378244 0.4847384 0.9058828 0.4602126 0.4118989 0.1184122
3.234828 0.8480627 0.788341 0.3881145 0.3684935 0.1042826
3.494 0.4631578 0.9062895 0.4813103 0.4163184 0.1184628
3.471112 0.5914628 0.7746437 0.450372 0.3829648 0.09385632
2.793942 1.248063 0.7096651 0.2940778 0.3417198 0.09877952
3.786231 0.5544554 0.8126972 0.5070548 0.3983261 0.1020332
2.553473 1.381127 0.6893511 0.2579019 0.3360565 0.09783086
3.522213 0.7195396 0.7801871 0.4457815 0.3806878 0.09994403
3.198541 0.9008732 0.7933594 0.3789797 0.3682852 0.1075979
3.091906 0.9315866 0.6968611 0.3591929 0.3508973 0.08715679
2.326387 1.848058 0.5784711 0.2184365 0.3420232 0.08913422
3.410113 0.7115011 0.7893541 0.4265083 0.3767866 0.1004322
2.758118 1.315028 0.6377453 0.2866446 0.3335488 0.08540659
3.323966 0.6997559 0.7338223 0.4194426 0.3727484 0.08926039
3.261349 0.7673812 0.7747711 0.4054774 0.3757279 0.09994092
3.278036 0.8488588 0.7061723 0.3914705 0.3566735 0.08692858
4.446417 -0.08614977 1.035031 0.7581522 0.5150597 0.1298177
2.676812 1.216362 0.7750537 0.284399 0.3505299 0.1128326
3.131615 0.9240293 0.7970651 0.3649471 0.3639258 0.1082427
2.651427 1.238574 0.7231588 0.2774555 0.3406095 0.1007848
2.961149 1.142676 0.7708659 0.3211887 0.3495983 0.1084489
3.077653 0.971529 0.7838474 0.3547692 0.361322 0.1070556
3.130688 1.075333 0.7258015 0.3523639 0.3529149 0.09811259
2.715257 1.298255 0.690428 0.2847187 0.3415575 0.09661156
3.288441 0.6670634 0.9151291 0.4167514 0.392305 0.1253274
3.128441 0.820915 0.8572863 0.3765553 0.3758669 0.1180121
2.934551 1.080021 0.6508454 0.3232404 0.3365789 0.08119282
2.892336 0.9834995 0.6589613 0.3338042 0.3474772 0.08164909
3.043699 0.9429451 0.7602878 0.3521366 0.3581619 0.1007018
2.968234 1.140245 0.7254572 0.3197253 0.3435115 0.09844963
3.36693 0.5815771 0.8591893 0.4349425 0.3892805 0.1095289
3.060974 0.7994082 0.829601 0.3708704 0.3737445 0.1110669
2.897734 1.272764 0.621296 0.302789 0.3290351 0.08015661
2.628279 1.185723 0.7946083 0.2813567 0.3519967 0.1157177
3.045156 1.064425 0.791054 0.3374063 0.3540126 0.1104375
2.88644 0.9331105 0.7746588 0.3363146 0.3614424 0.1036844
2.942355 1.145631 0.7017157 0.3181445 0.3425247 0.09395017
3.002784 0.8778167 0.7449185 0.3569073 0.3613228 0.0958482
3.578116 0.5286738 0.852474 0.479995 0.4019295 0.1086562
3.410081 0.771351 0.8512135 0.4231189 0.383612 0.1162939
2.890784 1.024503 0.7298155 0.322132 0.3470204 0.095738
3.302205 0.7558628 0.7914628 0.410616 0.3773413 0.1029128
2.880906 0.8880161 0.7536542 0.3349293 0.3550635 0.09647271
3.26577 0.5636764 0.9410206 0.432726 0.4080268 0.1287191
2.749426 1.058566 0.7357601 0.309915 0.3532693 0.09941566
3.487475 0.5194556 0.9366697 0.4664024 0.4083665 0.1251532
2.923785 1.201244 0.7034451 0.315708 0.3461556 0.09701536
2.957149 1.029345 0.7428888 0.3340997 0.3541328 0.1000481
2.517174 1.657461 0.5467401 0.2403572 0.3229105 0.07475193
3.604979 0.4554216 0.8500062 0.4997394 0.4128667 0.1070191
3.933924 -0.03236032 1.029421 0.6507218 0.4987965 0.1288879
3.508523 0.5283881 0.8633748 0.4654076 0.3988035 0.1099903
2.949127 1.060837 0.6703814 0.3255437 0.3395316 0.08474337
2.666449 1.463834 0.5856891 0.2685628 0.3300197 0.07916464
3.024095 0.7506101 0.8119676 0.3752982 0.3784188 0.1066705
2.59127 1.565745 0.6095714 0.2466172 0.3206994 0.08387428
3.20274 0.917669 0.8268602 0.3709402 0.36422 0.1136473
2.466054 1.833881 0.5456228 0.2219783 0.3198567 0.07733967
3.552846 0.6324399 0.817227 0.459433 0.3885353 0.1044023
3.786501 0.4970235 0.8898607 0.5083648 0.4044829 0.1143487
3.226842 0.7004366 0.8521721 0.4077254 0.3867836 0.1137422
2.632687 1.372302 0.7148386 0.2694825 0.3429706 0.10432
3.161772 0.908911 0.8329158 0.3709998 0.3693166 0.1158098
2.979952 0.8251709 0.83088 0.3583043 0.3728345 0.1123599
2.991935 1.098228 0.8070854 0.332278 0.3601941 0.116897
3.187747 0.8415712 0.7954465 0.3729843 0.3588338 0.1029135
3.328246 0.7074177 0.7612719 0.4170158 0.3735056 0.09447505
3.181383 0.6814106 0.804107 0.4006197 0.3791401 0.1022032
3.347021 0.8479785 0.8144569 0.3994963 0.3698496 0.1095833
2.853961 1.212496 0.7258904 0.3044506 0.3444651 0.1011572
3.375708 0.7039529 0.7764149 0.4246705 0.3767492 0.09770028
2.924322 0.9665428 0.902923 0.3395002 0.3760586 0.1344583
3.483781 0.3807462 0.9184846 0.4876738 0.4200929 0.1167761
3.087352 0.778096 0.8708896 0.3749898 0.3781472 0.1190923
3.268283 0.6745118 0.8865367 0.4116909 0.3875547 0.119062
3.390208 0.4305505 1.033687 0.4684205 0.4273609 0.1433696
2.854288 1.097389 0.7453346 0.3182822 0.3548155 0.1033421
3.138 0.9610757 0.7909212 0.3583945 0.358148 0.1071864
2.802029 1.219174 0.6314712 0.2970945 0.3311986 0.08089848
2.84637 1.033947 0.803956 0.3242392 0.3642885 0.1145449
2.802083 1.338517 0.6861987 0.2880943 0.3382675 0.09642737
3.144432 0.8954263 0.7494708 0.3673261 0.3572381 0.09657193
3.525569 0.3864922 0.9222369 0.4952149 0.422767 0.1185477
3.147798 0.8925018 0.8784285 0.3664706 0.3693932 0.1237652
2.867292 1.183983 0.7666975 0.3060664 0.3481369 0.1091517
3.339674 0.500095 0.8565083 0.4521206 0.4052119 0.108744
3.238063 0.8839177 0.7605345 0.3785971 0.3584841 0.09845098
3.457707 0.6585571 0.7849988 0.4436302 0.3835755 0.09880404
3.289692 0.8750445 0.7543293 0.3877449 0.3597955 0.09722088
3.062451 0.8391795 0.798834 0.3680119 0.3700032 0.1062672
3.020213 0.9136802 0.8347582 0.3495945 0.3650972 0.1153576
3.254214 0.6783826 0.8347986 0.4094608 0.3820554 0.1083095
3.514755 0.7005073 0.7099202 0.4429917 0.3700476 0.08475891
2.890281 0.9677005 0.7319647 0.3305303 0.3532275 0.09546986
2.546926 1.608139 0.6131154 0.2474801 0.3327342 0.08835388
2.853909 1.089389 0.8148545 0.320408 0.3636143 0.1188538
2.500769 1.615817 0.55518 0.2365016 0.3179858 0.07459822
3.137264 0.7077558 0.8891602 0.395885 0.3907105 0.1222232
2.905269 0.9741471 0.7281377 0.3331072 0.3529152 0.09475768
3.591824 0.3354893 0.9103911 0.5151142 0.4281175 0.1145544
3.366356 0.6592778 0.7150738 0.4372226 0.3796216 0.08576578
2.992774 1.134994 0.6926721 0.3212921 0.3373067 0.09065057
2.732619 1.20665 0.7366369 0.2929041 0.3469193 0.1036388
3.049019 0.9624266 0.7045845 0.3529547 0.3524225 0.08994291
3.377394 0.6630435 0.8113996 0.4286462 0.3821348 0.1033681
2.687596 1.370024 0.6781156 0.2761813 0.3402677 0.09639618
2.973465 1.152006 0.6888786 0.3180904 0.3379021 0.09080186
3.103426 0.7226551 0.7873087 0.3924637 0.3812744 0.1015185
3.26162 0.8876542 0.7447985 0.3846992 0.3596624 0.09594362
3.058797 0.8283425 0.8484439 0.3654018 0.3726178 0.1158305
2.8001 1.294658 0.6442991 0.293446 0.3346894 0.08614293
3.166806 1.041271 0.7066936 0.3569576 0.3490283 0.09248326
3.15463 0.9006392 0.87651 0.3674853 0.3699763 0.1239516
2.803891 1.096139 0.7556474 0.3085632 0.3494046 0.1036334
3.079535 0.8153535 0.7911191 0.3711974 0.3688801 0.1035109
2.739074 1.359338 0.6596315 0.2815133 0.3364722 0.0915216
3.625885 0.38941 0.9169844 0.5043482 0.4173934 0.1163381
2.88642 0.9477289 0.8302567 0.3348911 0.3663277 0.116059
2.89551 1.129948 0.7600113 0.3201098 0.3550737 0.1074031
2.680538 1.399023 0.6344085 0.2745858 0.3337419 0.08702426
3.208529 0.9056299 0.7691806 0.3759712 0.3614234 0.101562
3.257697 0.7680731 0.8681691 0.4003455 0.3812216 0.1187277
3.023253 0.9312871 0.7932849 0.3469996 0.3575725 0.1061048
2.625942 1.381252 0.6734009 0.2705483 0.3412049 0.09599863
2.593015 1.472909 0.6474203 0.2532534 0.3274898 0.09039412
3.521049 0.4605095 0.8492907 0.4879296 0.4122541 0.1069238
2.961602 1.101227 0.6849897 0.3211016 0.3365361 0.08784975
2.883649 1.11754 0.6625151 0.3123069 0.3352142 0.08419996
2.536535 1.538521 0.6666038 0.2516722 0.3414319 0.09939992
2.816875 1.331607 0.667274 0.2929253 0.3379397 0.09229643
2.923284 1.198186 0.6769885 0.3111678 0.337009 0.089771
3.545739 0.6033456 0.8075034 0.4606333 0.3876436 0.1010857
2.487853 1.4712 0.659561 0.2523301 0.3427651 0.09646284
2.735376 1.305935 0.6734815 0.2850624 0.339038 0.09318678
3.312446 0.6553295 0.7952853 0.4157345 0.3751113 0.09851875
2.685024 1.357517 0.5861672 0.2741044 0.3242495 0.07530477
3.213863 0.8246518 0.7807553 0.3840508 0.3648554 0.1010761
3.189469 0.878303 0.8830553 0.3762752 0.3745435 0.1255455
3.165787 0.7556925 0.8127733 0.392326 0.3784827 0.1071102
2.91226 1.028982 0.732475 0.3287925 0.351745 0.09738392
3.404658 0.564227 0.9092637 0.4434267 0.3967872 0.1196093
2.571506 1.50414 0.6374419 0.2514375 0.3283019 0.08937508
3.178776 0.7580335 0.861382 0.3920916 0.381467 0.1169935
3.043115 0.9865016 0.7106386 0.3441354 0.3469559 0.09077794
3.558058 0.3349658 0.9119505 0.5138378 0.4316572 0.115679
2.860819 1.033661 0.8030176 0.3227889 0.3602496 0.1131973
2.556419 1.304077 0.7365568 0.2627376 0.341512 0.1059849
2.877924 1.193018 0.7373363 0.3100045 0.3480432 0.1036145
3.019712 0.8815962 0.7995025 0.3590943 0.3684948 0.107849
2.825785 1.146907 0.8185179 0.3075333 0.3570343 0.1202389
3.115677 0.946433 0.7708785 0.3553995 0.3544723 0.1019392
2.628666 1.524651 0.6097555 0.2556729 0.3256956 0.08418225
4.196827 -0.176919 0.9869549 0.7526495 0.5376307 0.1197435
3.333916 0.6680374 0.8139932 0.4228307 0.381954 0.1039397
3.177927 0.8849448 0.6901211 0.3758077 0.3536551 0.08489067
2.217858 2.06902 0.5086099 0.1971349 0.3346756 0.07692587
2.979494 1.195086 0.6614377 0.3181358 0.335382 0.08640169
2.881218 1.262095 0.6576623 0.3083796 0.341748 0.08926076
2.830253 1.210695 0.716065 0.3055024 0.348729 0.1003693
3.28308 0.7808856 0.7734783 0.4041326 0.3723286 0.09952331
2.70498 1.308128 0.7482474 0.2823348 0.3485941 0.1103376
3.04215 0.8321368 0.8715967 0.3643814 0.3759756 0.1213148
3.29908 0.3352631 0.9188294 0.4709462 0.4271293 0.1159103
2.869517 1.166742 0.7567402 0.3129019 0.3527465 0.1076257
2.913684 1.107459 0.8001578 0.3260058 0.3633578 0.1168542
3.067676 0.9240706 0.7830969 0.3608614 0.3648811 0.1056458
2.882849 1.291406 0.6634577 0.3043227 0.3407463 0.09115513
3.007066 1.063494 0.7110866 0.3298221 0.3414612 0.09240472
2.905365 0.8497113 0.8340473 0.3429457 0.3678601 0.1128797
2.604655 1.327253 0.6755176 0.2668667 0.3344611 0.09306615
2.680239 1.218944 0.6841339 0.2858047 0.3390426 0.09206632
2.588295 1.421247 0.6665288 0.2619275 0.3363252 0.09452014
3.150112 1.058322 0.6712478 0.3496845 0.3401489 0.08477207
3.260855 0.964137 0.7114868 0.3748672 0.3514007 0.09107512
3.671363 0.4706909 0.869937 0.4999813 0.4076442 0.1101745
3.0383 1.050856 0.7077906 0.3385325 0.3459558 0.09239423
3.040956 1.187978 0.7336125 0.3243726 0.3441763 0.1018172
2.773307 1.09763 0.729415 0.3066908 0.3490933 0.09880718
3.121125 0.941678 0.8094534 0.3590273 0.3617952 0.1108613
3.363644 0.586565 0.8594258 0.4399014 0.3949658 0.1112479
3.744873 0.2761274 0.9298055 0.5544326 0.4428881 0.1180833
2.993303 1.121267 0.6794193 0.3284513 0.3418721 0.0887044
3.104493 0.9429903 0.7501165 0.3591196 0.3567464 0.09845667
2.333367 1.755407 0.6068385 0.224218 0.3439692 0.09338388
3.078357 1.10664 0.6920267 0.3362966 0.340712 0.09025978
2.370749 1.468039 0.6793102 0.239799 0.3433573 0.1003829
2.874054 1.08149 0.6763695 0.3165174 0.3391057 0.08616937
3.486225 0.6470003 0.7617456 0.4494944 0.3813452 0.09360172
2.969311 1.056869 0.8420968 0.3344554 0.365506 0.123489
2.84321 1.342873 0.6566047 0.2884324 0.3301815 0.08901761
3.055159 0.8521495 0.7642953 0.3668266 0.3663812 0.09955745
3.19975 0.651153 0.9050499 0.4097085 0.3947044 0.1231854
2.884968 1.055565 0.7154259 0.3259503 0.3516141 0.09514894
3.248715 0.789166 0.8117641 0.3884861 0.3657356 0.1052511
2.524347 1.706128 0.530152 0.2343619 0.3136761 0.07067872
3.625593 0.4382937 0.8152692 0.5047607 0.4100082 0.09945076
2.660668 1.445281 0.6644615 0.2682091 0.3368669 0.09493696
3.228544 0.7796163 0.816876 0.3884145 0.3684135 0.1064846
3.384856 0.5911472 0.7814609 0.445104 0.3892703 0.09633067
2.690498 1.395214 0.6409184 0.2706862 0.3295341 0.0874054
2.68117 1.436811 0.6909224 0.2697789 0.3392837 0.1005963
2.87377 1.260834 0.7103347 0.2989771 0.337116 0.09793027
3.674002 0.485399 0.8737495 0.5055976 0.4134688 0.1130018
3.019752 1.113389 0.6543581 0.3355886 0.3424536 0.08402398
3.185658 0.7966519 0.8313699 0.3859344 0.3733545 0.1111007
2.997969 0.9081506 0.8638978 0.3504153 0.37067 0.1220901
2.680376 1.275445 0.6703027 0.2829429 0.338959 0.09136216
3.563023 0.6230281 0.7898659 0.4566579 0.3814256 0.09757541
2.781802 1.359094 0.6337748 0.2856426 0.3321756 0.0855897
3.164821 0.658398 0.7602357 0.4031691 0.3777569 0.09320734
2.831594 0.9366728 0.8611905 0.3290697 0.3711747 0.1233383
3.616126 0.4230551 0.8644352 0.5006843 0.4123201 0.1078065
2.906355 1.043901 0.7039549 0.3286984 0.3500882 0.09230942
2.922897 1.125193 0.6587557 0.3152464 0.3334769 0.08336361
2.801309 1.263073 0.7199411 0.2974839 0.3471895 0.1026248
2.403372 1.642455 0.6391034 0.2301619 0.3353775 0.09513146
2.916438 0.9687165 0.7469147 0.3327091 0.3526661 0.0978459
3.017085 1.086432 0.687462 0.3351693 0.3442193 0.08945091
3.443367 0.3758635 1.083364 0.4807272 0.4341179 0.1513644
3.323782 0.6318627 0.7669713 0.4337467 0.386397 0.09495755
2.886473 1.060821 0.6814678 0.3193269 0.3412862 0.0870398
2.916272 1.390038 0.6037681 0.294801 0.3239308 0.07900114
2.392228 1.813174 0.5147511 0.2205584 0.3227911 0.07186719
3.440318 0.6305903 0.8163222 0.4440959 0.3876369 0.1039497
3.269048 0.7839569 0.759855 0.3965733 0.3652476 0.09562084
3.156631 0.6982323 0.8571713 0.3957393 0.3841517 0.1139447
2.860075 1.303605 0.6764288 0.2968037 0.3376001 0.09332444
2.806461 1.224653 0.6905957 0.2989074 0.3415889 0.09429078
3.089989 0.9072869 0.7448014 0.363031 0.3589671 0.09650422
2.582265 1.383463 0.7076104 0.2650802 0.3445499 0.1037269
3.06907 1.081599 0.7140056 0.3416797 0.3490189 0.09538773
3.031537 0.9074178 0.8344723 0.3585594 0.3722726 0.1167804
3.151066 0.7507503 0.7275401 0.3916792 0.3695853 0.08962714
2.947514 0.8126008 0.8004763 0.3552753 0.3695102 0.1052311
2.620242 1.355677 0.6523636 0.2722091 0.3376404 0.09009909
2.546877 1.790557 0.5624444 0.2354362 0.3283069 0.08173196
3.389394 0.6819277 0.818901 0.4326734 0.386216 0.1065106
2.54709 1.532248 0.6412823 0.2512736 0.3347792 0.09243217
3.045458 1.201348 0.5694233 0.3227436 0.3208942 0.06776617
2.755583 1.210049 0.7064228 0.2957167 0.3450406 0.09763585
2.613664 1.466157 0.6371543 0.2605427 0.3323668 0.08934771
3.824144 0.322344 0.8466333 0.5612186 0.4318645 0.1034955
3.19754 1.024826 0.6729483 0.3650068 0.3486672 0.08577314
2.787061 1.44338 0.618658 0.2756651 0.3245566 0.08342259
3.344636 0.8590022 0.677409 0.3975756 0.3531568 0.08179564
3.429416 0.4597546 0.9037273 0.4660521 0.409272 0.1159771
2.828026 1.270391 0.6701244 0.2952892 0.3359246 0.09064999
3.334351 0.5608737 0.8963122 0.437215 0.3989452 0.1177493
2.926165 1.16317 0.7249538 0.3165929 0.345424 0.09942766
2.619757 1.500896 0.6633103 0.2570176 0.3340198 0.09589607
2.960023 1.103519 0.6968132 0.3255091 0.343682 0.09171869
2.890933 1.09738 0.7602217 0.320056 0.3536483 0.1058834
2.65414 1.418198 0.6322462 0.2614502 0.3228862 0.08491864
2.646576 1.091812 0.7273758 0.2959745 0.3522924 0.09892781
2.381569 1.859585 0.5524677 0.2183304 0.3283185 0.08074919
3.991785 0.1634363 0.9144801 0.6067903 0.4494067 0.1101652
2.945128 0.9750745 0.7591941 0.3344278 0.3533647 0.1006508
3.280462 0.6623763 0.7998186 0.419089 0.3834895 0.1015536
3.026226 1.037287 0.7144372 0.3371738 0.3461306 0.09320899
3.15665 0.8628509 0.8111536 0.371149 0.3642184 0.1081441
3.604891 0.3540768 0.8953373 0.5146672 0.4257506 0.1124992
2.705517 1.265902 0.7561937 0.2852381 0.3485737 0.1101945
2.989266 0.8759165 0.714123 0.3554907 0.3583365 0.08972286
3.504846 0.5575977 0.8397108 0.4622504 0.3951019 0.1063072
2.951182 0.831829 0.7810578 0.3578997 0.370661 0.1027214
3.253236 0.6549261 0.8171714 0.4153466 0.384911 0.1046889
2.550045 1.687147 0.5818554 0.242867 0.3294269 0.08338189
3.121551 0.9797457 0.7959262 0.3570342 0.3604907 0.1095261
2.379319 1.487628 0.6428144 0.2372297 0.3351797 0.0916885
2.940044 1.129651 0.6584979 0.3191359 0.3364573 0.08412554
3.734261 0.5181078 0.8219839 0.5017289 0.3988242 0.1020245
2.655118 1.454434 0.7201573 0.2696145 0.3491138 0.1099257
2.823311 1.116143 0.7759391 0.309475 0.3532787 0.1096029
3.059576 1.008655 0.7733385 0.3462644 0.3566683 0.1055734
3.506841 0.6052279 0.7722367 0.4606545 0.3882661 0.09509164
2.968124 0.9027948 0.757598 0.3467426 0.3586324 0.09866339
3.048757 0.8914025 0.8433551 0.3530094 0.3639019 0.1154815
2.668651 1.105209 0.7343291 0.2971671 0.3527832 0.1009038
3.196669 1.127035 0.6971732 0.349645 0.3439468 0.0927025
3.137599 0.8175291 0.7176887 0.3822369 0.3643409 0.08939995
3.532271 0.3485851 0.9040979 0.5058084 0.4276871 0.1141735
2.499178 1.59427 0.6445742 0.2376865 0.3293562 0.09354122
3.261727 0.86214 0.7144988 0.3891088 0.3589764 0.08944286
3.232671 0.8026096 0.7828634 0.3945325 0.3716643 0.10205
2.729656 1.332416 0.7313368 0.2885028 0.3535628 0.1091667
3.13887 0.7398639 0.8557152 0.3911295 0.3843603 0.1158823
3.699419 0.339446 0.9827403 0.5254863 0.4315517 0.1289792
2.953514 0.9588613 0.8671534 0.3409468 0.3704322 0.1253134
3.460255 0.6785171 0.7654752 0.4413076 0.3794031 0.09522264
2.980782 0.8627727 0.8607228 0.3522785 0.3717032 0.1195636
3.36114 0.6139287 0.7672394 0.4363242 0.384006 0.09383476
2.431076 1.604135 0.582462 0.2347683 0.3263392 0.08097221
3.046056 0.9793585 0.7414452 0.3471518 0.3530744 0.09750117
3.106349 0.93321 0.7376659 0.3673555 0.3618997 0.09680599
3.718458 0.2164182 0.9864114 0.5575636 0.4522317 0.1268684
3.677047 0.323845 0.9473243 0.5282716 0.4320868 0.1214573
3.16676 0.8899053 0.7301665 0.371262 0.3563646 0.09275721
3.495836 0.4903997 0.8879672 0.4766081 0.4109166 0.1152462
2.537567 1.831888 0.5456215 0.2343241 0.3283224 0.07905808
3.320715 0.7642551 0.8623465 0.4116882 0.3834636 0.1179259
2.846156 0.9060168 0.7539694 0.3337306 0.3609094 0.09880538
2.825171 0.8254451 0.8287027 0.3403282 0.3725758 0.1117427
3.833923 0.1601431 0.9432516 0.5889564 0.4576316 0.1168026
3.916496 0.1233541 1.020967 0.6109095 0.4720315 0.1319558
2.931055 0.9125122 0.8205278 0.3384715 0.3623241 0.1117625
3.084559 0.9885836 0.7660777 0.3562555 0.3610199 0.1042726
2.988366 0.7839211 0.9071155 0.3649243 0.3837567 0.1278317
3.018196 0.9195285 0.8527763 0.3564701 0.375363 0.1220085
2.772995 1.116098 0.7439479 0.3032423 0.3492158 0.1024558
2.988604 0.7088373 0.8993554 0.3716023 0.3853838 0.122692
2.254369 1.708744 0.5832786 0.2107317 0.3257376 0.08338123
3.432798 0.5858636 0.8295577 0.4513112 0.3943674 0.1057299
2.921275 1.203096 0.6510719 0.3135653 0.3365201 0.08501096
3.08905 0.9533523 0.7399553 0.3484515 0.3462086 0.09447079
3.119068 0.6963926 0.8747122 0.3950694 0.3892814 0.1182885
2.414456 1.515605 0.6731493 0.2384847 0.3388686 0.09947205
2.723618 1.279627 0.7470986 0.2874672 0.3495098 0.1092132
3.934311 0.4486799 0.7691564 0.5419728 0.4001685 0.09008425
3.337749 0.7134485 0.7775911 0.4146933 0.3723847 0.09735273
2.527645 1.397033 0.6865493 0.2594298 0.3426538 0.09939918
2.896167 1.155258 0.7028026 0.3125668 0.341336 0.09402722
2.886425 1.346936 0.6156956 0.2923548 0.3234823 0.08004106
3.1962 0.8036359 0.709111 0.391952 0.3650537 0.08750468
2.512604 1.476611 0.646269 0.2456747 0.3291007 0.09080623
3.175555 0.8177276 0.7666609 0.3890719 0.3721412 0.09983294
3.524479 0.4522884 0.891109 0.4902508 0.417788 0.115264
3.33844 0.3650959 0.9142504 0.4782529 0.4297737 0.1174594
4.168171 -0.05548123 1.066152 0.7006318 0.5105354 0.1365586
2.954722 1.141038 0.7124689 0.3239186 0.3467873 0.09657548
3.114397 0.989152 0.7409901 0.3536624 0.3523641 0.09763028
3.437194 0.7373475 0.7861701 0.4243244 0.3726698 0.1000407
2.951027 1.217614 0.7415895 0.3129001 0.3447626 0.1044916
2.434631 1.600906 0.6216062 0.2357861 0.3337562 0.09031955
2.684518 1.349463 0.6175822 0.2746067 0.3276883 0.08135143
2.626648 1.219753 0.7868094 0.2817409 0.3546989 0.1163093
3.317366 0.7639777 0.7636306 0.4084127 0.3706156 0.0967029
2.935334 1.303044 0.6672567 0.3075118 0.3394525 0.09193838
2.978819 0.8561878 0.7534928 0.3524951 0.3600969 0.09639508
2.912621 0.8650437 0.8429269 0.3493609 0.3757397 0.1173157
2.771294 1.315242 0.717575 0.2827603 0.3369172 0.1013248
2.993009 0.9106631 0.6797114 0.348907 0.3490559 0.08310944
2.456501 1.362192 0.6567511 0.2514911 0.333515 0.09017088
2.318309 1.815482 0.6215988 0.219146 0.3485069 0.09927268
2.493855 1.592867 0.5740957 0.2417081 0.3249784 0.07881347
2.691941 1.262376 0.7093203 0.2817686 0.3402514 0.09874832
3.353012 0.6196355 0.8882824 0.4367574 0.3983373 0.1192138
2.802179 1.291026 0.7014831 0.2985542 0.3479421 0.1000734
3.419969 0.76928 0.752596 0.4229953 0.3714991 0.09515799
3.441684 0.6303039 0.7931695 0.4487798 0.3890472 0.1000843
2.901005 1.01796 0.7863509 0.3284054 0.3577178 0.1084997
2.700912 1.373279 0.6739601 0.2763126 0.3381943 0.0951489
2.620409 1.385753 0.7120787 0.2658329 0.3413902 0.1039243
3.080774 0.7338276 0.8725967 0.383848 0.3853652 0.118972
2.861629 1.148331 0.6974309 0.3104097 0.3420007 0.09296361
2.749689 1.39139 0.643249 0.2822061 0.3363295 0.08925098
2.793889 1.145616 0.6947635 0.3043361 0.3423823 0.09238165
2.906737 1.255236 0.6598969 0.3085522 0.3377536 0.08848207
3.529739 0.4417999 0.956119 0.4889303 0.4220018 0.127795
2.962648 1.064201 0.6918395 0.3322369 0.3477098 0.09038861
2.874776 1.272207 0.8167417 0.3061236 0.3608927 0.1267242
3.287305 0.8372298 0.7054253 0.3930584 0.3571339 0.08654812
2.68586 1.33104 0.7337466 0.2777676 0.3454229 0.1073544
3.679589 0.3512258 0.8599359 0.5285029 0.4247199 0.1058686
2.386572 1.774369 0.5891136 0.2213762 0.3310441 0.08719914
3.251047 0.9444306 0.7141594 0.3728358 0.3499587 0.09058179
3.269053 0.9168161 0.733852 0.3860296 0.3607009 0.09532575
3.09777 1.046072 0.6387719 0.3483563 0.3400319 0.07872771
3.092947 0.9012669 0.7620882 0.3624154 0.3595731 0.09952688
3.348431 0.9093885 0.7555194 0.3920883 0.3602491 0.09900479
2.931402 1.05114 0.7508269 0.3254304 0.3495801 0.1011711
2.916667 1.222053 0.7167893 0.3098962 0.3428675 0.09938015
2.834439 1.193618 0.7621819 0.307036 0.3535725 0.1100568
2.636287 1.423823 0.6456617 0.2631011 0.3294929 0.08905449
2.84274 1.104808 0.7891334 0.3090872 0.3509621 0.1111086
2.785773 1.28332 0.6321578 0.2928115 0.3323448 0.08298209
2.937501 0.9679175 0.7719309 0.3392538 0.3603101 0.1043661
3.106416 0.8125881 0.7239134 0.3761662 0.3619966 0.08974488
3.121158 0.8414933 0.7331378 0.3762735 0.3639796 0.09302892
2.461905 1.345584 0.6583559 0.2518285 0.3327933 0.08993221
2.858606 1.164633 0.6814457 0.3044441 0.3356678 0.08925779
3.360137 0.7875555 0.7658788 0.4063964 0.3648509 0.09671738
3.149116 0.9610297 0.7333886 0.3539646 0.3452462 0.09347173
3.525102 0.458244 0.8313318 0.4870774 0.4090273 0.1029483
2.517798 0.9944394 0.8682178 0.2894158 0.3711996 0.1274349
2.596611 1.397954 0.6991554 0.2592614 0.3343175 0.09976616
3.301005 0.7941335 0.8421492 0.4070349 0.3816168 0.1152206
3.050063 0.7567661 0.8299246 0.3743886 0.3756634 0.1094729
3.392133 0.8360111 0.8189713 0.4061814 0.3711697 0.1102876
3.004231 1.2153 0.6510778 0.315921 0.3304098 0.08409914
3.025832 1.181484 0.6841095 0.3295727 0.345282 0.09246653
2.863785 1.40757 0.5908318 0.2862086 0.3218266 0.07691303
3.206608 0.9133411 0.7133158 0.3710028 0.350873 0.08945896
3.347109 0.6585552 0.7651508 0.423321 0.3756274 0.09364507
2.876372 1.128237 0.7976789 0.3159385 0.3572734 0.1154535
2.588958 1.098087 0.7647026 0.2860772 0.3520176 0.106095
3.140083 0.9877825 0.7774234 0.3593637 0.3586723 0.1057806
3.046699 0.8957592 0.7913172 0.3613054 0.3680718 0.1069338
2.967386 1.116551 0.6518419 0.3245733 0.336647 0.08249308
3.066418 0.7269691 0.8398993 0.3804558 0.3796981 0.110988
3.476055 0.7080679 0.8338096 0.4346769 0.3805824 0.1090783
2.955627 0.8076783 0.8577449 0.3551102 0.3738613 0.1167856
2.844071 1.3182 0.688129 0.2987317 0.3429162 0.09705556
2.605891 1.310673 0.7252423 0.2706331 0.3438804 0.1044974
3.189376 0.7172561 0.7736316 0.3985424 0.3747948 0.09740274
2.55688 1.510917 0.6960374 0.2542471 0.343433 0.1051286
3.002417 1.153257 0.7550464 0.3337323 0.3581614 0.108113
3.107428 0.8266618 0.7603187 0.3785319 0.369791 0.09851698
3.035161 0.8215457 0.8660972 0.3676697 0.3791165 0.1205633
3.863143 0.1341829 0.8832661 0.611063 0.4657739 0.1066431
2.854023 1.136533 0.6720401 0.308466 0.3365083 0.08670138
2.786668 1.377761 0.6388783 0.2874145 0.3366137 0.08812127
2.947043 1.177712 0.6488521 0.3162068 0.3342707 0.08337005
2.9748 1.040658 0.7200741 0.3338351 0.3485047 0.09472842
2.595177 1.403111 0.625957 0.2631438 0.3302017 0.08488302
2.979005 1.118687 0.7367055 0.3261933 0.3476269 0.1005533
2.974385 1.000811 0.7164138 0.3407176 0.3532962 0.09373447
2.666062 1.377567 0.699745 0.2765834 0.3471356 0.1026564
3.126923 1.068405 0.6667099 0.3477324 0.3416289 0.08469176
3.205125 0.7320065 0.7772201 0.3981359 0.3733039 0.09828119
2.722493 1.579461 0.6014642 0.2573874 0.3205967 0.0829164
3.054112 0.8297931 0.7946671 0.367628 0.3694078 0.1049063
2.842177 1.092099 0.7695721 0.3109277 0.3499105 0.1064933
3.608006 0.2895267 0.9577871 0.5260285 0.439109 0.1231103
2.862281 1.06061 0.7919359 0.3173314 0.3547137 0.1107538
2.82728 0.850605 0.9833494 0.3380286 0.3875783 0.1484317
2.857607 0.987775 0.7988753 0.3274104 0.3621013 0.1108729
2.589618 1.316587 0.7498036 0.2722566 0.3525277 0.112113
3.145046 0.7813635 0.7572076 0.3896757 0.3729008 0.09670085
3.018304 0.9578033 0.8989678 0.3471705 0.3722491 0.1322503
2.952379 1.143008 0.7350276 0.320445 0.3477423 0.1014285
3.067639 1.056562 0.6711969 0.3398812 0.3404254 0.08490468
2.900492 1.291955 0.6522345 0.2980986 0.3290368 0.08632532
2.87771 1.006114 0.7073738 0.3279453 0.3502529 0.09156009
2.702593 1.213214 0.7425877 0.2892287 0.3491942 0.1058886
2.553471 1.566932 0.6095021 0.2511094 0.3312918 0.08616424
3.517585 0.4513884 0.8906004 0.4859278 0.4153323 0.1146967
2.93469 1.032595 0.7585902 0.3266122 0.3500892 0.1020482
2.90951 1.005555 0.6793695 0.328745 0.3440624 0.08528761
3.122157 0.8621439 0.7331435 0.3733641 0.3616728 0.09325624
2.928615 1.058804 0.7235448 0.3261441 0.3482669 0.0960999
2.739968 1.340963 0.6992876 0.2827793 0.3399832 0.09924273
2.834542 1.158347 0.790711 0.3136271 0.3615014 0.1164777
3.484664 0.700254 0.8150811 0.4396347 0.3823569 0.1058223
2.932938 0.7039205 0.9813625 0.3626761 0.3907052 0.1399333
3.436405 0.7448385 0.7615946 0.4269437 0.3727516 0.09600771
3.802164 0.2251504 0.9462731 0.5726358 0.4509565 0.1198838
2.73866 1.368687 0.6670555 0.2789538 0.3345071 0.09268178
2.60084 1.224331 0.6950694 0.2767348 0.3413472 0.09502679
3.122814 0.7030028 0.7829873 0.393891 0.3782272 0.09911351
3.134336 0.7877365 0.8094499 0.3790184 0.3700741 0.1058954
3.05772 0.7824976 0.8041191 0.3746121 0.3745896 0.1058104
3.259017 0.7752779 0.7415842 0.3971529 0.3646167 0.09198132
2.664686 1.230266 0.7254627 0.2804683 0.3414887 0.101022
3.225055 0.6797192 0.9524856 0.4114112 0.399709 0.1355261
3.119983 0.8913978 0.8028827 0.3714335 0.3700908 0.1093578
3.120096 0.8794241 0.7937228 0.3731922 0.3701615 0.107124
3.022529 0.9164182 0.8256059 0.3517528 0.365445 0.1136158
2.406362 1.415858 0.6874663 0.2398535 0.3341855 0.09805849
2.96921 0.9245481 0.7670234 0.3472767 0.3613614 0.1018786
2.541326 1.54894 0.6210636 0.2455272 0.3283039 0.08767907
2.749975 1.303947 0.6729101 0.2851539 0.335836 0.09209337
2.927217 1.182961 0.6822101 0.3168079 0.3422262 0.0913825
3.53309 0.3866924 0.8655443 0.4955298 0.415914 0.1067663
3.480895 0.4187349 0.9163007 0.478946 0.4144919 0.1173416
2.928188 0.9518882 0.7930346 0.3360578 0.3601159 0.1078005
3.980205 0.2148058 0.8610109 0.6060515 0.4470513 0.1034487
3.11325 1.004295 0.7405665 0.3483029 0.3474734 0.09691115
2.772591 1.328 0.6597963 0.2848164 0.3337961 0.09001771
3.51273 0.5180923 0.915507 0.4714631 0.408252 0.12122
2.840607 1.243359 0.7379911 0.3022062 0.3488846 0.1060036
3.183285 0.7122595 0.8093318 0.40033 0.3812316 0.1050879
3.079878 0.8507796 0.803846 0.3707575 0.3719028 0.1081698
3.072354 0.7221154 0.9281818 0.3868544 0.394495 0.1316508
3.311767 0.8089623 0.7513815 0.4028883 0.3671895 0.09560792
2.896895 1.155412 0.6659534 0.3161086 0.3401486 0.08692676
2.58132 1.503677 0.6252055 0.252605 0.3263888 0.08650942
3.29035 0.558517 0.8854168 0.4352352 0.4011548 0.1160845
2.576238 1.622485 0.5573712 0.2461814 0.3221375 0.075936
3.007734 1.117374 0.79468 0.3309533 0.3574686 0.1145963
3.194659 0.6308451 0.9103318 0.4133744 0.398067 0.1238799
2.590733 1.457673 0.6572395 0.2599397 0.3362517 0.09387556
2.545465 1.672237 0.5732156 0.2426694 0.3287777 0.08144112
3.091826 1.074996 0.7344745 0.3437656 0.3499437 0.09911105
3.214512 0.7889041 0.7897096 0.3935135 0.3724838 0.1028432
2.637277 1.156189 0.719965 0.2832664 0.3414976 0.09725903
2.742077 1.09872 0.7144876 0.3025569 0.3466714 0.09549535
3.335646 0.6729406 0.766359 0.4227229 0.3769637 0.09466871
2.455748 1.897974 0.5226617 0.2247047 0.3282282 0.07568361
3.191701 0.7594436 0.770953 0.3881474 0.3662049 0.09681215
3.048942 1.015621 0.7311477 0.3421491 0.3496111 0.09631757
2.798559 1.153286 0.7188155 0.3030893 0.3451987 0.09800924
3.029276 0.9948313 0.6796319 0.3434824 0.3447727 0.08513724
2.779627 1.341329 0.6629621 0.2813822 0.3296771 0.08998529
2.676529 1.538708 0.5938935 0.2598232 0.3232575 0.08090228
3.032463 0.6168175 1.002931 0.3865823 0.399787 0.1415015
2.554843 1.498174 0.5889579 0.2446183 0.3146411 0.07728129
2.859935 1.055831 0.8378778 0.3270561 0.3712555 0.1243494
2.808108 1.244663 0.6617287 0.2948338 0.3338308 0.08770925
2.495335 1.316259 0.7649531 0.2606697 0.3512473 0.1147237
3.276462 0.7030813 0.8320949 0.4084511 0.3794512 0.1083752
3.125312 0.7478618 0.8005582 0.386886 0.3760065 0.1038992
2.515226 1.475486 0.6227017 0.2519869 0.3329454 0.08693811
3.16485 0.9243134 0.7539465 0.3684878 0.3587056 0.09892354
2.848146 1.374838 0.6196609 0.2872067 0.3257747 0.08209377
3.201012 0.8592837 0.8031972 0.3797448 0.3666116 0.1071069
3.092488 1.044032 0.699268 0.3531293 0.35329 0.09218165
2.582692 1.37376 0.7096363 0.2614619 0.3376131 0.1017712
3.385332 0.656795 0.8705397 0.4316938 0.3893954 0.115506
2.936275 1.031454 0.7311505 0.3307645 0.3518095 0.09737445
3.107531 0.7820554 0.77517 0.3837829 0.3736607 0.1001261
2.641643 1.265654 0.7321803 0.2800595 0.3475446 0.1051004
2.995118 0.930148 0.7473803 0.3476334 0.3568361 0.09747483
3.037578 0.9576317 0.7420412 0.3468068 0.3522205 0.0965576
3.385636 0.5400042 0.8270228 0.4427545 0.3890621 0.1018173
3.373711 0.8547316 0.7148853 0.4034576 0.359087 0.08920808
2.52922 1.375026 0.6695253 0.2519433 0.3289722 0.09222694
3.535065 0.6926444 0.7815863 0.4477632 0.3798531 0.09886525
3.508681 0.3401136 0.8830062 0.5066665 0.429095 0.1102614
3.018183 0.9942288 0.8564506 0.3416707 0.3643076 0.1230825
3.358117 0.7123943 0.7691943 0.4208345 0.3749236 0.09638957
