2.586083 -0.1056786 4.252718 0.3368315 0.5109303 0.8784967
1.857299 1.29047 2.16453 0.1710963 0.3950217 0.4865021
2.146047 0.7296991 2.992663 0.214402 0.4039988 0.6300479
1.898167 1.240954 2.158876 0.1726847 0.3843057 0.4653483
1.662704 1.915929 1.430909 0.1392926 0.3890385 0.3200827
1.734217 1.557379 1.812291 0.1547778 0.3949616 0.4125832
1.729903 1.727241 1.596406 0.1582539 0.4143556 0.3805209
1.964155 1.044541 2.242771 0.1867646 0.3877 0.4657829
1.841384 1.427374 1.95013 0.1740976 0.4117811 0.4588394
1.833979 1.444226 1.888442 0.1673531 0.3956468 0.4251388
1.890353 1.32848 1.900903 0.1726309 0.3848701 0.4060606
2.004663 1.01275 2.345995 0.1994793 0.4083146 0.5148452
1.962923 0.9876527 2.461343 0.1868362 0.3904152 0.5190532
1.878707 1.360107 1.932081 0.1673301 0.3789109 0.4112539
2.539046 0.2100266 3.5331 0.2786656 0.4241945 0.6622775
2.140964 0.7695878 2.715483 0.218594 0.4101458 0.5740074
1.803171 1.420607 2.000578 0.1689359 0.4091001 0.4700185
2.056725 0.9198563 2.640825 0.2075973 0.4153554 0.5904757
2.496552 -0.06394232 4.462189 0.3141508 0.4973825 0.9280142
2.203168 0.5709934 2.955379 0.2300915 0.4115681 0.5956999
2.075978 0.8737827 2.764415 0.2032388 0.4010649 0.5946965
2.311361 0.4559677 3.233897 0.2455427 0.4180252 0.6481945
1.936787 1.073664 2.625061 0.1879152 0.4107185 0.6067587
1.69114 1.64287 1.844598 0.15799 0.424531 0.4588451
2.016047 0.9463513 2.698736 0.2037124 0.4198195 0.6186462
2.151769 0.5372525 3.474015 0.2335575 0.4389131 0.7702313
2.075772 0.8809695 2.834142 0.2116095 0.4214769 0.6461799
1.918424 1.213918 2.209435 0.1811954 0.3992251 0.4938845
1.67038 1.922053 1.446146 0.1627223 0.4572246 0.3802392
2.14263 0.6923226 2.880461 0.226207 0.4237187 0.6217601
2.031318 0.9121813 2.523339 0.1938606 0.3867663 0.5175897
2.179498 0.771695 2.683219 0.2248254 0.414013 0.5711515
1.922197 1.21554 2.261698 0.1859883 0.4113971 0.5238144
1.922521 1.210136 2.288311 0.1687227 0.3704644 0.4782464
2.191324 0.6586514 2.807796 0.2292342 0.4149229 0.5815741
1.850353 1.152976 2.523103 0.1835392 0.4249918 0.6105091
1.943111 1.043142 2.59553 0.1858526 0.4006388 0.5781945
1.861181 1.173715 2.506566 0.1795668 0.4138836 0.5928416
2.041159 0.9330776 2.648333 0.2098999 0.4250591 0.6087808
2.19986 0.5903591 3.102728 0.2349245 0.4269636 0.6628774
2.110864 0.7007175 3.074511 0.2239995 0.4314996 0.6896698
2.305151 0.4134725 3.275789 0.258239 0.4415171 0.684835
2.067311 0.9438978 2.567936 0.2014497 0.399193 0.5511257
1.872213 1.22948 2.33759 0.1767306 0.4045959 0.5391477
2.115247 0.7124563 3.018808 0.2154664 0.4123356 0.6466636
1.964982 1.100318 2.286454 0.1966913 0.4164169 0.5209589
2.729807 -0.2216531 3.887469 0.3536756 0.4957316 0.7141625
2.136671 0.7632303 2.731727 0.2219884 0.4180645 0.5884749
2.417255 0.2970499 3.338782 0.282129 0.4552147 0.6873537
2.000732 0.9423895 2.597543 0.1960241 0.4024823 0.5638189
2.146327 0.7088265 2.906143 0.2248058 0.4218269 0.629309
2.171439 0.5167629 3.666779 0.2413408 0.4530889 0.8449092
1.894802 1.225697 2.164568 0.1845226 0.4122833 0.4986468
2.057022 0.9378799 2.629031 0.2110765 0.4239258 0.6024959
1.598851 1.94065 1.537009 0.1625655 0.4858189 0.435776
1.952647 1.048353 2.353873 0.1870224 0.3949921 0.505502
2.205131 0.5777062 3.118801 0.2290802 0.4132412 0.641417
1.895626 1.139645 2.371126 0.1805092 0.4014744 0.5325884
1.739076 1.572949 1.769301 0.1556888 0.3957474 0.4021007
2.163949 0.7722215 2.660116 0.2150047 0.3967194 0.5411964
1.964424 0.9377858 2.728992 0.1912916 0.4033849 0.6013078
2.128117 0.6583267 3.034762 0.2290112 0.4340556 0.6723327
1.996282 0.974648 2.609242 0.1893351 0.3918214 0.558263
1.861357 1.35463 2.098046 0.1811463 0.4225505 0.5072017
2.191451 0.5273067 3.199901 0.2470384 0.4509657 0.7114587
2.005745 0.9612172 2.740619 0.2028033 0.4221805 0.6364135
1.920936 1.206874 2.347127 0.1841637 0.4090512 0.5440082
2.105982 0.816632 2.653039 0.2168001 0.4160897 0.5751647
1.876177 1.193566 2.291848 0.1781447 0.402156 0.5178517
2.819212 -0.2634637 4.409319 0.3717344 0.5137211 0.855316
1.858259 1.186953 2.494024 0.1793162 0.414817 0.5923897
1.698826 1.827041 1.497575 0.1499004 0.4053219 0.3492427
1.833565 1.448828 1.901908 0.1762474 0.4192409 0.4546553
2.157985 0.6583598 3.021221 0.2346977 0.438746 0.6757207
1.859176 1.195512 2.548343 0.1807166 0.4205258 0.6182047
1.811218 1.567146 1.803793 0.162428 0.3978445 0.4140451
2.391446 0.2522677 3.634042 0.2804547 0.4617038 0.7634153
1.973728 1.112076 2.354796 0.1834691 0.3876386 0.5051848
1.80861 1.414046 1.904547 0.1705646 0.4074854 0.4396614
1.983534 0.9268818 2.789565 0.2024507 0.4248589 0.648025
2.358718 0.3031722 3.357843 0.2628615 0.4336206 0.6618234
1.638778 1.910326 1.530037 0.1519634 0.437566 0.3897917
1.929642 1.240644 2.062562 0.1765344 0.3835003 0.4387072
2.147463 0.7536963 2.741003 0.2204772 0.4121698 0.580656
2.291909 0.4873177 3.230979 0.2580132 0.4476838 0.7027091
1.942627 1.126494 2.213427 0.1887346 0.4034106 0.4883814
2.200493 0.707435 2.721614 0.2278306 0.4115233 0.5643949
1.918126 1.092062 2.621895 0.1895296 0.4202211 0.6226388
2.030404 0.9219489 2.708408 0.2065598 0.4209858 0.618305
1.847609 1.283264 2.216148 0.1608913 0.3719097 0.47009
1.943463 1.053709 2.454542 0.1901591 0.4076176 0.5503655
2.058232 0.8761388 2.892265 0.2178395 0.4404009 0.6923166
2.274815 0.5619157 3.149542 0.2408913 0.4218337 0.6595629
2.269375 0.4744377 3.353549 0.2365859 0.4129424 0.6752199
2.424759 0.3144368 3.269505 0.2761035 0.4432565 0.6579754
1.743451 1.627493 1.852104 0.1563897 0.4059509 0.4407041
2.268155 0.3624358 3.978903 0.2655009 0.4749274 0.9249595
1.902746 1.338647 2.0677 0.1733358 0.3906406 0.4585053
1.883763 1.298641 2.207954 0.1723455 0.3934955 0.4966438
2.089706 0.7352435 2.971226 0.2140782 0.4156142 0.6443543
1.814093 1.299905 2.227885 0.170571 0.4060653 0.5183874
1.876587 1.182243 2.532926 0.1878625 0.4321976 0.6283649
2.357357 0.3546989 3.360401 0.2661861 0.4433192 0.6925332
1.702299 1.574755 1.970395 0.1539955 0.408208 0.4736046
1.446197 2.396045 1.100922 0.1433054 0.5042122 0.3095693
2.430013 0.1671182 3.801822 0.2865596 0.4624267 0.7790196
2.009788 1.109351 2.309996 0.1868126 0.3859803 0.4906051
1.903118 1.215036 2.371578 0.1926904 0.4356779 0.5885762
2.037748 1.012684 2.372578 0.2001597 0.4033281 0.5156167
1.869334 1.153962 2.460346 0.1758655 0.3999149 0.5573129
2.031755 0.7552865 3.039971 0.2180035 0.4404675 0.7078825
1.814854 1.330361 2.058725 0.1684341 0.3976199 0.4634193
1.821451 1.44538 2.040278 0.1738347 0.4208573 0.4973248
2.150622 0.6747541 3.033463 0.226093 0.4241893 0.6601964
2.217019 0.5427061 3.157461 0.2354373 0.422119 0.6574402
2.049269 0.9386126 2.361108 0.2045092 0.4035487 0.5010173
1.809396 1.272578 2.27229 0.1791725 0.4278425 0.5557872
1.922526 1.326292 1.988925 0.1771837 0.3917972 0.4371536
2.290617 0.4426614 3.395064 0.2482274 0.4299594 0.7056328
2.018144 0.9178846 2.661907 0.19792 0.4025464 0.5768483
2.340974 0.3723458 3.50387 0.2611599 0.4417494 0.7338224
1.887256 1.265653 2.128731 0.1766898 0.3980672 0.4768344
2.156781 0.8827476 2.600846 0.2142626 0.4037161 0.5557483
2.333853 0.3931874 3.411601 0.2573959 0.4354502 0.7048634
1.88707 1.249877 2.041954 0.17766 0.3956544 0.4478898
1.711543 1.613365 1.821332 0.156351 0.4109999 0.4358688
1.827178 1.423217 1.954938 0.1661194 0.3945697 0.440687
2.307295 0.4643307 3.21202 0.2393761 0.4070268 0.6272639
2.208892 0.6815801 2.944887 0.2240057 0.4061774 0.6103791
2.484479 0.07059095 4.051802 0.3064454 0.4862469 0.8538373
1.596989 2.006242 1.404197 0.1521028 0.454688 0.367914
2.211922 0.7954488 2.526789 0.2167774 0.3889303 0.5011967
1.967444 1.089221 2.306957 0.1873231 0.3945768 0.4982252
1.891558 1.225903 2.096457 0.1867462 0.4156867 0.4827852
2.186013 0.6746763 2.78751 0.2241367 0.4063301 0.5673061
1.847697 1.293329 2.0749 0.160935 0.3687576 0.4308523
2.333513 0.557629 2.834817 0.2491832 0.417859 0.5705603
1.940795 1.166275 2.344601 0.188626 0.4111669 0.5403006
2.228523 0.5066403 3.457785 0.2449728 0.4425428 0.762993
2.482003 0.1012967 3.920603 0.3044735 0.4823225 0.8228109
1.940069 1.322169 2.034235 0.1813583 0.3995481 0.4585151
2.183098 0.7065579 2.855522 0.2313908 0.4258302 0.6207701
2.039988 1.0407 2.31302 0.1965281 0.3952966 0.4933268
1.937856 1.167365 2.326062 0.1839002 0.4005537 0.5217759
1.873523 1.152319 2.434802 0.1831889 0.4160983 0.5720513
2.044117 1.090746 2.166153 0.1957827 0.39268 0.4583022
1.819151 1.334689 2.143692 0.1590835 0.3760124 0.4611326
1.967647 0.9239149 2.803207 0.1959994 0.4139005 0.6347904
2.052109 0.7942381 3.012195 0.2098413 0.4201944 0.6759222
2.334273 0.2960513 3.48871 0.2691057 0.45269 0.7238027
1.845702 1.231139 2.328347 0.171228 0.3968442 0.5263738
1.837713 1.332546 2.173187 0.1921432 0.4561875 0.5686097
2.090139 0.8427623 2.639944 0.2088674 0.4043821 0.5602049
1.747471 1.704556 1.660764 0.1600337 0.4148634 0.3982629
2.077893 0.8843258 2.622055 0.1991667 0.3892275 0.5421429
1.778371 1.427478 2.127337 0.1612283 0.3990675 0.4943312
2.297064 0.4014146 3.423929 0.2621629 0.4530131 0.7395489
1.877526 1.398482 1.874358 0.1663167 0.3780638 0.3984419
1.959655 1.189709 2.229604 0.1929161 0.4161415 0.5178596
1.798812 1.411515 2.078824 0.1668235 0.4060912 0.4877792
2.192541 0.6218676 3.234088 0.2338489 0.4317199 0.7148362
2.18981 0.5986771 2.875165 0.2374159 0.4290284 0.6063727
1.707745 1.778435 1.647355 0.157468 0.4253958 0.4083779
1.958519 1.205344 2.190012 0.1901308 0.4098183 0.5004013
2.027106 0.9020245 2.555718 0.1901841 0.3800559 0.515968
1.86317 1.386175 1.84573 0.1682946 0.3843646 0.3967627
2.056772 0.9110624 2.595767 0.1941457 0.383863 0.5319879
2.048081 0.7975596 2.913087 0.2106388 0.4208724 0.6502774
1.673634 1.702619 1.622072 0.1503756 0.4048364 0.3777102
1.821942 1.315756 2.066015 0.1746297 0.4104743 0.4788685
2.027089 1.007989 2.434471 0.1979241 0.4019024 0.5296307
1.769548 1.444326 2.025502 0.1758751 0.4390005 0.5142004
2.331673 0.4122371 3.720881 0.2585143 0.4455551 0.811893
2.124495 0.8743388 2.660252 0.212636 0.4084641 0.5777862
1.81561 1.576536 1.752992 0.1689717 0.412134 0.4140993
2.100048 1.012481 2.186498 0.2050463 0.3948601 0.4555091
1.639657 1.789913 1.675624 0.1480017 0.4184208 0.4107727
1.973242 0.9900562 2.6585 0.2011093 0.4262668 0.6243155
1.784944 1.394577 2.325039 0.1759875 0.4404707 0.6052502
2.229474 0.5973799 2.776832 0.2361997 0.4154537 0.5607747
2.415804 0.3516129 3.129514 0.2661664 0.425776 0.6052857
2.251625 0.4560421 3.155401 0.2530222 0.4429786 0.6662312
1.996307 0.8457045 2.984164 0.2009962 0.4166301 0.673753
2.012703 0.986193 2.657642 0.2022599 0.4193268 0.6128883
1.992438 1.223549 2.008608 0.1866649 0.3895883 0.4287154
1.722601 1.56888 1.871367 0.1648026 0.4286285 0.4660531
2.320781 0.3228271 3.499271 0.2764369 0.4711569 0.7652301
1.794451 1.477122 1.835967 0.1604422 0.3885686 0.4062135
2.295317 0.5337341 2.865638 0.2459612 0.4190035 0.5753174
1.752884 1.654626 1.616138 0.1601541 0.4065444 0.3746573
2.232237 0.518584 3.336418 0.2477248 0.4452539 0.7371918
1.997717 1.145613 2.046121 0.1870732 0.3839087 0.4236357
2.12287 0.8466178 2.513765 0.211285 0.3992305 0.5201657
2.03884 0.9498975 2.532002 0.2086233 0.420681 0.5720531
1.956568 1.051529 2.338864 0.1842078 0.3875902 0.4926712
2.280796 0.5486631 3.110632 0.237877 0.4128061 0.6315091
1.889446 1.194424 2.419497 0.1788199 0.4051237 0.5588041
1.654947 1.825945 1.650959 0.1654914 0.4691777 0.4538101
2.474508 0.1830723 3.301309 0.2851352 0.4413295 0.6238479
1.84458 1.446879 1.880695 0.1696365 0.3992701 0.4273832
1.954895 0.9981209 2.567909 0.1864678 0.3952178 0.5560484
2.193605 0.5402451 3.236536 0.2329692 0.4238189 0.6807197
1.992799 1.020846 2.388488 0.1934349 0.3996442 0.5169631
2.120197 0.5956697 3.092813 0.2283744 0.431027 0.6676168
1.922838 1.0323 2.561826 0.1993907 0.4356346 0.6172902
2.019823 0.8706072 2.73928 0.1939916 0.3918985 0.5740033
2.071227 0.9400564 2.534479 0.2036487 0.4023741 0.5466108
2.215845 0.6201705 2.836282 0.2266436 0.4029396 0.5642367
1.945474 1.078993 2.514589 0.1945744 0.4215677 0.5910051
1.762929 1.574355 1.846773 0.1657629 0.4207562 0.4509141
2.187071 0.7707731 2.810216 0.2329046 0.4324235 0.6331093
2.139646 0.7191345 3.13443 0.2224286 0.4244904 0.6990328
1.8775 1.256469 2.107254 0.1680666 0.3773444 0.4450617
1.856818 1.360951 2.040581 0.1723377 0.4001175 0.4646236
1.949187 1.119041 2.58636 0.1876583 0.409934 0.6013701
2.100956 1.017248 2.213311 0.2021986 0.390104 0.4579016
1.816165 1.250607 2.494414 0.1822813 0.4389436 0.6366483
1.994698 1.080832 2.294705 0.1975572 0.4107689 0.514141
1.782121 1.47881 1.856262 0.1696769 0.416292 0.440765
1.918078 1.128245 2.407611 0.1821603 0.3996179 0.5375214
2.196662 0.4879889 3.517252 0.2463922 0.4525384 0.7920734
2.340317 0.4724597 3.018797 0.2614567 0.4380848 0.6269722
1.936539 1.150086 2.355914 0.197074 0.4310131 0.5676165
1.910716 1.282827 2.024953 0.172384 0.3800791 0.4291855
2.28625 0.4421914 3.278439 0.2505148 0.4324521 0.6784354
1.896841 1.304558 2.163877 0.1744898 0.3949463 0.4868175
2.01589 0.9673913 2.524596 0.1972373 0.4019447 0.5474847
1.87817 1.223698 2.157551 0.1756446 0.3942386 0.4747576
2.156813 0.6833947 2.864454 0.2306636 0.4285134 0.6219903
1.972901 1.054912 2.549486 0.1927722 0.4103482 0.5819925
1.780351 1.604829 1.85111 0.1690192 0.4282543 0.4623116
2.14767 0.6931402 3.023168 0.2306628 0.4354715 0.6797651
1.857348 1.250054 2.215283 0.1853994 0.4274027 0.5351975
1.598724 1.910932 1.55557 0.1571296 0.4669377 0.4244284
2.101454 0.7771241 2.88905 0.2110679 0.4078344 0.6190177
2.078185 0.7249133 2.936673 0.2162683 0.4210442 0.6405122
1.765908 1.418664 2.180884 0.1712869 0.4307736 0.5500243
2.146087 0.8719533 2.595332 0.2146704 0.4059086 0.5556631
2.429284 0.2892559 3.303439 0.2799611 0.4476679 0.6644248
2.109943 0.8872999 2.392922 0.2069522 0.3927127 0.4873909
2.572908 -0.04709651 4.321015 0.3271595 0.5015076 0.9050533
2.212877 0.6392571 2.801068 0.2331043 0.4164781 0.5777366
1.792179 1.490752 1.864276 0.1681416 0.4113249 0.4388777
1.776667 1.409207 2.163085 0.1720607 0.4279067 0.5391968
2.093807 0.9069569 2.434841 0.204453 0.3935249 0.5024814
1.900107 1.164259 2.335139 0.1917844 0.4281444 0.560111
2.021056 0.9493737 2.478054 0.1989608 0.401912 0.5320584
2.004135 1.061811 2.169601 0.1899566 0.3855713 0.4467298
1.984514 1.124249 2.20695 0.1869 0.3896857 0.4698561
1.837286 1.326781 2.110284 0.1885176 0.444272 0.5333505
1.86223 1.232955 2.333669 0.1774837 0.4090529 0.5444772
1.906953 1.209037 2.227422 0.1825886 0.4056311 0.5067097
2.307974 0.435133 3.446527 0.2530597 0.4362414 0.7279877
2.002707 0.8855543 2.835518 0.2059245 0.4262947 0.6558333
1.938209 1.189786 2.245447 0.1733999 0.3757197 0.4719061
1.978191 0.9597598 2.690003 0.2021443 0.4256363 0.6268137
1.86849 1.237428 2.072154 0.1709245 0.3834409 0.4407472
1.920797 1.200457 2.081868 0.1791004 0.3886326 0.4453026
1.959325 1.089876 2.495448 0.1988051 0.4285614 0.5968538
2.154744 0.6785418 3.022895 0.229315 0.4301318 0.6678478
1.815483 1.409722 2.001418 0.1657014 0.3963782 0.4542576
1.716637 1.56907 1.872138 0.162489 0.4237837 0.4609979
2.033875 0.9525135 2.546551 0.1996804 0.4032573 0.5535913
1.866778 1.184398 2.339687 0.187062 0.4269543 0.5628604
1.863901 1.191333 2.381267 0.184291 0.4227394 0.5705428
1.840382 1.26605 2.205351 0.1734123 0.4035337 0.5053082
1.708309 1.710653 1.676668 0.1558815 0.4146936 0.4032052
2.092101 0.6967825 2.868081 0.2175266 0.416757 0.6092033
2.169397 0.5855048 3.404654 0.2407056 0.4515895 0.7868497
2.502325 0.03680586 4.268166 0.3011633 0.4745152 0.8741126
2.293006 0.4236739 3.424988 0.2540308 0.4399285 0.7249431
1.949963 1.108047 2.416568 0.1959597 0.4234373 0.5694625
2.032984 0.9310226 2.585968 0.2037742 0.4115256 0.5715645
2.066542 0.7433841 2.785228 0.2181217 0.4250271 0.6087689
2.076249 0.7415178 2.832582 0.2099432 0.4064086 0.5935923
2.389577 0.1943094 3.813527 0.2922578 0.4840705 0.8313724
2.056354 0.9016565 2.603525 0.2049274 0.4069317 0.5647405
1.815324 1.49371 1.939087 0.1742158 0.4245302 0.4755535
1.981584 1.039291 2.590452 0.1986874 0.4210957 0.6054486
1.855629 1.511648 1.753606 0.1715764 0.4023862 0.3995242
2.125457 0.8396854 2.520311 0.2091701 0.3940077 0.5138408
1.934234 1.165988 2.214473 0.1838164 0.3975207 0.4868239
2.156757 0.6457848 2.848513 0.2273251 0.4186821 0.5951192
1.667299 1.77667 1.581548 0.1583377 0.435479 0.3975312
2.226363 0.5944989 3.061613 0.2493296 0.4489537 0.6865354
2.04092 0.9059833 2.727176 0.1914315 0.3843925 0.5664478
2.416156 0.3029124 3.41255 0.2764331 0.4472716 0.6960103
1.766285 1.397413 2.101055 0.1686742 0.4187351 0.5084501
2.30681 0.3621365 3.475912 0.2564664 0.4385408 0.7170818
1.845831 1.238673 2.501501 0.1910043 0.4530308 0.6583844
2.123306 0.755031 2.80359 0.2172707 0.4120894 0.5969899
1.814214 1.303548 2.121785 0.1680312 0.3962722 0.4764608
2.378427 0.355002 3.364331 0.2627714 0.4326195 0.6762193
2.005607 0.9483383 2.698798 0.1955322 0.4035532 0.5942521
2.283302 0.4737993 3.339022 0.2557611 0.4468011 0.7274444
2.052051 0.8589758 2.755448 0.1943838 0.3853447 0.5658925
1.945025 1.061923 2.514272 0.1824165 0.3920324 0.5474375
2.174751 0.6023417 2.996693 0.2334443 0.4275404 0.6374588
1.982256 0.9967265 2.30551 0.1918302 0.3935489 0.4831353
1.867961 1.196993 2.273223 0.1744524 0.3948216 0.5038008
1.942656 1.147132 2.307446 0.1892683 0.4098155 0.5259312
2.405606 0.2097224 3.729135 0.278337 0.4541269 0.7614302
2.196603 0.6515566 2.694544 0.2308289 0.4135051 0.5486711
1.912229 1.26513 2.176485 0.177703 0.3960937 0.4872823
2.126647 0.8762171 2.453097 0.20637 0.3890861 0.4967045
1.986057 0.9788477 2.402143 0.1866672 0.3822058 0.4908217
2.598603 -0.1460216 4.294273 0.3442475 0.5191137 0.8853693
1.859934 1.323208 2.191538 0.1744608 0.4063874 0.5114518
2.044827 0.8987051 2.785166 0.1987023 0.4002137 0.6036545
2.062986 1.048828 2.348372 0.2004253 0.4013392 0.512627
2.008873 1.007602 2.440784 0.1964353 0.4033144 0.5340334
1.790495 1.323118 2.22048 0.170268 0.4137202 0.5296142
2.56727 0.04748166 3.699348 0.3111882 0.4683422 0.7211012
2.040186 0.9412944 2.617782 0.2125818 0.4306864 0.6090094
1.770294 1.599526 1.760512 0.1670032 0.4209595 0.4268862
1.743505 1.400741 2.199778 0.1691312 0.4290919 0.5510791
2.090223 0.8357125 2.706142 0.2088316 0.4055308 0.578327
1.699456 1.737226 1.616817 0.1557127 0.4169601 0.389376
2.119496 0.8448221 2.591345 0.212159 0.4040248 0.5471255
1.886006 1.151463 2.356784 0.1822691 0.4082824 0.538756
2.170507 0.6691655 2.882686 0.2261316 0.4158915 0.6054846
2.11028 0.7731508 2.767845 0.2139611 0.4084704 0.5859441
2.372431 0.3145293 3.566101 0.2765608 0.4613159 0.7656083
1.972444 0.9975852 2.64059 0.2039453 0.4334665 0.6315632
2.140636 0.7409031 2.678059 0.221363 0.4125957 0.561547
1.941163 1.022343 2.512267 0.1917996 0.4108902 0.5658601
2.15911 0.6224387 3.424716 0.2428218 0.4617971 0.8226238
2.213607 0.5659109 3.116979 0.2308915 0.4146937 0.6416346
2.176178 0.7778651 2.653077 0.2218639 0.4084323 0.5565694
2.10742 0.6410373 3.145642 0.2209302 0.4227625 0.680015
2.277199 0.5847472 2.93592 0.2361311 0.408812 0.5896793
2.035639 0.870511 2.781109 0.2059568 0.4157993 0.6205271
1.943395 1.178761 2.178194 0.186902 0.4030232 0.485652
1.825849 1.498354 1.774309 0.1558034 0.3690764 0.3714968
1.999591 0.9902462 2.415977 0.1948466 0.3993654 0.5190656
2.315899 0.3068719 3.842036 0.2646283 0.455941 0.8283005
1.797737 1.525446 1.776951 0.1739583 0.4251993 0.4304209
1.885176 1.272349 2.221691 0.1775388 0.4041002 0.5110781
1.869314 1.48791 1.766143 0.1730016 0.40101 0.3999389
2.222342 0.5676734 3.047734 0.2460585 0.4409806 0.6630745
2.142578 0.7823761 2.496127 0.2088058 0.384824 0.4861181
1.878827 1.255615 2.22853 0.1677093 0.3800018 0.4804923
1.958808 0.9139855 2.777506 0.2002668 0.4245399 0.6421336
1.924145 1.208311 2.196001 0.1866607 0.4100756 0.5029032
2.076413 0.7960804 3.02997 0.21631 0.4294966 0.6967639
2.015129 0.9982142 2.549653 0.2118379 0.4380508 0.6100696
2.019854 0.9777547 2.369255 0.2000772 0.4039197 0.5100482
1.726918 1.567827 2.049704 0.1556387 0.4084059 0.4964107
2.204141 0.575349 3.136754 0.2368561 0.429617 0.6725466
1.799658 1.470536 1.960814 0.170515 0.4174409 0.4722473
1.955224 1.315763 1.998514 0.1874637 0.4083244 0.4572931
1.744671 1.658776 1.760051 0.1660383 0.431618 0.4418792
1.862918 1.187202 2.3398 0.1721778 0.3917585 0.5172655
2.131675 0.8494185 2.63866 0.2164969 0.4120442 0.5715731
2.1482 0.6284646 3.328356 0.2337751 0.4439729 0.7645274
2.23563 0.4750088 3.257294 0.2426078 0.4299218 0.6785384
2.438053 0.2379331 3.389058 0.2857436 0.4551845 0.6833266
2.107148 0.7415863 2.865871 0.2294898 0.4421402 0.6566484
1.8674 1.175764 2.385156 0.1840258 0.419842 0.5654698
1.793246 1.545447 1.833622 0.1627528 0.4014256 0.4241432
2.2447 0.5525511 2.990943 0.2385442 0.4193386 0.6123478
1.958098 0.8590325 2.97733 0.1925522 0.407886 0.6625101
2.202031 0.5871058 3.191424 0.2407342 0.439637 0.7061295
2.215888 0.6738401 2.908576 0.2338893 0.4227619 0.6233665
2.618794 -0.05835727 4.292568 0.33802 0.5085748 0.904783
1.953506 1.165406 2.340266 0.1927199 0.4179373 0.5482268
1.77663 1.418058 1.961389 0.1615836 0.3943078 0.4415872
1.76091 1.581624 1.757613 0.1606459 0.4042103 0.4078919
1.978714 1.066399 2.367358 0.1975636 0.4153146 0.5382253
1.934732 1.054842 2.773346 0.1927407 0.425015 0.6691107
1.864467 1.186934 2.358546 0.1862284 0.4263941 0.568267
2.080605 0.9526876 2.465973 0.2009432 0.3937412 0.5188763
2.017459 1.101877 2.127455 0.1976122 0.4018486 0.4596757
2.236908 0.5637915 3.343983 0.2478593 0.4480879 0.7571954
2.262798 0.455875 3.301958 0.2459513 0.4298654 0.6835782
2.026986 0.9902416 2.381625 0.203402 0.4109462 0.5241365
1.835979 1.443314 1.887056 0.1708446 0.4038224 0.4333027
1.857061 1.244274 2.283131 0.18108 0.4188448 0.5441971
2.042637 0.923199 2.602021 0.2069513 0.4159533 0.5804954
1.86535 1.365894 1.966099 0.1746194 0.4017596 0.4461608
1.894294 1.231947 2.114242 0.1734776 0.3845468 0.4523163
2.119566 0.6861483 3.229664 0.2246924 0.433229 0.7321924
1.832781 1.482922 1.802097 0.1726167 0.4098487 0.4188794
2.373227 0.359719 3.532061 0.2635514 0.4390907 0.7323321
2.115084 0.7352194 2.739437 0.2150703 0.4062733 0.5678955
1.843279 1.265212 2.17676 0.1733372 0.4013409 0.4940037
2.056661 0.932024 2.458107 0.2092964 0.4145281 0.5401468
2.041143 0.8207306 2.919971 0.2091163 0.4211901 0.657955
2.287539 0.48329 3.39182 0.2558602 0.4480663 0.7474081
1.957595 1.150208 2.125594 0.1828797 0.3860662 0.447503
1.924918 1.182747 2.113672 0.1802434 0.3890818 0.4512151
1.680858 1.551472 1.964809 0.1459309 0.3887059 0.4484088
1.78783 1.374514 2.088082 0.1571925 0.3797387 0.4546431
2.035087 0.9088775 2.590655 0.1983598 0.3974434 0.5493717
1.933947 1.320363 1.934551 0.1830425 0.401032 0.4320804
1.890543 1.423437 1.849942 0.16682 0.3780449 0.3942186
1.680425 1.610069 1.936784 0.1612976 0.4375086 0.4997976
1.802964 1.434441 2.093617 0.1753378 0.4302312 0.5236919
2.257268 0.4824934 3.336045 0.2463176 0.4348223 0.709689
2.244497 0.5144152 3.114983 0.2460596 0.4343448 0.6582085
2.011617 0.9907614 2.556794 0.197921 0.407831 0.5693808
1.8364 1.307998 2.251422 0.1794494 0.4247561 0.5502415
1.994413 1.009918 2.301538 0.1899262 0.3875169 0.476408
2.620981 0.05179363 3.543277 0.3153166 0.461191 0.6718257
2.289842 0.5345559 2.84342 0.2396051 0.4071924 0.5526181
1.875632 1.276661 2.191807 0.1806333 0.4131382 0.5139543
2.263297 0.4264381 3.274284 0.2425649 0.4210329 0.6553167
1.977399 0.9090081 2.849704 0.2063443 0.4351492 0.6779407
1.773236 1.423445 1.995007 0.1630537 0.4006803 0.4586607
1.864743 1.137335 2.602561 0.1867101 0.4301013 0.6394716
1.82587 1.246246 2.216867 0.164184 0.3819026 0.4787093
2.119352 0.7500138 3.153018 0.2233855 0.4342426 0.7292459
2.024894 0.912221 2.753529 0.2032811 0.4155214 0.6215222
1.804166 1.274567 2.220308 0.172077 0.4096597 0.5176732
1.969591 0.9962119 2.463019 0.1991368 0.4173327 0.5561513
1.995371 1.003052 2.550126 0.1865426 0.3858369 0.5376366
1.99474 0.8836587 2.877398 0.2048485 0.4264465 0.6675357
2.016747 1.008894 2.285488 0.1918342 0.386655 0.4712614
2.188845 0.7293566 2.823488 0.2199864 0.4029117 0.5842311
1.91765 1.264727 2.040341 0.1868465 0.4115719 0.4666982
2.170868 0.5479623 3.461161 0.232467 0.4326715 0.7581224
1.960412 1.062318 2.506929 0.2038095 0.4377532 0.6085951
2.155135 0.59696 3.233945 0.2270941 0.4244664 0.6969327
2.09345 0.8953858 2.68737 0.2099057 0.4116048 0.5935511
1.897716 1.013391 2.777024 0.1769559 0.3925742 0.6126913
1.955617 1.068777 2.366215 0.1899418 0.4032139 0.5225187
1.785276 1.390711 2.232014 0.1721845 0.4268314 0.557382
2.055514 0.8062309 2.730898 0.2039772 0.4003255 0.570725
2.206833 0.6216112 3.15697 0.2437417 0.446296 0.7162472
1.791032 1.453497 1.960049 0.1753332 0.4305583 0.4853237
1.61636 1.944823 1.399908 0.1568071 0.4552586 0.3646786
2.087428 0.8956772 2.481015 0.2028314 0.3918288 0.5104456
2.130608 0.7160144 3.025957 0.2300361 0.4397817 0.692896
2.241769 0.5254322 3.241604 0.2439372 0.4343235 0.6951334
2.020315 0.9980187 2.419377 0.1976655 0.4016962 0.5239004
1.945471 1.213786 2.088691 0.1857803 0.4000422 0.46149
1.940576 1.033086 2.725014 0.1853793 0.4027394 0.6159469
1.875078 1.258275 2.303909 0.1869206 0.4307284 0.5675489
2.26506 0.4862036 3.097188 0.2512921 0.4373357 0.6498218
1.830734 1.423206 1.928672 0.1741479 0.4132189 0.4537922
2.126079 0.8151272 2.642508 0.2115985 0.4003695 0.5498959
2.084624 0.7954466 2.750855 0.2089267 0.4045951 0.5804457
1.915556 1.195726 2.378999 0.1904113 0.4256121 0.57451
1.979928 1.060936 2.528367 0.1926264 0.408027 0.5731492
1.973516 1.000837 2.489407 0.1853384 0.3866336 0.523619
2.00295 1.123503 2.211418 0.1958012 0.405866 0.4904888
1.896922 0.9926917 2.690444 0.1900811 0.42018 0.6260818
2.124346 0.6606875 3.015007 0.2231718 0.4224759 0.649448
2.293274 0.4517404 3.301011 0.2497495 0.4309164 0.6850231
2.090242 0.7404408 3.018903 0.2195596 0.4288684 0.6800198
2.548223 0.1779584 3.442835 0.3041747 0.4621608 0.6893141
2.067733 0.8122983 2.893428 0.200479 0.3945249 0.6057793
2.012828 0.9788543 2.457138 0.2002681 0.4089614 0.5413224
2.114369 0.7696137 2.891263 0.2169016 0.4169978 0.6321153
1.710885 1.807685 1.590711 0.1591408 0.4310201 0.3986073
1.843712 1.212613 2.351038 0.1704479 0.3945487 0.5274662
2.095967 0.8837036 2.670388 0.2221388 0.435523 0.6206985
2.321415 0.4957793 2.88934 0.2484637 0.4161473 0.5680378
2.241221 0.619504 2.638009 0.2299385 0.398812 0.5083002
1.974298 1.074899 2.42832 0.1878178 0.3965377 0.5316444
1.925331 1.017578 2.592392 0.2004268 0.4364936 0.624157
1.790046 1.515246 1.881826 0.174405 0.4315478 0.4678682
2.227213 0.5054551 3.310454 0.2313169 0.4125119 0.6719536
2.046 0.9473675 2.588826 0.2118091 0.4271622 0.5967012
2.070928 0.8910255 2.471312 0.1942862 0.3762445 0.4867206
2.067333 0.7498333 2.79226 0.2143262 0.4174014 0.6006782
2.023327 1.009233 2.426348 0.204417 0.417187 0.5480485
2.178342 0.7387643 2.873338 0.2304719 0.428046 0.6363883
2.12137 0.8865014 2.631722 0.2123912 0.4085826 0.5720172
1.804612 1.367708 2.069755 0.17488 0.4203535 0.4969086
1.97861 1.145843 2.207108 0.18168 0.3816074 0.4638938
2.041067 1.062737 2.258895 0.2077684 0.4198656 0.5121568
2.199572 0.5531361 3.070215 0.2399277 0.4332027 0.6534941
2.365313 0.5031411 2.761124 0.2505136 0.4083563 0.5268307
2.42056 0.2378764 3.577695 0.2810871 0.454405 0.7309893
2.062537 0.9320265 2.448816 0.1939571 0.3801445 0.493159
1.995026 0.9649887 2.514491 0.1935846 0.3977256 0.53846
2.206493 0.591039 3.268991 0.2313593 0.4218308 0.6988935
1.85549 1.322142 2.236611 0.1757261 0.4118652 0.5312511
2.063404 0.8870096 2.625413 0.2124712 0.4213392 0.5886545
1.830844 1.436402 1.822802 0.1791279 0.4224117 0.4332494
1.961733 0.854569 3.111585 0.2104497 0.4506015 0.7710683
2.04844 0.7951703 2.768795 0.2048203 0.4042525 0.5850834
1.975454 1.029606 2.552743 0.1916638 0.4046695 0.5699533
1.990688 0.8878781 2.644133 0.2029848 0.4171038 0.5873618
1.894584 1.308196 2.000613 0.1814777 0.4072461 0.455864
2.16104 0.6421925 3.135289 0.2282681 0.4264799 0.6841334
2.009418 0.898378 2.711942 0.2016103 0.4124513 0.601489
2.03535 0.9114813 2.56987 0.2095553 0.421392 0.5769759
1.790549 1.52863 1.837365 0.1720208 0.4245092 0.4477749
2.131188 0.7563341 2.972585 0.2132162 0.4062143 0.6339211
2.14178 0.6318234 2.923688 0.2325403 0.4332631 0.6333097
1.81805 1.498138 1.81978 0.1861317 0.4494822 0.4653423
1.772643 1.435058 2.08253 0.1698561 0.4230033 0.511466
1.649039 1.728998 1.905647 0.1458635 0.4123556 0.4701161
2.067921 0.7573095 3.100588 0.2126427 0.4222665 0.6963404
2.068024 0.9082012 2.711934 0.2114483 0.4218339 0.6171515
2.092427 0.8544798 2.575226 0.2104256 0.4061909 0.5471386
2.429027 0.2725332 3.280455 0.2728511 0.4339832 0.6342902
1.982723 1.255678 2.003878 0.1811998 0.3824323 0.4236313
2.086644 0.926038 2.558142 0.201595 0.3940707 0.5389427
1.932401 1.176132 2.372969 0.19213 0.423348 0.5664009
1.708498 1.75533 1.585962 0.1558223 0.415194 0.3794481
2.134371 0.7205584 2.864344 0.2135017 0.4011583 0.5904096
2.140917 0.7233741 2.981103 0.2250845 0.4268081 0.6615772
2.016366 1.011882 2.411991 0.1958727 0.3994718 0.521078
1.705607 1.856305 1.429851 0.1601593 0.4316831 0.351861
1.97661 1.096766 2.347494 0.1969765 0.4162667 0.5379454
2.021761 1.02407 2.418451 0.2005004 0.4100599 0.5390378
2.019851 0.9014852 2.567802 0.2118189 0.4291612 0.5854925
1.809179 1.370225 2.031041 0.1784297 0.428031 0.495524
1.682313 1.656111 1.791231 0.1469158 0.3944727 0.4124674
2.007379 0.9427105 2.833562 0.2032099 0.4235032 0.66184
1.721681 1.548367 1.909259 0.1611346 0.4180361 0.464298
2.131998 0.7488699 2.808518 0.214636 0.4044084 0.5858939
1.657449 1.7759 1.768434 0.145737 0.4093762 0.4286363
1.593784 1.984208 1.402052 0.1415286 0.4201711 0.3392383
1.970865 1.115647 2.460136 0.1947862 0.4182246 0.5767633
2.074946 0.7523211 2.866635 0.2099423 0.4086236 0.6087571
2.075013 0.8063837 2.792429 0.2152162 0.4220489 0.6194377
1.821716 1.354843 2.227286 0.1820371 0.4391844 0.5674726
2.022706 0.8755437 2.670427 0.202211 0.4083733 0.5807659
1.675362 1.846517 1.57774 0.1563088 0.4356382 0.4002904
1.546844 1.947525 1.629766 0.1496425 0.4666376 0.4497624
2.267916 0.6125659 2.783431 0.2411413 0.4182932 0.569735
1.991714 1.081801 2.349029 0.2034805 0.4262791 0.5490925
1.787591 1.606825 1.734389 0.1643193 0.4097879 0.4090628
2.313261 0.3951707 3.286126 0.2553261 0.4335646 0.6702485
2.267865 0.3712138 3.747937 0.2507259 0.4417011 0.7980838
2.138323 0.7877385 2.540497 0.203739 0.3765509 0.4867896
2.170054 0.8845316 2.188843 0.2069114 0.3740917 0.4139317
1.852036 1.262416 2.282094 0.1721459 0.3990836 0.5200868
1.981913 1.005001 2.461717 0.195983 0.408209 0.5452336
2.010258 0.8272295 2.896257 0.1990784 0.4058118 0.6286623
1.922459 1.056675 2.425647 0.1863476 0.4032325 0.5374341
1.806024 1.373823 2.162429 0.1855395 0.4518351 0.5649463
1.990477 0.8046331 3.241129 0.2079888 0.4365426 0.7727733
1.822 1.302693 2.132377 0.1720286 0.404818 0.4895948
2.548448 0.03374419 3.830214 0.3093384 0.470901 0.7534474
1.883297 1.345491 1.912709 0.1825161 0.4124033 0.4400161
2.015467 0.9489742 2.573088 0.2030833 0.415081 0.5762549
2.185755 0.6221595 3.022435 0.2350558 0.4304893 0.6538983
1.810537 1.345233 2.077899 0.1734672 0.4135206 0.4890119
1.98255 1.106677 2.1009 0.1881779 0.3876201 0.4367707
1.840849 1.38828 1.932544 0.1708224 0.3986181 0.4351645
2.150402 0.7638524 2.636399 0.2145622 0.3974827 0.5349925
1.984672 0.9708761 2.559591 0.1923345 0.3990502 0.5536924
1.774816 1.360104 2.156235 0.1583168 0.3873628 0.4819896
1.684819 1.687264 1.79506 0.1620432 0.4407362 0.4637311
1.926492 1.123408 2.543779 0.2011509 0.4470155 0.6440411
2.076385 1.076309 2.04982 0.1987469 0.3871033 0.4195137
2.215507 0.4060085 3.491368 0.2519437 0.452913 0.7591958
1.868799 1.279748 2.205734 0.1748465 0.4012979 0.5036733
2.39626 0.230629 3.612148 0.2771683 0.4528786 0.7355318
2.138793 0.736184 2.733041 0.2188216 0.4090122 0.5704146
2.147721 0.6502122 3.147647 0.2289272 0.431437 0.6973559
1.999985 0.9347599 2.785096 0.2024442 0.4217296 0.6437859
1.747756 1.672393 1.674573 0.1601217 0.4121981 0.3978523
1.842514 1.351357 2.196855 0.1778795 0.4214786 0.5344601
1.614423 1.830912 1.60239 0.1541634 0.446542 0.4177902
1.939229 1.122862 2.430181 0.1942283 0.4236801 0.5760177
1.904682 1.147681 2.320455 0.1850412 0.4095807 0.5302539
2.057472 0.9558591 2.338385 0.1998733 0.392676 0.4843056
2.216938 0.7043077 3.074699 0.2317668 0.4250779 0.6808879
2.007645 0.990894 2.57123 0.1990587 0.4114288 0.5780472
2.089197 0.8277827 2.685599 0.2095137 0.4059936 0.5718079
1.82366 1.329443 2.237276 0.1688789 0.4027588 0.5205805
2.403626 0.2481534 3.710113 0.2797711 0.4592802 0.7786705
2.092429 0.9470688 2.549269 0.2066807 0.4053106 0.5557889
1.996149 1.136709 2.21898 0.1998034 0.4180857 0.509614
2.105363 0.7959489 2.657864 0.2092115 0.3985168 0.5475051
2.145697 0.7256772 2.87824 0.2188775 0.4103798 0.6083952
1.865244 1.364145 1.93747 0.1733928 0.3974281 0.4331362
1.938898 1.293079 1.936818 0.1760335 0.3806643 0.4077908
1.610936 1.89448 1.492519 0.1412279 0.4091946 0.353535
1.914792 1.027982 2.772256 0.1868078 0.4127942 0.6440618
2.316268 0.2867925 3.676961 0.2765069 0.4740302 0.808396
2.170686 0.6080939 3.06627 0.2308376 0.425193 0.6540754
1.966353 1.116068 2.557082 0.1996536 0.4329311 0.6256386
1.999886 1.08281 2.325946 0.1954265 0.4059149 0.5169449
1.853259 1.396719 2.106264 0.1893335 0.4497752 0.5472885
1.721795 1.484825 2.065925 0.1614987 0.4182981 0.506084
1.729821 1.515343 2.01221 0.1692162 0.4381414 0.5153349
2.20879 0.6264162 2.980671 0.2301653 0.4152773 0.6209583
2.229548 0.279532 4.018461 0.2584429 0.4651257 0.8855927
2.207013 0.7482808 2.678798 0.220998 0.3989313 0.5446966
2.21292 0.6554354 2.825152 0.2261903 0.4044687 0.5702543
1.97992 1.109847 2.247796 0.1854463 0.3877587 0.4769854
1.934456 1.386169 1.834663 0.1756886 0.3864294 0.3961486
2.263054 0.5322162 3.215762 0.2373778 0.4172317 0.6630404
2.164236 0.551768 3.284417 0.2279149 0.4214205 0.6919507
2.432661 0.2691875 3.735136 0.2763496 0.4485969 0.773386
1.665651 1.747852 1.814081 0.1513901 0.422683 0.4546412
1.995064 0.8843725 2.815803 0.1959941 0.4050329 0.6173679
1.813322 1.355297 2.179263 0.1768164 0.4262929 0.5362923
2.293662 0.6511241 2.625185 0.2313621 0.3932451 0.5041192
2.477341 0.1847418 3.431161 0.2795354 0.4343761 0.6466246
2.248832 0.5156747 3.242086 0.2502614 0.4447404 0.7099321
1.789745 1.399835 2.06302 0.171888 0.419574 0.4976865
1.85675 1.281375 2.243722 0.1713126 0.3966292 0.508622
1.908378 1.231637 2.182626 0.1889577 0.4210674 0.5155353
1.940051 1.093616 2.450136 0.2024491 0.4404596 0.5999621
1.94868 1.031157 2.446151 0.1999867 0.4267116 0.5696902
1.64445 1.837983 1.598755 0.1615191 0.4591587 0.4275481
1.926073 1.039135 2.619338 0.1843598 0.4012016 0.5848774
2.229844 0.5635718 3.101528 0.2396013 0.4277707 0.6567213
2.111739 0.7057645 2.980602 0.2254432 0.4324087 0.6656337
1.962998 0.9302366 2.660207 0.2075832 0.4382794 0.6310138
2.261393 0.5695364 3.006131 0.2427876 0.4250981 0.6276125
2.110765 0.6550357 2.93827 0.2131619 0.4025112 0.597805
1.690222 1.699543 1.713532 0.1631029 0.440471 0.4389439
2.179732 0.8636418 2.396533 0.2158973 0.3951816 0.487565
1.976464 1.157388 2.184612 0.1910248 0.40345 0.4852204
1.996279 1.078532 2.346425 0.1897661 0.3941476 0.5068441
1.811485 1.337639 2.149064 0.1678621 0.4010138 0.4941303
1.986414 0.9711802 2.700896 0.2028978 0.4266145 0.6333718
1.77608 1.364898 2.265151 0.1679795 0.4163085 0.5504378
1.878827 1.24057 2.149456 0.1800137 0.4060138 0.4886882
1.950725 1.057861 2.40889 0.1974299 0.4220342 0.5577011
2.186022 0.5278688 3.177906 0.2320248 0.421464 0.6583455
1.988935 0.9942808 2.588781 0.200558 0.4202135 0.5967587
2.084419 0.7038428 3.224611 0.2139032 0.4196589 0.7129149
2.214619 0.6960516 2.581003 0.2271363 0.4025383 0.5136514
2.056649 1.038042 2.244726 0.1940639 0.3841959 0.4615701
1.720222 1.665237 1.596421 0.1448564 0.3734591 0.3403881
2.112979 0.7675454 2.942886 0.2185303 0.4215127 0.6522395
1.910232 1.27161 2.245568 0.1855822 0.4181772 0.5351976
2.3846 0.1874424 4.058833 0.2793251 0.4652273 0.8607996
1.991143 0.986082 2.506331 0.1866611 0.3848594 0.5229095
2.096514 0.7269473 2.975107 0.2151331 0.4155058 0.6425973
2.179851 0.6545863 2.978584 0.2323682 0.4279615 0.6464402
2.125378 0.6225896 3.408115 0.2331521 0.4494586 0.7963253
2.015901 1.144573 2.064425 0.1827196 0.3713631 0.4147518
2.179041 0.7378393 2.785165 0.2268909 0.4184706 0.5982102
1.975914 1.088387 2.447857 0.192319 0.4086301 0.5559869
2.020689 1.020573 2.36763 0.194501 0.3950886 0.5050456
2.381506 0.1737629 4.02163 0.2830413 0.4715765 0.8582674
1.849957 1.480135 1.717827 0.1655022 0.3841603 0.3698691
1.934586 1.061333 2.649826 0.1896979 0.4146268 0.6170194
1.842767 1.291289 2.207363 0.1813621 0.4249927 0.5354348
2.093381 0.7564798 2.588917 0.208899 0.3956567 0.518813
1.840359 1.269764 2.291903 0.1812643 0.4259626 0.5591915
1.870347 1.269694 2.269479 0.1983211 0.4595343 0.5952908
2.217507 0.4258077 3.662667 0.2475876 0.4486914 0.8056936
2.295554 0.390122 3.416381 0.2566977 0.4419968 0.7158423
2.378547 0.3640013 3.314995 0.2652304 0.4368797 0.6736294
2.162681 0.592117 3.140533 0.2279194 0.4214947 0.6639728
2.134557 0.6503844 3.097484 0.2215272 0.4179073 0.6619457
1.967475 0.9609136 2.645834 0.1940697 0.4087942 0.5903663
1.605771 1.821279 1.75562 0.1631733 0.4819115 0.5021644
2.168483 0.5414781 3.253325 0.234482 0.4329714 0.7009266
2.191666 0.6076125 3.014161 0.2346029 0.4271892 0.6433815
1.952902 1.085997 2.320686 0.1860876 0.3949808 0.5018655
1.91714 1.264614 2.123146 0.1779832 0.3937324 0.4694742
2.012612 1.091208 2.244468 0.1879484 0.3844295 0.4690748
2.066798 0.7361497 2.949674 0.2104499 0.4125709 0.634347
2.257179 0.5050553 3.203442 0.2462662 0.4332336 0.6772725
1.9855 1.022825 2.35586 0.1950924 0.4037041 0.5129309
2.389963 0.1899345 3.95519 0.2823269 0.4678749 0.8383141
2.001596 0.9440063 2.835485 0.2039734 0.4270433 0.6688152
1.934948 1.232401 2.181477 0.1831783 0.4014334 0.491611
2.219839 0.5643326 3.060882 0.2327961 0.4158662 0.6284908
1.934707 1.131613 2.417079 0.1915049 0.4187998 0.5670081
1.716159 1.63924 1.742411 0.1650446 0.433061 0.4362233
2.094188 0.8520325 2.731453 0.2085334 0.4056892 0.5877924
2.30464 0.4753604 3.179539 0.2501114 0.4281522 0.6551725
2.436761 0.2052229 3.393858 0.2772364 0.4382361 0.6479975
2.170188 0.7291408 2.680348 0.2211136 0.4049415 0.5490414
2.03276 0.9066068 2.736355 0.204891 0.4160188 0.6155875
2.036032 0.8481135 3.049891 0.2111506 0.4322847 0.7195722
1.967669 1.104408 2.283523 0.1945259 0.4117824 0.5157928
2.40824 0.2648034 3.681338 0.2856531 0.4693577 0.7939565
2.374742 0.3534518 3.481311 0.2655245 0.440757 0.7195287
1.668672 1.618622 1.747523 0.151376 0.4053575 0.408856
2.154536 0.7480466 2.709045 0.2202611 0.4086621 0.5655491
2.220224 0.4943564 3.576362 0.247806 0.4517661 0.8094905
2.047168 0.8978109 2.8273 0.218368 0.4441855 0.6832108
2.161503 0.765161 2.718468 0.229659 0.4279405 0.5985946
1.87086 1.355238 1.995314 0.1823938 0.4198016 0.4737601
2.219909 0.4250442 3.506096 0.2516009 0.4529804 0.769652
1.918291 1.408472 2.001412 0.1706327 0.3853109 0.4414246
1.810508 1.417607 1.913904 0.1712336 0.4090594 0.4439607
1.872792 1.329363 2.043168 0.1782737 0.408526 0.4722438
2.104087 0.7863729 2.930118 0.2177374 0.4236228 0.6577125
2.228504 0.4957415 3.262017 0.2344825 0.416981 0.6646502
2.382091 0.3792632 3.289685 0.2596139 0.4260067 0.6535226
1.914978 1.117264 2.614835 0.1790628 0.3978909 0.5916433
2.124531 0.6098286 3.272158 0.2259429 0.429956 0.7186022
2.060649 0.9829863 2.479372 0.2022488 0.4036988 0.5407008
2.450963 0.1123416 3.896571 0.2970874 0.476255 0.8099466
2.16679 0.5834805 3.196957 0.2301974 0.4263626 0.6860059
2.074686 0.8598315 2.689116 0.2165958 0.4267918 0.6083613
2.269392 0.4889199 3.286186 0.2546877 0.4477659 0.719064
1.992305 1.060648 2.309276 0.1889582 0.3902506 0.4889941
2.335994 0.3546399 3.591096 0.2720397 0.4638781 0.7900274
2.116635 0.7038039 2.998208 0.2237364 0.4281962 0.6638968
2.118257 0.6785351 3.099358 0.2259621 0.4331588 0.6944009
2.166139 0.6121389 3.24166 0.226982 0.4229337 0.6999644
2.150176 0.7317824 2.830066 0.222136 0.4153906 0.6042246
2.23709 0.3904612 3.71504 0.2536429 0.4553335 0.821557
1.893302 1.395837 1.926517 0.1793349 0.4079777 0.4443131
2.243906 0.5930492 2.830324 0.2298824 0.4015361 0.5547655
1.896627 1.161865 2.182599 0.1898253 0.418894 0.5032676
2.159519 0.6385832 3.098391 0.2276462 0.424273 0.6693368
1.768061 1.600297 1.780517 0.1639356 0.4142943 0.4261673
1.812104 1.474968 1.75618 0.1684602 0.4014685 0.3967766
1.955666 0.9266458 2.866379 0.2012135 0.4303078 0.6785973
2.096789 0.7567076 2.792627 0.2192489 0.4220424 0.609364
1.751787 1.507798 1.824524 0.1554927 0.3879463 0.4047138
2.040447 0.933181 2.439358 0.2070551 0.4125248 0.5321533
1.961773 0.9776504 2.518616 0.1974085 0.4152755 0.5660409
2.036037 0.9014318 2.525823 0.1990037 0.3958541 0.5278993
2.023076 1.102035 2.2813 0.194111 0.3982867 0.4978457
1.6774 1.635307 1.881147 0.1476705 0.3996569 0.4427063
2.128795 0.6816993 3.084542 0.220606 0.4190288 0.6669755
2.063919 0.7765763 2.844164 0.2131698 0.4194927 0.6244814
1.826992 1.493305 1.856668 0.1724607 0.4144698 0.4406755
2.22332 0.4563296 3.805011 0.2398358 0.436778 0.8330127
1.709793 1.529502 1.985458 0.1573777 0.4118718 0.4787129
1.703067 1.7414 1.56948 0.1645383 0.4387401 0.3948164
1.960239 0.9846554 2.657293 0.1887698 0.3996721 0.582783
2.424103 0.3807691 3.038405 0.2652277 0.4222419 0.5854339
1.906201 1.167281 2.421128 0.1880656 0.4206851 0.575964
2.011772 0.8901234 2.989573 0.2094093 0.4357925 0.7163593
1.908405 1.0607 2.756539 0.1793631 0.3985631 0.6227634
1.786531 1.328726 2.286354 0.1727953 0.4231966 0.5612072
2.040702 1.021265 2.506909 0.2015167 0.4104801 0.5638899
1.838767 1.322842 2.068427 0.1778832 0.4156204 0.4866533
2.104579 0.7341494 2.813546 0.2174832 0.4151636 0.5996025
1.933964 1.26504 2.113601 0.1856281 0.4077618 0.4833699
1.984575 1.115401 2.333229 0.1991964 0.4210287 0.5431364
2.029866 0.8655086 2.768778 0.2068263 0.4186132 0.6207372
1.964905 1.15841 2.197362 0.1867604 0.3968209 0.4809635
2.070827 1.03057 2.397336 0.1991099 0.3961 0.5154351
1.78815 1.484107 1.88364 0.1709478 0.4198089 0.4531311
2.168653 0.6886839 2.882669 0.2167564 0.3985508 0.5839143
1.647543 1.734725 1.722596 0.1522038 0.4247875 0.4282233
1.851434 1.37432 2.018464 0.1823315 0.4262806 0.4890565
1.926156 1.130875 2.350145 0.1888925 0.4127667 0.5399327
2.136291 0.7685122 2.664452 0.2217811 0.4163326 0.5688895
1.843875 1.220509 2.361776 0.1744739 0.4055526 0.5462161
2.103195 0.7952073 2.871195 0.2100655 0.4062332 0.615342
2.26953 0.5519952 2.931206 0.2397601 0.4149403 0.5898877
2.078989 0.925825 2.50947 0.2060447 0.4041193 0.540017
2.272895 0.254776 4.363375 0.2680264 0.4791795 1.004794
2.237629 0.3384885 3.920039 0.2724614 0.4921388 0.9303758
2.312153 0.2908281 3.72458 0.2678266 0.4596591 0.79785
2.250172 0.4386594 3.684226 0.237961 0.4241896 0.7719833
2.178148 0.7327462 2.581261 0.2207324 0.4003 0.5183311
2.294457 0.4444623 3.168002 0.2489759 0.4254954 0.6393382
2.172763 0.6692676 2.970317 0.2261205 0.417636 0.6315507
2.161594 0.6475838 3.078949 0.2306786 0.4301853 0.6754662
1.726611 1.618737 1.777477 0.162505 0.4234713 0.436553
2.119681 0.8198628 2.589152 0.2115514 0.4004842 0.5368314
2.285484 0.4841675 3.183075 0.2473409 0.4274777 0.6572328
1.671111 1.712462 1.814166 0.1511441 0.4162799 0.4453816
2.020297 0.7319515 3.372052 0.2155852 0.4435252 0.8052912
1.771745 1.485125 1.914431 0.1677149 0.4167644 0.4590782
1.753203 1.628143 1.717646 0.1582989 0.4035314 0.3994921
1.838463 1.372842 2.073012 0.1704627 0.4020005 0.4772747
2.297098 0.5197119 3.106747 0.2498505 0.4301909 0.6498593
2.244711 0.527859 3.060037 0.2397198 0.4215452 0.6274696
2.707222 -0.1783547 4.226462 0.350837 0.5042244 0.8290356
2.681508 -0.01038626 3.433442 0.3233654 0.457394 0.6217875
1.817224 1.208041 2.404598 0.1616751 0.379698 0.5218787
1.893886 1.164601 2.356312 0.192065 0.4314426 0.5714137
2.171555 0.6345812 3.146638 0.2335701 0.4346071 0.6983683
1.836542 1.343937 2.073588 0.1787098 0.4202191 0.4955761
2.41932 0.131905 3.878831 0.2931463 0.4766572 0.8131234
1.900827 1.212943 2.177554 0.1757668 0.3891038 0.4726436
2.487721 0.1331034 3.59735 0.299188 0.4669463 0.7224087
2.007334 0.891759 2.662393 0.2163663 0.4440734 0.6322386
2.1104 0.7770108 2.726302 0.2133851 0.4070227 0.5748113
1.847607 1.349409 2.018895 0.1714985 0.3985916 0.4559418
2.167579 0.6449649 2.846388 0.2351562 0.4323108 0.6146547
2.070635 0.9721135 2.417264 0.2023421 0.3989901 0.5158477
2.017589 0.889355 2.705997 0.2060186 0.4196147 0.6088328
2.246112 0.3283247 3.958714 0.2638329 0.4736912 0.9027179
1.958411 1.121949 2.19713 0.1771157 0.3728109 0.4474389
2.02271 1.035883 2.434429 0.1869062 0.3813598 0.507779
1.79618 1.294551 2.260081 0.1654457 0.397684 0.5162219
2.100815 0.9185856 2.564476 0.2117371 0.4122814 0.5643917
1.840622 1.423924 1.992718 0.1668651 0.3942777 0.4504638
1.877825 1.381777 1.9318 0.174878 0.3995665 0.4354595
1.860422 1.442987 1.860498 0.1732065 0.4032482 0.4254067
1.89067 1.130208 2.443192 0.1885613 0.4227684 0.5796977
2.150422 0.8046423 2.827831 0.2115827 0.3994541 0.595825
2.144658 0.8301654 2.709907 0.2162722 0.4091558 0.5831646
2.201304 0.6702656 2.91156 0.2394876 0.436778 0.6441289
1.810015 1.414654 1.930587 0.1571825 0.3744802 0.4118703
2.203172 0.6313853 3.111953 0.2316663 0.4230404 0.6695811
2.251672 0.4210744 3.678431 0.2420747 0.430257 0.7747668
2.177272 0.6890607 3.042152 0.2295924 0.4268946 0.67041
1.587271 2.013023 1.520057 0.1466953 0.4473388 0.3987199
1.748167 1.413312 2.000978 0.1673036 0.4171115 0.4778321
1.830755 1.3556 2.122208 0.1621235 0.3824685 0.4657358
2.429341 0.2023637 3.641578 0.2881135 0.4644101 0.7526852
2.131193 0.6374174 3.190187 0.2229555 0.4227755 0.6919173
2.27095 0.4099179 3.433578 0.252312 0.4405065 0.7238509
1.640249 1.849753 1.604468 0.153648 0.4393754 0.4123468
2.165484 0.6872399 2.773285 0.2250399 0.4132559 0.5765937
1.878601 1.234711 2.091544 0.1839908 0.4128886 0.4792878
2.011995 1.166659 2.024901 0.1900769 0.3890024 0.4264376
2.036419 0.8127269 2.864235 0.2076465 0.4169791 0.633955
1.833354 1.261709 2.392771 0.1818242 0.4316443 0.5966625
2.264208 0.4200811 3.786315 0.2578908 0.4612096 0.8633245
2.127002 0.8513101 2.493844 0.2121699 0.4003101 0.5173462
1.902264 0.9536294 3.092323 0.1958787 0.4387702 0.7670613
2.203249 0.5824318 3.204837 0.240058 0.4380474 0.7060351
2.083323 0.8009773 2.699389 0.2111149 0.408867 0.5743718
1.998659 0.9774316 2.885815 0.2084199 0.4420899 0.7148314
1.670856 1.82712 1.628304 0.1619392 0.4529082 0.430807
2.35259 0.401921 3.243899 0.2645395 0.4419059 0.6737013
2.186315 0.5392921 3.593941 0.2487976 0.4649827 0.8530988
1.984775 1.131568 2.104278 0.1887483 0.3912614 0.4455841
2.14607 0.6351761 3.071082 0.2255943 0.4221412 0.6578403
2.22931 0.4307081 3.408417 0.2411399 0.4285086 0.703328
2.044909 0.8265807 2.614421 0.2067807 0.4077292 0.5550376
2.13826 0.6441352 3.110082 0.2213732 0.416603 0.6616187
2.131751 0.7303196 2.889216 0.2083302 0.3922633 0.5856799
1.964796 1.258318 2.018537 0.1848381 0.3955794 0.4426694
2.189013 0.6233671 2.944864 0.227181 0.4124795 0.6069005
2.340668 0.5163746 2.86469 0.2503845 0.4166362 0.5671691
2.560271 0.2371371 3.104916 0.2970297 0.4434679 0.5937884
2.0863 0.8338387 2.831252 0.2030428 0.3970642 0.5990521
1.935607 1.26752 1.9541 0.175754 0.3785147 0.4069225
2.100116 0.7770594 2.699167 0.2166731 0.4147605 0.5771016
2.012852 0.9667077 2.497429 0.1919155 0.3906817 0.5260928
2.03088 0.9227676 2.455792 0.2005249 0.40071 0.5205995
2.092538 0.900521 2.506414 0.198345 0.3825366 0.50583
1.874288 1.265248 2.211029 0.1928725 0.4431689 0.5559153
1.922378 1.127463 2.424739 0.1852452 0.4068627 0.55269
1.701608 1.611927 1.715644 0.16822 0.4414165 0.4341336
2.096501 0.7404103 3.062162 0.2045812 0.3967175 0.6404759
2.083978 0.7300289 3.052338 0.2163775 0.422885 0.6760825
2.3245 0.4756791 3.018246 0.2446775 0.4098685 0.5857236
2.081716 0.8189809 2.652905 0.1985567 0.3828608 0.5296162
2.181081 0.5440122 3.365179 0.2454896 0.4548938 0.7692285
1.879239 1.262166 2.167194 0.1766024 0.4002558 0.4893422
2.28973 0.5295705 3.124983 0.2446171 0.4233931 0.6479088
2.215903 0.5757208 3.079242 0.2386632 0.4288073 0.6544166
2.080857 0.7780214 2.964998 0.2114805 0.4153479 0.6521686
2.040241 0.9429192 2.460428 0.204506 0.4091568 0.5362005
2.176231 0.7218922 2.706903 0.2200375 0.4018226 0.5503899
1.810441 1.483658 1.904705 0.1682588 0.407987 0.446371
2.466183 0.1232881 3.901404 0.3046908 0.486621 0.8321985
1.819221 1.567164 1.748746 0.1708068 0.4151546 0.4154207
1.941793 1.084401 2.526736 0.1949687 0.4240158 0.59866
1.989194 1.030268 2.382315 0.186528 0.3852599 0.4978914
1.84854 1.137827 2.514395 0.1877386 0.4337443 0.6172008
2.173765 0.6493331 2.98821 0.2295505 0.423345 0.6405181
1.790807 1.438765 1.987643 0.1625958 0.3968139 0.4539608
1.895206 0.9639711 2.976418 0.1905251 0.426036 0.7130922
1.847733 1.445138 2.0109 0.1707798 0.4057938 0.4712955
2.008747 1.009749 2.575175 0.1982785 0.4108943 0.5811922
1.87792 1.218229 2.211305 0.1781684 0.4019031 0.4986121
2.187319 0.6626265 2.904762 0.2350257 0.4299265 0.6299734
2.129466 0.6461076 3.275672 0.2309548 0.4427459 0.7525335
2.2997 0.3967421 3.722498 0.2635032 0.4609608 0.8355271
1.993979 0.9334311 2.664336 0.192232 0.3967701 0.5727395
2.072847 0.9684776 2.315344 0.203424 0.3974321 0.4860943
1.860219 1.257899 2.155525 0.1864791 0.4279087 0.5187401
1.717281 1.694593 1.676257 0.1512916 0.3979433 0.3861708
2.550044 -0.07046603 4.406534 0.3252637 0.5034847 0.9213561
1.904809 1.158086 2.283118 0.1986321 0.4413556 0.5609494
2.017407 1.045484 2.392963 0.1944366 0.398326 0.5194506
2.346204 0.38564 3.412195 0.2704927 0.4568408 0.737845
2.040945 0.7811413 2.838281 0.2139083 0.4260831 0.6330129
2.258168 0.3632582 3.783245 0.2505389 0.4439523 0.8100158
2.286345 0.4549241 3.099558 0.2516963 0.432016 0.6354188
2.478589 0.04691281 3.959012 0.2990342 0.4710971 0.7924277
2.020294 0.9146547 2.608979 0.2111059 0.4299182 0.6011363
2.144707 0.5761904 3.182468 0.2278385 0.4252653 0.6779122
1.963375 1.106062 2.505242 0.196629 0.4244901 0.5969398
2.018905 0.939489 2.610956 0.2164788 0.4440205 0.6258316
2.297408 0.2949137 3.592406 0.2640734 0.4530686 0.7510173
2.163959 0.5420268 3.478858 0.2417807 0.4534939 0.799099
2.325986 0.3587413 3.392807 0.2618468 0.4428149 0.7015421
2.274546 0.4983827 3.20789 0.2452848 0.4273444 0.6674552
2.195126 0.6634248 2.946164 0.2234259 0.4063744 0.6066813
2.05178 0.9423689 2.514266 0.2001709 0.398728 0.5368558
2.50165 0.1955669 3.527887 0.2814847 0.4356698 0.675939
1.882387 1.012471 2.907441 0.1936863 0.4393536 0.7241162
1.948707 1.052667 2.496027 0.1961302 0.4216029 0.5814759
1.943868 1.131565 2.322061 0.1975965 0.4277275 0.5506263
1.838175 1.275382 2.258836 0.1803174 0.423721 0.5472487
2.50128 0.224625 3.152738 0.294593 0.451209 0.6126505
2.095214 0.8928536 2.517695 0.2022743 0.3898877 0.5169486
2.091269 0.6561486 3.294001 0.2216502 0.4322819 0.7410143
2.436782 0.1820224 3.961502 0.2830477 0.4590787 0.8220799
2.223093 0.627431 2.985414 0.2320749 0.4156508 0.6218378
2.010308 1.068897 2.376417 0.1990289 0.4118636 0.5364085
2.033951 0.8992408 2.731642 0.2089475 0.4239566 0.6244617
1.838249 1.373012 1.976602 0.1680906 0.392722 0.4397109
2.638285 -0.170198 4.601427 0.3551336 0.5333171 0.9856103
1.807515 1.488839 1.788789 0.1688241 0.4063308 0.4120165
2.20081 0.5226339 3.370857 0.2415358 0.4410783 0.7409553
1.864887 1.355195 2.017805 0.1656346 0.3798275 0.4340737
2.230948 0.5348334 3.465737 0.2406045 0.4352062 0.7598223
2.470101 0.2294551 3.468896 0.2896699 0.456837 0.7042674
2.412072 0.1345369 3.935888 0.2920373 0.4770844 0.8288983
2.118401 0.6879119 3.037733 0.225959 0.4318215 0.676058
1.896651 1.307405 2.300662 0.1961449 0.4529214 0.6025559
1.795411 1.525126 1.804677 0.167838 0.4111863 0.4245223
2.291393 0.454959 3.030091 0.2543374 0.4336065 0.6178739
1.813714 1.387905 2.16352 0.1771936 0.4298453 0.5395253
2.001461 0.9904673 2.469503 0.2043592 0.4217157 0.5633644
1.707257 1.618782 1.804355 0.1634296 0.4314482 0.4522316
2.060291 0.9532504 2.362785 0.2033218 0.3999369 0.4992403
1.956614 1.059595 2.308243 0.1927144 0.4065297 0.5090109
1.956584 1.211563 2.176171 0.1841895 0.3964401 0.4809044
2.143057 0.72599 2.954244 0.2203562 0.4157775 0.6370555
1.802803 1.422474 1.95967 0.1643043 0.3961068 0.4440918
2.198576 0.7544649 2.570982 0.2170044 0.3901407 0.5064839
1.878032 1.325649 1.923255 0.1723134 0.3876317 0.414894
1.729601 1.482863 2.081169 0.1664667 0.4302347 0.5249127
1.900106 1.202441 2.427964 0.1837794 0.4158334 0.5773647
1.846757 1.329888 2.199769 0.1740707 0.408966 0.5172333
2.290229 0.5877612 2.974868 0.2535937 0.4407063 0.6477709
2.608113 -0.04637701 3.867776 0.3304398 0.4908376 0.766929
2.157731 0.7279441 2.723614 0.2265174 0.419697 0.5810043
1.979543 0.9739894 2.850472 0.2101461 0.4493134 0.7145881
1.740406 1.453245 1.997329 0.1642503 0.4150114 0.478422
1.960569 1.084528 2.510363 0.1790619 0.3825412 0.5363983
1.950015 1.134579 2.365145 0.1937366 0.4192163 0.5529624
1.864015 1.267765 2.160268 0.1815466 0.4161835 0.5073291
1.951015 1.016427 2.384827 0.184019 0.3868755 0.4988465
2.029334 0.9791589 2.456511 0.1878222 0.377593 0.4992442
1.916197 1.302112 1.965452 0.1716155 0.3771217 0.4126329
2.156148 0.7361326 2.791073 0.214515 0.3981897 0.5705221
2.108384 0.7566007 2.928879 0.2134911 0.4108441 0.6299764
1.955883 1.166216 2.184077 0.1867911 0.398979 0.4807587
2.03183 0.8972039 2.716888 0.2087855 0.4236291 0.6196128
2.146791 0.7445626 2.908167 0.2341489 0.4438887 0.6716753
2.06989 0.7837614 2.817705 0.2139818 0.4192757 0.6173372
1.992738 0.962981 2.570138 0.1918339 0.3958742 0.5509097
2.605013 0.005305667 3.829323 0.3137613 0.4657711 0.735905
1.604344 2.098778 1.314131 0.1507351 0.4545527 0.3419464
2.16157 0.7160229 2.810335 0.2237506 0.4142159 0.5929471
1.82965 1.124971 2.644056 0.178483 0.4180589 0.6315211
2.051322 0.8350064 2.867555 0.1988296 0.3964812 0.6084886
1.959899 1.240362 2.090068 0.1863396 0.4008815 0.4662833
2.548993 0.1924517 3.1588 0.2930784 0.4377933 0.5873021
1.935958 0.996999 2.617221 0.182823 0.3918705 0.5639346
2.281665 0.4045281 3.450788 0.2495528 0.4328569 0.713871
2.009151 1.098771 2.173458 0.1897862 0.3875214 0.4549149
2.064071 0.9735723 2.301481 0.1962548 0.3839091 0.4667
2.105696 0.8152459 2.69739 0.2187796 0.4214732 0.594778
2.177031 0.6824666 2.833341 0.2248907 0.4118722 0.5896228
1.996125 0.9388152 2.608229 0.1917536 0.3938433 0.5538436
2.153414 0.8237709 2.68921 0.2261365 0.4263872 0.6003824
1.945376 1.265932 1.997353 0.179722 0.3874745 0.4283323
1.869929 1.40997 1.803015 0.172339 0.3933293 0.3963065
2.046718 0.9010937 2.669847 0.2154361 0.4333661 0.6201445
2.100026 0.8323502 2.629141 0.2179121 0.4198287 0.5758917
1.951557 1.176127 2.193511 0.1923768 0.4140342 0.502741
2.211243 0.5177647 3.51736 0.2486303 0.4559633 0.8077839
2.422586 0.1046095 3.826219 0.2914947 0.470078 0.7767514
2.176554 0.5815811 3.444457 0.2453909 0.4605298 0.8142337
1.943201 1.24988 1.90288 0.1739055 0.3700574 0.3840616
2.151468 0.6944757 3.060496 0.2281705 0.4304186 0.6822868
2.273743 0.4220749 3.533524 0.2534355 0.4449983 0.7623424
2.111641 0.793187 3.11117 0.227737 0.4477258 0.7502144
1.995798 0.9699295 2.569544 0.1973448 0.4083147 0.5695052
1.987975 0.9976152 2.587212 0.1900754 0.3968161 0.5635919
1.882801 1.284365 2.040515 0.1770168 0.3983724 0.4544965
2.287988 0.3926542 3.474355 0.2459594 0.4246756 0.703684
1.855378 1.340741 2.023964 0.1818973 0.4217037 0.4825459
1.906766 1.041141 2.706804 0.1959917 0.4361309 0.663021
2.287165 0.5773357 2.994744 0.2416977 0.4183287 0.6170478
2.116475 0.8365885 2.685373 0.2067254 0.3949519 0.5575346
1.850175 1.366728 2.049634 0.1851046 0.4344309 0.5076635
1.957646 1.093388 2.329886 0.1897787 0.4032405 0.5157474
2.185489 0.7329349 2.810418 0.2256477 0.4148788 0.5987095
1.845145 1.457287 1.906211 0.1742439 0.4129047 0.4503214
1.657894 1.751854 1.612435 0.1609397 0.444644 0.4144239
2.148565 0.6862826 3.164614 0.2263613 0.4289213 0.7066184
2.128909 0.7290758 2.828515 0.2154443 0.4057469 0.5890175
2.250681 0.4701798 3.402305 0.2570792 0.4576911 0.7624419
2.342459 0.3873453 3.332509 0.2730965 0.460233 0.7207286
1.850617 1.414802 2.078098 0.1634537 0.3857742 0.4638409
2.090253 0.7547712 2.980241 0.2133445 0.4155276 0.6508295
2.054955 0.8696444 2.703087 0.2014739 0.3999285 0.5760438
1.816089 1.494773 1.946381 0.1740868 0.4244288 0.4777752
1.757668 1.531681 2.104058 0.1562585 0.4011326 0.5010196
2.021769 0.9208655 2.603781 0.1968134 0.398295 0.5562645
1.909721 1.094772 2.515722 0.187098 0.4135808 0.5825199
1.831377 1.315347 2.055194 0.1714865 0.4003827 0.4646574
2.187152 0.6924008 2.927711 0.230352 0.4236842 0.6343984
2.042672 0.8072909 2.958608 0.2154954 0.4344064 0.6862947
2.224122 0.5874315 3.276986 0.2419601 0.4394667 0.7303011
1.988684 1.016589 2.510227 0.1925751 0.4015436 0.5516973
1.849455 1.466486 1.805592 0.1749788 0.410017 0.4183916
1.905586 1.279158 2.096202 0.1869792 0.4185333 0.4930151
1.952272 1.205388 2.174838 0.1830408 0.3941781 0.4771388
2.037631 0.8536623 2.625636 0.2091014 0.4166945 0.5752418
2.00195 0.9052745 2.724206 0.2017503 0.415412 0.6107644
2.020007 1.000133 2.333007 0.1990358 0.4023473 0.5016878
1.986496 1.097812 2.267698 0.1934763 0.4039567 0.5004849
2.066718 0.9039183 2.526848 0.2091278 0.4113364 0.5494773
