2.348561 0.3766119 0.9388698 0.1821482 0.2341719 0.06689834
1.993905 1.015877 0.7433039 0.1237586 0.1938143 0.05447491
2.243756 0.6027268 0.9114479 0.1594721 0.2179028 0.06708091
1.822669 1.109778 0.7777516 0.1103598 0.1949414 0.06044715
2.248234 0.5979472 0.883808 0.1592164 0.2154425 0.0634911
2.063906 0.9105698 0.7602029 0.1322057 0.1971569 0.05464701
1.829283 1.305977 0.6765253 0.104245 0.18528 0.05121194
2.117871 0.9080473 0.7723054 0.1363443 0.1989645 0.05625859
2.211367 0.6009439 0.910504 0.1575811 0.2184661 0.06709524
1.990494 0.9511549 0.7207459 0.1269397 0.1952126 0.05113352
2.352433 0.5087182 0.8642582 0.1735457 0.2212888 0.0603974
2.292019 0.6321974 0.8578139 0.1612988 0.2136722 0.06141909
1.822913 1.241226 0.7217434 0.1059276 0.1890236 0.05568138
1.915154 1.021701 0.7671529 0.1181887 0.1943514 0.05718257
1.986756 0.9940621 0.7667099 0.1249409 0.197207 0.05724888
1.908051 1.174227 0.6849713 0.1122255 0.1857568 0.04979247
1.850714 1.192715 0.7133215 0.1090732 0.1888774 0.05378822
1.975988 0.9855237 0.7564498 0.1224044 0.1932365 0.05504404
1.883876 1.206656 0.7066456 0.110524 0.1883265 0.0532575
1.823699 1.355933 0.6450003 0.1015622 0.1804999 0.04762378
2.057705 0.903122 0.745403 0.1323254 0.1967238 0.05289826
1.759216 1.339487 0.6908738 0.1005026 0.1882356 0.05402264
1.904083 1.0459 0.7940046 0.1163611 0.1951309 0.06077717
1.851603 1.249963 0.7284254 0.1077301 0.1898606 0.05673969
2.017799 0.7685536 0.8791022 0.1362656 0.2101718 0.06656206
2.262227 0.645804 0.8336981 0.1598803 0.2137941 0.05941724
1.942525 1.077706 0.7818694 0.1170283 0.1928023 0.0595974
1.999894 0.9471525 0.8321411 0.1276164 0.2022249 0.06431479
1.920776 0.9872352 0.7503342 0.1200908 0.1946827 0.05479867
2.079917 0.7477175 0.8707231 0.1397965 0.2080345 0.06454523
1.910747 1.124344 0.7257984 0.1146172 0.1902279 0.05405842
1.962912 1.018757 0.7213724 0.1212042 0.1913715 0.05173178
1.839043 1.327644 0.6507897 0.1040361 0.1826423 0.0482518
1.969066 1.025241 0.7500845 0.1211466 0.1927724 0.05510636
1.811034 1.224554 0.6990373 0.1044918 0.1850358 0.0519651
1.918454 1.082307 0.7673703 0.1177769 0.1958458 0.05894724
2.027613 0.9664742 0.7620216 0.1269167 0.1947113 0.05551061
2.123699 0.8345228 0.8203315 0.1400123 0.203994 0.06060326
1.961847 1.046312 0.7817823 0.1204519 0.1953871 0.05956368
2.106684 0.9795537 0.7083445 0.1313077 0.1907761 0.04951508
1.922138 1.023284 0.7629427 0.1189131 0.1944727 0.05678384
2.127002 0.8225493 0.8476442 0.1397984 0.204466 0.06324285
2.121019 0.8797645 0.7178463 0.1369906 0.194947 0.04930883
1.990706 1.12083 0.7074618 0.1194823 0.188935 0.05178944
2.08453 0.8238574 0.7908977 0.1370247 0.2012659 0.05667631
1.87168 1.160066 0.6955878 0.1118466 0.1888779 0.05130769
1.824801 1.375858 0.6321848 0.1016475 0.1810145 0.04680525
2.086409 1.004182 0.7328956 0.1296956 0.1927918 0.05290357
1.944598 1.128949 0.7491032 0.1162271 0.19117 0.05681045
1.83976 1.229247 0.6792332 0.1069049 0.1854133 0.05012661
1.912415 1.184274 0.7044067 0.1124876 0.1874502 0.05234504
1.86379 1.087531 0.716567 0.1130583 0.1903192 0.05240182
1.989446 0.9497634 0.7876693 0.1257884 0.1976256 0.05845529
2.31094 0.5101639 0.9109515 0.1705589 0.2241214 0.06581716
1.770927 1.429263 0.6263697 0.09681651 0.1795569 0.04668579
2.255872 0.6606702 0.8279832 0.1571807 0.2105812 0.05846133
2.075423 0.818819 0.7727353 0.1361953 0.1995561 0.05433914
2.190106 0.7312429 0.7901438 0.1497165 0.2065083 0.05558348
2.41203 0.3800044 0.8933844 0.1859462 0.2300363 0.06146048
1.925761 1.066725 0.7842221 0.1172174 0.1945684 0.06006429
1.949409 1.133152 0.6660785 0.115931 0.1847482 0.04694947
2.066336 0.9033114 0.7801576 0.1333324 0.1995616 0.05705906
1.924469 1.008369 0.7627091 0.1197825 0.1951549 0.05660814
1.850632 1.210808 0.7228727 0.1083673 0.1891194 0.05521303
1.893111 1.139585 0.7516676 0.1128262 0.1915456 0.05745008
2.152059 0.7743322 0.8213899 0.1444037 0.2056083 0.05954924
2.10312 0.9943978 0.7099453 0.1310474 0.1913511 0.05008441
2.133613 0.8819199 0.7299546 0.1385527 0.196872 0.05093752
1.888006 1.247448 0.6932392 0.1094637 0.1869274 0.0522767
1.993297 1.086206 0.701709 0.1210116 0.18917 0.05056786
2.040991 0.9451475 0.7595187 0.1294991 0.1962439 0.05510217
2.127806 0.9110284 0.7152458 0.1358963 0.1937404 0.0494593
1.848644 1.341695 0.6451622 0.1040036 0.1817234 0.04768402
2.274649 0.6557651 0.8150634 0.1585564 0.2098522 0.05691227
1.956149 1.014675 0.7701808 0.1213261 0.1951761 0.05752508
1.855609 1.101259 0.7779399 0.1119535 0.1934589 0.05980645
2.021354 0.9889752 0.7869493 0.1259531 0.19603 0.05888491
1.786383 1.341556 0.6322553 0.100971 0.1818452 0.04641112
2.01723 0.9314584 0.7622979 0.1286391 0.1972079 0.05535218
2.12285 0.889132 0.7513003 0.1373361 0.1979084 0.05345535
2.116348 0.8028626 0.7789018 0.1405107 0.2018677 0.05510904
2.033225 0.8777473 0.7873073 0.1314495 0.1996366 0.05723989
1.969508 0.9285385 0.8087463 0.1247008 0.198114 0.06020934
2.053826 0.913815 0.7678138 0.1316742 0.1979466 0.055677
1.92883 1.169363 0.7234193 0.1135003 0.1884509 0.05431816
2.093518 0.9078195 0.7943811 0.1328262 0.197016 0.05798519
1.880586 1.274719 0.6662489 0.1074544 0.1830945 0.04903889
2.091635 0.7803419 0.8388262 0.1403147 0.2070173 0.0618912
2.001069 1.033318 0.7523693 0.1235354 0.1939218 0.05579486
2.019469 1.054505 0.710062 0.1223591 0.1881351 0.05056274
1.986695 0.9621758 0.7574693 0.1249546 0.1954292 0.05515585
1.893145 1.172743 0.6966126 0.1122437 0.1883119 0.05157504
1.947676 1.135919 0.6818646 0.1162875 0.1869294 0.04905659
2.078058 0.9016717 0.7564331 0.1331501 0.1965909 0.05392824
1.94615 1.121244 0.733414 0.1167503 0.1908854 0.05499041
1.874181 1.243423 0.6924408 0.1087032 0.1868794 0.05212898
2.109006 0.8131303 0.7952676 0.1393769 0.2022398 0.05707917
1.970801 1.021267 0.7396548 0.1214308 0.1921024 0.05378164
2.011196 0.9142046 0.7529391 0.1291288 0.1972616 0.05401162
2.123362 0.798709 0.7804336 0.1419827 0.20334 0.05550028
2.011155 0.898015 0.8139895 0.1297779 0.2016004 0.06097289
1.836532 1.191481 0.7059407 0.1072138 0.1864454 0.0524147
2.106454 0.8362609 0.7701764 0.1376566 0.1993355 0.05446961
1.90972 1.161042 0.6978391 0.112833 0.1869264 0.05112371
2.029593 0.9264546 0.7937445 0.1291835 0.1985526 0.05878186
2.157284 0.7302218 0.7931404 0.1458531 0.2044153 0.05540408
1.968227 0.9663631 0.7970807 0.1234165 0.1973095 0.05978461
2.018524 1.099519 0.6522608 0.1215787 0.1851481 0.04512588
1.89646 1.092655 0.7254755 0.1148285 0.1906841 0.05349026
1.938619 1.210558 0.6731548 0.1125209 0.184157 0.04891774
2.02827 0.9678006 0.7232606 0.1277804 0.1934892 0.05132783
1.914242 1.149867 0.7512694 0.1139474 0.1915962 0.05761962
2.193606 0.6417893 0.8763164 0.1532521 0.2133712 0.06348461
1.887743 1.198904 0.6956527 0.1101979 0.1864106 0.05153431
1.967211 0.9731976 0.7569113 0.1238747 0.1957454 0.05536748
2.063061 1.021145 0.7042397 0.1286 0.1920583 0.05019954
2.180656 0.6958106 0.813048 0.1499283 0.2079336 0.05727708
1.877765 1.274546 0.6605574 0.1079921 0.1843737 0.04879914
2.168607 0.7307374 0.7774868 0.1471297 0.2040416 0.05376412
2.046732 1.005599 0.7736258 0.1280625 0.1968078 0.05808683
2.179362 0.815221 0.7657907 0.1440165 0.2007366 0.05389414
1.968492 1.034319 0.7435906 0.1205207 0.1916044 0.0543375
2.041398 0.8570624 0.7608409 0.1333309 0.1993496 0.05402424
2.120619 0.848644 0.7774095 0.1384615 0.1998452 0.05556599
2.095964 0.837037 0.7630365 0.1375205 0.1993189 0.05371217
2.093595 0.8216297 0.80791 0.1386558 0.2037032 0.05891304
2.099814 1.001652 0.7415732 0.1309366 0.1941128 0.05407693
1.990155 1.108549 0.701654 0.1187914 0.186815 0.05047203
2.118586 0.7237611 0.8150754 0.1440872 0.2066126 0.05789045
2.152653 0.8408941 0.7588889 0.1417739 0.2003917 0.05368983
1.849995 1.272809 0.6544767 0.1058739 0.1825222 0.04768704
2.228696 0.7404511 0.7964323 0.1500163 0.2037089 0.055758
2.120288 0.9346971 0.7482726 0.134743 0.1955993 0.05360503
2.012011 1.047379 0.7180344 0.1230637 0.1904939 0.05179239
1.928888 1.040906 0.7484814 0.1184636 0.193081 0.05537437
2.225556 0.7061192 0.8078062 0.1541693 0.2096361 0.05741991
2.009596 1.100969 0.6748071 0.1208169 0.1862435 0.04755925
2.184706 0.7362012 0.8499129 0.1484344 0.2089266 0.06233302
2.014773 0.9117986 0.7958907 0.1285717 0.1984893 0.05860751
2.038179 0.8683874 0.7704244 0.1318414 0.1982713 0.05497784
2.050673 0.8474865 0.7805681 0.1354646 0.2024181 0.05646006
2.020523 0.8943208 0.8013828 0.1292723 0.1988376 0.05886596
1.801253 1.442646 0.6323804 0.09845972 0.1808164 0.04780917
2.174447 0.8420332 0.7309429 0.1427064 0.1978214 0.05039848
1.974606 1.011153 0.784468 0.1222552 0.1957696 0.05913048
1.963933 0.9548848 0.7317822 0.1244345 0.1948024 0.05223184
2.154773 0.7336203 0.8303469 0.1465763 0.2078913 0.05999046
1.893218 1.237549 0.6699107 0.1097832 0.184849 0.04920686
2.008616 0.9170201 0.7784978 0.1287915 0.1987821 0.0570439
2.024582 1.121043 0.6902827 0.1205176 0.186163 0.04944081
1.87748 1.161778 0.7626997 0.110971 0.1914471 0.05905846
2.227098 0.7512411 0.7683237 0.1509023 0.203875 0.05332232
2.10978 0.7852044 0.8173685 0.1405865 0.2044475 0.05916747
2.060728 0.9630841 0.7248833 0.1291549 0.192616 0.05124642
2.061841 0.9681975 0.7487528 0.1301227 0.1952604 0.05426922
2.097296 0.9546549 0.7440009 0.1326251 0.1949393 0.05344009
2.049179 0.9141708 0.7496807 0.1308282 0.1960578 0.0534358
2.079347 0.9423183 0.7372988 0.1314812 0.1943064 0.05240556
2.100436 0.7799856 0.8009372 0.1408467 0.2046866 0.05744439
1.947583 0.995731 0.7478349 0.1205835 0.1927376 0.05423917
1.950861 1.10298 0.7510744 0.1162207 0.1895495 0.05606074
1.79779 1.355328 0.6728525 0.1005255 0.183767 0.0513249
2.047397 0.988851 0.738721 0.1278699 0.193922 0.05348952
1.988739 0.9720383 0.7742596 0.1253394 0.1971023 0.05747802
2.074481 0.8941967 0.7765785 0.1335841 0.1987999 0.05633877
1.995116 1.046182 0.7234718 0.1226869 0.1921549 0.05274165
1.914043 1.09724 0.728424 0.1156601 0.1904281 0.0537823
2.070312 0.9367057 0.7659664 0.1310396 0.1962018 0.05562344
1.935371 1.072376 0.737114 0.1172741 0.190765 0.05428543
2.013413 1.078814 0.7376552 0.1226061 0.1919208 0.05472772
2.350397 0.5167277 0.8598839 0.1717984 0.2190089 0.0596401
2.003752 1.018673 0.7585128 0.124125 0.1945921 0.0563064
2.001767 1.034864 0.7907039 0.1232818 0.196195 0.06047768
1.856483 1.152461 0.7745428 0.1105977 0.1931248 0.06053058
2.063404 0.9606621 0.7442834 0.1288819 0.1932119 0.05327918
2.103926 0.8476763 0.8024346 0.1366652 0.2003182 0.05818949
1.796975 1.299999 0.6530341 0.1026396 0.1836737 0.04829551
2.113659 0.8278082 0.8200501 0.1401439 0.205021 0.06066883
1.880901 1.246585 0.6997145 0.1090007 0.1873872 0.053076
1.99916 1.054852 0.7309208 0.1229686 0.1927688 0.05378121
2.163617 0.7072883 0.8545382 0.1483753 0.2100718 0.06225757
2.028372 0.8895617 0.7848939 0.1312455 0.2001386 0.05739905
1.972326 1.055547 0.7091398 0.121088 0.1909462 0.05115756
1.872441 1.261314 0.6895486 0.108317 0.1868754 0.05213249
2.156523 0.8065995 0.7748182 0.1430739 0.2016718 0.05475379
2.050761 1.001384 0.7497456 0.1273499 0.1935216 0.05471227
2.050288 0.8015602 0.8538412 0.1362411 0.206435 0.06383894
2.265835 0.6689119 0.8293968 0.1583891 0.2117315 0.0590997
1.933974 1.067022 0.7453739 0.1184217 0.1931433 0.05559593
2.083398 0.7679753 0.8494987 0.1393095 0.2063783 0.06246697
1.970704 1.037052 0.7406452 0.1207224 0.1918043 0.0541654
2.305693 0.6517303 0.8154407 0.1614686 0.2106703 0.05699945
2.093977 0.8201813 0.7636185 0.1374181 0.1989823 0.05333093
2.189582 0.7026273 0.8252574 0.1501816 0.2085519 0.05885477
2.069745 0.8759236 0.7803262 0.1328481 0.1973907 0.05590539
1.973537 0.9388063 0.768205 0.1247858 0.196066 0.05584291
1.946044 1.130289 0.679666 0.1157486 0.1856928 0.04845237
1.927898 1.174611 0.6958497 0.1126829 0.1851369 0.05074102
1.931111 1.101015 0.7527285 0.1171404 0.1934114 0.05720254
2.073334 0.9256666 0.7439119 0.1315484 0.194704 0.05277984
1.87575 1.108666 0.7434348 0.1133727 0.1923972 0.05612936
2.064864 0.9833956 0.7558064 0.1291857 0.1949166 0.0553062
2.141125 0.7428427 0.8089466 0.1457298 0.2069389 0.05781739
1.703589 1.461206 0.6528372 0.09366002 0.1844204 0.05110427
2.026029 0.8541817 0.766657 0.1324723 0.1998856 0.05466534
2.043841 0.8754169 0.7887889 0.1318509 0.1991311 0.05719816
1.873838 1.120029 0.7555083 0.112614 0.1924108 0.05763101
1.957539 0.932697 0.8072013 0.1242614 0.199142 0.06050163
2.104896 0.8096575 0.7808703 0.1397312 0.2021925 0.05553896
2.141045 0.7532417 0.8306738 0.144797 0.2072685 0.06037521
1.924481 1.041801 0.7356361 0.1169251 0.1898895 0.0532777
2.058578 0.9469758 0.7578563 0.129633 0.1950637 0.05476008
2.151145 0.7658385 0.8216286 0.1446605 0.2059932 0.05948449
2.194703 0.6613384 0.8472016 0.1532537 0.2122752 0.06082158
1.95377 1.12353 0.7410099 0.1161773 0.1895172 0.05545414
1.925796 1.077024 0.7126181 0.117491 0.1906848 0.05186035
2.353426 0.4696715 0.8778555 0.1753835 0.2234203 0.06112158
1.944399 1.117317 0.7323594 0.1168029 0.1906281 0.05469065
1.838211 1.21754 0.7609277 0.1077522 0.1923647 0.06032474
2.199741 0.7126655 0.8529993 0.1495589 0.2084733 0.06189655
2.108465 0.8399568 0.7888759 0.1392465 0.2024962 0.05711283
2.089395 0.7852399 0.7790353 0.1393077 0.2022997 0.05483796
2.085008 0.8749347 0.771506 0.1349952 0.1987399 0.05533645
2.132418 0.6915361 0.872487 0.1476812 0.2126905 0.06431327
1.963838 0.9063985 0.8050214 0.1254735 0.19923 0.05962554
1.795125 1.255917 0.7055035 0.1032775 0.1863077 0.05351733
2.101945 0.8923896 0.7470901 0.1357374 0.19733 0.05298248
2.1015 0.7709065 0.8249971 0.1419094 0.2072107 0.06024287
1.929415 1.079291 0.7977473 0.1174185 0.1957559 0.06209197
2.05835 0.8414909 0.7900527 0.135404 0.2018713 0.05713427
2.044874 0.8787374 0.795914 0.1314671 0.1987631 0.05787827
1.873467 1.210408 0.6305377 0.1090714 0.1815133 0.04410493
1.820728 1.243358 0.702299 0.1060238 0.1877804 0.05329098
1.904983 1.152139 0.6976394 0.1130257 0.1872867 0.05100498
2.067998 0.9148903 0.7903974 0.132486 0.1991977 0.05830467
2.229044 0.6707241 0.7780285 0.1547705 0.2072623 0.05310931
2.021924 0.9103073 0.7536788 0.1290196 0.1960206 0.05373842
2.02037 1.038958 0.7180853 0.1235085 0.1898862 0.05146704
1.974397 1.144309 0.7120379 0.117827 0.1891029 0.05275682
1.935949 1.034167 0.7337389 0.1196529 0.192993 0.05367731
2.050396 0.9665636 0.7549818 0.1289892 0.1951618 0.05488202
1.805478 1.219899 0.7494696 0.1061967 0.1920991 0.05900106
1.961786 1.099677 0.7216259 0.1178753 0.1893521 0.05293847
1.908105 1.129252 0.7692159 0.1140448 0.1924157 0.05926289
1.822149 1.289608 0.6915576 0.1034826 0.1849334 0.05242103
2.019482 1.001155 0.7269304 0.1255773 0.192487 0.05218903
2.054719 0.8542925 0.8036491 0.1339193 0.2012163 0.05867726
2.054093 0.9634296 0.7503246 0.1290487 0.1945497 0.05421059
2.110393 0.8402971 0.7926706 0.1385794 0.2015989 0.05730772
2.140197 0.8540508 0.7803437 0.1401759 0.2009305 0.05625312
1.9152 1.235166 0.7106524 0.1115521 0.1888061 0.0543873
1.99485 1.108031 0.7278078 0.1199195 0.1902351 0.05396071
2.096936 0.7489686 0.8566823 0.1409614 0.2072924 0.06292771
2.054659 0.772979 0.8434966 0.1383213 0.2077327 0.0623391
1.975701 1.14377 0.7144084 0.1182513 0.1899621 0.0532196
2.018663 1.003787 0.7693518 0.125257 0.1948277 0.05712104
2.068652 0.8566315 0.7791162 0.1353493 0.2007836 0.05616734
1.894519 1.095205 0.697347 0.1152033 0.1896002 0.05040611
2.053247 0.8544362 0.7677442 0.1340439 0.1996249 0.05471085
2.08244 0.8527767 0.7912429 0.1361318 0.2010083 0.05731855
1.899698 1.199551 0.6794957 0.1111368 0.1855091 0.04965364
1.928274 1.231416 0.6614592 0.1120164 0.1841828 0.04808199
1.815328 1.224378 0.6662101 0.1061097 0.1857827 0.04884015
1.998135 1.039344 0.7466304 0.1236126 0.1942181 0.05540369
1.739171 1.439982 0.6083006 0.09558859 0.179737 0.04503151
1.787096 1.410189 0.6515086 0.09927002 0.1837223 0.04998075
1.951689 1.052861 0.7451756 0.1196034 0.1927643 0.05519204
1.774805 1.383584 0.6596535 0.09917691 0.1838822 0.05040379
1.840832 1.297731 0.6901837 0.1046972 0.1852333 0.05245261
2.160507 0.6650778 0.8133717 0.1503163 0.2095527 0.05690088
2.058399 0.8907288 0.7974754 0.1326453 0.2001334 0.05872654
2.169745 0.7250668 0.8055227 0.1477704 0.2063611 0.05690767
2.132527 0.8768623 0.7897557 0.1380184 0.1998613 0.05749787
1.928258 1.046405 0.7641512 0.1188517 0.1950228 0.05760623
1.999271 0.8682725 0.8392458 0.1299678 0.2033434 0.06327535
2.208848 0.7207865 0.8109105 0.1513351 0.2078222 0.05766771
2.233806 0.7234224 0.7903449 0.1531377 0.2067989 0.05545748
1.805241 1.338338 0.6817775 0.1022927 0.1858053 0.05241605
1.972329 1.106131 0.7246265 0.1186788 0.1899241 0.0534838
2.083663 0.9830616 0.7397868 0.1308872 0.1947793 0.05364936
2.034342 0.9250982 0.7498889 0.1295851 0.1958267 0.05361264
2.149205 0.8189282 0.771016 0.1425694 0.201838 0.05471389
2.061601 0.9620825 0.7247947 0.1300571 0.1936281 0.05140557
2.049454 0.8217225 0.7939611 0.1338822 0.2000299 0.05663324
1.888455 1.28111 0.6512312 0.107868 0.1825384 0.04752917
2.228437 0.6864086 0.8132989 0.1548332 0.2099013 0.05750758
1.853023 1.185137 0.7550061 0.1091832 0.1916137 0.05881209
1.912972 1.049808 0.7594288 0.1169094 0.1930021 0.05665678
2.011796 0.9255486 0.762591 0.1285633 0.1971317 0.05517716
2.050971 0.880628 0.7825511 0.1324299 0.1988255 0.0565614
1.916415 1.134792 0.6947439 0.1141157 0.1871139 0.05035202
1.936963 1.175055 0.6647675 0.1136291 0.184175 0.04746861
2.039413 0.9273504 0.7185546 0.1301771 0.1945981 0.05032732
1.832381 1.265148 0.6833128 0.105821 0.1862856 0.05141392
1.96153 1.134229 0.7299155 0.1179901 0.1913119 0.05492581
1.833584 1.192143 0.6995648 0.1080856 0.1881707 0.05220748
1.984666 1.083296 0.7156442 0.1199589 0.1893768 0.05200214
2.012272 0.9582834 0.781015 0.1273723 0.1979469 0.05808223
2.041887 0.9746259 0.7172741 0.1281522 0.1925853 0.0506916
1.952248 1.010036 0.7703372 0.1209552 0.1947418 0.05732544
1.998129 0.9585027 0.7770611 0.1263128 0.1973006 0.05748736
1.858991 1.129596 0.7198896 0.1117698 0.1906296 0.05366119
2.158038 0.8787797 0.7244959 0.1399874 0.1964805 0.0502983
1.929829 1.190991 0.7090723 0.1140031 0.1893541 0.05348267
2.10898 1.044872 0.6950312 0.1295937 0.1898927 0.04932663
1.973766 1.065655 0.7119983 0.1201567 0.1898371 0.05138562
2.088566 0.8882511 0.7965356 0.1343931 0.1993496 0.05831997
2.033128 0.9462491 0.7281784 0.1285183 0.1936678 0.0514196
1.924654 1.123594 0.7321593 0.1156198 0.1909461 0.05487983
1.827782 1.403851 0.651944 0.1003699 0.1813999 0.04941002
1.832709 1.121142 0.776666 0.1090854 0.1921102 0.05986999
1.943465 1.082183 0.7325553 0.1177509 0.1910422 0.05411607
1.911715 1.052306 0.819488 0.1175261 0.1983314 0.06458412
2.023153 0.99849 0.7440303 0.126167 0.1940925 0.05423827
1.93419 1.114212 0.7383537 0.1168788 0.1922432 0.05567395
1.946461 1.084771 0.7288272 0.1187022 0.191992 0.05397434
1.869336 1.177584 0.687759 0.1104932 0.1871261 0.05046326
1.956265 1.180635 0.6756831 0.1161475 0.1873239 0.04933772
2.158114 0.8197544 0.8167248 0.1430531 0.2043513 0.05993443
1.828294 1.278404 0.6814196 0.1040613 0.1842854 0.05103141
1.869174 1.145368 0.7279931 0.1118123 0.190658 0.0548046
1.969462 1.007428 0.7602435 0.122359 0.1946152 0.05619883
2.154434 0.709471 0.8582058 0.1478674 0.2105214 0.06280753
1.996256 1.0541 0.7145172 0.1213982 0.1892091 0.05125529
1.761292 1.310811 0.6801745 0.09968413 0.1846003 0.05154267
1.877638 1.139454 0.7294225 0.1120945 0.1902038 0.0547343
1.87108 1.273911 0.683249 0.1080974 0.1864885 0.05157165
2.008526 0.961325 0.7563726 0.1262447 0.1949637 0.05487821
2.119541 0.8828184 0.7811765 0.1369943 0.1992117 0.05659465
1.862981 1.147177 0.7595811 0.1115586 0.1929066 0.05873286
1.933438 0.996581 0.7402809 0.1203412 0.1933814 0.05365053
2.031184 0.8972339 0.7394608 0.1307645 0.1965112 0.05215623
2.160307 0.7764433 0.8187047 0.144923 0.2054756 0.0592945
2.01191 1.089094 0.7095383 0.1216399 0.1892415 0.05146307
1.980632 1.107112 0.7203075 0.1191631 0.1896308 0.05299219
1.921481 1.152006 0.6981864 0.1146508 0.1885663 0.05137583
1.862773 1.265944 0.7193731 0.1075924 0.1888815 0.05588539
1.962933 1.104915 0.7219959 0.1186554 0.1907538 0.0534096
1.894623 1.139575 0.7186761 0.1127579 0.1890882 0.05339389
1.942265 0.9772504 0.7733821 0.1210785 0.1952607 0.05709025
2.097048 0.9069448 0.7467355 0.1352518 0.1976389 0.05333705
2.173392 0.7476395 0.8035162 0.1471177 0.2056614 0.05710763
1.92289 1.143882 0.6860149 0.114788 0.187543 0.04976046
2.092172 0.8865786 0.7850773 0.1351828 0.19956 0.05717276
1.882681 1.182286 0.6882006 0.1107172 0.1864547 0.05044779
1.91933 1.056556 0.7200953 0.1173417 0.1908312 0.05225369
2.065301 0.9122591 0.7890768 0.1319545 0.198577 0.05797948
1.934578 1.043072 0.7507477 0.1186478 0.1929979 0.05563543
2.057156 0.9102548 0.7545911 0.132141 0.1973463 0.05412011
2.013046 1.011856 0.7541467 0.1254794 0.1950462 0.05576758
2.080431 0.9876218 0.7288885 0.1300507 0.1929471 0.05217726
2.03725 0.8919779 0.7862189 0.130751 0.1984674 0.05716556
2.0589 0.9450469 0.8235843 0.1305617 0.2005978 0.06295148
1.797879 1.307536 0.6698041 0.1017315 0.1835276 0.05012931
2.096159 0.9594854 0.732631 0.1314992 0.1931004 0.0520388
1.958442 1.094847 0.7184221 0.1179925 0.1895271 0.0525685
1.968211 1.177015 0.6912663 0.1162186 0.1872197 0.05084136
2.030221 0.9436855 0.7635705 0.1275714 0.1946592 0.0551373
1.969829 1.011943 0.7038028 0.1227403 0.1918749 0.04997228
2.048537 0.9531772 0.7774612 0.1294753 0.19696 0.05730716
2.037298 0.9790563 0.7524559 0.1278085 0.1950115 0.05487843
1.902066 1.058896 0.7460727 0.115873 0.1918107 0.05516613
1.795157 1.372792 0.6647236 0.1006717 0.184625 0.05097026
2.217634 0.6508582 0.8250847 0.1559243 0.2121561 0.05828698
2.071525 0.9164777 0.7509222 0.131431 0.1950412 0.0533982
1.886584 1.207632 0.7195691 0.1114802 0.1903296 0.05506902
1.906457 1.104172 0.7609869 0.1149617 0.1927916 0.05796285
1.905128 1.177293 0.7750003 0.1133381 0.194231 0.06147041
2.050451 0.8511693 0.7892251 0.1346363 0.201902 0.05731442
2.143385 0.7867276 0.7887813 0.1424931 0.2021788 0.05578438
2.074431 0.894365 0.7761261 0.1327498 0.1971861 0.05586497
2.06971 0.9449365 0.7597082 0.1311208 0.1960915 0.05510039
2.123543 0.8675866 0.7537315 0.1380726 0.1983451 0.05332053
1.884537 1.269788 0.65935 0.1079544 0.1831814 0.04830979
1.977661 1.139092 0.7241975 0.1177081 0.1893813 0.05400557
1.854258 1.239842 0.6442284 0.107523 0.1828047 0.04617653
1.875234 1.274972 0.6829448 0.1075853 0.185383 0.05133121
1.826971 1.219826 0.7027757 0.1062904 0.1869005 0.05273712
1.961656 1.14823 0.7197329 0.1175541 0.1907583 0.05404739
2.030389 0.9004898 0.7214517 0.1307948 0.1953633 0.05018454
2.042171 0.8739598 0.7873242 0.1321237 0.199577 0.0571244
1.865129 1.263361 0.6965361 0.106919 0.185607 0.05259117
2.283805 0.5447362 0.9120853 0.1655239 0.2208267 0.06615353
1.990526 0.9858105 0.7429274 0.1253008 0.1953093 0.0541152
1.920535 1.029051 0.7696848 0.119175 0.195761 0.0579329
2.034535 1.023932 0.7541421 0.1263444 0.1948505 0.05599864
2.184211 0.8674901 0.7361177 0.1415827 0.1964915 0.05116614
2.034638 0.8116949 0.8145255 0.1347131 0.2037816 0.05938068
1.82744 1.198714 0.6691594 0.1069014 0.184702 0.04841391
1.890801 1.280257 0.6864121 0.1084298 0.1857656 0.05187061
2.020034 0.8143787 0.8475227 0.1341676 0.206689 0.06364922
1.839918 1.298497 0.6791295 0.1045449 0.1843086 0.05109279
1.865745 1.215694 0.6664387 0.1088305 0.1849068 0.04850693
2.026839 0.9916445 0.7499533 0.1268633 0.1948885 0.05487025
2.217031 0.5762379 0.8701804 0.1599508 0.2184142 0.06224202
1.825155 1.231519 0.6842381 0.1053772 0.1850271 0.05064582
1.924923 1.043392 0.7814742 0.1174893 0.1941583 0.0591731
2.106576 0.6907507 0.8504582 0.1456792 0.2112427 0.06170128
2.502785 0.2479732 0.9521592 0.2032982 0.243626 0.06619573
2.016154 1.03374 0.7224117 0.1240308 0.191421 0.05217864
2.13751 0.8419053 0.7292931 0.1402439 0.1977351 0.05023156
1.867569 1.172282 0.6941014 0.11094 0.1883193 0.0512891
2.006195 0.942161 0.7657535 0.1275188 0.1973098 0.05599722
1.891729 1.056195 0.752112 0.1151841 0.1921188 0.05583121
1.841427 1.175616 0.6897916 0.1085839 0.1868609 0.05059241
2.064563 1.012025 0.7277309 0.1280065 0.1923097 0.05244418
2.299933 0.6367869 0.7910046 0.1619912 0.2100541 0.05410755
2.108244 0.9216907 0.7475506 0.1349302 0.1965967 0.05349786
2.399192 0.5111599 0.850511 0.1756502 0.2187728 0.05853795
1.951958 1.087693 0.7060632 0.1181369 0.1894585 0.0511795
2.057648 0.9164046 0.7835031 0.1315633 0.1985527 0.05750445
1.898888 1.326519 0.6372717 0.1061317 0.1796027 0.04622843
2.240465 0.5747258 0.8800032 0.1606387 0.2175228 0.0629839
1.877936 1.1109 0.7357943 0.1129255 0.1909891 0.05503621
2.043974 0.8665124 0.8310133 0.1324226 0.2020557 0.06202137
2.0106 1.015392 0.7403956 0.1243491 0.1928012 0.0539165
1.972301 1.061361 0.7273089 0.1203276 0.1911545 0.05317129
2.024942 1.065257 0.7432046 0.1241143 0.1930081 0.05527973
1.91637 1.113205 0.777343 0.1153833 0.1937055 0.06010908
2.099557 0.7669071 0.8947857 0.1403164 0.2089343 0.06789334
1.868092 1.198847 0.718789 0.108817 0.1873173 0.05411244
2.089092 0.9070621 0.8150682 0.1335046 0.1998412 0.06083342
2.255017 0.6187342 0.8255369 0.1600049 0.2132057 0.0577185
2.021882 0.9688037 0.7884856 0.1278369 0.1986037 0.05927836
2.286662 0.46885 0.887281 0.1713207 0.2251334 0.06239477
1.937936 1.154071 0.692442 0.1144931 0.1862558 0.05029264
2.099954 0.9081012 0.7314664 0.1350485 0.1961001 0.05150026
1.99742 1.003299 0.7281202 0.1240665 0.1922787 0.05228476
1.953747 1.125662 0.6858323 0.1159521 0.1855492 0.04895804
1.933776 1.264815 0.6439544 0.1108296 0.1818511 0.04637341
2.026487 0.9453728 0.7641436 0.127325 0.1947815 0.0552667
2.019739 0.989194 0.7394071 0.1263518 0.1938717 0.05348232
1.918408 1.122003 0.7083123 0.1143921 0.1880839 0.05175581
2.081994 0.8298252 0.7880965 0.1370435 0.2016416 0.05663882
2.001755 0.8915085 0.837455 0.1289725 0.2023181 0.06344469
1.94858 1.113498 0.7135087 0.1170645 0.1893621 0.05239301
2.028517 1.108517 0.7169871 0.1216297 0.189083 0.05259202
2.098036 0.8198041 0.7888604 0.1376655 0.2005113 0.05617931
2.006962 0.9352906 0.7377803 0.1273931 0.1947739 0.05239811
2.150693 0.8197487 0.7598347 0.1417355 0.1997957 0.05316747
1.838421 1.322791 0.691095 0.1038662 0.1853264 0.05303881
2.018989 0.9733229 0.7456962 0.1271278 0.1949714 0.0540317
1.938657 1.071479 0.7506046 0.1169477 0.1907128 0.05563746
1.859407 1.222255 0.7239567 0.1087203 0.1892416 0.05556033
2.016779 0.8895374 0.8180763 0.1302077 0.2017158 0.06123274
1.862072 1.075541 0.7650598 0.1135124 0.1941959 0.05816191
2.06573 0.8200406 0.8083186 0.1369253 0.2038339 0.05894802
1.892135 1.247658 0.7053796 0.1087714 0.1861969 0.05339317
1.97288 0.9669696 0.7867056 0.1224427 0.1943531 0.05792524
2.138432 0.8379323 0.7914062 0.1402134 0.201313 0.05709149
1.997948 0.9207263 0.7897186 0.1269879 0.197649 0.05797713
1.966636 0.9802635 0.8134083 0.1229778 0.1982235 0.06206331
1.941303 1.188712 0.6891384 0.1135602 0.1857396 0.05049541
1.998767 1.105855 0.7310067 0.1199875 0.1899816 0.05417213
1.838293 1.347208 0.6481839 0.1034667 0.1826806 0.04834516
1.923427 1.193653 0.6949371 0.1122259 0.185678 0.05113707
2.215826 0.8452823 0.7481005 0.1441458 0.197148 0.0519844
1.927272 1.200846 0.7281326 0.1123909 0.1884625 0.05544937
2.069624 0.813903 0.7718848 0.1373699 0.2017734 0.05465755
2.126237 0.7888217 0.7946666 0.1414317 0.2028019 0.05657114
2.205965 0.8247161 0.7195122 0.1457732 0.1978272 0.04893103
2.048631 0.839229 0.7881849 0.1345449 0.2014037 0.05680019
2.033059 0.998652 0.7629269 0.1267805 0.1952923 0.05646671
1.853759 1.24373 0.687141 0.1077755 0.1867344 0.05149212
2.142072 0.8978091 0.7625767 0.138385 0.1984725 0.05488925
1.971336 0.9719955 0.7641663 0.1238625 0.1956357 0.05604677
2.135428 0.7708294 0.8299564 0.1426341 0.2050963 0.06021817
2.119582 0.8406333 0.8018556 0.1385477 0.2012268 0.05816091
1.886905 1.073879 0.7540441 0.1154788 0.1941696 0.05695015
2.118602 0.8109417 0.768662 0.1404897 0.201255 0.05414739
2.0632 0.9089642 0.7866347 0.1321938 0.198749 0.05766475
1.95815 1.099917 0.7054908 0.1179579 0.1890155 0.0512636
1.901034 1.155811 0.7095321 0.1121651 0.1875335 0.0524008
1.918863 1.182863 0.7037263 0.1128217 0.1872888 0.05221955
2.08602 0.9238436 0.7874253 0.132421 0.1974882 0.05780299
1.971162 0.9866758 0.7427779 0.1237262 0.1946429 0.05394717
1.977764 1.036994 0.7341419 0.1227004 0.1940614 0.05405358
2.066871 0.8544296 0.781845 0.1360978 0.2020634 0.05666311
1.960137 1.065612 0.7369817 0.1207224 0.1937458 0.05484678
1.931334 1.000245 0.7815061 0.119695 0.1950712 0.05833461
2.060972 0.9614719 0.7348989 0.128965 0.1927908 0.05223312
2.097242 0.900422 0.8022633 0.1344486 0.1996526 0.05932446
1.793206 1.393837 0.666654 0.1001654 0.1848401 0.0515506
1.90003 1.099366 0.7472019 0.1140612 0.1906453 0.05585723
1.971536 1.006003 0.7563136 0.123303 0.195851 0.05609517
2.185103 0.8228057 0.7271178 0.1443082 0.1982595 0.0497228
2.121952 0.8424008 0.8127646 0.1397723 0.2037064 0.05995353
2.11033 0.7176019 0.8235517 0.1443592 0.2081117 0.05892072
2.044326 0.8834295 0.7870039 0.1326473 0.2003982 0.05749714
1.673576 1.517324 0.5953589 0.08935099 0.1766534 0.04406746
2.294912 0.4650283 0.8935239 0.171737 0.2249983 0.06284957
2.115474 0.9322124 0.7576455 0.13508 0.1971534 0.05487543
2.04711 0.9772887 0.7556348 0.127437 0.1937589 0.05489991
2.400009 0.582425 0.8380975 0.1723912 0.2158194 0.05862618
1.942311 0.9350541 0.8041465 0.1236782 0.1996016 0.06033751
1.956262 0.9728542 0.7677115 0.1237603 0.1973111 0.05683568
2.065887 0.8287026 0.8708551 0.1362428 0.2068075 0.06649442
1.991709 1.028182 0.7243057 0.1228177 0.19157 0.05225078
2.062698 0.9033059 0.8107409 0.1328147 0.2011152 0.06063371
1.79311 1.308687 0.6409905 0.1018105 0.1820126 0.04684125
2.072278 0.8432617 0.7640322 0.1364766 0.2006011 0.05427079
1.804518 1.330933 0.6653084 0.1012944 0.1829064 0.04993956
1.996285 0.9524157 0.7579605 0.1259809 0.1955547 0.05498803
2.216742 0.655259 0.8770004 0.1545909 0.2134225 0.06395375
2.177608 0.8508222 0.7658831 0.1421252 0.199264 0.05436448
2.04695 0.8436063 0.8041542 0.1345312 0.2028695 0.0589165
2.075335 0.8446153 0.7610183 0.1361165 0.1996945 0.0538183
2.151353 0.7345163 0.7917543 0.1461816 0.2051849 0.05548091
2.175425 0.7112661 0.8201828 0.1487888 0.2076266 0.05830067
2.321967 0.6711322 0.7905646 0.1607572 0.2073488 0.05434396
2.180896 0.8005016 0.8286922 0.1461267 0.2068853 0.06134284
2.016694 0.9213715 0.7568934 0.127814 0.1952332 0.05412083
2.008749 0.8650347 0.8085458 0.1299546 0.2005095 0.05929728
2.010621 0.9927197 0.7369137 0.1256785 0.1936567 0.05325367
1.989476 0.9644039 0.7832586 0.1246058 0.1960417 0.05796073
2.120194 0.812948 0.8291443 0.1388478 0.2021687 0.06046104
2.184677 0.7402474 0.8596248 0.1476509 0.208414 0.06329844
2.03822 0.9346837 0.7790576 0.1302233 0.1987997 0.05752629
1.973551 0.9878043 0.7416503 0.1238808 0.194729 0.05389415
2.06971 0.9311678 0.7759546 0.1317663 0.1975886 0.05680222
2.084432 0.8349763 0.804398 0.1367413 0.2019516 0.05845898
1.897555 1.135605 0.6783885 0.1136199 0.1873089 0.04879544
1.914576 1.056748 0.7234711 0.1180256 0.1927738 0.05305355
1.925392 1.236116 0.6685543 0.1116037 0.1847603 0.04904531
1.849776 1.313162 0.6935397 0.1060647 0.1880601 0.05381706
2.028641 1.007328 0.713583 0.1246009 0.1891986 0.0502138
2.106752 0.9086497 0.743771 0.1355817 0.197091 0.0529589
1.885867 1.167803 0.7032485 0.1111951 0.1872924 0.05190075
1.925853 1.052625 0.7534971 0.1179423 0.1930515 0.05610214
2.155305 0.7838806 0.7715466 0.143973 0.2019995 0.05396058
2.165943 0.6856707 0.8525811 0.1484005 0.2090623 0.06122401
2.006367 0.9977257 0.757736 0.1247503 0.1942601 0.05565025
2.120643 0.8582593 0.7718281 0.1385159 0.1998461 0.05521703
1.919931 1.197045 0.680371 0.1128724 0.1863618 0.0498852
2.125007 0.8001211 0.7802155 0.1411562 0.2019177 0.0551842
1.962698 1.05879 0.6934161 0.1192776 0.1879883 0.04899694
2.029857 0.9319444 0.7658442 0.1286752 0.1962649 0.05550673
1.888162 1.101207 0.7673391 0.1132162 0.1918499 0.0583165
1.975467 1.023749 0.7297113 0.1216496 0.1913249 0.05262239
2.035557 0.9090204 0.7486456 0.1307443 0.1966232 0.0532849
1.905096 1.198104 0.7288565 0.1112499 0.1883982 0.05540759
2.3125 0.6877183 0.7886699 0.1601679 0.207936 0.05469941
1.985156 1.035005 0.7594487 0.122494 0.1944008 0.05668943
1.944593 1.084047 0.7489356 0.1180588 0.1924929 0.0561888
1.871258 1.194066 0.6898635 0.1100017 0.1870554 0.0509804
2.02306 1.014223 0.7495959 0.1244593 0.1921954 0.05466452
1.937369 1.075176 0.7070442 0.118106 0.1899952 0.05109144
2.11394 0.8725681 0.7787338 0.135793 0.1977063 0.05582414
2.290772 0.4424257 0.9255729 0.1732936 0.2289267 0.06636493
2.051366 0.9754246 0.7633581 0.1277204 0.194012 0.05566603
2.06991 0.8777646 0.8100982 0.133904 0.2012729 0.06001885
2.042014 0.7580968 0.8683644 0.1365829 0.2071529 0.06434351
2.114416 0.9036849 0.7607845 0.1365669 0.1985313 0.05485567
2.120813 0.7850796 0.8081065 0.1416252 0.2043521 0.05821204
1.765632 1.283366 0.6840961 0.1004089 0.1842548 0.05134995
2.206047 0.6644975 0.9005529 0.1531304 0.2139696 0.06679441
2.131142 0.6960341 0.8538746 0.1470355 0.2110147 0.06212281
1.96337 1.075439 0.695969 0.1194752 0.1891643 0.04983058
1.960514 1.045521 0.7620113 0.1203115 0.1938266 0.05703639
1.852389 1.261483 0.6994043 0.1061258 0.1855617 0.05283129
1.900587 1.068544 0.7590007 0.1164673 0.1940461 0.05724582
1.781821 1.202158 0.7591565 0.1050465 0.192438 0.05978469
2.05396 0.8725983 0.7974687 0.1319339 0.1983751 0.0577852
1.932237 1.171868 0.717834 0.1139901 0.1885246 0.05378041
2.006485 1.076652 0.7391524 0.1206988 0.1894924 0.05425163
1.930039 0.9819972 0.7798965 0.1198383 0.1950756 0.05783657
2.321614 0.5482948 0.8191396 0.1682695 0.2157641 0.0558448
2.002549 1.167053 0.6878418 0.1197996 0.1891343 0.05074375
1.930717 1.065846 0.7758003 0.1176509 0.1943168 0.05909928
1.956069 1.122493 0.7356311 0.1181804 0.1924656 0.05562654
1.957897 1.150453 0.6860514 0.1159313 0.1864135 0.04965885
1.992849 0.9507006 0.8130511 0.1265868 0.2002231 0.06182238
1.857171 1.321233 0.6371137 0.104652 0.1807236 0.04635331
2.155757 0.7494129 0.7829445 0.1466607 0.2055706 0.05508598
1.886485 1.105834 0.7488032 0.1133698 0.1915011 0.05641493
2.048942 0.9528571 0.7613135 0.1294709 0.1960881 0.05546725
1.986501 1.057456 0.7386182 0.1212521 0.191963 0.05445589
1.929434 1.004036 0.7681464 0.1195476 0.1945618 0.05695421
1.985365 1.179037 0.7074901 0.1176106 0.1890648 0.05298361
2.006012 0.9928239 0.708782 0.1256732 0.1925284 0.05022824
2.172936 0.7700297 0.773969 0.1461471 0.2031876 0.05414515
2.008572 0.9074731 0.7782112 0.1293328 0.199241 0.05689562
1.876042 1.197107 0.6938404 0.1091045 0.18531 0.05103419
1.927931 1.125389 0.7253051 0.1156982 0.190194 0.05399928
2.054342 0.9276202 0.7583472 0.1317812 0.1980227 0.05505068
1.812956 1.307301 0.7147099 0.1025335 0.1866022 0.05562056
1.931598 1.052627 0.740088 0.1180625 0.1920837 0.05452732
2.267404 0.6084624 0.8326383 0.1621605 0.2152414 0.05864098
2.138431 0.7663897 0.8222682 0.1440839 0.2063181 0.0596079
1.891851 1.266695 0.6803294 0.1088726 0.1856446 0.0509927
2.067443 1.001482 0.7213102 0.128965 0.1925255 0.05160775
2.030563 0.9134253 0.8110212 0.1303695 0.2008892 0.06085017
2.007118 1.070641 0.7410049 0.1220011 0.1916704 0.05488279
2.190479 0.6741353 0.8339163 0.1515786 0.2098232 0.05922164
2.043148 0.9416752 0.7467841 0.1289911 0.1944781 0.05336567
1.883467 1.148914 0.729657 0.1124221 0.1905772 0.0550444
1.896848 1.122957 0.6946136 0.1134182 0.1875766 0.05024988
1.927197 1.167719 0.6871114 0.1140484 0.1869559 0.05018396
1.99976 0.9682323 0.7673412 0.1261437 0.1967451 0.056595
2.118192 0.805447 0.7956994 0.1405362 0.2029808 0.05714071
1.849544 1.22059 0.6712922 0.1081743 0.1856223 0.04919293
1.910577 1.135606 0.7337066 0.1130688 0.1889823 0.0548742
1.873891 1.164945 0.7303718 0.1116431 0.1910916 0.055592
1.893593 1.161523 0.7263903 0.1121871 0.1893952 0.05466339
1.838678 1.134943 0.7015942 0.1091417 0.1865297 0.05084708
1.984595 1.074513 0.6945224 0.1197176 0.1874357 0.04931337
2.044341 1.002051 0.7761146 0.1269414 0.1955109 0.05798538
1.7682 1.327297 0.7166306 0.1015648 0.1904418 0.05714554
2.090782 0.7431665 0.8917765 0.1418166 0.2109856 0.06739683
1.848812 1.192148 0.6921748 0.1085603 0.1868792 0.05113937
2.045047 0.8965815 0.7863112 0.1316436 0.1991824 0.05744066
2.073047 0.9335904 0.7639342 0.1308652 0.1952569 0.05509202
1.945827 1.131313 0.6972226 0.115415 0.1864938 0.05041879
1.987721 0.9608027 0.7540937 0.1256921 0.1961515 0.05493234
2.071729 0.8784455 0.7808748 0.1342808 0.1997311 0.05661265
2.006026 1.009168 0.7356494 0.1252563 0.1940355 0.05356532
2.082001 0.855365 0.7787384 0.1360858 0.2003712 0.05597894
2.167368 0.6979875 0.8381918 0.1484747 0.2086966 0.06003001
1.802122 1.284642 0.668977 0.1028578 0.1840804 0.04978079
2.009382 0.9947841 0.7973461 0.12587 0.1983065 0.0607598
1.949821 1.1076 0.6896659 0.117326 0.1877527 0.04949046
2.002732 0.982366 0.7266534 0.1249546 0.1924468 0.05177301
2.076949 0.8957357 0.7910798 0.1338918 0.1998073 0.0580678
1.923206 1.099116 0.7496409 0.1161642 0.192267 0.0565524
2.097789 0.8207865 0.7586923 0.1388849 0.200593 0.05322976
1.846966 1.240797 0.6658231 0.1069616 0.1842859 0.04870485
1.739892 1.488233 0.6428399 0.09335376 0.1806126 0.04958352
2.210227 0.6998249 0.8326867 0.1525533 0.21018 0.05989253
1.900037 1.154998 0.7512254 0.1129727 0.1917047 0.05777253
1.949272 1.089003 0.7142183 0.1180485 0.1899731 0.05211907
2.12367 0.8717566 0.7728303 0.1380743 0.1995196 0.05557503
2.153169 0.7946206 0.7979311 0.1445776 0.2050746 0.05755322
2.042225 0.9088565 0.7783287 0.1306207 0.1980417 0.05667524
2.277994 0.6376462 0.7635099 0.1613763 0.2097977 0.05146587
2.0434 1.025774 0.770909 0.1261827 0.1948643 0.05778308
1.978697 1.041012 0.7309104 0.1215365 0.1918881 0.05328384
1.833131 1.088628 0.7398026 0.1111886 0.1918235 0.05515892
1.986728 1.069879 0.7761923 0.1204769 0.1931359 0.05885506
1.976033 0.9240998 0.7599177 0.1260297 0.1968189 0.0548529
1.90418 1.090894 0.7349385 0.1146896 0.1902337 0.05432331
1.783595 1.321492 0.6754657 0.1014129 0.1852405 0.05132559
1.892657 1.024747 0.7824471 0.1177889 0.1971545 0.05957098
2.029911 0.8220793 0.8076819 0.1343274 0.2036425 0.05891308
1.972035 1.094095 0.7365091 0.1171945 0.1877774 0.05394727
1.860292 1.243779 0.6844267 0.1079603 0.1862782 0.05113529
2.225085 0.6397473 0.8265223 0.1567787 0.2122871 0.05815003
1.887938 1.180465 0.6515926 0.1115948 0.184589 0.04630675
2.000597 1.161176 0.6615419 0.1183439 0.1849173 0.04706524
1.794824 1.390631 0.6460569 0.09908685 0.1810565 0.04847431
2.301354 0.658663 0.8140893 0.1606683 0.2101637 0.05694212
2.134515 0.7957906 0.8105933 0.1412924 0.2030636 0.05843147
2.147338 0.7335472 0.7865273 0.1463816 0.2057256 0.05508768
1.933664 1.130315 0.7200923 0.1158643 0.1899415 0.05352357
1.7997 1.462905 0.6321296 0.09816816 0.1814546 0.048239
2.085709 0.8605458 0.8017118 0.1363471 0.2020609 0.05886174
1.950139 1.080076 0.731885 0.1187358 0.1914324 0.05402463
1.877032 1.106157 0.7243292 0.1125965 0.1892888 0.05330394
1.918848 1.12275 0.707829 0.1156555 0.1897716 0.05204718
2.103896 0.8519662 0.7990241 0.136477 0.1998588 0.05780912
2.225853 0.6448269 0.8203404 0.1558219 0.2107689 0.05734564
1.898181 0.9458198 0.8106935 0.1197153 0.1984287 0.06098295
2.099032 0.8573963 0.7978247 0.1363201 0.2001993 0.05790629
1.792514 1.355803 0.6391187 0.1002507 0.1813747 0.04728596
2.113598 0.7738895 0.8125197 0.1417385 0.2051174 0.05855151
2.096766 0.9551771 0.7637532 0.1320099 0.1956159 0.05566395
2.248068 0.6871751 0.7978794 0.1553367 0.2078863 0.05556373
2.04398 0.89604 0.7352113 0.1313273 0.1959046 0.05160064
1.965408 0.9701535 0.7461332 0.1225384 0.1929725 0.05356588
1.916508 1.065397 0.7448059 0.1166336 0.1915526 0.05507585
1.887633 1.208591 0.7075485 0.1103648 0.1880467 0.05335442
1.816931 1.235203 0.7026716 0.1053716 0.1870501 0.05306191
2.167372 0.8298077 0.7884023 0.1421334 0.2009554 0.05651738
1.728113 1.427309 0.6317583 0.09536068 0.1816898 0.04769202
2.081177 0.9023271 0.7376937 0.1339831 0.1962314 0.05197545
1.868675 1.069274 0.8107745 0.1138575 0.1963761 0.06343772
1.795942 1.35493 0.6757403 0.1008885 0.1848678 0.05189204
2.02726 0.951426 0.764559 0.1279471 0.1958901 0.0556994
2.081934 0.942833 0.7608509 0.1311161 0.1948295 0.0548662
2.113159 0.7025189 0.804623 0.1448113 0.2067526 0.05631829
1.865626 1.241132 0.7009312 0.1079719 0.1872744 0.05312077
1.785354 1.256063 0.7268396 0.103734 0.1899407 0.05673589
2.144758 0.745998 0.8082663 0.144783 0.205243 0.05743525
2.391989 0.6334617 0.7869502 0.168759 0.2101555 0.0536757
2.009707 0.979594 0.782299 0.1255011 0.1960243 0.05821439
1.871654 1.226983 0.7009516 0.1085766 0.1864903 0.05257267
1.962241 1.154861 0.7096223 0.1168826 0.189241 0.05277797
1.834602 1.282889 0.6632637 0.1045642 0.1832991 0.04898272
1.929675 1.187866 0.7177099 0.1146175 0.1907365 0.05464093
2.078449 0.9194545 0.7451305 0.1333177 0.1966417 0.05318266
2.051001 1.035996 0.7347745 0.1260303 0.1921046 0.05363242
2.023085 0.9904611 0.7916324 0.1267405 0.1976467 0.05984993
1.907067 1.106741 0.7437931 0.1146304 0.1911667 0.05580903
2.001543 0.9481182 0.7459573 0.1270693 0.1960792 0.05383235
2.005329 0.911058 0.8076203 0.128623 0.2003542 0.06029654
1.741289 1.432776 0.6747382 0.0969188 0.1867268 0.05354217
1.979244 0.9290144 0.841627 0.1264384 0.2024888 0.06498056
1.955824 1.083806 0.7222671 0.1189276 0.1912857 0.0531709
2.01472 0.9269905 0.7888613 0.127455 0.1969966 0.05790313
2.103782 0.8889094 0.7660282 0.1358029 0.1983367 0.0550239
2.10323 0.9309458 0.7504837 0.1346441 0.1971115 0.05410251
1.975335 1.205415 0.6950884 0.1162733 0.1878986 0.0518897
1.943251 1.089268 0.7500833 0.1178595 0.192553 0.05642718
1.994136 1.04433 0.7401572 0.1221059 0.1920465 0.0543359
1.991773 1.095462 0.7390681 0.1206609 0.1920299 0.05531027
1.953048 1.118026 0.7591389 0.1168575 0.191656 0.05777398
1.962044 1.05285 0.7519027 0.1191503 0.191691 0.05567719
1.864371 1.187203 0.722337 0.1096846 0.1891409 0.05472085
1.86331 1.185771 0.7627024 0.1105425 0.1931529 0.05999785
2.044328 0.936647 0.7871985 0.1301141 0.198458 0.05831302
1.913725 1.054193 0.8067898 0.1171386 0.1966629 0.06277023
1.847708 1.257048 0.7049315 0.1072929 0.1883779 0.05402604
2.144899 0.7999909 0.7999498 0.142619 0.2034437 0.05753637
2.056374 0.9421387 0.7490618 0.1296193 0.1944715 0.05362549
1.881694 1.114739 0.7407143 0.1132427 0.1916813 0.05580922
2.01459 0.9181055 0.7808234 0.129495 0.1995758 0.057518
2.1014 1.007984 0.7413383 0.1303162 0.1933292 0.0540132
1.98553 0.8938189 0.8164478 0.1275064 0.2003688 0.0607696
2.075844 0.8842832 0.8051145 0.134483 0.2012918 0.0596162
2.065889 0.8699559 0.8089809 0.134541 0.2021152 0.05986957
2.154012 0.8222628 0.7793152 0.1411524 0.1999647 0.05519486
1.960706 1.103051 0.7048461 0.1186539 0.1898355 0.05142021
2.119837 0.6817266 0.8662847 0.1461131 0.2111169 0.0630355
1.960376 1.113425 0.7306992 0.1170849 0.1895171 0.0542145
1.811282 1.304084 0.6852728 0.1034267 0.1862251 0.0523279
1.808342 1.285729 0.6644795 0.1031739 0.1839582 0.04933813
2.341102 0.4329013 0.908889 0.1784038 0.2295267 0.06452109
2.047648 0.9330834 0.7600372 0.1312278 0.1981106 0.05536134
2.07127 0.9358366 0.7485615 0.1320962 0.1964008 0.05385048
1.770564 1.419423 0.6643056 0.09756713 0.1833858 0.05138655
1.972957 1.156802 0.6908045 0.116594 0.186779 0.05035841
2.024648 0.8576125 0.8231593 0.131752 0.2023614 0.06109288
2.010595 1.113855 0.7236578 0.1206079 0.1894798 0.05342083
1.943215 1.128539 0.7437809 0.1159773 0.1905101 0.05607396
2.078345 0.9176691 0.7600424 0.1327896 0.1967886 0.0546863
2.123216 0.8826304 0.7863857 0.1379304 0.2005924 0.05745655
2.27658 0.6002255 0.8688222 0.1627087 0.2168658 0.06241294
2.330806 0.573263 0.8245765 0.1685399 0.2161555 0.05710078
1.964793 1.106656 0.7383267 0.1173182 0.1893179 0.05476207
2.090939 0.8963501 0.7732029 0.1346523 0.1984569 0.0559287
2.052147 0.9367172 0.7705592 0.1311055 0.198249 0.05655071
2.216615 0.6623936 0.8388868 0.1555711 0.213066 0.06021835
1.878252 1.302224 0.6561297 0.1068926 0.1831125 0.0485038
2.12273 0.9012052 0.7496598 0.1368731 0.1975068 0.05346582
1.939656 1.060585 0.7274308 0.1186529 0.1913672 0.05316442
1.79989 1.296585 0.701761 0.1033773 0.1878843 0.05430475
1.858578 1.128361 0.7645476 0.1121662 0.1942374 0.05925034
1.92981 1.165896 0.6952487 0.1139918 0.1873405 0.05111019
2.008599 0.9773678 0.74886 0.1264561 0.195402 0.05455981
2.018881 0.9184741 0.7687054 0.1286223 0.1969293 0.05564218
1.933966 1.097857 0.7399063 0.1160408 0.1901911 0.05497694
2.022373 0.9487033 0.7705689 0.1275399 0.1960731 0.05630762
1.912909 1.061376 0.8024088 0.1160233 0.1944301 0.06177238
1.818248 1.194802 0.7365672 0.1066538 0.1895131 0.05642121
2.296702 0.5461534 0.9179576 0.1667872 0.2215821 0.06697748
2.386318 0.4751992 0.8623447 0.1782742 0.2232906 0.05972484
1.933118 1.073601 0.7260905 0.1183209 0.1923735 0.05360645
2.296558 0.5100525 0.8615157 0.1694755 0.2213312 0.0601934
2.054417 0.9527635 0.7428283 0.12893 0.1935599 0.05302018
1.793065 1.340252 0.6612038 0.09975719 0.181024 0.04919059
2.133845 0.8141699 0.7921572 0.14071 0.201654 0.05665619
1.971607 1.025223 0.7442629 0.1208731 0.1915044 0.05417796
2.201569 0.782698 0.7831333 0.1478666 0.2040126 0.0555647
1.896361 1.120062 0.7232818 0.1140876 0.1905392 0.05380023
2.134576 0.8723281 0.7827028 0.1374764 0.1981853 0.05625721
2.018706 1.006646 0.7352196 0.1258394 0.1937614 0.05343969
2.168018 0.7687608 0.8207046 0.1462787 0.206805 0.05967412
1.933557 1.182805 0.6862469 0.1136664 0.1862931 0.05022754
1.962159 1.04543 0.7159268 0.1206156 0.1913963 0.0517652
1.947456 1.07235 0.7330816 0.1176181 0.1899037 0.05367282
1.93987 1.134543 0.7491702 0.1166972 0.1927165 0.0573313
1.769862 1.357771 0.7011943 0.1002197 0.188172 0.05546633
2.043329 0.9324089 0.7725096 0.1295676 0.1967366 0.05630523
2.002388 0.9935543 0.7522146 0.1245125 0.1936343 0.05482262
1.799092 1.223355 0.7243334 0.105009 0.1891615 0.05562387
1.956369 1.10687 0.6870841 0.1187173 0.1889851 0.0494581
2.121716 0.8007308 0.778475 0.140961 0.2019684 0.05505217
1.888226 1.205538 0.6973487 0.1108554 0.1878821 0.05217213
1.986094 0.9948034 0.7302788 0.1242917 0.1936179 0.05263389
2.029097 0.9399723 0.7760603 0.1281388 0.1964598 0.05677862
1.926166 1.255325 0.6776339 0.1111974 0.1848559 0.05024519
2.242816 0.719853 0.7789837 0.1548273 0.2075381 0.05441764
1.978039 1.159621 0.6916664 0.1170966 0.1870638 0.05053581
2.005081 0.9794922 0.7436389 0.1244522 0.192192 0.05331821
2.144071 0.7492067 0.7963017 0.1445256 0.2043914 0.05613454
2.015594 1.000031 0.7880518 0.125405 0.1965142 0.05943454
2.026365 0.8741125 0.7784209 0.1321735 0.2009216 0.05656915
1.817939 1.273354 0.6940335 0.1043775 0.1864416 0.05274431
2.375104 0.5272736 0.9072466 0.1729754 0.2210943 0.06517799
1.79609 1.279668 0.7102019 0.10248 0.1866942 0.05464484
2.028518 0.9813856 0.7663149 0.1275621 0.1966087 0.05676451
1.995512 0.992608 0.7531112 0.1243509 0.1940841 0.05500103
2.087715 0.8075253 0.7809596 0.1380918 0.201297 0.05528184
2.021174 1.047416 0.7038591 0.1243293 0.1904212 0.05031719
1.992997 0.9820173 0.7503418 0.1242899 0.1938472 0.05446848
2.19059 0.7029051 0.8144549 0.1514735 0.2095073 0.05796361
2.147495 0.8245553 0.7735685 0.1409218 0.1999703 0.05468008
1.882686 1.346202 0.627667 0.1058588 0.1812627 0.04596007
1.802843 1.11846 0.7072467 0.1086757 0.1896202 0.05187953
2.013175 1.037134 0.7481909 0.1230535 0.1917925 0.05493407
1.992988 0.9839182 0.7398461 0.1240649 0.1927961 0.05318228
2.012218 0.973455 0.7653855 0.1261402 0.1953691 0.05614842
1.960374 1.137337 0.7351764 0.1170195 0.1906961 0.05545111
1.8193 1.186954 0.6728473 0.1052632 0.1824182 0.04807892
1.959953 1.070954 0.7238813 0.118977 0.1901444 0.05275207
2.197893 0.7908807 0.7863508 0.1466701 0.203055 0.05585301
1.953951 1.095329 0.7280197 0.117302 0.1893395 0.05349445
1.937591 0.9964525 0.7735286 0.1209824 0.1960032 0.05766707
2.151823 0.7200249 0.8513145 0.1473791 0.2101747 0.06233461
1.824942 1.418735 0.6333027 0.1006716 0.1812402 0.04761362
1.947594 1.207363 0.7175608 0.1149855 0.1901961 0.05477365
1.965982 1.042436 0.8155982 0.1209664 0.1976761 0.06369389
2.104022 0.8535477 0.782072 0.1378578 0.201094 0.05645703
2.083245 0.7523954 0.8123188 0.1401271 0.2050606 0.05797841
2.117564 0.8562342 0.7867611 0.1373264 0.1990824 0.05647187
2.115169 0.9421255 0.7588423 0.1343552 0.1964063 0.05502256
1.974144 0.9586557 0.764308 0.1241306 0.1954335 0.0557351
1.884085 1.062477 0.7461698 0.1149491 0.1923348 0.05538957
1.86277 1.162296 0.745046 0.1114778 0.1929674 0.05759494
2.051258 0.8854979 0.7649129 0.1325322 0.1985984 0.05493512
2.096398 0.9698758 0.7149352 0.1314203 0.1922976 0.05033728
1.990024 1.049127 0.7465008 0.1214894 0.191754 0.05497087
2.145237 0.7886643 0.7822692 0.1431001 0.2026129 0.05528483
2.003925 0.922728 0.7872817 0.1274472 0.197763 0.05781168
1.826289 1.398656 0.6380666 0.1018263 0.1823199 0.04799472
2.032486 1.048181 0.745335 0.1254624 0.193913 0.05536457
2.052958 0.9086479 0.7688283 0.1319705 0.1983556 0.05575818
2.000237 0.9549967 0.7514814 0.1265321 0.1958684 0.05447576
2.170831 0.8008813 0.8144109 0.145309 0.2057265 0.05957105
1.887383 1.185943 0.6939189 0.1106674 0.1860388 0.05095102
1.994246 0.9710375 0.7426181 0.124131 0.1923848 0.05307977
1.888184 1.042855 0.7286453 0.115533 0.1911506 0.05293726
1.866068 1.245657 0.6757008 0.1079797 0.185143 0.05000163
2.191043 0.6897018 0.8595506 0.1507431 0.2103945 0.06234014
1.991535 0.9536677 0.7681221 0.1251983 0.1953867 0.05599107
1.912969 1.151874 0.7285048 0.1126834 0.1881128 0.05439947
2.068356 0.8968956 0.7214932 0.1340045 0.1965675 0.0503804
2.127913 0.7365038 0.8414975 0.1444562 0.2079852 0.06118235
2.09268 0.9947668 0.7715974 0.1311905 0.1965265 0.05754099
2.276517 0.6186511 0.7860355 0.1618998 0.2114838 0.05351164
1.744261 1.349764 0.6743509 0.09752294 0.1832797 0.05122171
1.944803 1.078287 0.7407793 0.1183168 0.1918236 0.05500811
2.107449 0.9193815 0.6971386 0.1353096 0.193899 0.04790408
1.999293 1.014752 0.7387838 0.1241939 0.1936426 0.05394625
1.884548 1.315506 0.6438009 0.1065099 0.1817932 0.04720881
1.790976 1.267811 0.7147722 0.1032313 0.187999 0.05516346
2.0308 0.9222876 0.7939801 0.1295942 0.1988663 0.05876924
2.028722 1.021745 0.7463392 0.1253991 0.1934819 0.05484252
1.938116 1.052624 0.7706973 0.1195143 0.1956852 0.05857985
2.167724 0.8139967 0.8085738 0.143995 0.2042728 0.05895513
1.886035 1.13174 0.7499386 0.1132877 0.1924155 0.05727719
2.06727 0.9596668 0.7531043 0.1301887 0.1952497 0.05460456
2.127832 0.7824786 0.8402525 0.1412374 0.2046839 0.06145235
1.906328 1.132683 0.7534179 0.1140446 0.1917421 0.05747479
1.900706 1.197166 0.6954233 0.110617 0.1856462 0.05128952
2.146108 0.8664626 0.7442539 0.1395271 0.1975398 0.05215781
1.925658 1.156932 0.6895897 0.1148568 0.1880377 0.05045591
2.075472 0.8221355 0.7822942 0.1377878 0.2029925 0.05621644
2.00292 0.9722424 0.7674315 0.1252379 0.194874 0.05619288
2.112654 0.8752252 0.7585142 0.1375135 0.1990659 0.0541174
2.029812 0.9022672 0.7795327 0.1297441 0.1975785 0.05650878
1.827647 1.362902 0.6300625 0.1024042 0.1810842 0.04636561
2.077865 0.919183 0.7788533 0.1324631 0.1975506 0.0568064
1.960053 1.007388 0.7380032 0.1223722 0.1939597 0.05372867
1.933132 1.190334 0.7265714 0.1137325 0.1897854 0.05543192
2.045656 0.950965 0.7774571 0.1281203 0.1952104 0.0568578
2.176006 0.6819348 0.8150663 0.1505518 0.2090902 0.05740999
1.695383 1.50054 0.6214963 0.09173009 0.1807736 0.04749297
1.908893 1.11268 0.7446954 0.1145526 0.1911757 0.05603749
2.04906 0.9104484 0.7660985 0.1304085 0.1961284 0.05498222
1.946561 1.184792 0.6878861 0.1147232 0.1870956 0.05062617
2.131942 0.8037206 0.7546857 0.1420231 0.2011411 0.05258884
2.018479 1.024004 0.7480342 0.1248613 0.1936066 0.05505683
2.028696 1.057065 0.7357306 0.1237496 0.1913184 0.05394652
1.976607 1.013298 0.7561555 0.1214049 0.1923134 0.05535873
1.95154 1.0696 0.6941767 0.1188554 0.1888365 0.04945438
1.769923 1.510721 0.6044973 0.09520383 0.1789869 0.04548308
2.067759 0.9032839 0.7507597 0.133514 0.1979534 0.05372542
2.085173 0.7817236 0.8561474 0.1395103 0.2073164 0.0637582
1.960264 1.113189 0.7104279 0.1181626 0.189687 0.05212613
1.867664 1.185577 0.7160072 0.1098885 0.1886057 0.05389142
1.988858 0.9805226 0.7973819 0.1241141 0.1970306 0.0601005
2.105269 0.8207115 0.8007796 0.1397183 0.2035542 0.05810831
2.138473 0.843567 0.8395234 0.1404795 0.2046158 0.06297846
2.386414 0.5287182 0.8888614 0.1743904 0.2208542 0.06328475
1.887017 1.153783 0.7416409 0.1123842 0.1912741 0.05659961
1.923984 1.175183 0.6932219 0.1134545 0.1867662 0.05086531
2.020708 1.039435 0.6850487 0.1248462 0.1897329 0.0481567
1.970331 0.9147545 0.8165437 0.1258231 0.199984 0.0611974
2.2873 0.6705441 0.8048805 0.1592897 0.2095419 0.05621247
1.935875 1.106775 0.7393217 0.1165719 0.1912983 0.05539111
2.131718 0.8931788 0.7511742 0.1373446 0.1971106 0.05334253
1.889007 1.237696 0.6727673 0.1089753 0.1842332 0.04938793
2.022629 0.9481867 0.7661866 0.127889 0.1960021 0.0557795
1.81169 1.332973 0.6503295 0.1015264 0.1813282 0.04802939
2.215245 0.6977264 0.788191 0.1521972 0.2063075 0.05451045
2.060914 0.9940392 0.7191922 0.1290456 0.192916 0.05133675
2.113117 0.88714 0.7435546 0.1359984 0.1961989 0.05224989
1.882845 1.134904 0.7078571 0.1132821 0.1900979 0.05238932
1.932332 1.179596 0.6689543 0.1135843 0.1847718 0.04806766
2.149423 0.8200641 0.8173428 0.142482 0.2045798 0.06009648
2.34314 0.5313051 0.8630844 0.1719047 0.2205562 0.0607465
1.921557 1.183663 0.7104981 0.1129255 0.187807 0.05307349
1.973308 1.10667 0.7534883 0.1201385 0.194378 0.05763849
2.034145 0.8233541 0.8201822 0.1338012 0.2029484 0.06001137
1.867311 1.1937 0.7194562 0.1096445 0.1888874 0.05449404
1.845791 1.269979 0.6857283 0.1053145 0.184161 0.05121952
1.919446 1.126573 0.7606577 0.1152972 0.1929204 0.05844877
1.939211 1.030007 0.820845 0.120649 0.1996869 0.06450014
1.934995 1.158199 0.6921339 0.1146835 0.1871469 0.05055789
1.920955 1.017232 0.7601276 0.1192361 0.1947356 0.05641643
1.992772 0.9742122 0.7196966 0.1251343 0.1927799 0.05095365
1.955276 1.016869 0.7543041 0.1210389 0.1940978 0.0557044
1.954328 1.100051 0.7335351 0.117606 0.1903904 0.05440688
1.946392 0.998084 0.7771982 0.1214542 0.1962933 0.05818412
2.030667 0.924403 0.7263686 0.1296895 0.1949806 0.05109567
1.869492 1.19992 0.6728574 0.1092261 0.1849657 0.04888993
1.990343 1.108267 0.7057868 0.1199883 0.1891785 0.05143833
2.27452 0.6530093 0.8208056 0.1608408 0.2132614 0.05816515
1.984673 1.054454 0.7480591 0.1208345 0.191806 0.05530623
1.852634 1.235763 0.7162777 0.1084673 0.189665 0.05511726
1.948719 1.104993 0.6791862 0.1179962 0.1883651 0.048554
1.767723 1.401248 0.6702257 0.09871312 0.1853219 0.05215946
1.967987 1.017839 0.7371219 0.1220422 0.1930453 0.05366238
1.934431 0.9947808 0.7814301 0.1211012 0.1969049 0.05866791
2.067945 0.9129057 0.7624003 0.1317792 0.196194 0.0546781
1.912117 1.26537 0.6380631 0.1098954 0.1820883 0.04585783
1.863701 1.259058 0.6949706 0.1080714 0.1875452 0.05281148
2.177722 0.8250682 0.8198475 0.143545 0.2035598 0.06019163
1.828839 1.306359 0.6902521 0.1033855 0.184792 0.0525609
1.940701 0.9823693 0.7681198 0.1214895 0.1955917 0.05667474
1.939447 1.102086 0.7035128 0.1159516 0.1872542 0.05066804
1.983565 1.013514 0.7262248 0.1222537 0.1912206 0.05209122
1.828786 1.237914 0.6811481 0.1060739 0.1860281 0.05067999
1.836807 1.139491 0.7629203 0.1099736 0.1931001 0.05903692
1.983717 0.8637314 0.8610682 0.1290864 0.2048086 0.06590131
2.129099 0.9135117 0.74058 0.1367674 0.1966055 0.0526209
1.815131 1.207542 0.7090342 0.1062232 0.1878255 0.0533637
1.817112 1.340816 0.6460035 0.1022374 0.1820028 0.04784483
1.955403 1.171264 0.6686568 0.1160925 0.1866275 0.04833376
1.945881 1.026553 0.7153724 0.1195474 0.1902599 0.05104444
1.801285 1.273079 0.7244462 0.1048162 0.19104 0.0571229
1.821257 1.222231 0.6820351 0.1060179 0.1857006 0.05035687
2.138847 0.7969806 0.804153 0.1419899 0.2034095 0.05790217
2.134973 0.8367631 0.7756376 0.1388773 0.1986256 0.05484685
1.91343 1.221154 0.6715603 0.1113251 0.1847294 0.04904338
2.010943 0.8438882 0.8520709 0.1318003 0.2049626 0.06441671
1.969206 0.9760572 0.7776677 0.1237388 0.1968565 0.0578622
1.827229 1.245187 0.711262 0.105053 0.186502 0.05403307
1.824429 1.201759 0.6900497 0.106916 0.1865828 0.05100256
1.941124 1.048615 0.7797315 0.1192559 0.1952693 0.05932928
2.090391 0.7408499 0.8397443 0.1410881 0.2068071 0.06083366
2.044059 0.9685656 0.7424695 0.1286288 0.1946543 0.05356857
1.948068 0.9800322 0.7853697 0.1217648 0.1966117 0.05873498
1.934032 1.170017 0.7018102 0.1147348 0.1883004 0.05200758
2.220718 0.7486577 0.7468789 0.1513029 0.2034184 0.05105097
2.276567 0.6322465 0.8696407 0.1595373 0.2132832 0.06249382
1.955399 1.049398 0.7893755 0.1203527 0.1963943 0.06069193
2.014797 0.9013365 0.8227143 0.1302106 0.2023274 0.06211238
2.020817 0.9418428 0.7530396 0.1286777 0.1967669 0.0545505
2.215561 0.6523302 0.8215615 0.1554701 0.2115701 0.0578418
2.094515 0.9345775 0.7911481 0.1340058 0.1995723 0.05892352
1.954152 0.9757391 0.7935195 0.1223283 0.1968573 0.05946945
2.072606 0.9534729 0.7613434 0.131419 0.1968353 0.05566372
1.86244 1.246159 0.7208215 0.1081066 0.1893054 0.05580785
1.919137 1.107136 0.7075275 0.115666 0.1892952 0.05163328
2.118575 0.7950199 0.7973766 0.1407377 0.2028155 0.05698236
1.920412 1.17185 0.7224138 0.1131735 0.188867 0.05437667
1.908144 1.1902 0.7115681 0.1126069 0.1890948 0.05363369
2.046209 1.000687 0.715042 0.1268462 0.1912062 0.0507246
2.051856 0.8937724 0.8012134 0.1316531 0.1993575 0.05894932
2.122933 0.8841137 0.7604962 0.138303 0.1996091 0.0546334
1.89724 1.298238 0.6434394 0.1079716 0.1819783 0.04689001
1.83648 1.13538 0.7328059 0.1094335 0.190217 0.05506395
1.896345 1.161033 0.7021736 0.1117901 0.1866382 0.05147153
2.061107 0.9622445 0.7538577 0.1296386 0.1950308 0.05466686
2.060126 0.963048 0.7325797 0.1298831 0.1941013 0.05231018
1.910849 1.209942 0.673867 0.1118699 0.1858483 0.04936101
1.9205 1.037182 0.744438 0.1178896 0.1925083 0.05473675
1.908966 1.159105 0.7363717 0.1137332 0.1911646 0.05611689
2.237561 0.7033977 0.8499845 0.1543905 0.2109286 0.06188193
2.020224 0.9580245 0.7063385 0.1280777 0.1932645 0.04942472
2.09841 0.9252786 0.6884357 0.1337064 0.1921082 0.04683923
2.120013 0.7750747 0.7863371 0.1419219 0.2032685 0.05554741
1.823385 1.329703 0.6604797 0.1030426 0.1835024 0.0495167
1.999283 0.9975511 0.7561587 0.1234349 0.1929291 0.05519474
2.076605 0.9168998 0.7270404 0.1323124 0.1940402 0.05076765
2.198035 0.6393171 0.8195436 0.1537138 0.2100225 0.05689867
1.911141 1.085031 0.7495615 0.116385 0.193105 0.05641306
1.933338 1.166554 0.7040136 0.1146933 0.1884627 0.0522276
1.8801 1.120385 0.7037456 0.111937 0.1871203 0.05099612
2.120458 0.7558523 0.8363224 0.141629 0.2050695 0.06049518
1.989204 1.031361 0.759269 0.1225629 0.1939227 0.05647027
2.223509 0.8035765 0.7721321 0.1475 0.2013684 0.05435178
1.942383 1.118272 0.6874299 0.1160981 0.1865972 0.04919063
2.0794 0.8055353 0.8101502 0.137106 0.2024248 0.05844213
2.086108 1.009062 0.7372755 0.1293415 0.192944 0.0535175
1.888935 1.137564 0.691164 0.1130179 0.1879687 0.05024902
1.989485 0.9783906 0.812205 0.1249429 0.1990184 0.06211097
1.983396 1.119848 0.7157696 0.1196654 0.1904404 0.05296981
2.148943 0.7479334 0.8289002 0.1450017 0.2066312 0.05992815
