3.296564 1.224845 0.6117086 0.4849766 0.4555087 0.1070891
3.246653 0.6247705 0.918813 0.5983687 0.5689308 0.1788685
2.812692 1.016231 0.7975173 0.4466091 0.5052222 0.1566006
2.909035 1.098174 0.7722089 0.4559735 0.5018809 0.153371
2.447353 1.831726 0.5486918 0.3062192 0.4475224 0.1095005
3.446016 0.4243856 0.8562603 0.67983 0.5859761 0.151006
3.076296 0.9482781 0.8045007 0.5130218 0.5234124 0.1586051
2.824807 1.093374 0.7304435 0.4384348 0.4883626 0.1383329
2.585768 1.740609 0.5386161 0.3486869 0.4652868 0.1075647
2.738762 1.402841 0.6781773 0.3968266 0.4826143 0.1379465
2.595907 1.377908 0.6616623 0.3732852 0.472931 0.1300502
3.16848 0.9172915 0.6447749 0.5313538 0.4966865 0.1099655
2.315792 1.622928 0.5760654 0.3128088 0.4559401 0.1120647
2.57722 1.671513 0.5946152 0.3525141 0.4742167 0.1228715
3.191497 0.5473551 0.8156665 0.6034801 0.5628606 0.1445503
3.085751 1.199881 0.6353411 0.4697944 0.4737025 0.1155601
4.588647 -0.555792 1.054092 1.345279 0.8995887 0.1741424
2.767242 1.302965 0.7404305 0.4119399 0.4934901 0.153341
2.683562 1.239366 0.7588705 0.4103381 0.501892 0.1573502
2.795157 1.213928 0.6117813 0.4230545 0.4686078 0.1092786
2.995886 1.392673 0.6502345 0.4390975 0.4804424 0.129061
2.714646 1.458706 0.633878 0.3840554 0.4701403 0.1251892
3.066518 0.7860322 0.9759803 0.5377065 0.5614031 0.2063209
2.243412 1.668179 0.5691485 0.3046706 0.4645162 0.1135515
2.986293 0.990326 0.8746951 0.4813526 0.5203398 0.1802943
2.875428 1.317199 0.6553561 0.4206925 0.4722095 0.1255256
2.77853 1.029223 0.7483698 0.4328867 0.4885383 0.1399584
2.975035 1.109362 0.7584222 0.4644014 0.4992182 0.1496168
2.463106 1.667493 0.576374 0.330559 0.4601895 0.1145811
3.16393 0.9252849 0.7049147 0.5219791 0.5000955 0.1258444
2.765783 1.527147 0.6438625 0.3846252 0.4725041 0.1311334
2.504166 1.391613 0.6875304 0.3611005 0.4790549 0.1389613
3.265634 1.046964 0.6835412 0.5099502 0.4799625 0.1222916
3.091596 0.8783946 0.7895511 0.5241158 0.5241552 0.1505038
2.788403 1.365616 0.74561 0.4128721 0.5019257 0.1607977
4.236906 -0.2855225 1.094339 1.096435 0.7899252 0.191288
3.59988 0.2758698 1.062078 0.7356349 0.6268993 0.2015594
3.258718 0.6190349 0.9091385 0.5961473 0.5621074 0.1738165
3.236751 0.6953871 0.956277 0.5613609 0.5429478 0.1871427
2.402948 1.368808 0.7335635 0.3535415 0.4965507 0.1558694
3.214096 0.8292581 0.9712115 0.5506801 0.551629 0.2055502
3.08596 1.089906 0.79791 0.4769932 0.4992265 0.1595647
2.652834 1.33471 0.6740438 0.3853734 0.4759108 0.1323915
3.631469 0.2245654 1.199897 0.7693051 0.6660169 0.2463028
3.280981 0.5415955 0.8802278 0.6212316 0.5720052 0.1625549
2.957535 0.9736302 0.7571273 0.4805427 0.5055039 0.1431127
3.046118 1.368252 0.6080923 0.4460124 0.4697084 0.1145987
3.861609 -0.2948173 1.133687 1.020978 0.8148001 0.2060522
2.636403 1.594536 0.6739074 0.3564181 0.4727676 0.1422393
3.065829 0.6875124 0.8612701 0.5462621 0.5453196 0.1618747
4.120783 0.1661115 0.9917456 0.8827769 0.6441791 0.1772127
3.430677 -0.01447264 0.9907112 0.8031972 0.701895 0.1735365
2.350074 1.686657 0.6169444 0.3156728 0.4698588 0.1283947
3.449509 0.6605244 0.7736508 0.6296378 0.5442278 0.1373658
3.778862 0.400854 0.9232856 0.7588032 0.6054757 0.1707985
3.485196 0.6313942 0.8604722 0.6466403 0.5641285 0.1622079
3.172669 1.087509 0.6867164 0.4907482 0.4797302 0.1249382
2.691412 1.633309 0.5539315 0.3631966 0.4560071 0.106933
2.926707 0.8609072 0.9354531 0.4941009 0.5407475 0.1940976
2.72058 1.256308 0.786609 0.4073437 0.4992638 0.1658523
2.814742 1.337864 0.6726319 0.4088911 0.4762495 0.1322336
2.305203 1.517203 0.6964376 0.3264142 0.4908006 0.1505397
2.981701 0.8767051 0.9377996 0.5108495 0.5515832 0.1995816
2.347748 1.821165 0.5748192 0.3158718 0.4878743 0.1254291
2.763829 1.00371 0.7518375 0.4460921 0.502964 0.1426198
2.637924 1.428619 0.5933736 0.3734961 0.4576309 0.1105176
3.027749 0.7729237 0.8858119 0.5271944 0.542862 0.173987
3.121836 0.9369656 0.7839567 0.5126106 0.5123529 0.1498393
2.324589 1.779714 0.6156795 0.311988 0.4853414 0.135177
2.795434 1.670923 0.5660295 0.3703502 0.4512086 0.1099051
2.964933 1.077019 0.6305035 0.4627283 0.4740677 0.1094679
2.760417 1.188635 0.6837608 0.417224 0.4778921 0.1284469
2.462507 1.622786 0.5325219 0.3360513 0.4493262 0.09914286
2.89922 0.812095 0.8408106 0.4915719 0.525067 0.1599071
5.153592 -0.9663085 1.206074 1.7733 1.111424 0.2012745
2.427346 1.500648 0.6354552 0.3448461 0.4765817 0.128539
2.178146 1.928039 0.5246027 0.2817059 0.4659763 0.108354
2.990963 0.7387739 0.9320393 0.519491 0.5453128 0.1849036
3.534405 0.4876683 0.872831 0.6732295 0.571274 0.1565769
2.940597 1.212641 0.6157705 0.4436385 0.4676556 0.1100467
3.275803 0.5330415 0.9610855 0.6096939 0.5717311 0.1830098
2.637085 1.490843 0.6651743 0.3700749 0.4757507 0.1363835
2.326002 2.193987 0.5684129 0.3050789 0.5359319 0.1446597
3.130666 1.007202 0.7105093 0.5088963 0.5005204 0.1315025
2.891319 0.9988282 0.8588568 0.4724742 0.5267702 0.1783555
2.803292 0.8721504 0.7510184 0.4707321 0.5125873 0.137405
2.613294 1.247171 0.7146676 0.3860525 0.4818157 0.1409038
2.968945 0.7974175 0.6874364 0.517996 0.5164997 0.1183129
3.064875 1.311107 0.6659084 0.4531556 0.4801671 0.1301017
3.75297 0.7146595 0.6660596 0.6671062 0.5163386 0.1091302
3.844242 0.1040297 1.089396 0.8591531 0.6847229 0.2069171
4.042537 0.3677332 0.8618324 0.8171794 0.5981932 0.1507609
2.45701 1.531714 0.6367893 0.3435557 0.4727985 0.1291897
2.996505 0.9874786 0.6856037 0.4916746 0.4993942 0.1239156
2.657581 1.231748 0.6891025 0.3940809 0.4756709 0.1315512
3.596565 0.2365283 0.9564021 0.7645008 0.6378971 0.173003
3.87968 -0.04002272 0.9166228 0.9412613 0.7175188 0.1559441
3.41648 0.6573722 0.8062307 0.6246363 0.5505496 0.1468879
2.239007 1.73219 0.5447775 0.2927049 0.4476136 0.1051698
2.39027 1.60194 0.5961776 0.3241602 0.4598765 0.1177005
3.043616 0.934044 0.7824225 0.5073318 0.5173115 0.1500486
2.966799 0.9919637 0.6502442 0.4781261 0.4841082 0.1123149
2.711941 1.439108 0.750455 0.3852894 0.4918318 0.1632115
4.584898 -0.3411649 1.076086 1.233438 0.8215572 0.1874275
2.915116 0.9886751 0.729337 0.4680995 0.4959729 0.1344367
2.363682 1.686163 0.618955 0.3204747 0.4767872 0.1308504
2.575819 1.546989 0.6170371 0.3640959 0.4788029 0.1259459
2.896182 1.182629 0.6946758 0.4422452 0.4862611 0.1332186
2.998291 1.111374 0.8231604 0.4647399 0.5053827 0.1693446
2.617474 1.632024 0.6487092 0.3502669 0.4693107 0.1357385
3.315593 0.6534125 0.8478663 0.6028251 0.5538251 0.1583151
3.093854 0.9352733 0.7149394 0.5071323 0.4999041 0.1289197
2.6019 1.324392 0.7094724 0.385169 0.4884875 0.1444623
2.299095 1.98709 0.5663917 0.2975823 0.4873399 0.1267462
2.878238 1.216393 0.648464 0.4374018 0.4794258 0.1210995
5.520145 -0.8920306 1.457227 1.820727 1.089572 0.2731337
3.205466 0.9896356 0.7142985 0.5222382 0.5019762 0.1320756
3.148201 0.7546017 0.8262165 0.5529903 0.5381652 0.1555983
3.232415 0.5421561 0.88531 0.6182844 0.579345 0.165778
4.429609 0.003163052 0.9477575 1.036985 0.696431 0.1633189
4.198883 -0.1672191 0.9395569 1.056423 0.7473532 0.1563585
3.261109 0.7944055 0.9048513 0.5680185 0.5484972 0.1826664
2.811094 1.263125 0.6618583 0.4201624 0.4771886 0.1259426
3.057498 0.6416517 0.9782575 0.5594297 0.5741987 0.1983699
3.540924 0.8796222 0.7036934 0.5909064 0.5014241 0.12343
2.579439 1.3802 0.6459283 0.360225 0.4579927 0.1228042
3.412856 0.6598405 0.7926573 0.6177404 0.5412762 0.1413155
2.701321 1.011139 0.9778524 0.4294342 0.5309707 0.2161878
3.077668 0.9356897 0.8156106 0.4984004 0.5085066 0.1570114
2.562383 1.102252 0.7444949 0.4017957 0.4971118 0.1446798
3.302466 0.6541995 0.9388294 0.5986927 0.5639299 0.1852756
2.908805 1.086262 0.8381978 0.4653585 0.5217123 0.1768067
3.007626 0.9382381 0.7790174 0.4999857 0.517549 0.1497259
2.843523 1.306432 0.6434138 0.4133875 0.4661667 0.1206918
2.890336 1.379239 0.5750456 0.4211306 0.4606154 0.104542
3.573783 0.6245548 1.092823 0.6645406 0.5970644 0.2375772
2.989318 0.4596014 0.9438059 0.5860987 0.5973535 0.1792234
3.126176 0.664523 0.7975025 0.5637248 0.5408355 0.1428049
2.768832 1.212025 0.7803517 0.4220332 0.5033246 0.162898
2.865334 1.221742 0.635281 0.4225637 0.4605732 0.113789
3.156568 0.9983742 0.7592738 0.5094201 0.5037312 0.1445083
3.150541 0.8570087 0.7953454 0.5264216 0.5155991 0.1487213
3.181313 0.9239462 0.8060872 0.5189358 0.5096634 0.1539964
2.783104 1.200777 0.7336871 0.4203498 0.4870081 0.1444301
3.09465 0.8700895 0.8678418 0.5215856 0.5324473 0.1735453
2.844578 0.9942665 0.7507592 0.463356 0.5061301 0.1424789
2.835364 1.351496 0.6216 0.4196655 0.473354 0.1179724
3.020405 1.096095 0.7152326 0.4709541 0.4894292 0.1348707
3.421414 0.3139566 1.078645 0.7000735 0.6331238 0.2120312
3.513663 0.4608306 0.8326667 0.6927596 0.5853811 0.1477562
2.456687 1.568647 0.5502866 0.3421094 0.4575467 0.1038643
2.767649 1.434437 0.6184065 0.3943496 0.4653541 0.1187787
4.351456 -0.2941675 1.075092 1.138076 0.7968471 0.1870334
2.88544 0.9924364 0.8254951 0.4629848 0.5123428 0.164656
3.353684 0.8428749 0.7436763 0.5683168 0.5133075 0.1339825
3.02425 0.8201255 0.849072 0.5187451 0.5334236 0.1648428
2.513087 1.25112 0.6862556 0.3768194 0.4832546 0.133509
2.918223 1.053434 0.8479793 0.4676886 0.5204856 0.1770732
2.890384 1.231464 0.6879259 0.4350952 0.4849816 0.1336796
2.844262 1.188122 0.7556475 0.4278393 0.4891225 0.1506842
3.228485 0.6111718 0.8942732 0.5895273 0.5579481 0.1680763
3.005189 1.026665 0.8654823 0.4853626 0.5260565 0.1823712
2.728396 1.407485 0.624212 0.3882324 0.4652624 0.1195986
3.099758 0.7514911 0.9059776 0.5478291 0.5525807 0.1806818
4.001531 0.005238333 0.9364995 0.9417841 0.6988117 0.1611496
2.860559 1.135199 0.6937004 0.4365613 0.4807554 0.1294378
2.413363 1.884648 0.5141683 0.3125047 0.4621156 0.1041166
3.511616 0.8919128 0.6790377 0.5909672 0.5026046 0.1182205
3.164051 0.9522235 0.7973131 0.4992115 0.4928115 0.1489606
2.821284 1.379347 0.6903409 0.4052371 0.4769907 0.1388089
3.058206 0.6075748 0.9702186 0.5587342 0.568598 0.1912744
2.418157 1.614953 0.6405997 0.3343318 0.4802185 0.1352934
2.628483 1.471393 0.6484106 0.3735642 0.4771742 0.1313695
2.950915 1.097639 0.7208212 0.4572757 0.4883077 0.1362949
3.950467 0.2544851 0.9246525 0.8358345 0.6315178 0.1650367
2.569728 1.020263 0.9034812 0.4111054 0.5241068 0.192031
3.340248 0.8673162 0.6530273 0.5603033 0.4966736 0.1099205
2.609585 1.34909 0.6036754 0.3847348 0.4709126 0.1130635
2.51311 1.111196 0.7948282 0.3855955 0.4965112 0.1590677
3.57411 0.5409598 0.9482447 0.6812181 0.586347 0.1845178
3.325957 0.6394042 0.93821 0.6031754 0.5631963 0.1837839
4.28222 -0.1118723 1.198048 1.023034 0.7399281 0.2259847
4.043692 0.07062493 1.028958 0.9126825 0.6824072 0.1868909
2.6097 1.34462 0.742527 0.3871631 0.498771 0.1577749
3.528106 0.4856498 0.9446076 0.6786088 0.5872776 0.1790443
3.779039 0.3640881 0.9339258 0.7669789 0.6112442 0.1718329
2.569837 1.503452 0.6689955 0.3549248 0.4721522 0.1373681
2.78015 1.301893 0.6506622 0.4106745 0.4750063 0.1243587
3.028751 0.6985339 0.8184372 0.5450838 0.5463653 0.1517966
3.169001 0.6043423 0.9683277 0.583481 0.5722884 0.1913968
3.447509 0.7060335 0.8537356 0.6122249 0.5437471 0.1607803
2.744121 1.533914 0.5747697 0.3724366 0.4500782 0.1081244
3.362718 0.8508436 0.7574877 0.5686072 0.5163662 0.1388353
3.140772 0.533795 1.226981 0.5909481 0.6115883 0.2733356
3.731846 0.4534688 0.735758 0.7360805 0.5693894 0.1205915
4.340186 -0.007137083 0.9222631 1.02868 0.7013841 0.1570244
2.654606 1.587506 0.5819582 0.3703547 0.4690907 0.1153645
2.407499 1.681562 0.64746 0.3231384 0.4782909 0.1395552
3.016957 1.038427 0.7125989 0.4800792 0.4942656 0.1324508
3.094219 0.7958599 0.8134569 0.5351716 0.5305442 0.1529762
3.452292 0.6353738 0.7277817 0.6208902 0.5288129 0.1222636
2.896307 0.8496349 0.8450252 0.4881881 0.5249769 0.1633533
2.498695 1.604361 0.5341522 0.3254927 0.428165 0.09538169
2.888173 1.108987 0.7496982 0.4454798 0.4935853 0.1461708
2.595116 1.41072 0.7415554 0.3750615 0.4938504 0.1594998
2.491359 1.462752 0.6634134 0.3644589 0.4928758 0.1389284
2.738403 1.275184 0.6047606 0.4108741 0.4695677 0.1100702
3.547291 0.4067797 0.8512072 0.7009547 0.5844564 0.1480382
3.784713 0.02842391 1.028492 0.8525842 0.6789351 0.1818405
4.343183 -0.2004456 0.9977653 1.099243 0.7596757 0.1696986
1.951508 2.373663 0.5112658 0.2503188 0.5319112 0.1269293
2.505406 1.615448 0.5746344 0.3439923 0.4632624 0.1130569
2.959915 0.8926953 0.8046942 0.4992232 0.5249901 0.1556682
4.268522 -0.2487262 1.125466 1.089384 0.7831392 0.201971
3.369546 0.7065977 0.9102685 0.5945253 0.5486349 0.177373
3.270162 0.7338276 0.8179266 0.5760308 0.5361699 0.1514394
3.030069 0.8646397 0.8496957 0.4969558 0.5131924 0.162689
3.02553 1.129317 0.8019738 0.4747029 0.5122356 0.1666978
2.75201 1.039458 0.7178033 0.4339304 0.4888517 0.1323649
3.272827 0.836461 0.8332107 0.5519867 0.5232619 0.1590551
3.45199 0.5301705 0.8755292 0.64606 0.5642638 0.1587906
3.321227 0.5822175 0.786185 0.6094024 0.5420167 0.1349255
2.651699 1.482914 0.767006 0.3898243 0.5191121 0.1787278
3.361398 0.4770986 0.9072959 0.6361267 0.5707336 0.1642569
3.092442 0.992738 0.7244272 0.5024668 0.5035568 0.1353446
2.428617 1.896594 0.5751039 0.3173175 0.4822985 0.1261166
2.860773 1.355114 0.6359348 0.4017003 0.4558572 0.1187625
3.115275 0.8977701 0.7270479 0.5156244 0.5029465 0.1305411
2.850948 1.17176 0.7890929 0.444326 0.5111244 0.1651513
3.019578 1.225101 0.6213544 0.4461121 0.4594765 0.1102734
3.248469 0.8599155 0.7292298 0.5453143 0.5073395 0.1299889
3.032939 0.9276505 0.803104 0.499712 0.5160701 0.1553137
2.441733 1.802014 0.4867962 0.3177158 0.4401896 0.09034859
2.78411 1.347926 0.6587992 0.4070438 0.4779319 0.1292922
2.91316 0.8865275 0.8061222 0.4870474 0.5193478 0.1541515
2.623196 1.29295 0.6598278 0.3836218 0.4694754 0.1249907
3.896234 0.3545257 0.8322785 0.7959129 0.6001653 0.1430482
2.680782 1.031438 0.8508114 0.4331637 0.5238252 0.1776128
2.878504 0.8199038 0.7999189 0.5012689 0.5351869 0.1522187
2.364308 1.573064 0.6167151 0.3257159 0.4688075 0.1244572
2.992099 1.205814 0.7114177 0.4645693 0.4968872 0.1408817
2.806485 1.396522 0.6011266 0.3970095 0.4568715 0.1114426
2.564857 1.599154 0.7076041 0.3588859 0.4991339 0.1598986
2.688238 1.395607 0.6164544 0.3917962 0.474543 0.1191167
4.71493 0.05711321 0.8354606 1.091275 0.6727459 0.1360237
2.593821 1.328893 0.7529239 0.3802703 0.4928373 0.1584087
3.135464 0.8406162 0.6641375 0.5355457 0.5029675 0.1121721
3.59447 0.729235 0.7608701 0.6361302 0.5289875 0.1349418
2.683571 1.583039 0.5948101 0.3735329 0.4732399 0.1200126
2.994099 0.566842 0.9889797 0.5533944 0.5750061 0.1948145
4.463039 -0.1299634 0.9482526 1.092013 0.72633 0.1576521
2.794423 1.017152 0.8549925 0.4488865 0.5192742 0.1763843
3.161164 0.5904748 0.8344755 0.589405 0.5594274 0.1513026
2.809007 0.9353331 0.8079982 0.4651915 0.520744 0.1583998
3.188509 0.6052875 0.9159746 0.5905101 0.5691931 0.1764218
2.593455 1.256695 0.7176828 0.3919542 0.4927518 0.1445754
3.346922 0.8355997 0.7738978 0.572659 0.5219 0.1430922
2.854004 0.9853045 0.7860823 0.4526391 0.4978399 0.1494056
2.792004 1.29561 0.6025791 0.4136899 0.4655501 0.1095455
3.9293 0.5638675 0.7621189 0.7468338 0.5582078 0.1313004
2.751489 1.284451 0.6633011 0.405835 0.4738779 0.1266024
2.974223 0.9748696 0.7131776 0.4812435 0.4964138 0.1297439
3.091564 0.7468024 0.8738855 0.5379568 0.538703 0.1677471
3.098006 0.9773495 0.7598317 0.4987725 0.5005124 0.1426883
3.857285 0.1261574 1.044854 0.8579797 0.6771194 0.1954915
2.944431 0.7809444 0.9946602 0.5108346 0.5566516 0.2096535
2.987075 1.0203 0.6452639 0.4796657 0.483126 0.1120795
2.619019 1.51549 0.6157503 0.3686087 0.4705599 0.1223718
2.669576 1.487209 0.5718211 0.3701423 0.450067 0.1054401
3.398111 0.7604441 0.7940329 0.599208 0.5359875 0.1470412
3.818275 0.355091 1.035981 0.7745561 0.6250583 0.2022273
2.561169 1.680385 0.5639813 0.3455905 0.4627948 0.1122498
2.660938 1.494854 0.6549354 0.3772131 0.4762974 0.1333541
2.916886 1.064807 0.9148663 0.4677878 0.5329474 0.2018297
3.58884 0.2500629 1.016231 0.7522431 0.6370197 0.1895801
3.101858 0.999014 0.7642391 0.4979784 0.5034856 0.146068
4.188359 0.2151663 0.938211 0.9032466 0.6444043 0.1680266
3.444921 0.8087942 0.7285983 0.5831456 0.5076046 0.1271878
2.641523 1.132945 0.7410851 0.4028822 0.4865059 0.1429312
4.332003 -0.1847898 1.125496 1.0868 0.7700518 0.2059982
3.146287 1.014361 0.6806046 0.5044591 0.4888133 0.1217467
3.125328 0.7605095 1.055846 0.5300664 0.549039 0.2230662
3.32893 0.8136036 0.6800645 0.5705358 0.5053416 0.1150863
3.463825 0.5148584 0.8775277 0.6613538 0.574983 0.16059
3.210846 0.8226111 0.7854753 0.5496522 0.523389 0.1457289
2.481136 1.46864 0.6202415 0.3520963 0.4678673 0.1210562
4.40584 -0.03987271 1.005171 1.04722 0.7146902 0.1775526
2.790963 1.377734 0.6393014 0.3950878 0.4594078 0.1208042
4.268272 0.09523558 0.9786797 0.9478077 0.6649759 0.1724063
3.310786 0.9121708 0.7198678 0.5467944 0.5021178 0.129369
3.474683 0.4763694 0.8191258 0.6716588 0.5713366 0.1423331
2.479656 1.324331 0.6725395 0.3582275 0.47045 0.1300735
2.839383 0.8554533 0.8251304 0.48293 0.5286606 0.1595944
3.131168 0.8673695 0.7674705 0.5167248 0.5044569 0.1392948
2.106579 2.173562 0.5599191 0.2784685 0.5331007 0.1404745
2.870768 1.011881 0.7585099 0.4600795 0.5009626 0.1443189
3.123505 0.8570007 0.811325 0.5216771 0.517127 0.1531383
2.39478 1.631264 0.5877935 0.3225755 0.4600367 0.1165849
3.303248 0.3220025 1.182872 0.6685812 0.6380832 0.2437213
3.403022 0.7862351 0.7646647 0.5877368 0.521425 0.1376975
3.309366 0.669025 0.8232687 0.5936281 0.542712 0.150169
2.717222 0.9966794 0.8528783 0.4382533 0.5189046 0.1742861
3.464359 0.6418811 0.735906 0.624896 0.5296004 0.124031
2.340429 1.74987 0.6337764 0.3178446 0.489202 0.1403433
3.917335 0.3355202 1.021092 0.7907 0.6171613 0.1936587
2.952822 1.170165 0.5798 0.4484206 0.4590898 0.09810467
2.402666 1.340461 0.7363919 0.3556257 0.4958845 0.1549732
3.261836 0.5701272 0.8772809 0.6130793 0.5700515 0.1636271
3.279452 0.6400975 0.9710214 0.6064828 0.579224 0.1975509
2.539091 1.552673 0.6058751 0.3499565 0.462667 0.119204
3.047068 0.9867112 0.680968 0.4835518 0.4809059 0.1188703
2.879753 1.183752 0.7066386 0.4394985 0.4863384 0.1362263
2.80366 1.440334 0.659927 0.3961665 0.4722206 0.1320829
2.490341 1.676537 0.562927 0.3263729 0.4438286 0.1074644
3.514395 0.2803909 1.071048 0.7329814 0.6433815 0.2094673
2.637995 1.032934 0.8270531 0.4150675 0.5055716 0.1656183
4.21501 -0.359247 1.279314 1.136544 0.8495514 0.245303
4.406487 -0.3442196 1.118857 1.17998 0.8231881 0.1983217
3.240171 0.8723821 0.7978104 0.5330363 0.5082736 0.1483557
2.042082 1.838344 0.5643021 0.2675133 0.4704877 0.1184913
2.97102 1.14201 0.6536748 0.464081 0.4850722 0.1202199
2.74979 1.325233 0.6739065 0.4014683 0.4779604 0.1325042
3.617382 0.5029754 0.8512314 0.671383 0.5535665 0.1482453
2.813386 1.249346 0.7177453 0.4241166 0.4909393 0.1438254
2.350514 1.938867 0.5844972 0.3135332 0.5046483 0.1357775
3.125502 0.6278755 0.8113608 0.5725543 0.5492448 0.1458102
2.374447 1.664915 0.6407307 0.3238522 0.4796866 0.1369091
3.138877 0.7000851 0.9250366 0.5551892 0.5511951 0.1815137
3.041562 0.9701459 0.8167028 0.4987051 0.5184172 0.1620722
2.894744 1.133057 0.6094856 0.4500878 0.4721499 0.1060984
2.795301 1.26695 0.733648 0.4066796 0.4767313 0.1452767
2.533295 0.9359211 0.8085604 0.4196155 0.5194615 0.1579962
3.810683 0.4081386 0.8133827 0.7667171 0.590855 0.1402938
3.14665 0.8388983 0.8481929 0.5412056 0.5365039 0.1667178
2.914368 1.464528 0.5347123 0.4122758 0.44688 0.09464362
3.948825 -0.04508752 1.149719 0.9279443 0.723764 0.2167088
3.724623 0.4444441 0.8465086 0.7304776 0.5821335 0.149184
2.866377 1.157585 0.6228249 0.4345838 0.4651013 0.1090412
2.762572 1.095755 0.771746 0.4226361 0.488628 0.1495883
2.60203 1.431007 0.805154 0.3800848 0.5147844 0.1865922
3.074072 0.7842757 0.7773551 0.5331709 0.5259558 0.1418793
3.085286 0.8491664 0.7906214 0.5303245 0.5297496 0.1504111
3.727256 0.07350214 1.239138 0.8238639 0.692069 0.2465169
2.888644 0.8042694 0.7706087 0.4857559 0.5094092 0.1375811
4.122546 -0.09803287 1.051793 1.001711 0.7360634 0.1882391
2.761534 1.004053 0.9770812 0.4535002 0.5482817 0.2215028
3.043426 1.223844 0.7201716 0.4602079 0.4896695 0.1428726
3.694843 0.5928114 0.7406901 0.688707 0.5451844 0.1253288
3.109336 0.6880672 0.8595869 0.5565026 0.5481049 0.1622408
3.528163 0.1712745 1.161111 0.7729587 0.6826846 0.2338849
2.62771 1.583052 0.5905065 0.3605112 0.4645452 0.1168904
3.99493 0.1346636 0.9659468 0.8793077 0.659023 0.1714684
3.056509 1.089947 0.7129538 0.4816479 0.4945919 0.1352531
3.101573 0.9243195 0.7244983 0.5096884 0.5006312 0.1307527
3.120291 1.113253 0.6025608 0.4843783 0.4703241 0.1035309
3.184552 1.200529 0.6398817 0.4824473 0.4731095 0.1167207
3.938763 0.06864402 1.035405 0.8995938 0.6926567 0.1909544
3.597167 0.4143867 0.9104128 0.7166137 0.5994628 0.1671137
3.294509 0.5750946 0.9417891 0.6168787 0.5765738 0.1828059
2.9874 1.099637 0.676329 0.4676985 0.4848246 0.1239123
2.917482 1.174103 0.650166 0.4432666 0.4756929 0.1190216
2.384519 1.53434 0.7170791 0.3315341 0.4881441 0.1567624
4.564126 -0.4113949 1.112579 1.254589 0.8458808 0.1940188
3.124462 0.8366488 0.864751 0.5189386 0.5201719 0.1668348
2.474461 1.641312 0.6302237 0.3313757 0.4648168 0.1293983
2.498799 1.480089 0.5908273 0.3477764 0.4566919 0.1116196
2.339615 1.717572 0.6314898 0.3181853 0.4877911 0.138624
3.248462 0.842355 0.8378711 0.5532592 0.5304964 0.162715
3.115334 0.8556402 0.8104168 0.5293486 0.5258255 0.1549215
2.977644 1.174345 0.6763094 0.4417963 0.4661892 0.1233192
3.140677 1.080079 0.6333043 0.4963126 0.477858 0.1106546
2.772943 1.41342 0.6210841 0.397798 0.4699361 0.1200688
2.802199 1.038927 0.7312969 0.4494408 0.5004241 0.1386031
3.948663 0.1809083 1.055656 0.8576398 0.6639055 0.2004639
3.377468 0.636877 0.8566986 0.6157755 0.5541797 0.1592817
3.25986 0.8432059 0.7494787 0.5473436 0.5089325 0.1344335
4.351968 -0.1782429 1.096331 1.077362 0.7551603 0.1957478
4.343185 -0.1292965 0.9113242 1.07931 0.7343733 0.1505755
2.83827 1.128911 0.6739845 0.4403058 0.4828901 0.1242672
4.092414 0.03414543 1.011131 0.9585029 0.7066651 0.1843264
3.189383 0.8735898 0.7179403 0.5245577 0.4969953 0.1259182
2.813522 1.293078 0.6554792 0.4152609 0.4731569 0.1246559
3.22447 0.8016032 0.8008989 0.5573936 0.5298432 0.1500586
2.674886 1.183238 0.848822 0.4182565 0.5240512 0.187439
3.206832 0.9540562 0.8078411 0.5273155 0.5171923 0.158332
2.677178 1.315434 0.7150336 0.391985 0.4828274 0.1441464
3.616224 0.397336 0.934375 0.7195585 0.6013836 0.1725106
2.832714 1.228818 0.7521455 0.4374828 0.5077196 0.1569518
2.513991 1.100661 0.8440881 0.391724 0.5116063 0.1768115
2.305723 1.811603 0.5929342 0.3125168 0.4872647 0.1294931
2.561986 1.659324 0.5711147 0.3491859 0.4673651 0.1146204
3.519545 0.659006 0.8011306 0.6423722 0.5480801 0.1450059
2.885991 1.017945 0.7851861 0.4560122 0.5000062 0.1518258
2.453788 1.554069 0.6003379 0.3347153 0.4588562 0.1172033
3.001975 1.046211 0.7000315 0.458235 0.4702014 0.1240566
3.282587 0.8486709 0.6350485 0.559408 0.4972145 0.104687
4.178745 -0.1322121 1.092169 1.041815 0.7619749 0.2011725
2.628246 1.355222 0.6945529 0.3826242 0.4833039 0.1407709
3.458077 0.5054149 0.8990257 0.6544328 0.5727118 0.1650689
1.972266 2.377116 0.448687 0.2396302 0.4880615 0.09909517
3.081845 1.182678 0.6585904 0.4735826 0.4812469 0.1223896
2.996677 1.060706 0.802888 0.4782145 0.512164 0.1624035
3.424694 0.5047101 0.7803323 0.6554557 0.5613544 0.1327181
3.330092 0.776781 0.7757602 0.5734748 0.5217095 0.1401347
2.632145 1.207417 0.7169862 0.3994257 0.4899223 0.1413495
2.42062 1.645822 0.6432513 0.3316228 0.4843455 0.1387819
2.896757 1.079365 0.7211866 0.4522307 0.4891191 0.1354727
2.56611 1.380336 0.6359342 0.3709333 0.4721608 0.1231937
2.462451 1.627169 0.6583871 0.3217303 0.458408 0.1354676
2.047018 2.313653 0.4863757 0.2535435 0.5067182 0.1140419
3.22717 0.8498521 0.8301225 0.5475453 0.5278683 0.1604455
2.371576 1.134087 0.8655472 0.3740812 0.5253219 0.1895749
2.423321 1.452514 0.6674014 0.3401724 0.4692918 0.133546
2.434314 1.7794 0.5950382 0.325524 0.4774477 0.1270111
3.025673 0.8352224 0.8900166 0.5152496 0.5373802 0.1784145
2.444202 1.63056 0.6474852 0.3358223 0.4806642 0.1379815
4.035944 -0.05507175 1.056246 0.9556828 0.7175055 0.1895427
2.802702 1.300803 0.7177402 0.4157769 0.4894519 0.146095
3.333252 0.7503591 0.8197445 0.5870877 0.5390367 0.1539364
3.266936 0.7571436 0.7486192 0.5696931 0.5219393 0.132111
2.855984 1.105917 0.7031906 0.4422758 0.4836137 0.130672
2.925536 1.297371 0.7827378 0.4373302 0.5027361 0.1680068
2.800439 1.166297 0.716618 0.4256884 0.4848044 0.1377613
2.979067 0.7105347 0.8167107 0.5252366 0.5351189 0.1494564
2.248308 1.779705 0.5652958 0.2925592 0.4615727 0.1155311
2.40099 1.430891 0.7039574 0.3445165 0.485536 0.1471697
4.410376 -0.02297552 0.9260777 1.061238 0.7134487 0.1590346
2.811401 1.08693 0.7425077 0.4391442 0.4950399 0.1431214
3.324037 0.642312 0.9068118 0.6140882 0.5693614 0.176914
3.401105 0.3573963 0.9115468 0.6889152 0.6066797 0.164508
3.597066 0.7399054 0.7510075 0.6306701 0.5239516 0.1321634
2.334138 1.368008 0.7395712 0.3341392 0.4833514 0.1539426
3.488224 0.6721953 0.7766081 0.6301003 0.5395843 0.1378386
2.226237 2.024281 0.5233303 0.2779184 0.4699078 0.1117489
2.628401 1.189074 0.7604343 0.4065305 0.5054069 0.1565496
3.541423 0.3568968 0.880288 0.7253485 0.6092654 0.1570679
2.489664 1.274253 0.7519319 0.3775024 0.5046644 0.1587387
2.684085 1.38591 0.656595 0.392738 0.4816234 0.1310311
3.152654 0.7827049 0.9265839 0.546508 0.5480251 0.1878277
2.711426 1.044928 0.8698483 0.4390571 0.5287128 0.1854083
2.67226 1.013457 0.7615066 0.4311087 0.507371 0.1471509
3.291709 0.4831675 1.016177 0.6354351 0.5984007 0.2012293
2.914182 0.7569587 0.7894013 0.5050717 0.5254171 0.1432247
2.689788 1.353972 0.584497 0.3912373 0.4586595 0.1056892
2.926856 0.7827744 0.8412784 0.5067778 0.5345388 0.1605689
2.906115 1.145917 0.6070296 0.4456844 0.4681894 0.1054972
3.200872 0.7947006 0.8018367 0.5574189 0.5325205 0.1503372
3.240011 0.8693039 0.7262042 0.5492964 0.5120405 0.1306348
2.96539 1.083972 0.7652336 0.4696841 0.5046083 0.1513319
2.624042 1.290313 0.6661416 0.3805091 0.4654103 0.1255144
3.340179 0.8824924 0.7702941 0.5647691 0.5193809 0.1444194
2.55527 1.456235 0.596464 0.3617316 0.4610991 0.1129499
3.222693 0.8645356 0.8540789 0.5469027 0.5338227 0.1697388
2.648112 1.097521 0.8492884 0.4075979 0.5059061 0.1764855
2.885652 1.12616 0.7019393 0.4416376 0.4807387 0.1308737
3.145209 0.7359774 0.7295019 0.5612357 0.5289781 0.1275104
2.659493 1.392587 0.6696861 0.3847783 0.4792205 0.1343559
2.630848 1.25916 0.6836847 0.3947966 0.4822484 0.1326934
3.331613 0.5516347 0.9217514 0.6284378 0.5768811 0.175652
3.712535 0.1459322 0.9673421 0.8181815 0.6607022 0.1731843
3.425505 0.3666146 1.010929 0.6825801 0.6099875 0.1921398
2.625137 1.255736 0.7621079 0.3841192 0.4842564 0.1547936
2.936248 1.210693 0.6377584 0.4367608 0.4655007 0.1151195
3.938523 0.3206919 0.897651 0.8180729 0.6190072 0.1607974
3.569434 0.3404377 0.9005114 0.7170809 0.5983205 0.1583722
4.312119 -0.3935505 1.227382 1.157587 0.8376946 0.2235445
2.623503 1.547944 0.6144727 0.3671159 0.4703078 0.1229684
3.873732 0.2070558 0.8112607 0.8389867 0.628541 0.1332556
3.54847 0.1596654 1.093723 0.7486095 0.6461366 0.2035942
2.436845 1.490128 0.6914706 0.3452429 0.4834713 0.1454852
2.61287 1.296002 0.6527482 0.3838564 0.470832 0.123569
2.920849 1.357586 0.6373168 0.4217674 0.4688511 0.1218773
3.996045 0.306208 0.9133615 0.8057969 0.6000083 0.1591462
3.042197 0.880623 0.7185571 0.5088878 0.5044627 0.1277028
2.528176 1.408252 0.7278549 0.3673844 0.4933836 0.1551315
2.714294 1.570378 0.6093408 0.3728744 0.4665322 0.1219408
2.700933 1.308115 0.740958 0.3972932 0.489451 0.1529066
3.906301 0.3350308 0.8466278 0.7902684 0.5955766 0.144301
2.636053 1.294552 0.6961288 0.3915414 0.4825965 0.1376594
3.034657 1.285154 0.6352453 0.4335244 0.4531796 0.1149114
2.3542 1.672014 0.6117604 0.3178918 0.4772577 0.1292295
3.104899 1.021974 0.7775467 0.5033654 0.5122903 0.1530508
2.370341 1.921504 0.4694136 0.3046735 0.4532307 0.09121457
3.077552 0.8953864 0.7141007 0.5098518 0.5009523 0.1267153
3.528584 0.5110411 0.8801433 0.6769536 0.5789698 0.1621343
2.956792 0.8279104 0.8540472 0.5046509 0.5336012 0.1671174
2.588033 1.637697 0.5597545 0.3467444 0.4520592 0.1075679
2.716495 1.327468 0.7132855 0.4008299 0.489743 0.1462983
4.010571 0.2848078 0.9544095 0.830934 0.6237128 0.1735778
2.382964 1.800672 0.5419803 0.312618 0.4632243 0.1099513
2.718281 1.052148 0.7117331 0.43323 0.4955568 0.133116
2.28695 1.639863 0.6820356 0.3045189 0.4767774 0.1480261
2.66068 1.342706 0.7342403 0.3900473 0.4914918 0.1533982
3.736522 0.1883453 0.9680505 0.812532 0.6530755 0.1753452
2.17139 1.663828 0.6393297 0.29147 0.4767133 0.136519
3.148808 0.9185785 0.7212088 0.5191839 0.5022701 0.1301214
3.209771 0.8651316 0.7780566 0.5467098 0.5225663 0.1460876
3.263168 1.013401 0.6808051 0.5281826 0.4937757 0.1227684
2.578355 1.329097 0.64486 0.3740865 0.4680344 0.1223862
3.924085 -0.06867074 1.011602 0.9377329 0.7187162 0.1772911
2.755225 1.588465 0.5686006 0.3791066 0.4582869 0.1094389
2.890328 1.479774 0.557796 0.4025702 0.4488848 0.1014762
5.180884 -0.7647949 1.352314 1.646608 1.029232 0.2503176
4.2315 -0.1364916 1.019571 1.030678 0.7324668 0.1755596
3.048859 1.417771 0.5371459 0.4332234 0.4458216 0.09382324
4.720394 -0.04703268 0.8501039 1.14637 0.7082819 0.1379838
3.124234 0.6219739 0.9621947 0.5584781 0.5557822 0.1866402
2.799559 1.233869 0.7348578 0.4242994 0.4956472 0.1491292
2.715195 1.443541 0.5545444 0.3838161 0.4516989 0.1001126
2.729818 1.159693 0.6209879 0.4206692 0.4730884 0.1102241
2.871219 1.155371 0.7046655 0.4371714 0.4823864 0.133478
2.099265 1.803021 0.6065257 0.2696228 0.4687977 0.1297603
3.068289 0.8151653 0.774784 0.5234151 0.5198666 0.1418317
2.766438 1.050632 0.7652591 0.4343761 0.4974903 0.1478051
3.582569 0.5743904 0.8775894 0.665276 0.5622988 0.1619347
2.777273 1.253764 0.6873639 0.4143416 0.4795715 0.132817
2.795662 1.473316 0.6555631 0.3911347 0.4707873 0.1318856
3.166027 0.586727 1.064355 0.5959798 0.5982252 0.2256161
2.951097 1.0312 0.7338321 0.4661931 0.4933382 0.1373872
3.465549 0.3418589 1.092953 0.6988934 0.6269903 0.2171942
3.681083 0.3253093 0.9414443 0.7387052 0.6028931 0.1686217
2.323065 2.002283 0.5095765 0.2839095 0.4534182 0.1041283
3.210961 0.3750984 1.000935 0.6446131 0.6146096 0.1916505
2.57311 1.219379 0.6984741 0.3899091 0.4858154 0.1357032
3.714657 0.5039448 0.8270829 0.7234886 0.5784568 0.1476363
3.092488 0.8417696 0.8213008 0.5235772 0.5249523 0.1568389
3.333687 0.5936376 0.8225524 0.6124188 0.5490038 0.1461065
2.371342 1.63233 0.5868198 0.3238266 0.4661838 0.1176108
2.932812 1.028646 0.7563152 0.4693888 0.5022927 0.1450916
2.215393 2.015827 0.5493826 0.2873088 0.4901547 0.1231329
2.671354 1.404226 0.6550616 0.3817009 0.4716659 0.1290483
3.131899 1.074679 0.6239746 0.497906 0.4803235 0.1087805
2.863127 1.243966 0.6823327 0.4288381 0.4800564 0.1312007
3.750121 0.4336742 0.8385892 0.7267155 0.5723988 0.1442943
2.411842 1.459432 0.6573446 0.3348617 0.4667426 0.1309936
2.997838 0.6296525 0.8657433 0.5526726 0.5614752 0.1629217
2.711584 1.242247 0.6109445 0.4120074 0.4743006 0.1113726
2.991973 1.347633 0.6854835 0.4428177 0.4896553 0.1395303
2.593712 1.253067 0.8303723 0.3930704 0.5121621 0.1824196
4.371163 0.018168 0.8476043 1.036338 0.6911937 0.1393147
3.908088 0.451991 0.7822384 0.7608618 0.5682822 0.1311839
3.186348 0.6564443 0.9797673 0.5678524 0.5592894 0.1954468
2.968565 1.233685 0.6629661 0.4466963 0.4786058 0.1254211
2.942104 1.073505 0.6514317 0.4589645 0.4767069 0.1149138
3.819105 0.160222 0.8453072 0.846453 0.6476029 0.1415266
2.634812 1.490128 0.7480743 0.3728839 0.4966117 0.1664346
3.488639 0.4641544 0.9304536 0.6700137 0.5821015 0.1720074
2.852443 1.302089 0.7300141 0.4281194 0.4952255 0.1507045
2.930641 1.08753 0.7387898 0.4564097 0.4909081 0.1408395
2.85733 1.280996 0.7112955 0.4260668 0.4863368 0.142185
3.821156 0.3354745 0.8198642 0.7853757 0.6015718 0.139048
2.823634 1.144278 0.6783843 0.4420456 0.4898742 0.1276292
3.865161 0.2951712 0.8104571 0.7937748 0.5967896 0.1330863
3.470873 0.6924137 0.8477761 0.6262971 0.5512147 0.1601596
3.580529 0.5173048 0.8167422 0.682925 0.5661863 0.1435045
3.111401 1.132533 0.7994888 0.4840108 0.5063932 0.1643016
2.229191 1.867958 0.5198196 0.2766257 0.4409646 0.1011806
3.016509 1.051209 0.6872034 0.4797657 0.4913801 0.1259775
4.21133 -0.06476966 0.8863718 1.017513 0.7092337 0.1452284
2.805793 1.135662 0.7400309 0.4352198 0.4946242 0.144706
3.244598 0.5096208 0.9748424 0.6215615 0.591264 0.1905697
2.794796 1.126661 0.6941419 0.4202972 0.4704141 0.1265286
2.646773 1.012292 0.7929898 0.4335031 0.5203044 0.1590088
3.939132 0.2164395 0.9660638 0.8313182 0.6332304 0.1726557
3.565356 0.500537 0.7600858 0.6883456 0.5633241 0.128036
3.576028 0.07740161 1.058402 0.8005361 0.6808916 0.1949715
2.644108 1.148813 0.7521858 0.4024033 0.4896581 0.1476726
3.307182 0.8373493 0.8329343 0.5565056 0.5237469 0.1595189
2.977919 0.8765318 0.7272688 0.4952205 0.5024618 0.1292017
2.099381 1.592176 0.8130673 0.3005794 0.5277366 0.2019733
2.70859 1.146529 0.7785929 0.4132694 0.4943828 0.155919
2.355857 1.794096 0.6391052 0.3034627 0.4717123 0.1391331
2.950809 0.784595 0.8665802 0.5074585 0.5348024 0.1676009
3.461435 0.6870528 0.7573593 0.6207989 0.5347278 0.1330613
2.835301 1.216156 0.6978079 0.4346531 0.4904413 0.1363574
3.131843 0.7452125 0.7555659 0.5509617 0.5266739 0.1341427
3.312043 0.3159233 1.126206 0.6840831 0.6455726 0.2293691
3.621527 0.3403847 0.9153939 0.7437207 0.6154114 0.1661657
2.479484 1.733846 0.5856892 0.3329946 0.4727625 0.1220831
2.388342 1.651757 0.5945989 0.3312742 0.4753116 0.1220621
3.085556 0.8285134 0.7272923 0.5167526 0.5034353 0.127035
2.858664 1.423288 0.6576289 0.409994 0.475715 0.1313776
3.306231 0.62757 0.7465951 0.6001952 0.5328907 0.1262736
2.570256 1.68325 0.5496395 0.3421229 0.4565049 0.1074966
3.22594 0.7138253 0.8409255 0.5710902 0.5410375 0.1573453
2.917432 1.291985 0.6992565 0.4373768 0.4907879 0.1408724
3.271447 0.6243328 1.069748 0.6098379 0.5956887 0.2301007
3.201034 0.7188653 0.8918036 0.5655363 0.5482774 0.1732963
4.385848 -0.1423616 0.9628923 1.089792 0.740833 0.1628641
2.8157 1.236954 0.62629 0.4179406 0.4644756 0.1130384
3.028776 0.9914478 0.7927799 0.4990049 0.5199913 0.1573276
2.726533 1.112884 0.8270961 0.4257894 0.5113273 0.1725251
2.830427 1.152539 0.7340071 0.4341893 0.4915805 0.1434951
2.971564 1.088594 0.8235905 0.4667249 0.5105192 0.1696321
3.236826 0.699526 0.8578367 0.5779533 0.5473591 0.1624001
3.108649 0.8753726 0.8299892 0.5223437 0.5262722 0.1619542
3.18957 0.8914653 0.8054211 0.5334843 0.5201851 0.1545308
5.799703 -1.003639 1.010453 2.058719 1.122761 0.1532857
2.701199 1.481564 0.6797814 0.3879821 0.4913243 0.1444169
2.933717 0.8727523 0.8604615 0.4938498 0.5315767 0.1716012
3.287177 0.5296091 0.6929031 0.6353063 0.5545518 0.1123065
2.875358 1.213215 0.6968464 0.4358688 0.484524 0.1345972
4.355048 -0.05570565 0.8763957 1.047332 0.7049439 0.1430089
5.788718 -0.8598209 1.106395 1.968223 1.078907 0.1844042
2.562626 1.784866 0.5172848 0.3398274 0.4564093 0.101042
2.657757 1.484267 0.5960204 0.3646684 0.4496292 0.1114611
3.360282 0.7116667 0.8466114 0.5886266 0.5349116 0.1569904
4.483149 0.09196708 0.8621319 1.015648 0.6626356 0.1431789
2.688127 1.508271 0.5559734 0.3694488 0.4471541 0.1017214
2.639763 1.189319 0.8139542 0.4045241 0.5079648 0.1724553
3.84014 0.7248723 0.6712567 0.6900836 0.5220303 0.1116238
2.796894 1.230558 0.7031398 0.4243007 0.4904814 0.1389366
2.844028 1.15065 0.6856067 0.4371316 0.4830458 0.1283836
2.751099 1.388135 0.7265117 0.3841701 0.4724749 0.1484759
3.090045 1.079512 0.7617139 0.4827116 0.4962724 0.14799
3.074745 0.7682069 0.8064744 0.5310015 0.5266212 0.1485053
2.876321 1.069694 0.6667642 0.4546719 0.4867702 0.1206935
2.98833 0.9719578 0.7721945 0.49044 0.513169 0.1489192
2.917886 0.9872883 0.7690577 0.4778983 0.5130478 0.1489219
3.867486 0.1084857 0.8972317 0.8701698 0.6638083 0.153183
3.235421 0.7453725 0.7392136 0.5674466 0.5227382 0.1293174
3.154498 0.6468888 0.9637452 0.5808561 0.5764022 0.1953257
3.773894 0.3580037 0.798476 0.7647163 0.5900849 0.1332022
2.838277 1.178038 0.6760939 0.433468 0.4824712 0.1272145
2.961111 1.079098 0.7301926 0.4640396 0.4928934 0.1387572
3.60853 0.5672998 0.846088 0.6774518 0.5642146 0.1538531
3.999711 0.1526162 1.047784 0.8619581 0.6556839 0.1934561
2.968604 1.226067 0.6395425 0.4465947 0.470801 0.1170646
2.955381 1.354505 0.5584935 0.4241198 0.4471145 0.09718921
5.965722 -1.374358 1.203139 2.529938 1.440245 0.19973
4.072529 0.06332907 1.151279 0.9040903 0.6842901 0.2185928
2.455586 1.628085 0.6722319 0.3456448 0.499999 0.1505945
3.694468 0.2320085 0.9328378 0.7947602 0.6428891 0.1677767
2.981553 1.006925 0.7239994 0.4739414 0.4917118 0.1330581
4.206715 -0.06467685 1.223371 0.9936325 0.7358838 0.2377322
2.816373 1.494961 0.6307511 0.3918252 0.4644547 0.1242261
2.927932 1.245536 0.8129717 0.4378734 0.5015935 0.1735854
2.874982 1.109404 0.6222343 0.4505287 0.4777134 0.1094859
3.480026 0.7516062 0.7724683 0.6105508 0.5291493 0.1394008
2.831065 1.201113 0.6351491 0.4259779 0.4694809 0.1148828
2.92831 1.193615 0.7041961 0.4441165 0.485881 0.1362334
3.039296 0.9763392 0.7734835 0.4972971 0.5117869 0.1490922
3.167198 0.8860274 0.7620328 0.5296261 0.5136384 0.1413196
3.50698 0.6606609 0.807981 0.6377334 0.5473604 0.1467424
2.561397 1.127848 0.7966104 0.3994062 0.5056797 0.1627947
3.081862 0.964669 0.792486 0.4976444 0.507761 0.1527161
2.548874 1.545562 0.5856646 0.348278 0.4546125 0.1120023
2.492753 1.185171 0.6854012 0.3734437 0.4740285 0.1279195
3.205323 0.4477106 0.9836341 0.6245636 0.5977532 0.1889486
3.203181 0.5562109 0.9283536 0.5856843 0.5588084 0.1728953
3.307597 0.672575 0.9013378 0.5904693 0.550399 0.1726102
8.519897 -2.800309 1.546153 6.166882 3.096228 0.2610062
2.817646 1.358687 0.5995125 0.4099574 0.4639761 0.1108854
3.330285 0.8283397 0.9344562 0.5716414 0.5481199 0.1938364
2.853273 1.071747 0.7971172 0.459388 0.5163176 0.1624419
2.968179 1.005824 0.8674669 0.4789166 0.5219124 0.1798755
3.442147 0.5305274 0.9666113 0.6448673 0.5769407 0.1859132
3.346963 1.024068 0.6418841 0.5371945 0.483024 0.1114575
2.8198 1.357575 0.6747277 0.4116991 0.4801229 0.1344009
2.884883 1.240271 0.6501948 0.4367519 0.4815352 0.1231764
2.631524 1.163062 0.658732 0.3971376 0.4705439 0.1193575
2.525396 1.562754 0.6879429 0.3449465 0.4771897 0.1463377
2.412462 1.518492 0.739423 0.3450346 0.5022945 0.1664242
3.339371 0.453214 0.9348271 0.6495942 0.5899922 0.1742529
3.063337 1.045778 0.7633866 0.4861316 0.5011854 0.1477713
2.436804 1.472328 0.6588068 0.3435305 0.4728578 0.1329182
2.595996 1.414619 0.6592964 0.3761657 0.4814345 0.1330272
3.003361 0.9597067 0.737854 0.494646 0.5074851 0.1376486
2.984203 1.001354 0.8029218 0.483921 0.5158979 0.160004
2.880999 0.7605988 0.8270605 0.5078021 0.5408802 0.1569116
3.46758 0.5893529 0.8903016 0.6443442 0.566031 0.1674187
2.191311 2.029193 0.5403706 0.2793428 0.4826104 0.1192284
3.38577 0.4559207 0.9067164 0.6620097 0.5893583 0.1669561
3.111774 0.9949164 0.7799554 0.5071912 0.5125924 0.1521291
2.785797 1.266132 0.6646536 0.415537 0.4774791 0.1269593
3.416465 0.8680248 0.6383603 0.5786846 0.4958341 0.1060397
2.466799 1.44312 0.6748886 0.3502327 0.4799947 0.1385888
2.830523 1.484838 0.6551029 0.4037813 0.4806115 0.1343902
3.364499 0.4961523 0.9282987 0.6399265 0.5784084 0.1731859
2.564825 1.356507 0.6550532 0.3797516 0.482258 0.1293155
3.348224 0.6772491 0.6803839 0.6047353 0.5244632 0.1119983
3.664987 0.2919704 1.072777 0.7606779 0.6404293 0.2100943
3.201649 0.4636015 0.9278894 0.6247351 0.5922752 0.1739807
2.49161 1.525452 0.6366528 0.3518658 0.4812745 0.1314986
2.915442 1.14505 0.6959531 0.4500129 0.4872097 0.1318871
3.584459 0.4174601 0.9335212 0.7117975 0.6009087 0.1737779
3.275356 1.022625 0.7590749 0.5175057 0.4957502 0.1439652
2.336119 1.530771 0.6665469 0.3352162 0.4933621 0.142924
3.542028 0.5912453 0.8124111 0.6579793 0.5540675 0.1445734
2.754847 1.590626 0.5947443 0.3759724 0.4637406 0.1181225
2.922701 1.155447 0.711306 0.4417783 0.4806798 0.1349495
3.696706 0.5266914 0.8521203 0.7009674 0.5682719 0.1534752
2.557044 1.627939 0.6592442 0.3540063 0.4854081 0.1423637
3.290912 0.7751474 0.8467791 0.5646268 0.5299885 0.1604169
2.642339 1.228344 0.6819753 0.3984702 0.4808932 0.1305059
3.318358 0.906696 0.7355318 0.5529321 0.5081658 0.1342508
3.348871 0.518619 0.923158 0.6288451 0.5711225 0.1716787
3.265072 0.5982259 0.8480221 0.6067002 0.561051 0.1559116
2.82188 1.458864 0.6319223 0.3976424 0.4671545 0.1238969
3.044609 1.056372 0.6713413 0.4796415 0.4813978 0.1197479
2.274273 1.703623 0.6120441 0.3018955 0.4669401 0.1270818
3.189904 1.021902 0.6442984 0.5111335 0.4848128 0.1125041
3.659107 0.5096759 0.8856788 0.6997842 0.5768904 0.1627955
3.100886 0.99505 0.8462134 0.4998481 0.517936 0.1721187
3.011712 1.004603 0.6673608 0.4858908 0.4880917 0.1177656
2.834598 1.357704 0.6640208 0.4212981 0.4837332 0.131837
3.094705 1.085828 0.6986713 0.4850411 0.4889996 0.1300665
2.960247 1.07407 0.7111752 0.4716655 0.4968216 0.1342703
3.199613 0.8401116 0.7582371 0.537512 0.5101877 0.1367316
2.434296 1.998106 0.4901134 0.2974172 0.4468996 0.0973704
2.820307 1.202991 0.6246192 0.4249224 0.4680962 0.1120066
5.556658 -0.9740091 1.069764 1.966003 1.127516 0.1705285
3.465378 0.5096992 0.8539382 0.6725107 0.5810987 0.1555484
2.079638 1.739844 0.5562365 0.2799286 0.4641323 0.111694
3.366865 0.6335766 0.7235721 0.6270561 0.5448898 0.123489
3.162401 0.8983812 0.8112454 0.5229541 0.516796 0.1559162
2.54338 1.461645 0.5924902 0.3633299 0.4625358 0.1120737
2.661914 1.23551 0.7362961 0.4023088 0.4943991 0.1492808
3.176533 0.9847805 0.6675205 0.5116252 0.4872875 0.1169285
2.793144 0.9908717 0.7757465 0.4576875 0.5150707 0.1515103
3.729649 0.3117125 0.9832441 0.7821042 0.6369513 0.1866799
3.633935 0.6812895 0.8188855 0.6477547 0.5396359 0.1492016
2.784055 0.9764236 0.769866 0.4497176 0.5044904 0.1463498
3.191012 0.7840696 0.7638342 0.5557067 0.5255607 0.1382646
4.702474 -0.1540766 0.9199243 1.168745 0.7340674 0.1502891
2.815809 1.305201 0.7647072 0.4136963 0.4931765 0.1606577
2.436835 1.79219 0.5732154 0.3297486 0.485768 0.123593
3.244386 1.065315 0.7191126 0.5167559 0.5003143 0.1371866
3.263567 0.9145565 0.7790071 0.5428241 0.5160159 0.148009
3.023858 0.9120138 0.7948626 0.4870497 0.5012212 0.1484112
4.383726 -0.4905079 1.037471 1.268714 0.8842632 0.1741894
3.477151 0.6440347 0.72491 0.6403121 0.539156 0.1232801
3.440448 0.5907788 0.811228 0.6430918 0.5573766 0.1449759
3.014512 0.8765571 0.799679 0.5079707 0.5217542 0.1524218
2.875788 1.160301 0.7645121 0.4356129 0.4900738 0.1516872
3.091616 0.5279118 0.9874654 0.5803052 0.5811421 0.1927193
2.885131 0.8630818 0.7837449 0.4908357 0.5232419 0.1477146
2.54396 1.645968 0.5687935 0.348518 0.464698 0.1126839
2.988783 1.093231 0.7462922 0.4623485 0.4918535 0.143752
3.261962 0.7783656 0.8095756 0.5625223 0.5261894 0.1496724
3.266402 0.6087686 0.7699849 0.6045564 0.5468512 0.1336854
2.29977 2.158408 0.4684182 0.2850344 0.4658202 0.09720656
3.232862 0.7414247 0.9628637 0.5723052 0.5617445 0.1989956
3.76609 0.1459051 1.143817 0.8278975 0.6819286 0.2259639
2.835831 1.375446 0.638822 0.4102821 0.4710828 0.1233467
2.653881 1.589602 0.603936 0.3553169 0.4562184 0.1189252
3.615407 0.3373936 0.9026965 0.7349319 0.6061964 0.1604877
3.035124 1.140356 0.6787228 0.460955 0.4754558 0.1245507
3.021446 0.9832345 0.7922138 0.4852451 0.5065092 0.1533958
3.048437 0.6606776 0.731976 0.5565509 0.5366414 0.125455
2.782412 1.071624 0.7408915 0.4259166 0.4809583 0.1381563
2.593854 1.809747 0.5643258 0.3382793 0.4666026 0.1171616
3.496177 0.4094182 1.162554 0.6890973 0.6247921 0.2438983
3.034962 0.8362473 0.7964152 0.5150709 0.5220774 0.1492308
2.728442 1.226168 0.6878115 0.4044949 0.473213 0.1301813
3.105371 0.7276161 0.8924091 0.5467471 0.547451 0.1739665
2.291923 1.603379 0.5965932 0.3168139 0.4667944 0.1190532
2.778484 1.300517 0.6117244 0.4162915 0.4730207 0.113506
2.807593 0.9324076 0.7688264 0.4547549 0.5023532 0.1431892
2.546392 1.011777 0.863476 0.4078405 0.5177687 0.1778469
2.307973 2.24645 0.495881 0.2809802 0.4835457 0.1105564
3.179383 0.9507765 0.7006888 0.518514 0.4956764 0.1251434
3.332314 0.7581829 0.8751771 0.5827424 0.542736 0.1700288
2.752716 0.995293 0.716765 0.4455623 0.4974627 0.1317221
3.516171 0.5988618 1.019167 0.6488129 0.5797497 0.2073198
2.499402 1.401039 0.6887076 0.3528154 0.4729864 0.1386745
3.494068 0.286206 1.146503 0.7312558 0.6555325 0.2350711
2.813858 1.342786 0.6352729 0.4036569 0.463086 0.1194475
4.359106 -0.05461393 0.9451811 1.04021 0.7084227 0.1599734
3.531759 0.3541355 0.9047431 0.7112172 0.6016855 0.161349
3.282031 0.7163559 0.8464399 0.5749639 0.5362783 0.1578055
2.441329 1.905872 0.5391306 0.3099505 0.4584987 0.1104941
2.768072 1.349607 0.6107997 0.3980514 0.4599842 0.1126977
2.517979 1.214796 0.7954785 0.3935013 0.5195809 0.1721654
2.441384 1.527669 0.6408172 0.3339692 0.4677836 0.1297289
3.227059 0.86058 0.8032419 0.5453795 0.5222025 0.1524271
2.468523 0.9537507 0.9455723 0.4029806 0.5344832 0.2028906
2.929315 1.297245 0.6173476 0.4335307 0.4699688 0.114488
3.136904 0.6667189 0.8672364 0.5550636 0.540444 0.160704
2.982671 1.120987 0.7005162 0.4560258 0.4802553 0.1302457
6.064906 -1.262786 1.110389 2.455242 1.341648 0.1776168
2.88403 1.329198 0.6261407 0.4143487 0.4583511 0.1152963
3.326426 0.7032706 0.8670569 0.5802872 0.5344132 0.1614954
2.688802 1.338053 0.6413916 0.3856455 0.4614261 0.1202163
4.278981 -0.0240337 0.9162249 1.005156 0.6931469 0.1526458
3.661918 0.5525873 0.7836729 0.6888985 0.5551769 0.1353584
3.624915 0.2719375 1.043864 0.7604881 0.6434366 0.2011276
3.079384 0.9359356 0.8809924 0.5014432 0.5217537 0.1788089
2.404887 1.57447 0.7025513 0.3360455 0.4932486 0.155536
3.44905 0.6311973 0.8191749 0.626255 0.5456015 0.1472021
2.544019 1.264364 0.6435843 0.3698005 0.4627758 0.1184719
2.580665 1.545832 0.6128116 0.3662461 0.4823468 0.1258408
3.16959 1.064386 0.6842511 0.5035863 0.4889621 0.1249856
2.588911 1.490302 0.749542 0.3542612 0.4800824 0.1620989
3.407233 0.5935805 0.7870722 0.6361502 0.5541496 0.138551
4.276826 -0.0861337 1.031895 1.033698 0.7302382 0.1833213
3.559925 -0.07247694 1.1002 0.8520061 0.7314748 0.202567
3.22 0.7114474 0.7992442 0.5677815 0.5328727 0.1445909
3.23514 0.9260287 0.8258369 0.5422026 0.5270384 0.1639525
2.878465 0.9982538 0.8356817 0.4670012 0.5213186 0.1705786
2.496108 1.593946 0.6621466 0.3374524 0.4686907 0.1375298
2.556724 1.348797 0.7249564 0.3792184 0.497954 0.15298
4.377785 -0.06888899 0.9955728 1.057594 0.7255208 0.1747813
2.206861 1.788835 0.5772216 0.2915953 0.4703727 0.1207399
3.583309 0.3926029 0.8034534 0.7175785 0.5856621 0.1358425
2.771239 1.163176 0.6819111 0.4161579 0.4708223 0.1251365
3.599979 0.1811174 1.071596 0.7719899 0.6560001 0.2024274
2.639644 1.225981 0.5964255 0.3987844 0.4648068 0.1051062
2.967507 1.212379 0.7544191 0.460016 0.5067814 0.1562087
3.500459 0.4083093 0.959792 0.6855813 0.5947806 0.1782634
3.331312 0.8083921 0.8379633 0.5701486 0.5301014 0.1603209
3.027866 0.8869511 0.801912 0.5068778 0.5198995 0.1532768
2.143991 1.744723 0.6887487 0.293567 0.503885 0.160984
3.007332 1.140119 0.6669655 0.466974 0.4820772 0.122652
2.991191 0.9905524 0.6053931 0.4851767 0.4801636 0.1009605
3.06423 0.954343 0.7501398 0.4994335 0.5038301 0.1397804
3.561141 0.4042208 0.9761541 0.6957043 0.5945125 0.1819857
2.828046 1.215769 0.727013 0.4305025 0.4926739 0.1449795
2.605351 1.413658 0.617728 0.3721578 0.4655173 0.118038
3.13381 0.8874566 0.7253865 0.5264127 0.5089416 0.1307903
2.696259 1.086179 0.8591625 0.4328122 0.5280574 0.1851669
2.260503 1.618763 0.7033252 0.3153827 0.5019748 0.1606286
2.856771 1.064049 0.6427463 0.4500395 0.4776694 0.112375
2.488905 1.528407 0.6564011 0.3472435 0.478077 0.1362643
2.384323 1.661862 0.7073345 0.3336402 0.5077384 0.1648507
2.673171 1.09405 0.7059202 0.4146812 0.4858797 0.1316478
3.405288 0.836767 0.671705 0.5832369 0.5049393 0.1140968
3.378228 0.3827532 1.061559 0.668823 0.6133979 0.2085191
2.767497 1.199885 0.6527927 0.4197851 0.4766775 0.1208375
2.922292 0.6301496 0.9713592 0.5288098 0.5648164 0.1924081
3.15016 0.8677646 0.7802985 0.5070012 0.4917036 0.1393095
2.623041 1.460295 0.5939062 0.3678279 0.4579161 0.1119362
2.47095 1.640031 0.5860232 0.3333642 0.4621566 0.116901
3.74328 0.04071425 0.9557708 0.8574801 0.6826994 0.1657771
3.056538 0.9960793 0.7780861 0.4937929 0.5084876 0.150806
3.095102 0.9070966 0.8203896 0.5196427 0.5261386 0.1611311
4.237196 -0.2301223 1.155497 1.08588 0.7904612 0.2133572
3.048209 1.117179 0.7761114 0.469084 0.4963699 0.1543403
2.916358 1.21497 0.6483062 0.4404789 0.4750538 0.119945
3.414552 0.7407296 0.7197989 0.6073974 0.5243556 0.1243133
3.203655 0.8934333 0.7793543 0.5344124 0.5165694 0.147134
2.277413 1.72729 0.5840779 0.2912461 0.4464449 0.1154124
3.469887 0.7493425 0.8125806 0.6001437 0.5270907 0.1490375
2.334732 1.594909 0.7714837 0.3336699 0.5230809 0.1875289
4.523332 -0.1948053 0.9823043 1.145535 0.7581845 0.166183
3.651678 0.5806393 0.7914292 0.6831228 0.5544689 0.1388056
2.619553 1.440582 0.6390664 0.3723692 0.4689798 0.1253347
3.573584 0.5656249 0.754263 0.6681106 0.5478735 0.1276066
4.36511 -0.6991518 1.184971 1.384272 1.004775 0.2102564
2.176113 2.157216 0.557516 0.2879056 0.524794 0.1366682
3.302324 0.7487741 0.7581468 0.578022 0.5245211 0.1345176
2.996911 0.5452174 0.8894487 0.5699931 0.5765204 0.1663896
2.449251 1.727846 0.5324365 0.3246799 0.448649 0.1017828
3.274045 0.9212398 0.6629967 0.5443925 0.4947548 0.114069
2.48104 1.772825 0.5472743 0.3257489 0.4620383 0.1105371
3.068236 0.9210839 0.7551124 0.5067424 0.5080846 0.1401061
3.637699 0.375491 1.1885 0.7412818 0.6480592 0.2555522
2.62616 1.218093 0.7979402 0.3973076 0.5007777 0.1671488
3.157959 0.8570242 0.8119133 0.5346768 0.5252595 0.1554575
3.224221 0.8559072 0.8511907 0.539908 0.524558 0.1656937
2.817736 1.194351 0.71532 0.4241956 0.482757 0.1383111
2.702187 1.050631 0.68398 0.4279584 0.4858924 0.1236072
2.741152 1.430927 0.5945698 0.3884015 0.4592401 0.1113133
3.42886 0.05826187 1.189948 0.7792701 0.7078983 0.2360209
2.933388 0.7873873 0.8066599 0.5088832 0.5308979 0.1509065
3.166707 0.6779808 0.8268299 0.5757408 0.5509794 0.153531
3.354322 0.8398184 0.698359 0.5671177 0.5024291 0.1201117
3.037349 1.067577 0.6824465 0.4741533 0.4824874 0.1236177
3.032529 0.9260266 0.7305511 0.5030595 0.506683 0.1336996
2.775383 1.078848 0.8238086 0.446395 0.52255 0.172607
3.331332 0.6684577 0.852632 0.5825615 0.5308576 0.1545006
2.745633 1.302651 0.7476934 0.4067574 0.495172 0.1563894
3.222315 0.6895545 0.9007877 0.5745623 0.5517335 0.1742873
2.748191 1.194884 0.7538811 0.4252342 0.5036629 0.1542689
3.176237 1.070393 0.7569997 0.4865019 0.486318 0.1440543
3.42226 0.8456214 0.8476515 0.5713626 0.5210452 0.1630081
2.651314 1.361272 0.6392791 0.3869272 0.4745054 0.1237558
3.946065 -0.05385215 1.021173 0.9366774 0.7151262 0.1803014
3.707418 0.4957549 0.7162683 0.7260018 0.5647514 0.1176965
3.513003 0.8321362 0.6960002 0.6033166 0.5111338 0.1210267
3.369516 0.641319 0.8007423 0.6178536 0.5485232 0.143728
3.539446 0.5912756 0.7951816 0.6570597 0.5520977 0.1400472
4.255072 -0.2868229 1.246051 1.096596 0.8048108 0.2339309
3.103553 0.8149499 0.9249231 0.5257043 0.536949 0.1864199
2.602178 1.644677 0.5843825 0.3500273 0.460883 0.116324
3.087112 1.008962 0.6258125 0.4976292 0.4810708 0.1065867
3.273388 0.8329851 0.7830375 0.5515895 0.5150664 0.1437457
2.910159 1.399507 0.6605766 0.417086 0.474023 0.1309636
2.639276 1.37891 0.608996 0.3825187 0.4640369 0.1138181
2.736956 1.338845 0.6912255 0.4000719 0.4840529 0.1394639
3.873715 0.2340785 0.8702508 0.8273148 0.6291434 0.1494034
3.923961 0.3906662 0.7616029 0.7957794 0.5857942 0.125697
2.403642 1.544022 0.5631697 0.3329291 0.4540969 0.1057261
3.537953 0.6320903 0.8193988 0.6457796 0.5491316 0.1481715
3.114336 0.7481768 0.8205148 0.5426595 0.5322825 0.152255
3.687622 0.4014669 0.8659012 0.7136686 0.5743932 0.1492821
3.118937 0.593074 1.009156 0.5664242 0.5679116 0.2002488
3.2268 0.9914708 0.8148608 0.5159034 0.5075468 0.1601253
2.715661 1.113721 0.9091245 0.4347615 0.5367545 0.2049623
3.326612 0.6118991 0.7898491 0.6219984 0.5561024 0.1407388
3.330089 0.7273459 0.7639714 0.5810595 0.5224937 0.1343555
2.624357 1.305345 0.6689631 0.3849871 0.475492 0.1294882
3.247168 0.7100652 0.8622607 0.5808124 0.5498157 0.1649353
3.192801 0.3711201 1.063494 0.6425213 0.6239704 0.2110732
2.994686 0.8581878 0.8184243 0.5084263 0.5279409 0.1579823
4.750986 -0.4229353 1.38399 1.300791 0.8744807 0.2716515
3.693157 0.3166916 0.8774349 0.7657143 0.6147003 0.1544642
3.086784 1.019894 0.7253413 0.49829 0.5015466 0.1363905
2.534019 1.514285 0.6343151 0.3531063 0.4696105 0.1272572
3.256555 0.5102453 1.037962 0.6353727 0.6109412 0.2140517
2.812039 1.294654 0.6534137 0.4157839 0.4734056 0.1241893
4.452708 -0.0584707 0.9318325 1.07187 0.7131761 0.1573108
3.170477 0.9216751 0.7680876 0.5340559 0.5199149 0.1461702
3.420844 1.000447 0.6902974 0.5471862 0.4884671 0.1234835
2.525634 1.195534 0.8174911 0.3887392 0.5102946 0.1742622
2.329123 1.673076 0.5787582 0.3126313 0.4606243 0.115374
3.15516 0.7863406 0.8563939 0.5512402 0.5418165 0.1666803
3.214062 0.9116716 0.7377149 0.5384657 0.5126859 0.1361857
3.052843 0.7412582 0.8691174 0.5336418 0.540809 0.1668123
2.646036 1.603535 0.5739568 0.3580451 0.4581578 0.1118647
2.495534 1.530957 0.6379735 0.3446411 0.4665526 0.1279848
2.891427 1.229585 0.6920568 0.4289484 0.4744051 0.1316795
2.597604 1.279109 0.6626975 0.3804597 0.4693288 0.1251389
3.036593 1.224611 0.6158225 0.4446454 0.4541435 0.1078622
2.538388 1.512455 0.5833427 0.3510537 0.4544277 0.1101181
2.447198 1.213046 0.849536 0.360354 0.4956723 0.1805693
2.614149 1.532303 0.5394552 0.3526699 0.4377432 0.09656522
3.270254 0.5982009 0.9308437 0.5987874 0.5643401 0.178679
3.010462 1.006476 0.7541152 0.4853166 0.5032288 0.1434922
3.699537 0.4681176 0.7565825 0.7257715 0.5698571 0.1263825
3.962889 0.001660425 1.022879 0.9330126 0.7112123 0.1853128
3.134618 1.168143 0.6458359 0.4698409 0.4673198 0.1159083
2.16002 2.209334 0.4963609 0.2698498 0.4856747 0.1099348
3.720326 0.4935792 0.7950074 0.7037927 0.5555613 0.1344111
2.718402 1.642031 0.5556256 0.3602299 0.4482153 0.1060196
2.726123 1.070233 0.6539526 0.4237488 0.4733945 0.1145306
3.348958 0.6454197 0.7231598 0.619656 0.5407721 0.1231761
3.129257 0.9317877 0.8968839 0.5188642 0.5333812 0.1864483
2.702595 1.16983 0.6901245 0.4110945 0.4808448 0.1299966
3.017972 0.9429152 0.7624163 0.4950234 0.5079864 0.1432919
3.039819 1.106504 0.6538408 0.4790552 0.4865976 0.1190611
3.529283 0.4766984 0.873001 0.6896758 0.5862812 0.1592671
2.95729 1.094066 0.6781394 0.460795 0.4832904 0.1239225
2.991245 0.887679 0.98452 0.4988416 0.5447317 0.2124517
2.567228 1.381627 0.7269975 0.3743951 0.4907156 0.1527049
4.21343 -0.02032705 0.9834996 0.9779935 0.6931239 0.1691281
3.345945 0.9020998 0.7629034 0.5596393 0.5134047 0.142109
4.354937 -0.01922475 0.9242164 1.017964 0.6908646 0.1545393
2.972641 0.9649199 0.7017674 0.4801044 0.491449 0.1251601
2.995884 1.082933 0.7791317 0.4787213 0.5132042 0.1576932
3.078631 0.7433471 0.8220498 0.5360866 0.5313055 0.1520184
3.161362 0.9938151 0.7763954 0.5103513 0.50769 0.15002
4.167895 0.2029473 0.8036207 0.9094358 0.6322319 0.1318484
2.926129 0.9502595 0.9011868 0.4885301 0.5409476 0.1916989
2.682972 1.370963 0.6807509 0.3834758 0.4734232 0.1351941
4.141073 -0.05265415 1.077962 0.9730805 0.7143903 0.1946515
2.979291 0.8663258 0.8726808 0.5008907 0.5317177 0.1744907
2.448032 1.655288 0.5228621 0.3275748 0.4450036 0.09706432
2.851531 1.248228 0.6377328 0.4237476 0.4662842 0.1164967
3.693372 0.3137846 1.048387 0.7475739 0.6217383 0.2004009
2.744785 1.081648 0.7547171 0.4342728 0.5037635 0.148411
2.886308 1.533265 0.5461807 0.3941317 0.445546 0.09974949
3.027385 0.6026596 0.9423703 0.5407902 0.5501893 0.1778796
3.401142 0.6182277 0.860508 0.6231711 0.5555206 0.1591128
3.978558 0.370047 0.8428443 0.8054177 0.5966058 0.1459484
3.330263 0.06525056 1.124171 0.7557175 0.6988687 0.2159599
2.909022 1.333619 0.5452433 0.4302901 0.4575548 0.09517711
2.588197 1.426337 0.6824568 0.3670567 0.4740851 0.1378059
2.921218 0.9236343 0.8147076 0.4951097 0.53046 0.1614916
3.186885 0.8183127 0.8056642 0.5428337 0.5236533 0.1508424
3.123759 1.122707 0.6701669 0.4804216 0.4772859 0.1218215
3.580515 0.3454143 0.8609778 0.7224776 0.5966061 0.1487969
3.087687 1.070209 0.7342592 0.4778128 0.4866329 0.1379566
3.599082 0.562647 0.7647567 0.6718891 0.5479158 0.1298785
2.988559 1.142942 0.6015869 0.454983 0.463506 0.1032287
2.530448 1.608215 0.6332391 0.3455352 0.4758324 0.1324698
2.016196 2.152619 0.4898421 0.249821 0.4769462 0.1059598
2.932291 0.7576248 0.7890324 0.512065 0.5295961 0.1441181
2.706409 1.554811 0.5754491 0.3694292 0.4518235 0.1088995
1.973168 2.232457 0.4775323 0.2408208 0.4762124 0.1033517
3.817031 -0.03307479 0.9520615 0.9109823 0.7102614 0.1638783
2.608744 1.525823 0.6559162 0.3614998 0.4728357 0.1345203
2.830053 1.144116 0.6196441 0.4342907 0.4676028 0.1080588
2.960768 1.315859 0.6367028 0.4320866 0.4700696 0.1204323
5.115651 -0.4555767 1.08675 1.438008 0.8628063 0.1859915
2.946341 1.222482 0.5893705 0.4424437 0.4611576 0.1026915
3.769036 0.3362891 0.9236819 0.7593714 0.6033301 0.1650262
2.851733 1.440435 0.6242161 0.398074 0.4614464 0.120212
2.97657 1.043039 0.6493285 0.4792792 0.4897903 0.1156094
4.300042 0.09204021 0.9938051 0.9666501 0.6757572 0.1783289
3.08863 0.7378642 0.8400399 0.5508804 0.5475662 0.1604832
2.499372 1.580235 0.6176846 0.3465519 0.4707726 0.125112
2.732699 1.527576 0.6751351 0.3893532 0.4899541 0.1442855
4.070083 0.008204927 1.237307 0.9317995 0.716096 0.2451996
3.037255 0.9707158 0.6833931 0.496681 0.4965158 0.1220486
3.061339 0.8374394 0.754996 0.5173882 0.5133242 0.1365535
2.670336 1.609295 0.5368384 0.359553 0.4467496 0.09984838
2.514454 1.147137 0.7474926 0.3829949 0.4918921 0.1473524
2.99774 1.08048 0.7345341 0.4726884 0.4963711 0.1407295
2.908986 1.232203 0.6590532 0.4356194 0.4730874 0.1228278
