1.75192 1.672189 1.804728 0.3364593 0.8783286 0.929017
3.05113 -0.3939006 4.270582 0.8558871 1.08469 1.618872
1.913382 1.383104 1.929959 0.339195 0.7572806 0.8243025
1.80271 1.318699 2.826595 0.3163615 0.7895041 1.358568
2.233199 0.7069017 2.545787 0.4503619 0.7897646 0.9942631
2.401087 0.2432301 3.642034 0.6024124 0.994267 1.645943
2.011887 0.9142079 2.510467 0.3709177 0.7435417 0.9884032
1.796435 1.643237 1.754718 0.299246 0.7458612 0.7604264
1.512036 2.345556 1.242114 0.3313972 1.127315 0.7987097
3.179406 -0.9106122 5.45888 1.06381 1.342655 2.118752
1.859377 1.512761 1.699208 0.3385992 0.788006 0.7533111
2.049147 0.7986324 2.337907 0.402925 0.7702045 0.9000964
2.331804 0.5078432 3.003458 0.5388259 0.9125722 1.315394
1.355252 2.643726 0.9319159 0.2215809 0.8612593 0.4354981
1.844551 1.696342 1.672886 0.3644812 0.9002259 0.8717858
2.492704 -0.1405887 5.274693 0.6950935 1.135773 2.550405
2.120768 0.7285013 2.925186 0.439619 0.8387577 1.272389
2.175482 0.6018925 3.068828 0.4468913 0.8177307 1.256261
1.902914 1.24129 2.215728 0.3576779 0.79906 0.9980464
2.325818 0.5055817 3.230757 0.5468819 0.9419726 1.490832
1.989369 0.9456434 2.745465 0.4012392 0.8400721 1.264266
1.828074 1.638327 1.707872 0.3525396 0.8639784 0.848022
1.845245 1.425626 2.030481 0.3331159 0.7877896 0.921398
2.090164 0.8826193 2.856724 0.4723829 0.9437587 1.463149
1.7832 1.511054 1.759001 0.3430375 0.8401892 0.8374429
2.136137 0.6511698 2.859962 0.4669516 0.872303 1.248681
1.886691 1.102814 2.806338 0.382633 0.8765255 1.417516
2.280785 0.256961 4.111893 0.5888194 1.047888 2.041878
1.407517 2.424538 1.438746 0.3783606 1.44597 1.215915
1.531391 2.362948 1.303151 0.3347361 1.138067 0.854105
1.491512 2.492127 1.082291 0.2916719 1.019062 0.6141315
1.752322 1.599874 1.674987 0.3357534 0.8466649 0.8062291
2.182669 0.7023781 2.552621 0.4549391 0.8196533 1.035507
1.961836 1.224758 1.979965 0.3306376 0.6935622 0.7517003
2.044725 0.8506413 2.549567 0.3942155 0.7737021 1.028229
2.282391 0.5832075 2.532452 0.4902802 0.8279424 0.9877989
2.315 0.2109707 4.897937 0.575898 1.027763 2.449742
1.708838 1.53393 1.936201 0.351328 0.9220588 1.038244
1.57008 1.983402 1.550273 0.2861024 0.8751436 0.7955744
1.864601 1.241291 2.291848 0.3698032 0.8521379 1.110505
2.131421 0.8968965 2.324401 0.408 0.7632487 0.9179649
2.214584 0.5228816 2.967988 0.4980652 0.8868686 1.267392
1.852436 1.112119 2.618727 0.409124 0.9500962 1.412644
2.066622 0.5817055 3.592717 0.4365887 0.8632916 1.607674
1.485334 2.107846 1.444944 0.2666194 0.8834422 0.7464288
1.688651 1.549413 2.089783 0.348028 0.9406595 1.166551
1.938323 1.270364 1.975844 0.3583804 0.7746809 0.845734
1.961116 1.086364 2.476528 0.3871524 0.8289157 1.140172
2.147441 0.8203322 2.513848 0.4167545 0.7736447 1.000908
2.426167 0.3463645 3.177066 0.5311362 0.8484254 1.230649
2.255518 0.4648441 3.541369 0.5124792 0.9154012 1.600773
1.440554 2.131599 1.507731 0.3333051 1.160648 1.027824
2.071364 0.8718394 2.72804 0.4236569 0.8398156 1.225837
1.976358 0.9413046 2.317598 0.4178674 0.8556861 1.037121
2.047742 0.6231177 4.181237 0.5009907 1.045819 2.400218
1.937313 1.380068 1.992118 0.3539561 0.7866168 0.8900968
2.371278 0.02204705 4.278819 0.596803 0.9975513 1.838103
2.428233 0.1704456 4.172191 0.5519528 0.9016697 1.71361
2.243923 0.2189529 4.698444 0.5282982 0.9607903 2.170896
2.411966 0.3950747 3.069957 0.515399 0.8262757 1.168805
2.771794 0.2191221 2.601784 0.6248321 0.8306947 0.8734202
1.372679 2.962007 0.7918645 0.3026406 1.232597 0.5037495
1.786977 1.322713 2.030629 0.3523495 0.8450802 0.9666658
1.997772 0.7077654 3.33013 0.4399239 0.9119865 1.617168
2.84657 -0.543317 5.594291 0.7964652 1.115062 2.194833
2.304296 0.5346197 3.126856 0.4743177 0.8136046 1.249134
1.952832 1.351383 1.709002 0.3637604 0.7740294 0.7178047
2.146411 0.6937255 3.156137 0.4348024 0.8231119 1.356632
1.901264 1.175127 2.450427 0.3889746 0.878464 1.22406
2.074345 0.958381 2.226638 0.4135298 0.8003665 0.9279159
3.145553 -1.130062 7.424508 1.094633 1.454987 3.06508
1.823276 1.549777 1.773569 0.3419974 0.8270794 0.838909
2.106765 1.023119 2.301827 0.4076913 0.7908375 0.9761683
1.928974 1.007881 2.506614 0.3968531 0.8542452 1.166263
2.243969 0.5244531 3.032937 0.5341585 0.9471725 1.393438
2.602553 -0.3507484 4.744966 0.6505103 0.9719938 1.703889
1.832675 1.270915 2.35526 0.3527042 0.8344284 1.132345
1.922803 1.023961 2.491452 0.3730873 0.8040612 1.09571
2.87015 -0.4861753 5.108097 0.8341122 1.152966 2.082122
1.495749 1.998551 1.332357 0.2827895 0.8907056 0.675098
2.134457 0.9112413 2.428708 0.454258 0.8643532 1.101789
2.383768 0.5030738 2.908456 0.4919624 0.800085 1.102129
1.641703 1.830059 1.693763 0.3349947 0.9628314 0.9604657
1.888543 1.16188 2.409665 0.3542546 0.793935 1.077524
1.68727 1.736527 1.772861 0.3463862 0.9557027 0.9981986
1.259419 3.552442 0.6022917 0.4943253 2.412997 0.6790204
2.634344 -0.04997083 4.353247 0.6905964 1.038304 1.891748
2.081867 0.8056793 2.59648 0.4232295 0.8155694 1.091892
1.887898 1.343817 2.232463 0.3703003 0.8580489 1.107844
1.8379 1.515979 1.6296 0.3262765 0.7627162 0.6938067
1.857512 1.310508 2.196717 0.3121442 0.7197779 0.9071412
1.551162 2.102688 1.549782 0.4055416 1.313926 1.201347
1.935288 1.170688 2.385857 0.35901 0.7852318 1.056055
2.192374 0.7973402 2.73136 0.4862943 0.9023781 1.283811
2.419101 0.375553 3.400973 0.5321259 0.8651191 1.383815
2.161394 0.7345326 3.10651 0.4333863 0.8174201 1.339087
1.549271 2.435629 1.097247 0.2555563 0.8388549 0.5137142
2.747371 -0.1180682 4.078369 0.6770499 0.9531314 1.540244
2.076323 0.8020567 2.721341 0.4187472 0.8150249 1.15779
1.81604 1.249972 2.430801 0.3390057 0.8069536 1.131598
2.796401 -0.3243337 4.749454 0.8001804 1.132619 2.021073
2.636695 -0.1577944 4.388062 0.6829071 1.013913 1.763483
2.129439 0.7349523 2.477753 0.4619491 0.8564359 1.053736
1.964539 0.9698719 2.861577 0.4257502 0.9182145 1.465304
2.284571 0.24481 3.770231 0.5442076 0.9439069 1.631022
1.749507 1.822593 1.479853 0.3125804 0.8198764 0.696494
1.899155 1.102507 2.915459 0.4163066 0.9592578 1.627727
2.004798 1.242816 1.838609 0.3523195 0.7193207 0.7136068
2.269277 0.426949 3.893307 0.5035313 0.9005746 1.749221
1.741758 1.466934 2.021369 0.3553851 0.9054692 1.060533
1.59294 2.03741 1.425122 0.2890785 0.8741356 0.7224951
2.432998 0.3789015 3.204657 0.5263774 0.8418405 1.250376
1.910473 1.463942 1.7184 0.3660842 0.8225992 0.7885112
1.770299 0.9853601 2.962485 0.3828848 0.9249786 1.549068
2.022765 1.111144 2.107521 0.406182 0.8248617 0.9338938
2.009758 0.9631059 2.732721 0.3926244 0.8133636 1.222924
4.09071 -1.68867 6.312601 1.802996 1.883218 2.374147
1.528254 2.238327 1.263553 0.2440682 0.7916876 0.5743062
1.751836 1.597587 1.927683 0.3459528 0.8961984 1.013925
1.783681 1.057738 3.034417 0.3528697 0.855779 1.504834
1.64051 1.865047 1.549194 0.3131913 0.8929232 0.8031645
2.388845 0.2627946 3.835608 0.5815642 0.972213 1.733131
1.736407 1.326402 2.227386 0.3584165 0.902644 1.158547
2.669139 -0.1769765 4.317499 0.7036574 1.03137 1.746352
1.972331 0.540236 4.834099 0.4809147 1.050972 2.803221
2.057452 0.8273611 2.862714 0.4436369 0.8883877 1.356809
2.221825 0.4744955 3.25315 0.5123719 0.9192458 1.450155
1.992143 1.226921 2.358068 0.3633131 0.7796983 1.04899
1.906895 1.342436 1.83152 0.3575448 0.788738 0.7965974
2.042175 1.014109 2.433776 0.3713096 0.7449568 0.9841272
2.291829 0.3627739 3.123949 0.5360128 0.9116163 1.302607
1.467647 2.477715 1.104401 0.3502581 1.247299 0.7673699
2.399167 0.3225562 3.458238 0.5578602 0.9159415 1.465789
1.865531 0.7672947 3.591019 0.345539 0.7704493 1.525533
2.044609 0.9955488 2.353378 0.3883238 0.7723973 0.9708384
1.40671 2.522466 1.220539 0.4622364 1.773448 1.22572
2.231351 0.6577669 2.979097 0.490162 0.8849202 1.339225
2.860481 -0.4456968 5.097736 0.8514442 1.187809 2.194036
2.177592 0.7132746 2.792645 0.410483 0.7449115 1.055081
1.892016 1.329475 2.190585 0.4234373 0.9809942 1.234068
2.154991 0.4560784 3.689631 0.4372064 0.8124756 1.491823
1.95374 1.180852 2.018412 0.3499611 0.7365082 0.8079961
2.150119 0.5492683 3.489443 0.4693263 0.8853577 1.570025
1.677418 1.77012 1.703094 0.2991582 0.824316 0.8236915
2.825151 -0.3859351 4.758701 0.781904 1.086218 1.87517
3.281012 -0.8029598 5.01661 1.07457 1.297289 1.934223
1.733229 1.648902 1.629522 0.3324661 0.8548967 0.793917
5.088324 -3.239914 9.903064 4.446682 4.543951 4.562435
2.145237 0.7382636 2.575392 0.4184508 0.7668667 0.9900136
2.765702 -0.1020329 3.816185 0.6460624 0.8888913 1.324505
1.769735 1.271483 2.121179 0.2798008 0.6592192 0.7847235
1.449436 2.42488 1.05373 0.2659673 0.930375 0.5424009
2.012748 0.9668669 2.738057 0.4207634 0.8757732 1.320546
2.418743 0.4546272 3.003945 0.5367464 0.8661946 1.222318
1.728996 1.606952 1.711038 0.3664226 0.9471616 0.9265742
1.666554 1.593805 2.080845 0.3141605 0.8655681 1.076917
1.409555 2.655195 1.082664 0.3042164 1.17321 0.7034032
2.093159 0.8468067 2.243024 0.3979758 0.7438895 0.8390887
1.780437 1.318659 2.254625 0.3369285 0.8226984 1.069978
2.42892 0.2645366 3.617331 0.5685174 0.9214249 1.520834
1.54589 1.855165 1.732512 0.3527381 1.092992 1.122994
1.642101 1.572286 2.102681 0.322113 0.898344 1.12644
1.909639 1.327359 2.122197 0.3861524 0.8752917 1.057791
1.856892 1.206421 2.627331 0.3818991 0.9001957 1.377908
2.021692 0.7970546 3.079255 0.4305619 0.8819331 1.459727
1.700661 1.476488 1.966274 0.2922862 0.753819 0.8579902
1.988226 1.041666 2.341971 0.413057 0.8601334 1.09126
2.07357 0.9984694 2.132254 0.3938941 0.7608186 0.8470305
2.708783 -0.340777 5.212883 0.8032179 1.194244 2.397533
2.016157 0.6019651 3.996391 0.4546721 0.9468247 2.033525
2.688295 0.2740172 2.534098 0.6351171 0.8763813 0.9127372
2.034022 1.230061 1.79674 0.3656249 0.7311494 0.7014733
1.575993 1.923795 1.582338 0.2984808 0.9043495 0.8407913
2.539069 0.01062353 4.171009 0.6543723 1.018441 1.806116
1.994516 1.042056 2.2355 0.3580041 0.7283159 0.8729589
2.452189 0.1385353 3.844379 0.58408 0.9329453 1.571396
2.023504 1.306823 1.775124 0.3694869 0.7570612 0.7305791
2.057862 0.6885621 3.408173 0.4386902 0.8814495 1.599757
1.726722 1.661265 1.885498 0.3561824 0.9504255 1.057238
1.784103 1.277216 2.433686 0.3448295 0.8454883 1.19841
1.935983 1.174491 2.084923 0.349532 0.7441598 0.8460872
2.090045 0.8489142 2.622346 0.4364253 0.8481852 1.167201
1.715241 1.488286 1.914834 0.3136244 0.804027 0.8869247
1.592716 1.728808 1.712332 0.3080364 0.890164 0.8904627
2.864125 -0.2674295 4.238353 0.7815422 1.060199 1.673931
1.389762 2.447225 1.32397 0.3075648 1.179639 0.9016122
1.604701 1.659792 1.771605 0.2973953 0.8382142 0.8635765
2.876078 -0.4097623 4.670567 0.8023562 1.093114 1.825443
2.411451 0.4275736 3.366282 0.5411488 0.8904654 1.437902
1.892299 1.158776 2.435574 0.3629044 0.8158263 1.123828
2.901676 -0.2850248 4.055374 0.7646075 1.010825 1.489126
1.97598 1.173831 2.002366 0.3814661 0.7941833 0.8580143
1.861208 1.678224 1.526922 0.308002 0.7273871 0.627662
2.142012 0.764348 2.655646 0.4100264 0.7604389 1.033404
1.514665 2.247754 1.383423 0.3196486 1.07495 0.8643889
2.139792 0.7748055 2.655966 0.4498589 0.844269 1.151012
2.061054 0.4857481 4.073659 0.472139 0.9487513 2.000656
2.235043 0.5162495 3.079144 0.5104802 0.9068428 1.355725
2.276838 0.4946507 3.229904 0.5073359 0.8861096 1.394022
1.903704 1.106844 2.391712 0.3576006 0.7842692 1.039118
1.827177 1.434466 1.692169 0.2982659 0.6848762 0.6411486
1.887617 1.094879 2.642138 0.3934596 0.8917312 1.335186
2.077094 0.8723353 2.669613 0.4341604 0.8562301 1.215727
2.033453 0.7782146 3.219785 0.4305948 0.8795681 1.529298
1.945068 1.218984 2.219302 0.3686417 0.8029866 1.000249
2.387546 -0.1425306 5.496422 0.6549388 1.120551 2.641412
2.069703 0.5990612 2.993658 0.4305637 0.8243824 1.223742
1.791881 1.785617 1.597196 0.3294304 0.8465477 0.7844335
2.155236 0.6911595 3.230877 0.4355523 0.8229398 1.393679
2.107985 0.8759328 2.562052 0.4319167 0.8325584 1.123763
1.429262 2.462892 1.196054 0.2536434 0.9283989 0.6308289
1.863447 1.391415 1.705598 0.3380721 0.7604505 0.7109569
2.465521 0.1107588 3.704263 0.6072172 0.9600708 1.525612
2.106965 0.852293 2.64604 0.4304395 0.8301987 1.157008
1.39589 2.66284 1.044548 0.2725374 1.063955 0.6155774
2.369956 0.5365684 2.403888 0.4528066 0.7143734 0.7827534
2.412929 0.4681565 3.391184 0.5174781 0.852761 1.411586
2.361815 0.21427 3.610556 0.551034 0.9126944 1.471808
1.852075 1.255943 2.138448 0.3702382 0.8497417 1.017139
1.738099 1.538515 1.738877 0.3013934 0.7571307 0.7498907
2.51667 0.01396613 4.205596 0.6574313 1.035418 1.860062
2.011246 0.901417 2.962102 0.4110588 0.8544419 1.392138
2.22937 0.4385636 3.449409 0.5254325 0.9446172 1.580934
2.043914 0.7618495 3.14931 0.4287898 0.8656062 1.457279
3.304237 -0.9972494 5.57482 1.175598 1.440602 2.238116
2.035339 1.046458 2.265916 0.3909702 0.785776 0.9569054
2.219539 0.7520965 2.720648 0.4651411 0.840314 1.169793
1.61973 1.918705 1.457007 0.3113271 0.9003158 0.7544563
1.83629 1.665701 1.622741 0.3689483 0.9012294 0.8347888
2.891583 -0.5485753 5.201451 0.8389386 1.149397 2.052836
2.31469 0.1473326 4.442709 0.5448957 0.9455511 1.934789
1.82058 1.2432 2.430488 0.3774036 0.9027207 1.265373
1.779189 1.602183 1.749365 0.3353176 0.8413023 0.8474752
1.732197 1.742075 1.418174 0.3438203 0.8839326 0.7007629
2.683835 -0.5140009 6.582567 0.781757 1.195493 2.962035
1.999908 0.9868904 2.898283 0.4219028 0.8978286 1.464305
4.062544 -2.178853 8.653385 2.118721 2.38993 3.524393
2.0755 0.9213598 2.402071 0.4218265 0.8215566 1.034518
1.591048 2.002143 1.478131 0.3033884 0.9165387 0.7883558
2.772491 -0.4228267 6.02618 0.7990825 1.173012 2.713935
2.067513 1.027074 2.448945 0.402421 0.8059649 1.077478
1.896188 1.494541 1.895967 0.3977026 0.9279954 1.009795
1.959555 0.9147739 2.50357 0.3732244 0.7699883 1.019314
1.577117 1.867501 1.750706 0.2941327 0.8911739 0.9309211
2.527477 -0.02636367 4.386722 0.6280408 0.9804124 1.815821
2.195911 0.7060224 2.566893 0.4516097 0.8081166 1.027679
2.12139 0.3496768 4.249654 0.4468308 0.8506862 1.783122
1.811378 1.646203 1.872731 0.3084474 0.7730762 0.8537282
2.176803 0.3300389 4.043298 0.5033313 0.9357575 1.836556
1.942363 1.194238 2.386203 0.3729735 0.8202559 1.111222
2.04004 0.6552461 2.957466 0.4416816 0.8686175 1.298978
1.600356 2.136035 1.137416 0.2803525 0.832156 0.5273363
2.016603 0.8855835 2.614463 0.3879644 0.7811094 1.084155
2.034995 0.6612793 3.081343 0.4381633 0.8704322 1.374216
2.810857 -0.3098951 4.193208 0.7612022 1.045638 1.588693
1.48676 2.025455 1.590696 0.2651544 0.8700879 0.8194566
2.247104 0.4040924 3.30348 0.4842995 0.8454609 1.318636
1.601594 2.003859 1.321368 0.3008627 0.8863756 0.6662805
2.461205 0.1018806 3.02698 0.5968673 0.9127103 1.111199
1.856138 1.138292 2.598375 0.3847536 0.8914042 1.321046
3.173664 -0.5440852 3.318119 0.9193155 1.074171 1.054369
1.999631 1.011197 2.41665 0.4098176 0.8472236 1.108362
1.430967 2.638619 1.00964 0.2698406 1.005028 0.555707
2.256364 0.523894 3.156449 0.5137914 0.9081552 1.403947
1.863579 1.261161 2.320952 0.3630344 0.8415891 1.119361
1.991349 1.110651 2.205992 0.3676249 0.7598047 0.9117469
2.236437 0.611174 2.742724 0.4655886 0.8154753 1.090223
2.201644 0.2854798 4.539424 0.5264817 0.9836401 2.199784
2.457859 0.2403564 4.01956 0.5738069 0.9323863 1.746316
2.069567 0.7769455 3.210495 0.4169898 0.8327713 1.441958
2.296327 0.3745643 4.109549 0.5323204 0.9458406 1.927269
1.581366 1.694873 2.03325 0.309435 0.9189231 1.126637
1.906276 1.394989 1.77121 0.3324891 0.734682 0.720868
1.611279 1.798605 1.832501 0.3267916 0.9641511 1.056549
1.622533 1.613589 1.803057 0.3245795 0.9020729 0.9431822
2.054733 0.815489 2.925265 0.4344852 0.871283 1.362176
2.767058 0.09546944 2.993379 0.6614531 0.895877 1.070854
1.438784 2.851223 0.8082687 0.4019053 1.523627 0.6382168
2.138428 0.7594422 3.104269 0.5114654 0.9947317 1.645829
0.9835584 4.579709 0.4461659 0.589359 4.296046 0.7662612
2.181724 0.482311 3.350281 0.4677438 0.8524978 1.396592
2.566667 -0.1011363 4.587197 0.6561385 1.011813 1.919441
1.980922 1.256187 2.017175 0.3678672 0.7783793 0.8685388
2.359581 0.3738805 3.623602 0.5552154 0.9417745 1.634701
1.9252 1.054151 2.374225 0.4237473 0.9194234 1.190522
1.750743 1.733002 1.434378 0.3332541 0.8450027 0.6783771
2.005753 0.9833867 2.618764 0.3382337 0.6900047 0.9912729
2.085083 0.9224424 2.054994 0.4073899 0.7650277 0.7907862
2.286369 0.7335801 2.416707 0.4771765 0.8169589 0.972596
1.516883 2.20751 1.233715 0.2746083 0.8890995 0.6230513
1.817448 1.39664 2.165386 0.3015524 0.7218281 0.9089347
2.127136 0.3730767 3.592494 0.5135485 0.9671613 1.66051
2.607942 0.1736959 3.551862 0.6191492 0.9232012 1.43142
1.808989 1.124812 2.527183 0.3638703 0.8575998 1.225329
2.018352 0.8679282 2.678473 0.4283398 0.8702953 1.239141
1.680282 1.835465 1.609925 0.3021692 0.8380522 0.7882319
1.666651 2.079043 1.258688 0.2917005 0.8362767 0.5984435
2.044086 0.9546235 2.627014 0.3983924 0.8042302 1.147633
1.860222 1.261867 2.256871 0.3503379 0.8081297 1.039108
2.076571 1.141639 1.994523 0.3963939 0.7799683 0.8330413
1.876811 0.9915281 2.75562 0.3710638 0.8301344 1.271977
2.068349 0.7927735 2.686007 0.4323614 0.843752 1.174705
2.203347 0.6547786 2.914178 0.4707403 0.8549432 1.256658
2.494301 0.1870604 2.889394 0.589899 0.8885435 1.057186
2.136175 0.7095975 2.701652 0.4100968 0.7563627 1.02822
1.938039 1.016121 2.7175 0.39458 0.8596075 1.304311
4.609883 -2.884028 9.133447 3.159287 3.399491 3.719188
2.459212 0.3482615 2.798308 0.4866818 0.7391474 0.9065206
1.742809 1.804989 1.509787 0.3772375 0.997464 0.862193
2.076182 0.7128689 3.588338 0.4190924 0.8412235 1.642336
2.493929 -0.1042836 5.068064 0.6835355 1.109975 2.401104
1.850109 1.430707 1.987126 0.338423 0.7973416 0.9093812
1.685458 1.87938 1.648711 0.2994719 0.8397227 0.8163047
1.676997 1.713248 1.59613 0.3262478 0.881444 0.8074969
2.244604 0.2658646 3.772074 0.535833 0.9491916 1.656997
1.769596 1.455902 2.137141 0.3667469 0.9278556 1.162186
2.491723 0.1357853 3.626493 0.5589335 0.8657574 1.354368
2.290849 0.2052162 4.555172 0.5625141 1.001023 2.169258
2.607013 0.07722604 3.921191 0.6346243 0.9539013 1.610023
1.596684 1.780869 1.978006 0.338748 1.019326 1.222751
2.25831 0.3580617 3.529213 0.5149629 0.9036895 1.505645
1.893311 1.192386 2.390024 0.3371187 0.7552165 1.024115
1.48418 2.201155 1.333074 0.2934311 0.9899141 0.7625274
1.576754 2.055174 1.458171 0.3354327 1.041209 0.8846387
2.253666 0.2483966 4.712753 0.5802915 1.065499 2.457874
2.653958 -0.3298303 5.504181 0.7604573 1.159513 2.507039
1.846954 1.38513 1.786265 0.3266637 0.7452298 0.7372837
1.874675 1.358278 1.987798 0.350203 0.801158 0.8997718
2.753174 -0.2549547 4.5501 0.685571 0.9676549 1.680012
2.808509 -0.4501433 4.538533 0.840221 1.17331 1.851298
1.637914 1.746134 1.770665 0.3325658 0.9453147 0.9859927
1.790276 1.51874 2.001966 0.3639064 0.9114475 1.064869
1.948103 0.9253027 3.132509 0.4390513 0.9640751 1.700385
2.123955 0.9202751 2.345487 0.3965038 0.7461848 0.9130635
1.667147 1.903098 1.224239 0.3044876 0.8221348 0.5557049
2.139394 0.5130145 3.716074 0.4881178 0.9333806 1.767136
1.757291 1.555004 1.817327 0.2800652 0.6969548 0.7294963
1.84958 1.364488 1.776375 0.3520049 0.8025543 0.7853187
2.337914 0.2733539 4.444866 0.5468367 0.9530162 2.055743
1.776009 1.412388 1.909183 0.3380473 0.823364 0.8910639
1.579269 1.945873 1.564843 0.3247437 0.9888104 0.9077714
1.606667 2.043953 1.444416 0.3670705 1.111534 0.9299782
3.166305 -1.167061 7.205019 1.216269 1.617398 3.234677
1.769301 1.659104 1.512835 0.3184257 0.7931136 0.6755407
2.316275 0.6804682 2.468228 0.4613513 0.7707611 0.9228626
1.870967 1.308204 1.957167 0.3677622 0.8332775 0.9068262
1.963102 1.101786 2.634405 0.3737993 0.8090404 1.207996
1.96538 0.8341088 2.98008 0.4099176 0.8638567 1.390371
1.707243 1.494254 1.849958 0.3316994 0.8524689 0.9006235
1.854357 1.295984 2.123751 0.3493478 0.8070131 0.9712248
1.766284 1.63732 1.840152 0.2937189 0.7488494 0.8078544
2.040701 0.9145697 2.678712 0.3940951 0.7919757 1.142912
1.734988 1.726307 1.650165 0.3430883 0.9042637 0.8638243
1.478772 2.205632 1.482989 0.2986729 1.026858 0.896075
1.409221 2.587052 1.022371 0.3055376 1.14435 0.6406779
1.678819 1.542964 2.318165 0.2636749 0.7147657 1.007434
1.858372 1.207376 2.548736 0.4044565 0.9503144 1.399711
2.106003 0.9249943 2.687064 0.4502886 0.8874526 1.291636
1.957068 1.20517 2.359507 0.387382 0.8484931 1.137469
2.144661 0.9270773 2.321348 0.4156791 0.7776294 0.9416134
2.227844 0.4485045 3.625178 0.5026932 0.9112593 1.635731
2.042617 0.6851564 3.496933 0.4926495 1.010535 1.892937
2.091859 0.8942768 2.577928 0.4463517 0.8732763 1.193822
2.118104 0.7931293 2.491356 0.4432565 0.8323448 1.051036
2.458386 0.2077969 3.856259 0.5994622 0.967789 1.69616
2.663843 -0.1113916 4.864817 0.6636348 0.9917703 2.022631
2.211755 0.6150602 2.706882 0.4250664 0.7442352 0.9785611
2.482888 -0.02613987 4.315504 0.6493305 1.036013 1.885416
2.229665 0.8232952 2.256964 0.4162492 0.7261349 0.8184596
2.560231 -0.04871091 4.683698 0.644783 1.004993 2.014225
1.915724 1.150628 2.243689 0.3926253 0.8610107 1.067026
1.871239 1.519923 1.795925 0.3543315 0.8314176 0.8520154
1.693891 1.766344 1.534543 0.3389912 0.9123145 0.8008514
1.666836 1.750849 1.679036 0.2782508 0.7658345 0.7538298
1.816692 1.33347 2.025779 0.356096 0.8424373 0.9641011
1.554102 2.288373 1.144599 0.3282616 1.051705 0.6736707
1.922822 1.303492 1.98641 0.406861 0.901832 0.9974086
1.865458 1.357868 2.175726 0.3861248 0.9086347 1.141137
2.112896 0.771049 3.318799 0.454789 0.8984757 1.617793
2.486596 0.06651619 3.979252 0.6034116 0.9499193 1.618289
1.385555 2.612832 1.039734 0.2699078 1.036721 0.5934189
1.940041 0.9700369 2.724699 0.4176377 0.9040923 1.357263
2.015198 1.04898 2.442681 0.3989238 0.824337 1.105477
1.791979 1.615089 1.639247 0.3175898 0.781983 0.7296093
1.841415 1.210435 2.270074 0.4180454 0.9748113 1.245019
2.07364 0.7495351 3.084271 0.4636647 0.9217252 1.504558
1.934014 1.031472 2.517019 0.3949533 0.8534212 1.181775
2.45343 0.2600583 3.536103 0.5798048 0.9275891 1.485134
2.060788 0.8665613 2.837059 0.4158017 0.8309168 1.269081
2.390259 0.4203003 2.886402 0.5045469 0.8096765 1.069825
1.62265 1.784177 1.680798 0.381269 1.099695 1.079495
3.802089 -1.858662 8.325146 1.81297 2.122486 3.541436
2.696697 -0.4719203 6.110211 0.7995157 1.210102 2.787968
2.648311 0.05668232 3.220114 0.6562225 0.9381665 1.208773
1.82876 1.704545 1.548315 0.3642392 0.8952781 0.7880521
1.716262 1.900518 1.369813 0.3209334 0.8647486 0.6731105
2.287549 0.5012766 3.288456 0.4975118 0.8670831 1.400776
1.568598 2.266708 1.207853 0.3123016 0.9987758 0.6852448
1.437694 2.568347 1.070404 0.2919366 1.075119 0.6373158
2.075253 0.4653456 4.545651 0.5142685 1.047455 2.517082
2.038197 0.8821627 2.329249 0.3768949 0.7320658 0.8775023
1.651687 2.058635 1.34095 0.2654675 0.7669346 0.5919114
2.040573 0.6580214 3.260085 0.4358992 0.8707368 1.474011
1.761566 1.510195 1.792096 0.3285726 0.8151136 0.8310435
1.847595 1.282784 2.273116 0.3940637 0.9277958 1.208089
1.529755 2.017844 1.707315 0.3105827 1.007493 1.032211
1.612988 2.017011 1.35456 0.3118407 0.920796 0.7139253
2.433135 0.3174707 3.027291 0.5857788 0.9291653 1.248048
2.566782 -0.08357369 4.491493 0.7042 1.093359 2.043415
1.756626 1.610149 1.690891 0.296092 0.7439023 0.7207245
1.765859 1.534269 1.731082 0.3303881 0.8181311 0.803243
1.903708 1.085221 2.401165 0.4204013 0.9316877 1.23624
2.128293 0.6644724 2.823719 0.4632124 0.8676358 1.226583
2.435763 0.4556564 2.847129 0.5475508 0.870367 1.146009
2.405938 0.2506984 3.55575 0.5557605 0.9043259 1.452647
2.129777 1.06752 2.143362 0.4028784 0.7695521 0.8807288
1.666734 1.519659 2.180069 0.3590429 0.9843226 1.277492
1.797261 1.559477 1.906303 0.3662947 0.9164588 1.016621
2.233516 0.4834286 3.473226 0.4908438 0.8821385 1.515747
2.237992 0.4181007 3.877164 0.5266373 0.9596428 1.852471
1.924447 0.8300457 2.53005 0.3846939 0.800574 1.045876
2.098318 1.121544 1.954811 0.4149712 0.8027542 0.8300342
1.808269 1.41918 2.036703 0.3726354 0.906331 1.061987
2.456084 0.02053948 4.160116 0.5748846 0.9143341 1.615786
2.193102 0.8764412 2.361815 0.441251 0.8040487 0.978493
2.379353 0.2295493 4.091362 0.5647514 0.9518086 1.818146
1.767351 1.663281 1.695483 0.3356605 0.857659 0.8401827
2.422252 0.36395 2.905489 0.5097567 0.7996567 1.036999
2.226047 0.674944 2.844776 0.4572503 0.817801 1.173119
2.650078 -0.1046027 4.097732 0.6798767 0.998131 1.632392
1.872573 1.773973 1.459527 0.3202835 0.7666922 0.6343431
2.873664 -0.5699463 4.466164 0.8695708 1.177823 1.703463
2.35899 0.05179618 4.607713 0.6046132 1.031823 2.118612
1.80939 1.444745 1.926339 0.3416727 0.8240182 0.9075817
2.020121 0.8346306 2.908446 0.3931796 0.7964678 1.240403
1.780168 1.308652 2.5467 0.388583 0.9760886 1.472067
3.278371 -1.449807 9.166554 1.268781 1.680436 3.941459
1.963605 1.099635 2.619645 0.4535827 0.9942167 1.475065
1.997037 0.8181434 2.511501 0.3666449 0.7247768 0.9316376
1.81871 1.426828 2.194017 0.3663508 0.8994391 1.158683
1.985637 0.9942351 2.717999 0.3894629 0.8209 1.236087
1.875579 0.9978825 3.34932 0.4007156 0.9336826 1.826142
1.446138 2.585308 0.9809231 0.2321115 0.8406558 0.4530989
2.245929 0.8299374 2.41181 0.4643325 0.8232986 1.012116
5.144261 -3.12389 8.565899 3.729983 3.664644 3.189909
2.087057 1.015078 2.339955 0.412058 0.8085782 1.015363
2.036912 0.8573587 3.090381 0.4354768 0.8969051 1.522315
3.010407 -0.575785 4.482294 0.9263063 1.201397 1.745058
2.0871 0.8002734 2.740097 0.4384383 0.8523577 1.219791
1.547721 1.868804 1.619667 0.3118051 0.9511833 0.9017307
2.117851 0.4877284 4.768127 0.4844921 0.9709198 2.49459
2.14792 0.7529822 2.744058 0.4347245 0.8105217 1.141482
2.785914 -0.5278226 6.038237 0.8409124 1.229447 2.714229
1.751274 1.712361 1.991701 0.3506714 0.9447854 1.134518
2.085506 0.6018062 3.310712 0.47021 0.9186605 1.558355
1.65448 1.762157 1.504754 0.28231 0.7687783 0.6607033
1.659777 1.858529 1.4198 0.3251899 0.9021544 0.7289201
2.889929 -0.4196408 4.672659 0.7688593 1.035256 1.717352
2.04382 0.772755 2.963705 0.4324157 0.8664525 1.356238
1.413581 2.651122 0.9712033 0.2911719 1.095867 0.5771942
2.534424 0.07224421 3.716819 0.6126078 0.9369478 1.468813
1.638261 1.734144 1.854453 0.3010028 0.8543404 0.9412962
2.554243 -0.006025247 3.933729 0.6115306 0.9273512 1.507476
2.387443 0.09832956 3.836377 0.5599882 0.9133984 1.508989
2.745731 -0.3805365 5.405454 0.7711983 1.126283 2.313054
1.997813 0.9275308 2.73488 0.4306394 0.8976211 1.335154
1.925911 1.193168 2.00496 0.3478328 0.7443433 0.8123271
2.885686 -0.5176888 5.0465 0.8124782 1.109476 1.938236
2.498349 -0.2552476 4.751997 0.7096615 1.129238 2.088482
1.777528 1.213784 2.750101 0.3662985 0.9109634 1.478451
2.011423 0.9887066 2.771741 0.4199423 0.8802848 1.356496
2.23288 0.5840831 3.178376 0.4599167 0.8220765 1.310284
1.94714 0.8661921 2.559546 0.3802722 0.7877648 1.057135
2.129157 0.54837 3.432854 0.4742389 0.903253 1.569853
1.860147 1.282034 2.150676 0.3274848 0.750536 0.9165506
2.588503 -0.1561669 4.533146 0.6929668 1.057687 1.925532
2.59881 0.1170961 3.247971 0.5835115 0.8481422 1.138362
2.549831 -0.198865 5.320182 0.6566205 1.033665 2.264564
1.660349 1.754529 1.623727 0.3353025 0.9278159 0.8716031
1.720675 1.477926 1.899288 0.2986516 0.7585653 0.8284447
2.388237 0.4742672 2.892494 0.5316642 0.8656521 1.171642
1.791189 1.552788 1.937216 0.3302665 0.8253095 0.9334289
1.873678 1.224037 2.15708 0.3789914 0.857802 1.032668
1.904341 1.477796 1.630898 0.3372583 0.7520077 0.6784457
2.360988 0.2566917 3.723835 0.499861 0.8272737 1.412174
1.810901 1.644859 1.623196 0.3508001 0.8616714 0.7953544
2.572285 0.0002737105 4.298395 0.6053336 0.9228992 1.686301
2.428451 0.07116693 3.447819 0.5837785 0.9203989 1.30906
1.933747 1.45645 1.752203 0.3404727 0.7521623 0.7376936
2.675144 -0.3649658 4.359186 0.7421314 1.078023 1.681928
1.861581 1.443103 2.123464 0.4087888 0.9836743 1.221085
1.810294 1.244688 2.491154 0.3341951 0.8003766 1.156668
1.831638 1.330655 2.607048 0.3655135 0.8954072 1.396049
1.881854 1.310245 2.258676 0.401657 0.9344826 1.216385
2.217539 0.5188777 3.381744 0.510406 0.9291005 1.566245
1.776676 1.593645 1.650639 0.3216496 0.795639 0.7451457
2.359303 0.3443032 3.573695 0.4906386 0.8150336 1.367243
2.629507 -0.1689037 5.008302 0.6697546 1.015521 2.089989
2.239203 0.6485524 2.704724 0.4571006 0.8012148 1.067419
1.720324 1.605307 2.381085 0.3348593 0.9149589 1.338286
1.752437 1.516319 2.05014 0.3738263 0.9640824 1.1608
1.571594 2.03516 1.429934 0.3442223 1.063003 0.8800759
2.278324 0.5078739 3.036616 0.4912111 0.8479572 1.240251
1.946134 1.091936 2.256201 0.3574126 0.7558392 0.9287406
2.113086 0.9298323 2.455217 0.4321485 0.8322066 1.080716
2.145769 0.608492 3.459496 0.4581612 0.8714264 1.561938
1.953397 1.232293 2.100669 0.389287 0.8419281 0.9827876
2.239004 0.5458119 3.170279 0.5254628 0.9429851 1.480528
1.89071 0.8615697 2.715678 0.3969121 0.8610384 1.244692
1.800801 1.44513 1.968871 0.3603029 0.8790342 0.9935152
1.981478 1.053732 2.636325 0.3579679 0.7576806 1.120535
3.095902 -1.4797 9.51385 1.322551 1.884608 4.624094
1.603905 1.960189 1.411016 0.2851319 0.83643 0.6789197
2.379615 0.4966319 3.077243 0.5276603 0.8744036 1.293836
1.888791 1.396099 1.922539 0.3800112 0.8704263 0.9459177
1.637103 1.983019 1.288413 0.3172067 0.9060109 0.6587745
2.691625 -0.1552943 4.365313 0.6964417 1.013835 1.760414
2.270157 0.266698 4.471705 0.5675265 1.026599 2.233456
1.515348 2.208907 1.318474 0.3346619 1.104173 0.8355745
2.163814 0.7177654 2.962059 0.444701 0.830176 1.272766
1.911673 1.139722 2.90923 0.4046703 0.9304585 1.588193
2.222061 0.5484533 3.37435 0.4560716 0.823011 1.398268
2.109416 1.015886 2.339581 0.431205 0.8397198 1.054624
2.713633 -0.3688342 5.192723 0.7506395 1.101483 2.156462
2.498896 0.02062829 4.598183 0.6583167 1.060677 2.146644
1.255869 3.022297 0.8932015 0.3649869 1.680391 0.7849125
1.956407 1.317554 1.96256 0.3531341 0.7635928 0.8374545
2.640247 0.08269165 3.564436 0.6634711 0.9737738 1.456971
1.786539 1.366953 2.461058 0.3484196 0.8720769 1.275734
1.975907 1.108262 2.406623 0.4134039 0.8830836 1.180835
2.388755 0.08900015 3.765702 0.5800393 0.9455294 1.520564
2.174264 0.6634816 3.475079 0.449059 0.8476653 1.554975
1.921631 1.378835 1.867391 0.3488342 0.7728628 0.8080484
2.910664 -0.2735612 3.978945 0.8247113 1.096132 1.593516
1.973943 1.089659 2.270621 0.3745698 0.7838051 0.9701142
1.958058 1.147121 2.133203 0.3334541 0.697507 0.8119436
2.321834 0.4552242 2.853878 0.4842555 0.8014554 1.058043
2.272679 0.2708841 3.681317 0.5482708 0.9564184 1.620935
2.354035 0.1249953 4.803391 0.6280609 1.094696 2.456379
2.206866 0.7521231 2.661842 0.4798147 0.8720317 1.182393
1.808918 1.198071 2.393566 0.3353964 0.7913439 1.078062
2.144234 0.7617862 2.961855 0.4354543 0.8260432 1.285458
1.390684 2.211033 1.560184 0.2797734 1.031042 0.955196
1.562477 1.930486 1.501336 0.2709862 0.8182059 0.7150014
2.165188 0.7859302 2.777461 0.4336523 0.808626 1.171151
2.016486 1.023036 2.613797 0.3867946 0.8023552 1.163498
1.796847 1.137175 2.611453 0.3787536 0.9092462 1.357557
2.084915 0.8112627 3.040153 0.429956 0.8530309 1.398491
2.736939 -0.1028885 3.590684 0.6924757 0.9628904 1.326232
1.960347 1.142353 2.089966 0.3779191 0.794686 0.8995123
2.002369 0.9867564 2.878845 0.3763337 0.7904863 1.276718
2.251734 0.5620368 3.417798 0.4725636 0.8465032 1.467396
2.339206 0.1587439 4.56917 0.5812309 1.009533 2.154857
1.563028 1.661518 2.171003 0.3055248 0.9224551 1.221592
2.684718 -0.06460991 3.831719 0.6820403 0.9812094 1.500742
1.740455 1.623152 1.758645 0.3162714 0.8125863 0.8254186
1.984917 1.333517 1.739852 0.3620815 0.7573798 0.7164928
1.777017 1.451139 1.941842 0.3437162 0.8467839 0.9418282
1.724862 1.62239 2.099299 0.383749 1.038981 1.310947
1.984992 1.133947 2.295753 0.3626414 0.7589936 0.9610619
2.695116 -0.4862662 5.851368 0.7757884 1.163133 2.509945
2.307712 0.2307515 4.173775 0.5166032 0.8948244 1.751157
2.072999 0.7891456 2.886944 0.4339038 0.8554039 1.303709
2.813231 -0.8779635 6.569224 0.8911817 1.293678 2.645608
2.412053 0.03887694 5.077513 0.5857034 0.9866488 2.283808
2.411711 0.2474897 3.397605 0.5420759 0.8699288 1.313654
1.755282 1.358942 2.634627 0.3448085 0.888787 1.413594
2.445825 0.3900581 2.790439 0.5155912 0.7985774 0.9937169
2.038356 0.6826166 3.678827 0.3897561 0.7895177 1.568658
2.400751 0.3049589 3.074163 0.5754416 0.9260658 1.262601
2.438529 0.5101536 2.494045 0.5432593 0.8486646 0.9625923
1.483629 2.416029 1.155126 0.4525006 1.582247 1.023182
2.542056 -0.09711714 3.76553 0.625872 0.9411244 1.381308
2.137105 0.7850102 2.350866 0.4006366 0.7299531 0.8559442
2.164635 0.6071999 2.884485 0.4696345 0.8598583 1.223683
1.887393 1.19864 2.32279 0.3960371 0.8984582 1.177841
1.99197 0.9714006 2.433206 0.3894873 0.7977495 1.03749
1.879372 1.341015 2.050427 0.3471098 0.7920778 0.920466
2.412426 0.4161628 3.151488 0.5306367 0.859099 1.266527
2.232673 0.4378604 3.68426 0.5136968 0.9301282 1.692046
1.917515 0.8219322 2.974047 0.367961 0.785765 1.254102
2.323415 0.5580733 2.886266 0.4901383 0.8267716 1.154525
1.842516 1.115685 2.543173 0.3698758 0.8561851 1.231855
1.798447 1.281563 2.205727 0.3530108 0.8464979 1.064313
2.751595 -0.1781476 3.710044 0.7412555 1.031494 1.429981
2.239367 0.5617007 3.293094 0.4917366 0.8838196 1.461339
1.940494 0.8965492 3.10648 0.3841133 0.831224 1.435358
2.328806 -0.02321626 4.267029 0.568785 0.9587102 1.717145
0.6625965 7.931499 0.187105 0.001522227 0.001528669 0.01530973
2.540398 -0.2697371 5.324235 0.708826 1.1246 2.394
1.998371 0.8608989 2.707103 0.4149423 0.8491279 1.22013
1.482539 2.405753 1.087515 0.2793083 0.9619408 0.5841883
1.842291 1.137896 2.788302 0.3226725 0.7530051 1.220511
2.240903 0.6096191 2.786137 0.4935804 0.869696 1.185706
1.877909 0.7897211 3.639843 0.4127452 0.9372358 1.90916
1.96717 0.9506259 3.226511 0.4144537 0.9051314 1.666684
2.541855 -0.000765306 4.297362 0.6755477 1.057732 1.942
2.60213 -0.04542778 3.547946 0.6646864 0.9769865 1.364528
1.647212 1.906088 1.772673 0.3027822 0.8873248 0.9436661
2.713178 -0.4534758 5.635293 0.7846008 1.164537 2.43167
2.897696 -0.3687926 4.254911 0.7740155 1.027979 1.544147
3.31191 -1.24688 6.74249 1.276629 1.610934 2.810896
1.628112 1.956771 1.517885 0.3253723 0.9580325 0.8489905
2.0108 1.037116 2.495138 0.4270477 0.8885974 1.217004
1.870033 1.155068 2.352737 0.3877844 0.8801104 1.158514
1.829323 1.135664 2.717678 0.4078711 0.97163 1.523995
3.021422 -0.7974249 6.08161 1.007057 1.358887 2.63642
1.730037 1.394786 2.238271 0.3000432 0.7613261 0.997474
2.014857 1.121263 2.284693 0.4161412 0.8654914 1.088555
2.128251 0.7199364 2.769605 0.436923 0.819958 1.155392
1.697412 1.683914 1.939827 0.3193307 0.8702162 1.004477
2.51067 0.2135295 3.491195 0.5729668 0.8847183 1.362903
2.152219 0.6206561 2.80641 0.4628469 0.8496706 1.173939
2.676591 -0.4209963 5.825762 0.8197721 1.251949 2.797523
2.635428 -0.04132288 3.964677 0.6395231 0.93939 1.517781
3.649938 -1.370905 6.35413 1.47381 1.687789 2.5438
3.013381 -0.7090169 5.090283 0.912729 1.194008 1.903026
3.365194 -1.225372 6.069157 1.271373 1.557679 2.395484
2.602188 -0.1419734 4.335574 0.6631659 0.9958868 1.72019
2.507635 -0.1074357 4.268485 0.6443103 1.006778 1.73787
2.630833 -0.4103629 4.87307 0.7525374 1.129998 1.993962
1.498776 2.142111 1.554188 0.3232641 1.088069 1.000377
3.167726 -0.9556536 5.088473 1.06656 1.338487 1.873187
2.367042 0.5104628 2.495483 0.4936173 0.7896204 0.8974713
2.632661 -0.3922899 6.072136 0.7599857 1.180737 2.811992
1.598818 1.801077 1.621783 0.3002281 0.8703142 0.822095
2.005313 1.104435 1.83965 0.3726071 0.7387625 0.7040024
2.288617 0.3912069 3.203844 0.4796702 0.8141257 1.214939
2.027802 1.048722 2.484555 0.4084105 0.8419102 1.15252
2.381622 0.3203862 3.176184 0.540285 0.8778675 1.255735
2.222495 0.3814412 3.575924 0.4770043 0.8504072 1.455486
1.539142 1.934579 1.476121 0.3413614 1.053137 0.8976392
2.863888 -0.4966975 4.730336 0.806892 1.100808 1.782919
1.653445 1.910321 1.369345 0.3124442 0.8746634 0.6801526
2.172965 0.855101 2.762215 0.4387529 0.8268505 1.218556
1.415536 2.707014 1.059082 0.3947279 1.535373 0.8924232
2.245682 0.6775613 2.707144 0.4240174 0.7382061 0.9940871
1.870841 1.388559 1.986148 0.3562896 0.8241197 0.9310326
1.906869 0.7769766 3.482049 0.4271231 0.9464609 1.81395
1.773854 1.50109 2.143406 0.3529861 0.9008043 1.144181
1.984905 0.9839663 2.662455 0.3791239 0.7941913 1.164405
1.823536 1.233299 2.303748 0.400057 0.9474895 1.239616
2.156797 0.4688309 3.923612 0.5257732 1.006042 2.010689
3.315595 -1.313779 7.074169 1.171121 1.467902 2.591493
2.532433 -0.3777428 5.753275 0.7016919 1.118757 2.489
1.691488 1.485744 2.042299 0.3465517 0.9172741 1.094133
2.308378 0.3842742 3.14698 0.4949402 0.8301682 1.204537
1.412249 2.600529 1.095083 0.299346 1.133477 0.6882182
1.965407 1.189303 2.157485 0.3763595 0.8035711 0.9605572
2.586421 -0.1250616 4.834147 0.6697557 1.0335 2.079124
2.802332 -0.3853404 4.730778 0.7694039 1.07534 1.840331
1.373162 2.743114 0.9850986 0.3301289 1.31653 0.7019768
1.446919 2.466266 1.176609 0.2873863 1.040792 0.6920894
2.037661 0.6798313 3.178501 0.3950902 0.7831322 1.295778
2.149367 0.4932204 3.356072 0.4409699 0.8147578 1.346597
2.028498 0.9159099 3.243368 0.4008673 0.8406122 1.544245
1.639646 1.779395 1.690419 0.3119315 0.8841267 0.8762985
2.260695 0.5841027 2.760873 0.486376 0.8422809 1.123343
2.758154 -0.4335523 4.746737 0.8060453 1.152504 1.947993
2.121526 0.6422468 3.213335 0.4242689 0.8072661 1.338462
1.851888 1.382194 2.226922 0.3542402 0.8428936 1.094303
2.27789 0.6092855 3.109334 0.5016973 0.8857004 1.387727
2.344591 0.371932 3.379267 0.5456043 0.9194424 1.458018
2.43648 0.2491748 3.275317 0.5440067 0.8587987 1.23906
3.001284 -0.6334747 4.144273 0.9111179 1.165823 1.471453
2.816825 -0.3332124 4.061707 0.7562519 1.029161 1.48209
1.999951 0.5672835 3.87489 0.4449101 0.9225529 1.880536
2.393005 0.4363133 2.866646 0.5184174 0.8332977 1.095956
1.822266 1.456765 1.928447 0.3370388 0.8075571 0.8918872
1.603445 1.837215 1.542203 0.2939682 0.848524 0.7568708
1.824633 1.163572 2.190632 0.3549536 0.8133453 0.982166
2.960202 -0.601064 5.121762 0.9240361 1.24207 2.125152
2.356476 0.5143795 2.738275 0.5037088 0.8256906 1.060031
2.748296 -0.5601765 5.894819 0.8837882 1.312463 2.773177
1.779777 1.442066 2.205801 0.3483879 0.8756037 1.137859
2.17709 0.5216338 3.348612 0.5035352 0.934111 1.559658
1.927897 1.343812 1.890331 0.3427411 0.7504606 0.7900486
1.822427 1.547404 1.71924 0.3305181 0.7937253 0.7753506
2.267546 0.4697558 3.072822 0.5155402 0.8944341 1.305962
2.500427 0.07576228 3.376085 0.6577392 1.013248 1.406003
1.670725 1.638176 1.656938 0.2865639 0.7644621 0.7284417
1.948237 1.027976 2.395222 0.3843341 0.8132272 1.055158
3.063201 -0.7583705 4.488519 0.9818453 1.249661 1.64622
2.875904 -0.5781057 4.534312 0.8946363 1.217381 1.79303
2.220478 0.592823 2.693805 0.4645149 0.814038 1.054929
1.505043 2.307803 1.464617 0.4128995 1.439952 1.237731
1.734559 1.420174 2.149446 0.3529871 0.9032477 1.13153
1.907413 1.153374 2.381573 0.3490672 0.7714086 1.032318
1.714898 1.531521 1.918 0.3385653 0.8817925 0.9816058
1.867099 1.341396 1.75762 0.3368243 0.7520697 0.7227967
1.907522 1.408117 1.884323 0.3568736 0.8037263 0.8533228
2.232682 0.5774315 3.11138 0.4894757 0.8766037 1.358093
1.789118 1.592951 1.808956 0.3454359 0.8661673 0.9075345
2.976385 -0.6624115 5.714451 0.9504924 1.290411 2.472286
2.063685 0.5018792 3.80277 0.4677147 0.9293047 1.806689
1.836474 1.525202 1.88551 0.3202811 0.7687812 0.8377235
2.546558 0.06064461 3.854852 0.6384929 0.9803024 1.604001
1.728954 1.436809 2.436016 0.3358337 0.8807056 1.289089
2.369882 0.3710066 3.545068 0.5488131 0.9215789 1.552834
1.795693 1.616048 1.697263 0.3425834 0.8492401 0.8249388
1.786947 1.453002 2.134936 0.3278855 0.8160132 1.022751
2.603564 -0.369941 4.969887 0.7996594 1.23055 2.288594
1.638783 1.909755 1.598447 0.3300765 0.9620599 0.9034182
3.060081 -0.6560622 5.221367 0.9277235 1.202873 2.04628
1.706212 1.853347 1.307994 0.3049389 0.8035199 0.586321
2.053166 0.6346497 3.400214 0.4658835 0.93427 1.659301
1.652388 1.879205 1.390524 0.2981714 0.8269795 0.6525475
3.111153 -1.086298 7.212051 1.098908 1.473388 3.060617
1.640422 1.812546 1.824379 0.2944804 0.8494106 0.9274242
4.369437 -2.269493 8.578149 2.433035 2.582188 3.611258
2.301375 0.3572757 3.804001 0.5542009 0.9724184 1.787554
2.040263 0.6237718 3.281422 0.4262871 0.8459798 1.426554
1.557733 1.842191 1.778245 0.2753749 0.8373096 0.8882192
2.309388 0.1251359 4.925461 0.5910513 1.050969 2.434987
1.951228 0.8910591 3.068011 0.4140354 0.8945033 1.520735
2.054312 0.9390081 2.398783 0.4151194 0.8201159 1.038436
2.126994 0.6539926 2.938845 0.4308635 0.8060602 1.193973
2.28906 0.5685938 2.929577 0.483631 0.8319533 1.189765
1.887321 1.128838 2.212301 0.3528232 0.7741836 0.9375924
1.721125 1.715408 1.501057 0.2946867 0.759016 0.6442766
1.960126 1.278681 1.980442 0.3612434 0.7734652 0.8481644
2.019164 0.9899832 2.496701 0.4088886 0.8366366 1.131674
1.860468 1.468205 1.891665 0.3547124 0.8341363 0.9020012
1.686339 1.479331 2.231861 0.3026389 0.8082842 1.075378
1.067232 3.930033 0.5507573 0.3685408 2.252766 0.548908
2.302966 0.164896 4.193928 0.5357281 0.9255539 1.769343
2.7068 -0.2077257 4.741909 0.7405554 1.087491 2.05176
1.876267 1.072703 2.720177 0.3721896 0.8449307 1.302089
2.559789 0.03594269 3.677952 0.6292705 0.9502747 1.44701
3.243251 -1.236898 7.303237 1.147691 1.477568 2.857581
1.652215 1.696954 2.002081 0.3302113 0.9386311 1.130507
1.926428 1.136596 2.353796 0.3639317 0.7936762 1.04136
1.713851 1.746487 1.54342 0.2918387 0.768892 0.68129
1.824797 1.617239 1.501688 0.3080674 0.7284619 0.6090478
1.86395 1.257693 2.418168 0.387129 0.9057838 1.264645
2.342349 0.3436715 3.500601 0.4966893 0.8299484 1.356405
2.375833 0.3979816 3.151424 0.5349484 0.8790592 1.28662
1.802604 1.557393 1.983978 0.3334965 0.8327264 0.970515
1.996551 1.354091 1.817494 0.3733133 0.7873815 0.7897101
1.731533 1.835412 1.424608 0.2734578 0.716723 0.5835692
1.888257 1.070292 2.801159 0.3490233 0.7851282 1.252065
2.151923 0.8299642 2.632414 0.462083 0.8717458 1.19798
1.51338 1.568564 2.222026 0.344822 1.060011 1.419794
2.941102 -0.4392691 4.160398 0.8427636 1.103954 1.556071
1.691577 1.480882 2.246304 0.2823195 0.7460533 0.9981206
2.062896 0.5971914 3.340524 0.4607664 0.9092603 1.555385
1.989297 1.092501 2.290074 0.3539624 0.7312118 0.9144895
1.742695 1.37253 2.242663 0.3135762 0.7888452 1.031851
2.03781 0.8829864 2.428049 0.3814448 0.7466677 0.9417518
1.9672 0.7182546 3.501741 0.4459237 0.9504093 1.80138
2.010891 0.7960413 3.494406 0.4392949 0.9247793 1.790731
1.774005 1.478275 2.032575 0.3505043 0.8800538 1.041932
2.505741 0.1169603 3.130691 0.5935739 0.8950136 1.145081
1.717071 1.649554 1.560426 0.3090764 0.7937231 0.6998796
1.890531 1.269135 2.336093 0.4137354 0.9552015 1.282699
2.140688 0.7373973 3.112819 0.4663038 0.8964093 1.476549
1.739322 1.790551 1.387499 0.294944 0.7583969 0.5924214
1.792881 1.199536 2.767719 0.4033955 0.9984374 1.628618
1.822769 1.497109 1.568209 0.3227094 0.7505742 0.6478891
1.782186 1.494548 1.933627 0.341609 0.8467321 0.9445259
1.970076 1.07854 2.373133 0.3530053 0.7398524 0.9643654
2.885868 -0.1146504 3.239826 0.7118955 0.9193716 1.097943
2.200598 0.6792672 2.815333 0.4506564 0.8135616 1.152284
1.475867 2.340125 1.131848 0.260555 0.8837531 0.560764
1.677022 1.751059 1.624165 0.3130979 0.8542276 0.8034356
2.314617 0.2953949 3.582914 0.5352546 0.9118877 1.507861
1.755891 1.494031 1.860804 0.3437081 0.86078 0.9165268
2.216693 0.669327 2.834144 0.4352528 0.7762982 1.10463
1.864347 1.040211 2.960903 0.3535376 0.8106241 1.375156
2.279597 0.6662941 2.644741 0.4899735 0.8468229 1.102942
2.352407 0.2128569 4.134426 0.5275868 0.8909484 1.701863
1.7213 1.504205 2.058583 0.3428097 0.8944413 1.080071
2.188944 0.6692385 2.851757 0.4335549 0.7845785 1.125165
2.401754 0.1266603 3.828042 0.5470604 0.8880758 1.486537
2.299436 0.4261255 3.51544 0.5554401 0.9720434 1.660304
2.208504 0.6135797 3.794339 0.5199824 0.9853942 1.991421
2.51362 0.2827684 3.235076 0.566412 0.869122 1.251173
1.851645 1.185502 2.557525 0.3926721 0.9215119 1.357281
1.788082 1.390561 2.111371 0.3420872 0.837814 1.021409
1.770207 1.529115 1.894606 0.335983 0.8432244 0.924362
2.942857 -0.4631678 4.521213 0.7915027 1.04048 1.615472
1.758085 1.707648 1.520101 0.3047363 0.7716496 0.6659477
2.233468 0.796953 2.412126 0.4465123 0.7892873 0.9600681
2.027038 0.8068043 3.172071 0.4360395 0.8981476 1.54953
3.507107 -1.493305 7.418166 1.43353 1.745803 3.025732
2.231949 0.3569221 4.71852 0.5111368 0.9515866 2.292977
1.729578 1.528558 1.978936 0.348887 0.9055308 1.0459
3.136973 -0.5098568 4.344098 0.9055178 1.11641 1.605333
2.216093 0.1980539 3.62679 0.5164396 0.9098406 1.463624
1.844244 1.419479 1.912496 0.3244677 0.7578692 0.8233879
2.271011 0.4588099 2.928929 0.4830033 0.8220823 1.121838
1.950061 0.9910013 2.288133 0.3821289 0.7952368 0.9644759
1.802617 1.285969 2.70802 0.4305571 1.079438 1.748265
1.921935 1.170514 2.491706 0.3777026 0.8427552 1.197037
1.90336 1.169206 2.096229 0.3479986 0.7555534 0.8652742
2.134367 0.9082421 2.460648 0.4121294 0.7793762 1.009361
1.726814 1.629083 1.642561 0.3377773 0.869479 0.8126234
2.277673 0.6742435 2.7755 0.4579679 0.7947787 1.103792
2.172845 0.5498115 3.511697 0.4696736 0.8760381 1.563008
2.051296 0.4325467 4.032315 0.4875978 0.9768044 1.988415
1.49787 2.571799 0.9383332 0.3311748 1.149237 0.5815681
1.36443 2.595165 1.095681 0.273961 1.073674 0.6540301
2.008704 0.9395352 2.721611 0.405913 0.837798 1.241594
2.507339 0.12968 4.236128 0.6040655 0.9595333 1.829372
2.004688 1.113057 2.321049 0.4088668 0.8547918 1.094109
1.589241 1.957387 1.332763 0.2880863 0.846355 0.6414593
2.503045 0.3724906 3.179993 0.558196 0.8693626 1.276797
1.689633 1.461121 2.112419 0.3290307 0.8676416 1.072358
1.51111 2.234857 1.298112 0.2650992 0.8768205 0.6555865
2.472969 0.07553906 3.770249 0.6379034 1.010433 1.621165
1.544978 2.125916 1.29201 0.3108337 0.9804668 0.7232574
1.932716 1.1079 2.090054 0.3747454 0.7937811 0.890245
1.398783 2.561805 1.097893 0.2633789 0.99812 0.6109841
1.520569 2.243436 1.158536 0.2558266 0.8231595 0.5365285
1.561203 2.038326 1.352254 0.3330141 1.023248 0.7911007
2.137546 0.6761972 3.037281 0.4697002 0.8910461 1.391365
2.091523 0.3780901 5.358592 0.5189877 1.062342 3.033332
2.16918 0.5851239 2.960312 0.447521 0.8151157 1.190377
3.013809 -0.4610943 4.24931 0.8177786 1.040798 1.490184
1.425797 2.343273 1.402561 0.3909887 1.442087 1.177561
1.424564 2.555938 0.8528497 0.2435491 0.8654369 0.3925896
1.523907 2.320601 1.139285 0.3271048 1.079179 0.6885658
2.371405 0.1935964 3.389857 0.521274 0.8416758 1.235737
2.306813 0.2985188 4.343742 0.5354653 0.9444937 1.998193
2.58845 -0.007344424 4.043116 0.6922943 1.053745 1.781437
1.654889 2.13888 1.173186 0.2677836 0.7719027 0.5095271
1.832008 1.438193 2.340303 0.3618295 0.8942283 1.251317
2.033364 1.169291 2.073718 0.3798579 0.7722096 0.8728448
2.523174 0.02751962 4.090636 0.622458 0.9686353 1.685553
1.876524 1.261509 2.313686 0.3611514 0.8311427 1.102503
2.079942 0.8124206 3.198172 0.4349657 0.872903 1.523285
1.970658 1.23578 2.075999 0.40485 0.8682608 0.9990383
1.893785 1.036606 2.741202 0.4023049 0.9054004 1.397938
3.347095 -1.228633 6.426947 1.294291 1.60717 2.659318
1.658281 1.837495 1.506832 0.3532604 0.9875289 0.8541263
2.788889 -0.3747161 5.238396 0.7926021 1.135718 2.241304
1.912133 1.125664 2.419153 0.3463667 0.7611575 1.032251
2.810023 -0.3330924 4.93601 0.788486 1.114267 2.081588
1.360935 3.15533 0.7027585 0.2628382 1.10383 0.3871729
2.188238 0.7538749 2.635955 0.4861844 0.8924861 1.198036
1.778891 1.586925 1.818544 0.3428571 0.8661775 0.9144472
1.744819 1.606343 1.800455 0.3690696 0.9564942 0.9984221
1.97828 1.182982 1.947893 0.3781004 0.78363 0.8202719
2.402554 0.2982866 3.96507 0.5432801 0.905371 1.708231
3.027337 -0.8020186 5.359173 0.9964893 1.318232 2.155871
1.769089 1.343742 2.704863 0.3905561 1.004624 1.641197
2.510717 -0.08231467 4.466544 0.6646502 1.050496 1.948815
2.155505 0.66016 2.645121 0.4480533 0.816363 1.062529
1.420081 2.271307 1.577532 0.3471959 1.2826 1.204029
3.048027 -0.4158666 3.529463 0.8291555 1.015624 1.157391
1.646326 2.008149 1.257285 0.2913973 0.8285211 0.5879961
1.913216 1.221225 2.076295 0.3649459 0.7989151 0.9159597
2.588644 -0.03541854 3.708514 0.6885191 1.030708 1.53562
1.937251 1.219047 2.06819 0.3757601 0.8113088 0.9236915
2.697191 0.05688534 3.338207 0.6686398 0.9449738 1.278127
2.060348 0.88925 2.821052 0.4214725 0.8474948 1.297004
2.67587 -0.4509361 5.425138 0.7555078 1.128696 2.244773
2.879825 -0.4335602 4.103157 0.7922348 1.052444 1.456291
1.270885 3.114801 0.7796012 0.53877 2.456384 0.9687671
2.092765 0.9017637 2.391467 0.4481597 0.8663272 1.079789
1.605967 2.145465 1.171381 0.3096529 0.9247932 0.6058877
2.455206 0.3001285 3.645806 0.5663373 0.9129191 1.547856
1.883629 0.9723055 3.074914 0.3873201 0.8789095 1.534752
2.57332 -0.1542119 4.275738 0.6639835 1.008028 1.706489
3.183745 -0.8732804 6.118702 1.050248 1.342461 2.518328
1.428404 2.44864 1.144262 0.304169 1.105349 0.709258
2.27204 0.5231179 3.260027 0.4535544 0.7890917 1.2688
1.439566 2.293754 1.334924 0.3219671 1.146992 0.8836674
1.602156 1.714899 1.734172 0.363553 1.047826 1.059091
1.952863 1.182731 2.207443 0.4038626 0.8726951 1.068339
1.648279 1.964462 1.425184 0.3234433 0.9280464 0.7604377
1.909961 0.9109151 2.890797 0.4056549 0.889974 1.413708
2.276219 0.4539813 4.350054 0.5436445 0.9973225 2.254264
1.843446 1.350536 2.185982 0.3675747 0.8721934 1.099879
1.911618 0.9865948 2.598372 0.4115914 0.8997845 1.279113
1.640441 1.861565 1.465657 0.2927835 0.821037 0.6893804
1.535384 2.094784 1.426774 0.2520699 0.7968793 0.6619749
2.760046 -0.1267041 3.524526 0.7228947 0.995264 1.321032
1.616414 1.75183 1.94804 0.2775641 0.8072488 0.9488511
2.800067 -0.4764759 4.383836 0.7861106 1.08504 1.605788
2.37505 0.4071187 3.343335 0.5183955 0.8596971 1.36387
1.311201 2.93597 0.8848288 0.2765823 1.184256 0.5508334
1.798523 1.30534 2.065017 0.3108721 0.7338897 0.8563183
1.636858 1.875395 1.727775 0.3089236 0.899432 0.9230186
2.943595 -0.5279148 5.258571 0.8451136 1.139031 2.088139
2.816448 -0.4046742 4.424288 0.8227926 1.141818 1.784694
1.714578 1.714136 1.510549 0.2998815 0.7772037 0.6645768
2.334657 0.4099564 3.66923 0.5249083 0.9025475 1.615247
2.100553 0.9480173 2.471534 0.4019924 0.7784841 1.026511
2.417114 -0.07759703 5.666266 0.6250503 1.061947 2.684242
2.686343 -0.3414127 5.192738 0.7379317 1.095714 2.177725
1.777161 1.262541 2.439484 0.3703806 0.9122162 1.290067
1.93733 1.051204 2.343666 0.3769372 0.8032303 1.022963
2.600574 0.1440342 3.625459 0.5765978 0.8538492 1.336836
2.141717 0.7129418 2.715306 0.3985043 0.7323999 1.005047
2.316002 0.5005031 3.201728 0.5287396 0.9096276 1.418625
2.0378 1.129604 2.477624 0.3883424 0.8065703 1.125012
2.383092 0.4348132 3.099689 0.5148717 0.8431074 1.229055
1.225449 3.386467 0.737261 0.3281078 1.630288 0.5909074
2.59655 -0.07296542 3.497912 0.6731235 0.9878608 1.334299
2.416334 0.1569081 3.472805 0.5258877 0.8325357 1.242253
2.460245 0.3290159 3.277775 0.5634692 0.8937097 1.338308
1.892536 1.292796 2.370175 0.3989549 0.9246385 1.269945
2.261095 0.5188998 3.466693 0.4519086 0.798044 1.384519
1.890503 1.026124 2.627501 0.4000901 0.8926581 1.302307
1.837149 1.462305 1.882091 0.3591945 0.8535341 0.9148523
1.977617 1.056665 2.179009 0.3877314 0.799005 0.9284458
3.159784 -0.7067856 5.030382 0.9359783 1.164379 1.832945
2.317971 0.3117115 3.385755 0.5091269 0.8549621 1.321451
1.810862 1.461027 1.69282 0.3554317 0.8405949 0.7900091
1.756192 1.666706 1.593885 0.3446483 0.8752165 0.7923317
0.625147 8.612946 0.1487969 0.01016628 0.01223468 0.01321531
1.975355 1.183834 2.260785 0.3763093 0.8038275 1.015799
1.858359 1.313637 2.139476 0.3287015 0.7570511 0.9222754
1.949422 1.134316 2.278023 0.3803526 0.8168804 1.028491
1.448634 2.438347 1.240637 0.3824973 1.39548 0.9858093
2.591526 -0.07444467 4.18905 0.6225284 0.9331934 1.592527
2.140289 0.9854713 1.987212 0.3946261 0.723939 0.7334418
2.210655 0.8822005 2.412412 0.4152316 0.7491 0.9377763
1.756268 1.818344 1.378374 0.3285102 0.8447334 0.6548491
1.722273 1.64442 1.856991 0.3261324 0.8652718 0.945484
1.741281 1.665382 1.656919 0.3042492 0.7810424 0.7439519
1.609195 2.179381 1.26881 0.3331239 1.019206 0.7364786
2.119106 0.5855093 3.188971 0.4867843 0.928446 1.49178
5.307251 -2.935878 6.390687 3.477098 3.166201 2.025262
2.346207 0.0722789 5.68625 0.6429455 1.150999 3.137212
1.619106 1.857356 1.508776 0.2781517 0.7966375 0.6962713
2.996292 -0.8353102 5.462867 0.9473558 1.261003 2.066761
2.204647 0.5966653 3.046825 0.4300091 0.7700156 1.168999
2.574551 -0.3840899 6.094759 0.7362744 1.170498 2.814234
2.289688 0.2267925 4.513491 0.5666258 1.011452 2.188487
1.779974 1.38429 1.687991 0.3135595 0.7339928 0.6765745
1.615424 2.243541 1.27577 0.2911617 0.9006739 0.6590978
1.801166 1.541031 1.666894 0.3954142 0.9608502 0.898377
1.611449 1.70958 1.84453 0.3241448 0.9339573 1.018985
2.760969 -0.2984336 4.292715 0.7483238 1.051905 1.662143
3.136006 -1.151898 7.030668 1.162422 1.550587 3.01674
1.719214 1.704748 1.726831 0.3159597 0.8380501 0.843493
1.416626 2.268309 1.471755 0.3141773 1.147504 0.9928282
2.00658 0.8197214 2.953467 0.4236507 0.8723917 1.383296
2.673717 0.3076675 2.838134 0.5821274 0.8198655 1.004565
1.608818 1.788479 1.880173 0.3143005 0.9267574 1.044978
3.061768 -0.6530471 5.171761 0.984354 1.285572 2.180856
1.840599 1.330369 1.725846 0.3075523 0.6876376 0.6447538
1.812284 1.652014 1.671894 0.3234642 0.7971999 0.7657156
1.43406 2.460028 1.252384 0.2459402 0.8996456 0.6450232
1.9828 1.115933 2.396578 0.3796707 0.8042871 1.073374
2.644168 -0.1064289 4.515032 0.6985127 1.046887 1.94503
2.964515 -0.6692213 5.035705 0.9096125 1.213119 1.956352
2.027682 0.9464785 2.437991 0.3933637 0.7876701 1.019645
2.223153 0.3707868 3.880077 0.5448391 0.9958444 1.887385
2.481695 0.07947573 3.614441 0.6113712 0.9530584 1.445389
1.981839 1.35464 1.753679 0.3576191 0.7523108 0.7213393
2.015878 1.086937 2.497859 0.3957751 0.8260374 1.149639
1.949029 0.9244871 2.781857 0.4245058 0.9106293 1.384048
1.680563 1.72487 1.837079 0.3422966 0.9514132 1.036752
1.911844 0.8595491 2.771946 0.4295908 0.9296779 1.37898
3.12129 -0.9876451 6.436785 1.136382 1.504675 2.851234
2.043254 1.174396 1.947667 0.3631188 0.7222977 0.7542094
1.93606 0.9982707 2.574515 0.4082915 0.8804229 1.240988
1.851697 1.212344 2.337417 0.38961 0.9050172 1.200083
2.837346 -0.1342263 4.145028 0.7527816 1.035415 1.696847
2.346085 0.1627846 4.523065 0.6344415 1.105905 2.338745
1.727024 1.68985 1.66326 0.3104319 0.8093789 0.7761287
1.925997 1.502833 1.721328 0.3521799 0.7917011 0.7678406
2.54699 0.06685702 3.843156 0.6590782 1.016121 1.664712
2.95244 -0.7043646 5.256771 0.9090377 1.223491 2.04958
2.575167 0.0910832 3.650847 0.6019067 0.9017069 1.392257
2.031961 0.9539616 2.94827 0.4218884 0.8785704 1.448515
2.927276 -0.5059714 5.360632 0.8478143 1.155563 2.19895
2.666981 -0.388034 5.119744 0.7086413 1.050321 1.998474
2.345882 0.7422793 2.635766 0.4628878 0.7811624 1.04131
2.505301 0.02100636 3.900936 0.6248111 0.9723125 1.585273
2.464781 -0.1946704 5.514851 0.6597713 1.086075 2.505928
2.257601 0.4693261 3.182849 0.4894985 0.8537501 1.302714
1.706601 1.68568 1.678261 0.3071949 0.8110915 0.7859158
2.601765 0.06016655 3.692674 0.5969837 0.8805772 1.355917
2.281307 0.5137992 2.956858 0.492054 0.8443924 1.193978
2.163442 0.4773422 2.965281 0.472675 0.8517795 1.191112
1.834819 1.300712 2.509143 0.4080997 0.9918126 1.466845
1.46742 2.062343 1.407041 0.2524668 0.8320321 0.6799889
2.552572 0.3258333 3.136833 0.5881394 0.8919694 1.258737
1.67793 1.630296 1.943736 0.3397256 0.9304438 1.070117
2.077523 0.766825 2.773221 0.3904112 0.7511785 1.079099
2.014284 0.9292414 2.446836 0.4244518 0.8597586 1.113001
2.237899 0.4749923 3.1157 0.4831207 0.8472734 1.261012
2.553372 -0.1426374 4.364647 0.6721322 1.03396 1.804542
1.89805 1.236324 2.36968 0.3910121 0.8930273 1.213537
2.641059 -0.06036848 3.743808 0.6856357 1.001576 1.489246
2.578952 -0.2269267 5.508262 0.7040514 1.106493 2.508845
2.626181 -0.08951858 3.844665 0.6637916 0.9744131 1.480494
1.908482 1.548634 1.769845 0.3508265 0.8098089 0.819985
2.493682 -0.1822981 5.495924 0.6577153 1.06884 2.466702
1.718269 1.702472 1.740063 0.2968844 0.7845828 0.7966982
2.767629 -0.5001076 5.565108 0.8142114 1.18201 2.373437
2.627891 -0.235491 5.279268 0.6803896 1.036684 2.213134
1.680561 1.854436 1.480214 0.3458035 0.9550517 0.8108826
1.384442 2.832866 0.9136901 0.3036496 1.217166 0.5937956
1.997087 0.8862459 2.830235 0.3842742 0.7918543 1.213739
2.084786 0.9427924 2.737283 0.4145263 0.8260673 1.237002
