1.444394 3.866386 1.028692 0.5671744 2.690869 1.339689
1.091858 5.973412 0.3831954 0.4255993 3.324113 0.4242566
2.01368 2.1334 2.30262 0.4616754 1.221119 1.781736
1.300084 4.524292 0.7147422 0.5005414 2.827637 0.859021
1.866915 2.596924 1.722924 0.4074927 1.239804 1.276825
1.705448 2.636114 2.028674 0.5396099 1.858527 2.29859
2.167224 1.457928 3.781802 0.4255795 0.9570155 2.386302
1.0661 6.441945 0.3654617 0.3498365 2.942832 0.3385676
2.752405 0.5848976 5.671745 0.7153277 1.160671 3.836788
2.313085 1.19372 4.499027 0.5902296 1.225412 3.600556
2.679755 1.060875 3.3245 0.5885509 0.9726849 1.917376
1.746945 2.521935 1.878281 0.3472281 1.117835 1.276818
2.095367 1.696711 3.319686 0.5116367 1.242702 2.728068
2.033887 1.944244 2.805479 0.5266749 1.363503 2.497069
2.530345 0.8282208 6.796361 0.7349168 1.393385 6.196516
2.198766 1.513756 3.662783 0.5191309 1.171077 2.835112
2.048379 1.883907 3.021488 0.5867463 1.508177 3.006706
2.361579 1.109774 4.90171 0.5914225 1.197064 3.832827
1.951186 1.667693 3.954804 0.4503838 1.191744 3.205932
1.927251 2.230909 2.204549 0.4419406 1.243021 1.726534
3.164159 -0.1708747 8.215172 0.9021328 1.234915 4.807919
1.061025 6.606639 0.3078352 0.4677518 4.001998 0.3741478
2.026121 1.681252 4.522978 0.490398 1.277689 4.029787
2.409723 0.8970962 5.094516 0.6156518 1.182769 3.770834
1.83866 2.410423 1.805435 0.3766054 1.123861 1.235011
2.334772 1.245329 4.258951 0.6065166 1.251706 3.480358
2.289461 1.318774 3.630336 0.4808632 0.9906628 2.296431
2.543046 0.7963623 5.286674 0.5701236 1.014211 3.273715
1.228244 4.822922 0.7615781 0.3692892 2.297701 0.7193755
2.737337 0.6891336 5.199505 0.5974887 0.964248 2.947232
2.032094 1.576032 4.36124 0.4013143 1.003988 2.998596
2.685758 0.4080881 7.740005 0.6952578 1.176332 5.353279
1.710097 2.761873 1.769225 0.3753892 1.291741 1.353495
2.243072 1.686203 2.711461 0.4843695 1.061136 1.832247
1.168189 5.38258 0.4510047 0.5256264 3.606719 0.5906072
1.921042 2.014723 2.880639 0.410309 1.137041 2.150691
2.092278 1.851945 2.327005 0.529421 1.273155 1.862854
1.867713 2.532319 1.799599 0.3496719 1.047023 1.137975
1.466029 3.850643 0.8924573 0.2450971 1.11236 0.4759675
1.536008 3.447712 1.188614 0.5261753 2.215001 1.368293
2.042227 1.920699 2.25565 0.4299762 1.06478 1.509654
1.826847 2.330329 2.361665 0.4164821 1.271755 1.907987
1.957262 1.914237 2.836006 0.4175905 1.110291 2.057704
2.911031 0.04186807 8.688574 0.8134451 1.243151 5.694339
0.9542224 7.050884 0.3071777 0.4583693 4.573251 0.4060811
1.450852 3.720789 1.027808 0.4042257 1.852981 0.9376839
1.612204 3.21407 1.168392 0.4019505 1.542515 0.9646455
1.868131 2.320427 2.187343 0.4920494 1.460892 2.007874
2.184268 1.378277 4.721804 0.5384316 1.234227 3.967421
2.50138 0.9612226 5.029063 0.5882231 1.093306 3.484175
2.027596 1.586349 4.300947 0.5391079 1.374124 4.057273
2.723074 0.711059 4.85616 0.6466617 1.050419 2.98241
2.230169 0.9796124 6.285562 0.5491954 1.188436 4.979911
1.814848 2.835642 1.373961 0.4839105 1.558747 1.215211
2.202452 1.394007 4.501381 0.4789823 1.075933 3.26332
2.012777 1.803335 3.377708 0.4981241 1.292937 2.92208
2.4374 1.06058 4.595168 0.5199944 0.9917627 2.90289
1.833983 2.584674 1.644336 0.4174195 1.282963 1.25157
2.274122 1.484341 3.351418 0.4890301 1.042091 2.260215
1.470334 3.857716 0.8397054 0.4902252 2.236043 0.8860742
2.07096 1.810378 2.69225 0.5573672 1.37233 2.380068
1.74931 2.596662 1.866128 0.5605683 1.852119 2.088014
3.381422 -0.6016354 12.61711 1.162359 1.554377 8.59597
2.042767 1.627853 3.379104 0.4246075 1.038 2.312691
2.076515 2.062904 1.929061 0.4805 1.186188 1.405434
2.740491 0.5529156 5.429751 0.6588791 1.055327 3.263914
2.430148 1.047043 5.34992 0.570828 1.117712 3.910601
1.960002 1.881946 3.276315 0.4175862 1.119251 2.447149
1.196383 5.160259 0.5746981 0.3645753 2.396708 0.5269427
1.947302 2.318058 1.93262 0.3526803 0.9715359 1.154172
1.974261 1.9995 2.930676 0.5401728 1.466508 2.827753
2.610009 0.7048425 5.528924 0.6583056 1.142325 3.804831
1.968304 1.808745 3.630398 0.4561327 1.22071 3.004254
2.009726 1.964746 2.775752 0.5891657 1.554722 2.816197
1.922382 2.550399 1.781078 0.5326388 1.57356 1.686184
2.264681 1.105667 5.267165 0.5453291 1.159251 4.040125
2.123791 1.663087 3.200214 0.3630337 0.8410755 1.758653
1.89681 2.29863 2.087837 0.4909493 1.418419 1.845898
1.655504 3.158379 1.197004 0.5800144 2.156607 1.390535
2.450979 1.180748 4.149793 0.5946225 1.146439 3.049735
1.657911 3.100028 1.348447 0.4749932 1.7605 1.308759
2.628006 0.1779208 11.17017 0.7957296 1.421723 9.394093
1.512152 3.589107 0.8998388 0.4411362 1.88009 0.8337225
1.821056 2.626018 1.686008 0.4151072 1.300813 1.303667
3.209066 -0.3823817 12.07154 1.01503 1.431644 8.269222
1.199167 5.426888 0.4403939 0.2007124 1.32384 0.2122036
2.170657 1.509659 4.066965 0.5097794 1.180493 3.234563
1.19072 5.534308 0.4307118 0.3970545 2.706148 0.4131951
2.483992 0.4677491 8.464437 0.6642731 1.245258 6.472205
2.019808 2.120279 2.101224 0.5224695 1.365891 1.793933
1.27754 4.614932 0.6757779 0.4552221 2.639464 0.7447744
2.56539 0.6445664 6.5908 0.5953551 1.058623 4.26853
2.988153 0.216693 7.828795 0.7855913 1.169144 5.031619
0.7856609 9.399802 0.1554303 0.01432082 0.03244693 0.01477526
1.484442 3.835889 1.016181 0.2827513 1.281632 0.6338197
1.703501 2.903669 1.499533 0.4306127 1.507705 1.289912
2.229192 1.293803 3.972834 0.5249753 1.12836 2.90735
1.907549 2.226705 2.19757 0.4725534 1.34319 1.85714
1.401853 4.446408 0.6143828 0.4845737 2.485201 0.6449525
1.39964 4.114169 0.7560864 0.4513431 2.233799 0.7619001
3.566374 -0.3331567 7.70396 1.071169 1.280398 4.277023
1.608579 2.882637 1.635973 0.4228398 1.574387 1.488235
1.835851 2.646965 1.586224 0.4361816 1.353069 1.261491
1.682739 2.805539 1.686075 0.2826912 0.9839398 0.976061
2.095822 1.586626 3.089318 0.4267658 0.9949504 1.985472
1.094781 5.810265 0.4524024 0.3178694 2.435969 0.3796361
1.6752 2.827757 1.444827 0.3574399 1.241671 1.024932
2.009332 2.049429 2.193249 0.4587619 1.188765 1.639741
1.639424 3.175652 1.230313 0.4269019 1.605672 1.067259
1.617122 3.035111 1.459114 0.4079757 1.535669 1.25497
1.832183 2.517969 1.733124 0.6215294 1.915259 1.992551
2.523634 0.8824599 5.194955 0.5848213 1.065439 3.455184
3.631757 -0.7593282 14.55276 1.302268 1.644589 10.12854
2.21567 1.511216 3.668221 0.5562948 1.248411 3.027811
2.565173 0.6436039 6.867011 0.5577382 0.9916229 4.192739
1.932856 2.333236 2.018459 0.376848 1.060113 1.324875
3.068817 0.1445837 6.378463 0.8123909 1.135002 3.678559
2.418702 1.142079 3.921278 0.5965002 1.147976 2.828693
1.730975 2.792639 1.601733 0.5051863 1.722304 1.605714
1.298638 4.415312 0.6809372 0.5487627 3.050985 0.8913718
1.139329 5.501103 0.5205518 0.3202872 2.286383 0.4312584
2.24257 1.131629 4.151563 0.4753514 0.9834702 2.586212
1.747034 2.572331 1.800624 0.4818237 1.572285 1.701273
1.700535 2.805991 1.488452 0.4398503 1.512888 1.294492
1.980624 2.068773 2.068364 0.4422385 1.15389 1.482592
2.539864 0.8121425 5.466143 0.5576594 0.9987066 3.367913
2.607882 0.6408374 6.537245 0.6537857 1.149231 4.596612
2.303676 1.409796 3.755527 0.4780694 1.003241 2.46219
2.998393 -0.08422822 11.35639 0.9568154 1.469054 8.965391
1.546557 3.339102 1.241654 0.4547887 1.869992 1.230336
1.427546 4.015804 0.8943281 0.378167 1.822683 0.7590282
1.919836 2.285103 2.044363 0.5327991 1.517272 1.929527
2.961386 0.234041 6.236241 0.7768091 1.133093 3.707118
1.89609 2.455902 1.571529 0.4969374 1.433098 1.333255
2.148287 1.840992 2.950378 0.489677 1.174061 2.265373
1.948659 2.169828 2.188145 0.5021381 1.38087 1.900145
1.298123 4.72857 0.5991757 0.3988247 2.284856 0.5550845
2.404421 1.023164 5.16936 0.5524891 1.081482 3.607136
1.4178 3.527364 1.511402 0.4263051 2.002345 1.602256
1.753667 2.547396 1.811163 0.3971113 1.285606 1.409736
1.221329 5.125359 0.5349681 0.570168 3.659717 0.7474937
2.013734 2.222473 1.745448 0.4599278 1.196528 1.263277
1.780444 2.618536 1.827582 0.3754756 1.209402 1.33083
2.003377 1.966625 2.425632 0.549651 1.426649 2.204652
2.554641 1.152871 3.438848 0.5329659 0.9435375 1.982811
2.24716 1.382393 3.533181 0.4910001 1.044094 2.372791
2.49339 0.9437243 4.778767 0.5803154 1.069198 3.185825
1.371537 4.518928 0.6396363 0.498235 2.643482 0.7101789
3.323804 -0.5957936 11.38203 1.110799 1.490089 7.253252
1.711769 2.794901 1.438499 0.452738 1.540542 1.269971
1.512165 3.348717 1.27205 0.4436304 1.872787 1.264916
2.330956 1.492256 3.0333 0.5275253 1.087408 2.099376
2.039269 1.818635 2.784523 0.4758105 1.190629 2.147954
2.351802 1.205515 3.470422 0.5614693 1.101816 2.36997
1.260234 4.692378 0.6206579 0.5120068 3.02909 0.7702015
2.404194 0.943131 6.025995 0.5654692 1.117709 4.409067
1.429657 3.748976 0.9973584 0.3809047 1.77139 0.8623594
2.595373 0.5390475 6.61068 0.5856279 1.01257 3.968619
1.949423 2.272883 1.981992 0.5511256 1.533564 1.878752
1.748252 2.935348 1.275223 0.6593784 2.23992 1.58683
2.493475 1.085878 4.549043 0.6714072 1.271749 3.703581
2.303266 1.332728 3.409249 0.5465531 1.120752 2.418814
1.405799 3.9689 0.8387339 0.5085095 2.474181 0.9660702
1.966389 2.018171 2.836207 0.642269 1.763294 3.284552
2.163704 1.437923 3.81461 0.4787012 1.082737 2.721604
1.833079 2.269982 2.257678 0.5062704 1.52094 2.168297
1.628455 3.218389 1.22726 0.4154535 1.583059 1.043606
1.527682 3.456006 1.045431 0.3564928 1.48734 0.7963701
1.755748 2.837903 1.52909 0.5594736 1.890826 1.664993
1.952467 1.991311 2.60865 0.6619928 1.800193 3.036086
2.053105 1.919955 2.409992 0.4331901 1.074337 1.643496
2.377728 1.104399 5.101734 0.6123439 1.238745 4.159133
1.346224 4.189532 0.7961721 0.3128426 1.623952 0.5809645
2.12474 1.908806 2.544722 0.4787565 1.15867 1.892291
1.529261 3.389629 1.322457 0.4476164 1.889389 1.327541
0.9343499 7.519489 0.2493146 0.03107221 0.2243095 0.02976249
1.198825 5.140644 0.6159428 0.330079 2.163771 0.5145871
3.456408 -0.293469 8.460758 1.095219 1.377716 5.292862
2.523298 0.6819347 7.434285 0.6790831 1.270405 6.027582
1.380504 4.317552 0.7475887 0.4363549 2.250702 0.7370936
1.225296 4.941825 0.6138996 0.4571001 2.871299 0.6983034
1.675588 3.260965 1.044001 0.5137316 1.894216 1.034113
1.937949 2.24521 1.893941 0.4714124 1.300538 1.513509
2.476206 0.8898443 4.545918 0.5485948 0.9967412 2.751503
2.060369 1.827328 2.824627 0.5126265 1.275121 2.336777
1.910787 2.447912 1.935264 0.4448288 1.299921 1.540865
1.587747 3.071799 1.394819 0.3717391 1.428436 1.106754
1.867807 2.306796 2.138737 0.7197798 2.138546 2.862118
1.824329 2.764294 1.401605 0.3426637 1.07643 0.8670536
2.315554 1.109696 5.501992 0.590035 1.240289 4.568896
2.377105 1.234172 3.958333 0.5463965 1.087068 2.760249
2.666012 0.6728708 5.561175 0.6208533 1.043672 3.460528
1.755127 2.475223 2.448238 0.4872544 1.606327 2.48933
1.694761 3.094386 1.249149 0.5602352 2.021408 1.379693
1.878424 2.285542 2.051967 0.4857935 1.410779 1.800554
2.36534 1.115439 4.645274 0.6035826 1.21166 3.636946
1.699096 2.731151 1.669588 0.3326561 1.135517 1.118647
1.884521 2.414738 1.885247 0.5017025 1.476536 1.699061
1.076274 5.796599 0.5548961 0.2800475 2.195395 0.4284765
4.334442 -1.876126 19.28099 2.180821 2.446677 12.51204
3.178074 -0.3767826 10.78423 0.9898373 1.38779 6.958157
3.640124 -0.6669467 9.54917 1.237749 1.480321 5.564198
1.632586 3.069931 1.198506 0.5972133 2.214245 1.442219
2.031162 1.85106 2.672672 0.4782778 1.204683 2.076443
1.832434 2.61101 1.373347 0.5325327 1.624664 1.286067
1.902011 2.015538 2.591941 0.3831031 1.05306 1.757196
1.988372 2.180065 1.920861 0.4983998 1.3207 1.558782
1.178767 5.036616 0.5829462 0.4221364 2.778963 0.6303163
1.895464 2.221691 3.009688 0.5336262 1.587109 3.157555
1.972679 2.172113 2.007941 0.6726392 1.818735 2.262941
1.549387 3.567593 0.9602208 0.3607009 1.492769 0.7130892
0.9153632 7.415124 0.3089772 0.3504878 3.780625 0.3257942
1.650974 2.93012 1.515529 0.4785778 1.745919 1.508608
2.141574 1.684007 3.081454 0.496145 1.161779 2.333138
1.780437 2.502574 1.981241 0.3875856 1.232524 1.499878
1.673685 3.086535 1.255112 0.4633783 1.685849 1.157897
1.579057 3.41822 1.132233 0.5583405 2.264123 1.327891
1.950898 2.040056 2.640986 0.4004469 1.085073 1.855888
2.359998 1.165776 3.826084 0.5281983 1.036881 2.490282
2.563345 0.8798829 4.774473 0.6235726 1.107596 3.240955
1.930088 2.080986 2.46609 0.4702484 1.29965 2.057371
3.794665 -1.155678 16.92565 1.517435 1.863995 11.4809
2.023754 1.997861 2.216442 0.4671029 1.191446 1.662774
1.287554 4.864717 0.5285373 0.5908139 3.470972 0.7228097
2.397522 1.131207 4.022191 0.5071381 0.9761803 2.468389
2.173849 1.534875 3.550942 0.4635942 1.051817 2.457515
1.762142 2.500232 2.045686 0.4686829 1.51622 1.910056
2.218614 1.596198 2.806103 0.5067385 1.109444 1.976967
1.440024 4.02446 0.7346429 0.5924001 2.815568 0.941923
2.462362 1.000595 4.262078 0.5803467 1.077075 2.834748
2.581509 0.3977025 9.382896 0.6193739 1.11127 6.363459
2.292884 1.254634 4.15409 0.5631776 1.177775 3.180456
2.040429 1.73179 3.387442 0.4127338 1.030965 2.323381
2.082344 1.696661 3.205215 0.6067568 1.487262 3.14019
2.085383 1.748155 3.189795 0.4890332 1.200151 2.52826
1.291261 4.435287 0.6133486 0.4997415 2.777304 0.7201216
1.475431 3.895373 0.9215931 0.4068784 1.868544 0.8177018
2.093707 1.573212 3.802359 0.532467 1.287976 3.284446
2.324758 1.333104 3.708714 0.5027858 1.030219 2.462335
1.85605 2.773295 1.561758 0.4366533 1.369765 1.241167
1.091177 5.926415 0.4214738 0.3484601 2.713887 0.3864693
2.071261 1.690993 3.141271 0.3852925 0.9261245 1.903545
1.92068 1.967779 2.558158 0.419493 1.136638 1.871867
2.223385 1.53208 3.252302 0.4823525 1.057542 2.225825
1.977824 1.976488 2.684522 0.4254654 1.129512 1.971384
2.059465 1.799866 2.797206 0.3985238 0.9763188 1.770345
2.481828 1.496817 2.331009 0.5092861 0.9410079 1.320619
1.966041 2.196979 2.064598 0.5026932 1.369097 1.761732
1.883876 2.184785 2.273315 0.4406082 1.259188 1.810904
1.872169 2.243009 2.070491 0.4742607 1.371547 1.771643
1.250954 5.224833 0.5119759 0.4176321 2.632094 0.505197
2.037491 2.075075 2.132707 0.4811045 1.232504 1.645152
0.8305884 8.90269 0.1847485 0.01996842 0.1049513 0.01947499
2.173599 1.565143 3.507477 0.4868683 1.114368 2.579967
1.724902 2.78047 1.688799 0.4146295 1.412092 1.396507
2.598038 0.8298365 4.885336 0.6537872 1.142333 3.392178
1.008303 6.277922 0.4041109 0.4161764 3.653843 0.4770877
1.843163 2.513988 1.909254 0.4437587 1.367173 1.5951
2.314359 1.367604 3.74074 0.5058064 1.050105 2.549671
1.910868 2.27529 1.821285 0.4581107 1.283878 1.427531
1.925788 2.285574 1.76782 0.435289 1.204891 1.292797
1.930851 2.025145 2.618699 0.5383639 1.483626 2.51218
1.770348 2.683554 1.5816 0.5725521 1.871296 1.736547
2.132284 1.61035 2.772593 0.4633026 1.055386 1.858798
2.039649 1.791742 2.824352 0.5045914 1.259096 2.303863
3.001915 0.3213954 7.115351 0.7792495 1.154218 4.601528
2.529167 0.774245 5.937481 0.5865065 1.066546 3.948071
3.489558 -0.4599023 8.847549 1.134229 1.409588 5.30348
1.962255 2.125367 2.07311 0.4374657 1.170396 1.513012
1.987058 2.090496 2.119104 0.4292089 1.124812 1.488794
2.814005 0.1840623 8.040862 0.8323546 1.328645 5.868711
1.743457 2.610261 1.976904 0.4891573 1.63134 1.962512
2.151897 1.311657 5.442844 0.5461229 1.279285 4.816663
1.545458 3.479918 1.015168 0.4325959 1.790297 0.922721
1.574892 3.634958 0.8973062 0.432811 1.781805 0.7829313
2.8905 0.4214068 5.33106 0.6714772 0.9946749 2.868263
2.095988 1.735415 2.960535 0.3104588 0.726538 1.401612
2.552191 0.8053581 5.390244 0.5817253 1.03819 3.448107
2.086937 1.593462 3.211049 0.4982568 1.182135 2.46903
2.455309 1.066143 4.714543 0.5747908 1.101193 3.334952
2.051698 2.042754 1.954655 0.4324021 1.073825 1.292113
1.274264 4.671462 0.6651576 0.3778094 2.200833 0.604545
1.734312 2.893689 1.664923 0.6021371 2.101367 2.026883
2.343295 1.175398 5.045468 0.5111894 1.050613 3.518204
1.509394 3.557684 1.166751 0.468887 2.040532 1.217876
2.392699 1.215973 3.683572 0.5843882 1.141881 2.648238
2.891697 0.2374372 7.209063 0.7817603 1.195682 4.69511
1.800698 2.729426 1.714846 0.4393643 1.430346 1.453235
2.234265 1.413634 4.06898 0.6077118 1.350152 3.660564
1.508919 3.745005 0.8926478 0.4955271 2.179749 0.9408592
1.32105 4.585275 0.6704681 0.4711297 2.627221 0.7371776
2.199613 1.40392 4.027525 0.4482893 0.9936893 2.652388
0.7600515 9.555036 0.159035 0.001683657 0.001691995 0.01302145
2.294587 1.486277 2.961231 0.4596308 0.9474112 1.767131
2.077426 1.849924 2.714279 0.429489 1.054527 1.852459
2.243489 1.360858 4.424693 0.4559225 0.9924652 2.934832
3.812224 -0.8503487 10.66764 1.395207 1.61598 6.408397
1.932879 2.058498 2.979063 0.4083686 1.141063 2.248995
3.319623 -0.5002238 12.00108 1.106368 1.502552 8.17767
2.257767 1.304723 4.020055 0.5268979 1.121887 2.937351
2.140302 1.661662 3.246499 0.5655944 1.336094 2.851593
2.10971 1.650213 3.454357 0.4483365 1.070834 2.454816
1.681692 3.130504 1.21373 0.9221242 3.374668 2.216519
2.500389 0.864039 5.088398 0.5683062 1.035658 3.251496
1.448978 4.02297 0.8252279 0.4757653 2.260931 0.8613475
3.479311 -1.04269 19.83083 1.335264 1.816371 14.41633
2.561035 0.9607882 4.602177 0.6168332 1.106654 3.165356
2.146421 1.849409 2.73362 0.4443032 1.055514 1.867458
1.737628 2.684029 1.806448 0.4868419 1.635821 1.7638
1.583275 3.431645 0.9922926 0.636619 2.558021 1.292375
2.831364 0.2563398 7.735709 0.7151818 1.121787 4.813519
1.697743 3.186121 1.198099 0.6072448 2.21112 1.421392
1.925592 1.981247 2.510515 0.4339975 1.17131 1.882237
1.461964 4.196027 0.713073 0.4776627 2.280716 0.720707
0.8769521 7.45464 0.3456432 0.2724852 3.085185 0.29931
1.925641 1.787975 4.043026 0.4774992 1.321073 3.682291
2.044712 1.544475 4.664113 0.5532745 1.401562 4.531444
1.653278 3.289993 0.9873458 0.3547529 1.315547 0.6728185
1.961255 2.339766 1.651923 0.3831644 1.04628 1.042535
2.159386 1.583159 3.293087 0.4903455 1.12267 2.411527
1.870873 2.437739 1.938699 0.404195 1.201317 1.42803
2.849922 0.2446727 6.241799 0.7552576 1.146748 3.771137
1.994732 1.672986 3.603638 0.4928337 1.265767 3.055783
2.076875 1.581919 3.026842 0.4258792 0.9979797 1.941961
1.981634 2.028155 2.402654 0.5291244 1.404188 2.149642
2.857975 0.3710113 6.156426 0.7154531 1.092985 3.699446
1.054653 6.155906 0.4098477 0.4256437 3.528968 0.4748916
2.221425 1.652023 3.136896 0.570081 1.288014 2.637995
1.297884 4.431849 0.7362243 0.4016472 2.238585 0.7104638
2.87829 0.2339378 6.852804 0.8118422 1.241455 4.574293
0.9080669 8.154399 0.1838086 0.003623293 0.003673917 0.01511009
3.00808 0.1277527 7.236073 0.8488994 1.237197 4.67893
1.743889 2.706003 1.667346 0.3209834 1.059222 1.044326
1.259897 5.198485 0.4600019 0.4097749 2.537812 0.4339115
1.117203 5.867364 0.3894964 0.3602738 2.708849 0.3559544
1.835999 2.545897 1.618737 0.4005749 1.218098 1.171481
2.536057 1.047768 3.824098 0.576601 1.029473 2.402529
2.526968 1.140142 3.239894 0.5882873 1.047931 2.043345
1.335658 4.478489 0.6845209 0.5558395 3.032423 0.8839003
2.063066 1.797715 2.936437 0.3983414 0.9789914 1.877894
1.599776 3.146246 1.28009 1.098937 4.270627 2.977184
2.335752 1.287962 4.101579 0.5177711 1.06086 2.831379
2.284785 1.42996 3.541339 0.5131254 1.087356 2.500101
2.230519 1.216813 5.226203 0.6454784 1.434013 5.075005
1.784287 2.495957 1.922265 0.4466661 1.415402 1.662097
2.674068 0.5036924 6.45922 0.6745806 1.132292 4.273279
1.68601 2.837491 1.710273 0.4605124 1.636842 1.6401
1.310622 4.249658 0.927106 0.4866384 2.672299 1.126237
2.531683 1.044572 4.351563 0.593896 1.084343 2.959548
1.440588 3.583203 1.218395 0.4131929 1.89379 1.181498
1.790053 2.377731 2.021443 0.4045287 1.244787 1.552005
2.40668 1.141468 4.754205 0.6108403 1.215913 3.777542
1.778394 2.790763 1.533596 0.4031209 1.325473 1.178519
2.560238 0.9754931 4.418522 0.5534596 0.9820465 2.678036
2.007449 1.713585 3.495019 0.4952105 1.270244 2.970329
1.858867 2.311199 2.22668 0.4645656 1.383042 1.939424
2.059512 1.979851 2.253755 0.5084533 1.272848 1.807494
1.549337 3.354967 1.294935 0.493312 2.039855 1.40402
1.985314 1.70792 4.199883 0.4959545 1.317706 3.826978
1.529183 3.266967 1.387103 0.4086884 1.689849 1.269723
1.98495 1.903101 2.996421 0.4527414 1.194461 2.357083
1.604862 3.352833 0.9978023 0.5733581 2.241058 1.15063
0.9882687 6.727216 0.2910788 0.2677986 2.481546 0.2167694
2.950476 0.1095167 9.487978 0.7394163 1.12345 5.8567
1.745486 2.754902 1.592426 0.4561833 1.525995 1.417642
1.963688 2.221372 2.095543 0.4472031 1.225293 1.605978
2.687207 0.5317239 5.807506 0.6690145 1.10264 3.679162
2.038661 2.001091 2.316743 0.4628527 1.174887 1.722157
1.697417 2.983702 1.394166 0.4233358 1.501549 1.174953
1.924416 2.26626 1.90807 0.3861212 1.070231 1.255593
1.498237 3.942758 0.8792914 0.4514278 2.055208 0.8489713
1.87092 2.23435 2.157354 0.4234482 1.221347 1.650964
2.591117 0.5011 7.732527 0.655082 1.1624 5.454977
2.397823 0.9829937 5.278608 0.5985007 1.177393 4.002485
1.442872 4.287235 0.6241038 0.8321746 4.068421 1.096963
1.882687 2.255563 2.370956 0.442489 1.290766 1.946642
2.201518 1.478496 3.665215 0.4935442 1.10031 2.650118
2.235059 1.298673 4.251304 0.4953125 1.06869 2.985217
1.263945 4.871294 0.6754346 0.4145826 2.508515 0.6835189
1.835501 2.637896 1.457911 0.4040813 1.234912 1.044712
1.747455 2.609274 1.607207 0.4005514 1.293162 1.225188
2.104724 1.85649 2.234313 0.4641042 1.098613 1.532405
1.625077 3.012182 1.303304 0.4421478 1.635231 1.179132
1.95058 2.068608 2.761852 0.3874878 1.062694 1.918577
1.522028 3.646894 0.9176324 0.3753026 1.606466 0.7247367
2.942258 0.1540359 8.899099 0.847119 1.304772 6.456695
2.007311 2.109797 2.050559 0.4761213 1.240924 1.582318
2.221677 1.4382 3.279486 0.4916926 1.061414 2.230729
1.761224 2.435155 2.218741 0.3752302 1.199458 1.663015
2.258503 1.443281 3.301332 0.6126477 1.3137 2.783619
1.811443 2.634133 1.39605 0.393332 1.217096 0.9838257
2.295613 1.167958 4.307789 0.5218835 1.071403 2.964066
2.116586 1.653728 3.18949 0.4057289 0.9514398 1.986862
1.976705 1.898526 3.042763 0.4761 1.26693 2.548745
2.268989 1.227405 4.562331 0.4731608 0.9972772 2.98887
2.96994 0.1084972 8.324726 0.796581 1.189752 5.294783
1.105455 5.875431 0.4004826 0.4066118 3.105984 0.4208341
1.893456 2.08765 2.767534 0.4664484 1.333947 2.41296
2.222371 1.544945 3.415596 0.5298658 1.178719 2.634847
5.160729 -2.607715 21.2012 3.193902 3.199072 12.86825
2.50636 0.90031 4.918135 0.5802483 1.060383 3.238617
2.572495 0.3852726 9.743237 0.684833 1.24637 7.454781
2.341678 1.2465 4.010728 0.6134743 1.252824 3.243315
1.881186 2.431582 1.873815 0.4784618 1.413662 1.615276
1.610598 3.07977 1.430823 0.4106129 1.562823 1.243546
2.108332 1.56999 3.66303 0.4189747 0.9856705 2.392807
1.564842 3.536335 0.8566255 0.4547982 1.849266 0.7813202
1.445085 3.926318 0.8741962 0.5667017 2.678973 1.102915
2.118439 1.673282 3.620224 0.5492615 1.332821 3.23943
1.595472 3.264109 1.208708 0.7137818 2.819972 1.818194
1.864165 2.340675 2.032538 0.3664003 1.074148 1.355556
1.594654 3.336576 1.130513 0.6148625 2.442486 1.447294
2.649681 0.2320688 10.57929 0.7176582 1.25954 7.897184
2.615375 0.5531822 6.795834 0.7017646 1.227836 5.024843
2.079051 1.855631 2.696378 0.3811525 0.9280573 1.616176
2.087874 1.789717 3.308657 0.5122721 1.275164 2.812671
2.256937 1.362852 4.161996 0.4836424 1.041341 2.864057
2.113779 1.727725 2.934171 0.4032544 0.9496893 1.805994
1.700221 3.070363 1.328166 0.4363513 1.564384 1.148085
2.390412 1.167783 3.293511 0.4862041 0.9141346 1.826345
1.471328 3.75407 0.9721646 0.4264825 1.936555 0.9189644
1.85491 2.265542 2.593531 0.5082831 1.532326 2.565717
1.286349 4.743117 0.6186383 0.6622551 3.872939 0.9752509
2.29034 1.49135 3.374962 0.5099284 1.084388 2.375927
1.007994 6.905083 0.2869709 0.2306854 2.125192 0.1794138
2.689367 0.6616379 4.864921 0.6366128 1.040032 2.918271
1.973422 2.097806 2.304821 0.6007208 1.624107 2.374591
2.324675 1.357805 3.772571 0.5427464 1.12628 2.763478
0.797362 8.758451 0.2079238 0.001548853 0.001554786 0.01701835
1.478959 3.586512 1.191878 0.5317326 2.381893 1.450764
2.171386 1.687729 2.905708 0.5096696 1.16887 2.190155
2.428736 0.8555845 5.377199 0.6091842 1.159834 3.901465
1.758167 2.266853 2.696343 0.3959145 1.256084 2.19692
2.146998 1.254692 5.098612 0.4623743 1.052309 3.61506
2.441515 0.918067 4.910831 0.542628 1.017529 3.11298
1.658231 3.143648 1.196146 0.3787803 1.391518 0.899122
3.658665 -0.9348205 12.99311 1.353286 1.669762 8.177462
1.730971 2.786315 1.625117 0.4464211 1.514064 1.432631
1.732606 2.584163 1.701664 0.4521751 1.481308 1.502076
2.182919 1.551393 3.452613 0.4882202 1.106704 2.509791
1.987017 2.060365 2.004026 0.5128751 1.335337 1.655754
1.765535 2.922417 1.257285 0.3345261 1.106111 0.7750409
1.847878 2.542147 1.612859 0.9210121 2.815019 2.690621
2.213006 1.390731 3.967734 0.4139004 0.9007952 2.352163
2.224384 1.53005 3.361753 0.5571319 1.233447 2.699166
2.073017 1.96565 2.468491 0.3710812 0.9203521 1.458428
1.003366 6.529575 0.3714442 0.3893527 3.50614 0.4040706
2.64157 0.7220801 5.084448 0.6311972 1.068064 3.224973
1.991442 2.461795 1.693255 0.368404 1.009595 1.02492
1.067088 6.734491 0.2896055 0.1581264 1.340009 0.1185962
2.179461 1.796817 2.565462 0.5015322 1.154876 1.8884
2.198451 1.556654 3.338652 0.6438825 1.460235 3.189791
2.303936 1.244493 4.352123 0.5820253 1.221101 3.489497
3.006304 -0.05298272 8.517867 0.8987065 1.322137 5.700398
2.652748 0.8544846 4.575683 0.5032821 0.8362306 2.295724
1.787864 2.48468 1.871555 0.4330419 1.359178 1.547119
1.49617 3.72721 1.128844 0.3981176 1.78327 1.001696
1.524357 3.568702 1.019959 0.5679487 2.428404 1.243397
1.777719 2.521228 1.760306 0.4736034 1.501242 1.590375
2.467463 1.059318 4.197731 0.6391705 1.201135 3.152782
1.413327 4.146336 0.7710517 0.4438935 2.190596 0.7609881
2.251658 1.174085 5.009404 0.4753185 1.014603 3.373782
2.180051 1.768238 2.338583 0.5398165 1.222106 1.786094
2.598152 0.8575726 5.201463 0.5973454 1.050685 3.384255
1.750041 2.452953 1.979054 0.4833632 1.558091 1.897301
2.189817 1.525291 3.338419 0.4528682 1.008725 2.190498
1.505305 3.714014 0.8612814 0.4970041 2.174085 0.9049702
1.939856 1.892263 3.677316 0.6309992 1.765068 4.433801
2.422458 1.194428 4.324047 0.6063588 1.194812 3.349447
1.893554 2.28726 1.961119 0.4190841 1.194606 1.44612
2.288003 0.9978151 6.31686 0.5278595 1.111238 4.686332
1.56646 3.361466 1.204381 0.4683286 1.908948 1.212884
1.359704 3.736636 1.301722 0.4311508 2.160525 1.423426
1.532186 3.480752 1.223591 0.319362 1.345708 0.8568528
1.002956 7.448973 0.2436371 0.02287533 0.04167966 0.0246274
1.372677 4.352114 0.7817092 0.3909437 2.041484 0.699591
1.897449 2.692921 1.280097 0.4714423 1.394957 1.012544
1.124529 5.719225 0.4377393 0.4405355 3.264313 0.496828
2.681069 0.7603429 4.524089 0.6076965 0.9972636 2.634178
1.763405 2.809216 1.606425 0.370538 1.231681 1.149688
2.050313 1.066685 8.440605 0.4558324 1.123519 6.784662
1.457233 3.825962 0.8109458 0.649854 2.987883 1.146804
1.898877 2.166531 2.827162 0.4347361 1.257035 2.3242
1.793972 2.728846 1.463843 0.651323 2.102325 1.776773
2.520333 1.412703 2.789907 0.611701 1.134266 1.953156
1.885895 2.415691 2.092005 0.5307213 1.584096 2.057923
2.171209 1.804796 2.354577 0.575557 1.322041 1.952316
2.611012 0.5954481 6.348521 0.660508 1.14889 4.379894
1.364608 4.525581 0.6408497 0.4473175 2.384684 0.6411147
2.270366 1.379116 3.397066 0.4918719 1.027252 2.223611
2.262195 1.307635 4.031507 0.5796926 1.240841 3.26992
1.768061 2.697651 1.650513 0.3899272 1.270411 1.234503
1.789936 2.448915 2.168632 0.443299 1.405964 1.902437
2.013358 2.031531 2.518606 0.5772419 1.523835 2.469743
2.672671 0.352943 7.585273 0.6834166 1.151743 5.03075
2.174067 1.66545 3.255419 0.5638049 1.314231 2.820309
1.315458 4.335751 0.7633416 0.4709563 2.569811 0.8610427
1.963031 2.020462 2.768454 0.5035633 1.371004 2.478759
2.382448 1.461122 3.10958 0.5265725 1.056229 2.088551
1.577556 3.206705 1.429548 0.4085012 1.627414 1.277205
1.444379 3.954479 0.8515574 0.3880894 1.824715 0.7250913
2.998369 -0.04825069 11.00634 0.9195189 1.405755 8.35533
2.513862 0.9826996 4.917268 0.6299804 1.171032 3.656654
2.898107 0.2450575 6.462467 0.6990889 1.039191 3.551691
1.189076 5.064681 0.5422043 0.305734 1.978371 0.4114696
1.264498 4.351397 0.7902403 0.4313945 2.458091 0.8539822
2.641327 0.5661582 6.479475 0.6726643 1.154512 4.463118
1.572991 3.081268 1.334291 0.3296839 1.270066 0.9343545
2.250776 1.349419 3.765194 0.5229343 1.115875 2.720234
1.663621 3.178354 1.070891 0.4080031 1.488773 0.8444281
2.804729 0.1542535 10.16221 0.7400795 1.207769 7.002924
2.367955 1.230928 4.34125 0.610239 1.240804 3.518904
1.756957 2.329783 2.71375 0.4422918 1.426987 2.506272
1.9798 2.197536 1.797131 0.4355668 1.153559 1.264177
2.222572 1.658902 2.65258 0.4191497 0.9115065 1.529251
1.925361 2.163839 2.307607 0.4533231 1.268112 1.860717
1.738488 2.474557 2.223282 0.4729771 1.557374 2.161295
1.349591 4.238543 0.79322 0.3802815 1.988581 0.7031185
1.841292 2.660979 1.508302 0.4436719 1.371012 1.206658
2.458533 0.8565092 5.722656 0.5878551 1.111546 4.025974
2.107846 1.546779 3.74594 0.4882373 1.159118 2.892449
2.330845 1.269776 3.842056 0.5019134 1.017201 2.506912
1.89017 2.136294 2.368931 0.5845256 1.669998 2.52191
2.633299 0.6655838 5.929219 0.6764263 1.168718 4.189006
1.488955 3.55111 1.050383 0.4927135 2.15526 1.144353
1.522215 3.739224 0.8160718 0.3637336 1.565348 0.6121386
2.30705 1.687416 2.81834 0.4855105 1.039065 1.878902
2.2215 1.560626 2.930414 0.4971067 1.082894 2.020475
2.081333 1.947343 2.06191 0.3431471 0.8206499 1.053133
2.029795 2.214472 1.872411 0.5568759 1.457085 1.670741
3.313036 -0.5170572 12.68225 1.016439 1.380475 7.943858
2.168514 1.689448 3.030924 0.5161514 1.194338 2.354824
2.992916 -0.07574771 9.08283 0.8608346 1.274437 5.871628
2.030397 1.850089 2.791819 0.4043768 1.018317 1.849953
2.183834 1.500781 3.46427 0.4446877 0.989549 2.231402
1.469583 3.771535 0.9693918 0.4211983 1.913317 0.9005808
3.011881 0.03892769 7.936325 0.8961791 1.314314 5.38951
2.285214 1.19231 4.244667 0.5072649 1.048431 2.867029
1.399103 4.178539 0.7279986 0.4173863 2.07265 0.6706245
1.372122 4.348491 0.6813649 0.5127881 2.667988 0.7865702
1.961103 2.320618 1.93473 0.5259026 1.466916 1.74909
1.968395 2.145121 2.211529 0.4654999 1.260085 1.757218
2.170033 1.569617 3.141321 0.535539 1.215297 2.469966
1.275881 5.180677 0.4674493 0.4802825 2.941901 0.5137684
4.861222 -2.314314 20.55335 2.640321 2.721123 12.0175
2.227049 1.314896 4.136734 0.4704726 1.01652 2.759035
2.915386 0.304043 7.021164 0.8401616 1.287127 5.034502
1.180916 5.253085 0.5016401 0.4619626 3.100078 0.5802469
1.420149 3.720642 1.121836 0.3862739 1.823563 1.01945
2.017387 1.950111 2.290539 0.4380844 1.106841 1.596953
1.655299 2.913538 1.550625 0.6244112 2.277406 2.021476
1.735437 2.846212 1.445582 0.4215184 1.427933 1.179491
2.181369 1.578036 3.051164 0.5495284 1.239088 2.435865
2.101356 1.704466 3.062744 0.6448036 1.56113 3.125733
2.486706 1.154692 3.88859 0.6036569 1.129935 2.761638
1.849319 2.543098 1.525635 0.4111687 1.229363 1.101939
1.466592 4.016716 0.9165359 0.4999355 2.363595 1.01295
1.801396 2.701201 1.557598 0.4350487 1.391072 1.267164
2.062173 1.528635 3.708797 0.4958888 1.199309 2.951893
1.578166 3.31188 1.251247 0.3297587 1.309875 0.8714636
2.354946 1.35094 3.71668 0.5117309 1.039941 2.500741
2.659134 0.4505052 7.420085 0.7759427 1.339831 5.913486
1.938457 2.180291 2.387043 0.4447521 1.239563 1.885454
1.757777 2.418902 2.880925 0.4302869 1.420547 2.661795
2.476735 0.8892652 5.39461 0.6312302 1.186359 4.039902
2.476441 0.9484541 4.278387 0.5017056 0.9064361 2.358035
2.444731 0.8463972 5.174225 0.6077128 1.140371 3.649044
1.570312 3.323409 1.187477 0.3926093 1.576483 0.9897205
2.524458 0.799918 4.717868 0.5924333 1.050412 2.963713
2.160435 1.819259 2.613189 0.5452413 1.280491 2.143414
1.705071 2.832686 1.586836 0.6592687 2.306376 2.11914
1.421815 3.900257 0.9038768 0.3706842 1.764769 0.7557799
2.346606 0.9917768 5.126593 0.4935294 0.9764941 3.196538
1.453746 3.847747 0.9851931 0.3713183 1.724264 0.8183491
2.342255 1.056539 5.187477 0.520448 1.050532 3.545636
2.833581 0.1784034 8.415997 0.7445748 1.175902 5.460158
3.469559 -0.4915657 10.27527 1.190088 1.520685 6.838004
1.169361 5.858127 0.3333275 0.4913459 3.509011 0.3892586
2.487754 1.208079 3.574413 0.5836453 1.087814 2.428115
2.484602 0.8439728 5.678613 0.5859878 1.092955 3.912884
1.462287 3.818138 0.9039997 0.4427235 2.029843 0.8792168
1.964512 1.945176 2.635523 0.447367 1.186876 2.023933
1.803789 2.714565 1.429805 0.4893938 1.5565 1.283293
2.327939 0.9478544 6.613881 0.6059954 1.2607 5.571195
2.032697 2.102976 1.963306 0.342812 0.8635851 1.049316
1.850174 2.157587 2.922693 0.4230807 1.260088 2.42549
1.794744 2.671069 1.612213 0.426395 1.359073 1.286371
1.217079 5.130323 0.583106 0.3689138 2.373312 0.5315556
1.31238 4.386384 0.7093798 0.5806602 3.192818 0.9804597
2.042764 1.876575 3.375906 0.4747872 1.23262 2.800199
2.814687 0.5808823 5.851669 0.6809525 1.078186 3.688451
1.76846 2.440498 1.989343 0.4200951 1.331164 1.631123
2.343136 1.314096 3.769952 0.6051731 1.239876 3.01651
2.636028 0.6645667 5.701553 0.5616206 0.950356 3.237009
2.218212 1.166323 5.146386 0.5575212 1.222474 4.196663
2.322257 1.210821 4.574693 0.6079869 1.267238 3.816869
1.630232 3.074497 1.386996 0.4525657 1.701978 1.310423
2.485089 0.713289 6.188238 0.6871467 1.282089 4.924091
3.24007 -0.3485951 11.24048 1.018509 1.412027 7.560272
1.229588 4.995786 0.6119764 0.3977013 2.499741 0.6011541
2.091978 1.645212 3.75958 0.4972806 1.218806 3.093264
1.131428 5.543586 0.5495997 0.5149038 3.764573 0.7527592
1.849197 2.449614 1.803556 0.5253612 1.582474 1.728779
2.093376 1.756619 3.111374 0.4362732 1.05953 2.168956
2.647141 0.4065469 7.667703 0.6675299 1.141894 5.129647
1.738318 2.729236 1.39029 0.5865987 1.93882 1.543061
1.769022 2.679677 1.470684 0.6057182 1.96225 1.673287
1.172611 5.475819 0.528791 0.4091327 2.84634 0.5490785
2.061011 1.757854 3.015949 0.4164751 1.021249 2.014446
2.674541 0.6284984 6.212623 0.608917 1.026492 3.835652
2.093967 1.634888 3.690596 0.4778703 1.160273 2.871263
1.997697 1.824237 3.483153 0.4527153 1.191406 2.798151
1.886768 2.242481 2.297435 0.4073811 1.176332 1.713464
1.775574 2.287415 2.307204 0.4100925 1.272554 1.858803
1.614074 3.22396 1.007266 0.3902524 1.472323 0.7756942
1.920877 2.216065 2.028107 0.4358192 1.212184 1.52744
2.20933 1.633275 2.845005 0.4162352 0.9138075 1.660342
1.284661 5.123977 0.452143 0.4644743 2.790185 0.4722138
3.001082 0.1521247 6.598093 0.7642388 1.094669 3.708718
2.067988 1.897145 2.72464 0.4045372 1.004965 1.776377
1.326764 4.881624 0.4999933 0.4441993 2.516791 0.490927
1.576244 3.407277 1.087065 0.391059 1.574727 0.8857842
2.059833 1.968916 2.653617 0.539448 1.377388 2.366271
1.838601 2.429378 2.432124 0.4906261 1.533534 2.373363
2.314458 1.469246 3.407681 0.6009152 1.268032 2.800872
1.483468 3.618169 1.02557 0.2637793 1.155756 0.5956715
2.082021 1.7811 3.065283 0.4878578 1.199866 2.414634
2.731768 0.6732637 5.033144 0.5929046 0.9518713 2.785587
1.253499 5.017393 0.5175637 0.4405722 2.700422 0.5383684
2.735599 0.466607 7.410175 0.6872579 1.141988 5.027726
2.188641 1.587364 3.193607 0.4700617 1.058625 2.200543
1.704721 2.971108 1.325238 0.4367001 1.52637 1.125397
2.240775 1.253871 5.298102 0.5713852 1.265956 4.568615
1.734381 2.711258 1.63355 0.4985209 1.671188 1.603435
2.551869 1.181096 3.131101 0.5747699 1.014887 1.915736
1.687849 2.898109 1.461361 0.4069259 1.426454 1.182638
2.316878 0.960557 6.168888 0.5675575 1.173091 4.774254
2.911324 0.3093363 6.356418 0.7478847 1.121509 3.868101
1.651959 2.889259 1.527592 0.2811925 1.000743 0.8778853
2.447898 0.945843 4.790955 0.5708245 1.07198 3.203822
1.542984 3.436346 1.099033 0.698309 2.911712 1.650161
1.399205 4.035647 0.8490582 0.4637128 2.289311 0.8980969
1.943065 2.161895 2.075199 0.4300544 1.172642 1.519819
2.629963 0.4331386 7.30485 0.7447648 1.291984 5.556917
2.176395 1.370035 3.767012 0.5019133 1.11189 2.720948
1.933591 2.305206 2.138752 0.3412228 0.9593998 1.28837
1.822814 2.412589 2.31011 0.5030689 1.570836 2.290236
1.712795 2.80768 1.684847 0.4338802 1.503319 1.484071
1.441114 3.386105 1.357453 0.4275923 1.920937 1.392113
2.337737 0.9142807 6.380043 0.5707865 1.165443 4.883944
1.775504 2.654953 1.727318 0.4435084 1.439703 1.478649
1.654883 3.023899 1.362182 0.5577459 2.045999 1.548663
1.901676 2.157733 1.853375 0.3634598 0.9871819 1.118326
2.375175 1.144585 4.16509 0.5607167 1.106526 2.933059
2.895697 0.272014 7.514601 0.8487448 1.317417 5.537416
2.000804 1.994492 2.515451 0.5040286 1.322086 2.135799
1.876321 2.483803 1.557614 0.4117844 1.201572 1.106939
1.092784 6.132579 0.3634731 0.3207312 2.533569 0.2997927
1.92517 2.331632 1.879625 0.6003325 1.706745 1.964839
1.325852 4.321566 0.7807157 0.548544 2.973856 1.024155
2.343017 1.189508 4.00699 0.6132409 1.236799 3.160405
2.23455 1.471322 3.129435 0.5253906 1.129574 2.252389
2.325395 1.323911 3.381211 0.5161484 1.041742 2.222445
1.340831 4.561882 0.6374723 0.3890053 2.114421 0.5621678
1.922468 2.362759 1.835087 0.5439752 1.551492 1.73578
1.140028 5.59096 0.4700429 0.4151421 2.995917 0.5006639
1.473358 3.813778 0.9750066 0.4730974 2.165039 1.020796
2.392815 0.7580373 6.527299 0.6502022 1.277365 5.301302
1.536147 3.248705 1.233712 0.4634561 1.890842 1.249954
2.531955 1.020433 4.637697 0.6373677 1.173891 3.443611
2.252188 1.172714 5.109099 0.4735089 1.009813 3.423987
2.074284 1.787545 3.134466 0.3943508 0.9664604 1.994174
1.632819 3.153411 1.323249 0.3681269 1.391742 1.009216
2.753405 0.3457177 6.814956 0.7311559 1.179842 4.503763
2.316383 0.9876909 6.002798 0.5539 1.144728 4.534887
2.108427 2.31057 1.417562 0.3962459 0.968621 0.8016233
2.085255 1.837403 2.702696 0.4767695 1.1672 2.037771
1.51649 3.440531 1.14659 0.4554758 1.92723 1.142911
3.12483 -0.2752806 11.72357 0.938257 1.357938 7.903606
1.635701 3.00374 1.388075 0.4528335 1.673937 1.298767
1.881571 2.538907 1.76239 0.4761518 1.426574 1.509363
1.812586 2.59402 1.63722 0.3850668 1.19879 1.16533
1.879293 2.646608 1.47684 0.4636011 1.391586 1.192773
0.760732 9.515395 0.17891 0.002400199 0.002421897 0.01470202
2.17813 1.623184 3.178245 0.4830833 1.100362 2.278448
1.926035 2.151676 2.32443 0.4290506 1.192539 1.761084
1.989106 1.83325 3.055075 0.3960431 1.026243 2.070262
3.437868 -0.7597635 13.06936 1.175817 1.541317 8.238445
1.561611 3.219593 1.392293 0.463655 1.868777 1.419668
2.82928 0.2761664 7.58313 0.7640045 1.208094 5.124705
1.950284 1.892178 3.541595 0.538904 1.485049 3.56537
2.044816 1.833579 2.999948 0.4994845 1.266489 2.499491
1.983313 2.062369 2.362953 0.5032263 1.339334 2.012062
2.464039 0.9235766 5.208767 0.5695853 1.071315 3.526688
2.354368 1.271917 3.497288 0.5887932 1.174182 2.585489
1.997627 2.369327 1.838939 0.5413016 1.48363 1.66082
1.594074 3.237707 1.207558 0.3841303 1.494588 0.9645324
1.850213 2.394412 1.860789 0.455554 1.35606 1.539979
3.495154 -1.424247 31.67838 1.544529 2.212982 26.58325
2.496175 0.9839623 4.361624 0.5721328 1.046669 2.82297
1.240288 4.952992 0.596962 0.4061726 2.513056 0.5910417
2.1007 1.686155 3.198316 0.5163899 1.243236 2.611503
3.113257 0.1065597 6.078682 0.8018002 1.090093 3.275167
1.886389 2.337424 2.192404 0.4025619 1.177021 1.617621
2.276381 1.188884 4.80898 0.5303009 1.121359 3.556697
2.172534 1.785068 2.867307 0.4970164 1.160392 2.158189
1.978396 2.283616 1.877806 0.5215114 1.422807 1.63828
1.488927 3.637631 1.182352 0.3914709 1.74185 1.042135
2.82986 0.4024971 5.324315 0.7068936 1.073076 3.071356
2.436845 0.9972664 5.017644 0.5323018 1.016173 3.252193
2.615315 0.8095378 4.431281 0.6417847 1.093264 2.866905
1.749268 3.020245 1.378197 0.5343507 1.850261 1.418426
3.631349 -0.5844288 8.082609 1.12532 1.311735 4.110815
2.235982 1.363228 4.477684 0.5285812 1.167764 3.510564
1.895036 1.952897 3.080212 0.4672807 1.312612 2.678483
1.215379 5.069489 0.6131395 0.420761 2.70525 0.6462391
1.698769 2.813659 1.819719 0.5450764 1.930044 2.078188
1.193472 5.153623 0.5243854 0.324558 2.117554 0.4199645
1.737707 2.845437 1.288353 0.6089747 2.047818 1.481297
1.548356 3.332918 1.271183 0.4322786 1.777464 1.203056
1.754135 2.658603 1.87037 0.6004108 2.005647 2.257249
1.517694 3.435126 1.353936 0.4291661 1.84195 1.321651
2.114634 1.704766 2.869973 0.490205 1.157419 2.142991
1.770341 2.50286 1.528358 0.4068871 1.263739 1.138679
1.582422 3.075592 1.364188 0.4712586 1.822232 1.374313
2.131242 1.544252 3.488972 0.5222908 1.217037 2.791835
3.047131 -0.3225562 11.36163 0.9474534 1.398873 7.669504
1.830918 2.57437 1.586148 0.3165869 0.9600181 0.902213
2.450574 1.220745 3.973866 0.6109202 1.18147 3.007705
1.982483 2.104644 2.520232 0.5148219 1.399504 2.273773
2.28239 1.287493 4.050732 0.5270035 1.106474 2.913471
1.519837 3.493945 1.030163 0.5501442 2.332447 1.219726
2.017577 1.79551 2.804415 0.4607264 1.161529 2.113362
1.7145 2.688962 1.562044 0.475378 1.596881 1.458664
1.897746 2.289382 2.089922 0.4166716 1.195011 1.557937
1.874977 2.194636 2.303721 0.584114 1.697316 2.480248
2.26574 1.450031 3.442729 0.5099115 1.08784 2.420433
1.900417 1.929364 3.09866 0.4370086 1.216563 2.499182
2.596425 0.8777013 4.475983 0.5676136 0.9763526 2.629267
1.698124 3.058691 1.290179 0.5168565 1.851705 1.315825
2.964468 -0.01900148 10.24988 0.8065338 1.225929 6.709721
1.961838 1.924754 2.971157 0.4818896 1.293225 2.526737
2.120335 1.893399 2.291176 0.4074549 0.9613362 1.383574
1.079295 6.52633 0.2754143 0.7965093 6.612641 0.5511123
2.008582 1.810734 3.135855 0.5353904 1.38596 2.875148
1.004447 6.75883 0.3506797 0.4094144 3.778178 0.3998643
1.462869 3.977694 0.8224514 0.528389 2.470953 0.9430552
1.71535 2.759716 1.479078 0.2767702 0.9198196 0.7876434
2.194182 1.284975 4.218417 0.5926221 1.313449 3.642086
2.127467 1.737181 2.879432 0.5798186 1.381866 2.581761
1.86733 2.356177 1.842329 0.3780467 1.095914 1.231197
1.812806 2.970134 1.180023 0.4712134 1.533681 0.9923756
1.614701 3.156513 1.227947 1.430654 5.502037 3.655512
1.518146 3.399327 1.194315 0.3739084 1.567274 0.9777217
2.177189 1.356731 4.247331 0.4257493 0.9463689 2.663503
1.564347 2.999562 1.598244 0.4604769 1.805454 1.645081
1.570585 3.107635 1.437775 0.3630867 1.423599 1.137277
1.742329 2.78028 1.592441 0.7237571 2.45448 2.273871
1.793821 2.488712 1.912271 0.439359 1.382191 1.615207
1.812239 2.361734 2.37798 0.4758001 1.481123 2.236489
1.880273 2.46102 1.649711 0.5123781 1.50466 1.482394
1.865091 2.266079 2.427225 0.6112449 1.82644 2.833688
2.322494 1.211066 4.318462 0.5113956 1.046101 2.931905
2.735031 0.6536942 5.816009 0.6139867 1.006449 3.501927
0.9772774 6.749934 0.3244006 0.3724683 3.514594 0.3421115
2.420471 1.227488 4.001042 0.5279157 1.027385 2.634063
1.672073 2.868574 1.460559 0.3155298 1.100393 0.9148368
1.181985 5.371793 0.4620365 0.7238258 4.919733 0.829187
1.667553 3.213518 1.127839 0.4080337 1.504713 0.9026224
2.300926 0.8234156 8.287062 0.5837554 1.23777 6.940145
1.965058 1.780247 3.521681 0.4276868 1.128664 2.66663
2.097491 1.606524 3.907931 0.4625072 1.122179 2.966028
2.289226 1.387065 3.924388 0.6013498 1.288691 3.332178
2.170187 1.544511 3.318947 0.5702416 1.299334 2.80935
2.096751 1.789461 2.786063 0.4945444 1.19678 2.15672
1.551965 3.294792 1.233901 0.4851764 1.971875 1.29408
1.381424 4.333083 0.7624002 0.4078225 2.109468 0.7051976
2.355256 0.9961182 5.668588 0.5978839 1.212229 4.49806
1.711437 2.912231 1.330359 0.7211897 2.506502 1.868156
2.857479 0.07335998 8.371988 0.7544667 1.165742 5.145534
2.266815 1.597169 2.789995 0.6542576 1.412956 2.501736
1.581645 3.520447 1.052566 0.3021955 1.213201 0.6450001
2.673375 0.7501715 4.937523 0.6082465 1.01196 2.963188
1.61364 3.301139 1.10752 0.8576612 3.349385 1.947606
1.174294 5.604685 0.4646984 0.4375812 3.070836 0.5061735
1.209242 5.019337 0.6199223 0.4787178 3.080452 0.7497639
2.483848 1.047079 4.463484 0.5458179 1.015413 2.855778
2.560321 0.8411869 5.492755 0.5895741 1.058715 3.631563
2.114403 1.875055 2.692675 0.482585 1.173141 2.042105
1.680841 3.065966 1.297103 0.4171874 1.504253 1.073703
2.074129 1.822761 2.683092 0.3804228 0.9215263 1.593075
2.151386 1.472925 3.946425 0.4320486 0.9879365 2.593883
2.216461 1.760783 2.368537 0.4089123 0.8983421 1.333012
1.82915 2.408234 2.027867 0.4073933 1.237947 1.551032
2.093505 1.552824 3.258437 0.4477319 1.046814 2.214273
2.440189 1.140882 3.600252 0.5024961 0.936077 2.077203
2.743663 0.7455799 4.36901 0.6024631 0.9550389 2.401068
2.335894 1.119516 4.310746 0.5264732 1.05335 2.892079
1.313988 4.743766 0.6897762 0.4378018 2.509107 0.7114044
3.342028 -0.2988695 9.231946 0.9734587 1.270827 5.413018
2.191161 1.589231 3.261635 0.5748322 1.308937 2.792658
1.570118 3.417857 1.06742 0.3637188 1.463044 0.8030627
1.956342 2.193524 2.283042 0.3891207 1.069276 1.54942
1.905725 2.409491 2.119022 0.4297875 1.258815 1.656819
2.198714 1.432073 4.384452 0.4681941 1.057314 3.127735
2.276578 1.466896 3.833875 0.5165067 1.11897 2.840998
2.03503 1.848507 2.665745 0.4284015 1.068621 1.832282
1.543108 3.081338 1.686695 0.4294679 1.738711 1.668767
1.302341 4.754612 0.5292038 0.5878899 3.363865 0.7112479
2.062384 1.648413 3.927982 0.4170966 1.031927 2.746487
1.649039 3.240805 1.057532 0.5884624 2.205476 1.224983
1.927806 1.893617 2.992055 0.491365 1.342454 2.654054
1.396078 4.307223 0.7589291 0.5305225 2.718873 0.9090414
1.933698 2.307287 1.84714 0.4028454 1.118639 1.263088
2.507319 1.039303 4.210657 0.5739076 1.05021 2.750391
2.142152 1.900609 1.98167 0.4565111 1.052514 1.27699
1.623252 3.149081 1.190983 0.5447354 2.063032 1.32564
1.722793 2.846862 1.481409 0.507231 1.742246 1.478718
2.2312 1.425738 3.662631 0.5297098 1.156435 2.765497
1.510323 3.64842 0.9816079 0.4677965 2.036563 0.9897606
2.644448 0.7971798 4.311825 0.5404709 0.8907826 2.241195
1.417562 4.02305 0.9845904 0.4356146 2.140141 0.9925319
1.495162 3.501185 1.090713 0.4678551 2.026649 1.130134
1.025781 6.495752 0.3403698 0.3877516 3.3959 0.3581488
1.923415 2.415559 1.623452 0.4384004 1.236631 1.197594
2.266633 1.363605 3.545231 0.5540932 1.171891 2.669741
2.162148 1.71465 2.537431 0.4453605 1.007785 1.614408
2.255764 1.619823 2.658735 0.4561231 0.9735999 1.631263
2.315458 1.205134 4.522727 0.5873839 1.221701 3.621964
1.855709 2.603603 1.593198 0.4387736 1.334254 1.25327
1.481409 3.617648 1.100868 0.3393735 1.498686 0.8297711
2.012921 1.901866 2.790019 0.4274114 1.100139 2.000399
1.758427 2.516447 2.244254 0.3956769 1.294398 1.81315
1.462469 3.999557 0.8695183 0.4699818 2.209896 0.8942785
2.176628 1.679523 2.794161 0.4779851 1.084421 1.941531
2.727705 0.3206584 8.039371 0.7057872 1.168136 5.397918
1.389107 4.069359 0.7921953 0.5881993 2.937274 1.063151
2.479478 0.9224343 5.477838 0.5503658 1.031721 3.600168
2.112864 1.740185 2.774362 0.4405624 1.038326 1.850888
2.382214 0.898555 5.597151 0.6110179 1.204024 4.304845
2.075525 1.761933 2.864186 0.429329 1.037908 1.922299
1.867477 2.374655 1.966749 0.4618545 1.365743 1.654856
2.012323 2.167298 2.123094 0.5378812 1.429502 1.901246
3.640286 -0.5682182 8.836175 1.180765 1.398826 4.98799
2.911714 0.2000386 7.829944 0.8363392 1.284866 5.516915
2.100649 1.728647 2.886327 0.4128088 0.9780135 1.824654
2.545422 0.8491561 5.004998 0.6021424 1.076031 3.302667
2.194746 1.201278 4.333032 0.4395346 0.9443923 2.652057
2.318093 1.451847 3.220513 0.4835161 0.9946786 2.043134
2.669633 0.4106094 6.573954 0.6528589 1.082538 4.03372
2.076779 1.882279 2.615447 0.465033 1.148221 1.933518
2.018811 1.603453 3.621909 0.5905952 1.487408 3.592543
2.302934 1.147062 4.612643 0.5470187 1.12877 3.377983
1.939991 2.046217 2.969903 0.435087 1.207548 2.365024
1.992602 2.145914 2.061252 0.4280332 1.128914 1.448493
1.87169 2.702212 1.358535 0.5616069 1.709358 1.329009
1.194741 4.737608 0.7663562 0.4474704 2.842794 0.9074816
1.841047 2.483194 1.949656 0.4393054 1.345093 1.60578
1.107162 5.939955 0.4872879 0.3908395 3.032522 0.5060844
2.158364 1.703615 3.277985 0.4387821 1.026456 2.222114
1.383934 4.286557 0.7012348 0.4537147 2.315336 0.7093097
1.980893 1.864595 2.881499 0.4120484 1.071632 2.018108
1.880988 2.455174 2.072854 0.4191247 1.256616 1.614585
1.637869 2.996436 1.524934 0.385617 1.426691 1.231214
2.754837 0.1941954 9.765316 0.8270903 1.389617 7.850945
1.60861 3.241371 1.205748 0.392019 1.511232 0.972382
2.361881 1.485049 3.062304 0.5431218 1.103703 2.149421
2.076822 1.693498 3.202342 0.4382462 1.060685 2.229554
1.220874 5.661371 0.4236726 0.4052483 2.734984 0.4039791
1.750892 2.805125 1.516682 0.4705048 1.575895 1.377545
2.138774 1.527282 3.419865 0.4771998 1.098722 2.460737
1.535183 3.555791 1.068919 0.4415283 1.872544 1.013133
1.276726 4.609664 0.7479345 0.4518915 2.633614 0.8315271
1.780997 2.532628 2.165376 0.3179461 1.01794 1.369888
3.145997 -0.1391261 8.291484 0.9641574 1.342648 5.394513
2.533617 0.9301162 4.836436 0.5266387 0.9454059 2.837957
1.133672 5.719654 0.4495649 0.3770424 2.768429 0.4335342
2.272288 1.484692 3.556605 0.5446314 1.178494 2.747138
1.26176 4.8579 0.6206454 0.422339 2.543714 0.6324276
2.025812 1.772855 2.630459 0.3745977 0.913553 1.531837
2.72004 0.4787271 5.916013 0.6784276 1.099269 3.683169
2.278602 1.34008 3.81479 0.5555457 1.175574 2.913131
1.909466 2.543757 1.493977 0.3928911 1.135683 0.9963814
1.656601 2.86877 1.863346 0.4844895 1.775898 1.95136
2.757983 0.3922181 6.831337 0.7036994 1.13652 4.415674
1.919905 2.435002 1.866885 0.4609547 1.331078 1.51276
2.664958 0.189791 10.93478 0.7854466 1.379548 8.909985
2.41892 1.048316 4.688599 0.5692248 1.100953 3.292867
2.368314 0.885933 5.786557 0.5515809 1.089006 4.03249
1.518398 3.574619 1.043503 0.555029 2.393082 1.258014
1.596077 3.172718 1.387403 0.4640219 1.813795 1.380147
1.913529 2.331187 2.006591 0.4222683 1.206295 1.498843
1.950051 1.819682 3.08807 0.5195959 1.386172 2.827575
1.959917 2.105214 2.219637 0.5417496 1.465882 2.050089
2.910734 0.2896104 6.062054 0.7296595 1.081136 3.482297
2.545909 1.05776 4.73879 0.6551381 1.214229 3.691526
1.883022 2.350231 2.205802 0.5222367 1.547061 2.139566
2.067563 1.801053 3.058473 0.5314929 1.327364 2.670702
3.082167 0.09726693 7.737064 0.8218917 1.169289 4.729851
1.016581 6.415507 0.3693676 0.3272481 2.878941 0.3361453
2.236044 1.424373 3.954521 0.4678444 1.020359 2.663031
2.817949 0.1741916 8.70319 0.7453596 1.189692 5.754643
2.891917 0.1159782 8.388207 0.7396526 1.131284 5.081532
2.195682 1.387247 3.978515 0.4701148 1.039335 2.720065
3.284124 -0.6341682 14.15887 1.215265 1.705834 10.81367
1.880944 2.263568 2.388823 0.4618067 1.354719 2.062073
1.623433 3.091914 1.323601 0.4488395 1.695185 1.23681
1.903737 2.390267 2.080384 0.5190888 1.52348 1.967243
1.824271 2.489826 2.004455 0.4031706 1.247213 1.535816
1.990605 2.014642 2.599831 0.5095439 1.354872 2.274862
1.509527 3.733976 0.8926273 0.5536846 2.433056 1.05146
2.904712 0.2141267 7.253488 0.6889523 1.033783 4.032342
1.34917 4.330078 0.7636119 0.5034488 2.677863 0.8983525
2.702839 0.8960024 4.305659 0.6655844 1.108359 2.872785
2.170284 1.610112 3.141267 0.4498453 1.021671 2.086279
2.622092 0.3777326 8.395206 0.7090807 1.242429 6.191625
1.23707 4.719666 0.7702598 0.413595 2.527312 0.8125684
1.558924 3.247306 1.506375 0.3863345 1.570621 1.298747
1.063204 6.695544 0.3177744 0.5897647 5.087337 0.4856537
1.162319 5.449709 0.4992615 0.5948269 4.165369 0.7573376
1.484352 3.244471 1.403484 0.4332736 1.842756 1.406177
1.453307 3.893532 0.9601212 0.530509 2.495184 1.145105
1.59875 3.304526 1.185555 0.3687565 1.447851 0.9103247
1.466076 3.602246 1.312019 0.4309007 1.960211 1.326586
1.463256 4.016871 0.8204712 0.5603868 2.639491 1.000216
2.143449 1.417987 4.354158 0.5181975 1.205826 3.54093
2.064023 1.822695 2.729743 0.4448836 1.093498 1.926514
3.400268 -0.3853101 10.1818 1.040016 1.349796 6.272137
2.340099 1.12144 4.938015 0.5230728 1.064302 3.43973
1.042508 6.296982 0.3703881 0.339034 2.867512 0.3396647
1.859621 2.562513 1.707063 0.4305615 1.305556 1.331744
2.536791 0.8401174 5.12155 0.6471913 1.169431 3.691914
2.572903 0.4496542 8.535434 0.617382 1.103749 5.716272
1.912528 2.415274 1.641711 0.4983036 1.42324 1.397653
1.630286 3.163398 1.249327 0.3161134 1.184213 0.8028111
1.699541 3.039905 1.612329 0.6771237 2.476116 2.270301
1.504016 3.581062 0.9949813 0.5730966 2.484391 1.235368
1.612258 3.07205 1.282768 0.2735504 1.018409 0.7209697
3.082027 0.2193481 6.123228 0.7336684 1.01322 3.203301
1.239361 5.284888 0.5348417 0.529044 3.411596 0.6827131
1.284735 4.370224 0.8080612 0.4047667 2.275807 0.808127
1.247592 4.550281 0.7428196 0.3435646 2.019382 0.6363332
2.900464 0.4874683 5.84326 0.7045155 1.068155 3.536085
1.493454 3.912352 0.921105 0.4711034 2.153136 0.9415283
2.225173 1.37841 3.886961 0.550581 1.204712 3.067336
2.256011 1.599931 2.890871 0.4521038 0.970727 1.790746
2.052496 1.818439 2.877527 0.4204326 1.042137 1.951268
1.117746 5.361687 0.5366657 0.3675783 2.644955 0.5258267
1.685236 3.151521 1.27865 0.6712171 2.46802 1.716404
1.614094 3.145551 1.264037 0.5320395 2.037026 1.401335
2.373379 1.311729 3.401063 0.5186246 1.023893 2.197309
2.129142 1.692297 2.689053 0.3859657 0.8818007 1.508139
2.32794 1.273249 3.797963 0.4795354 0.9675891 2.347527
0.9508422 7.050098 0.3175835 0.302864 3.035347 0.2811643
1.620002 3.006341 1.603158 0.5062195 1.923603 1.759227
2.167209 1.67243 2.88556 0.4868452 1.111525 2.061839
2.398911 0.9546256 5.890182 0.5305086 1.044424 4.006976
2.245498 1.314617 4.676627 0.5297731 1.161974 3.653828
1.13913 5.625861 0.4674868 0.404028 2.929528 0.4847926
1.820214 2.987312 1.151921 0.4871366 1.581344 0.99366
1.924323 1.940994 3.096857 0.4445729 1.227065 2.523399
2.367309 1.19496 4.67597 0.474295 0.9517629 2.914908
2.379199 1.176282 3.91818 0.486448 0.9454359 2.335551
1.263804 4.708787 0.6167769 0.4469622 2.634581 0.6629709
1.867509 2.24649 2.381238 0.5398786 1.595841 2.42107
1.915796 2.177555 2.544834 0.4615821 1.311391 2.145548
2.473804 0.8307736 5.925486 0.6220801 1.174778 4.418547
2.333695 1.256829 3.829304 0.4508775 0.9012827 2.199864
2.053512 1.88649 2.539827 0.5232723 1.310495 2.134464
2.127367 1.487748 3.680271 0.4612443 1.066264 2.587731
1.696728 3.016081 1.399692 0.4338939 1.545702 1.20763
1.067479 6.116097 0.3728635 0.3622065 2.931806 0.3570351
1.724877 2.992204 1.132367 0.3718836 1.26759 0.7821942
2.074007 1.976913 2.995136 0.4812145 1.236671 2.448471
2.001055 2.162476 2.098838 0.4406401 1.168492 1.534632
1.837121 2.440982 1.801752 0.3486987 1.037851 1.130603
2.254504 1.364192 3.68617 0.5108459 1.087861 2.594946
2.422139 1.167503 4.071473 0.5126576 0.9855399 2.548339
2.104184 1.777709 2.904449 0.4372079 1.049181 1.9794
1.496633 3.751436 0.9355782 0.5506131 2.456027 1.11608
1.995488 2.203386 1.959582 0.5044759 1.346463 1.630457
1.331591 4.633094 0.5390811 0.5113369 2.808512 0.6146782
1.709195 2.92725 1.196147 0.5976015 2.056455 1.354792
1.726329 2.898473 1.382937 0.4155842 1.423328 1.112754
1.871675 2.420763 1.711949 0.5172788 1.518995 1.563649
2.502933 0.6154914 8.026313 0.6043638 1.131875 5.763846
2.412238 0.8311619 5.434538 0.5684149 1.082642 3.662553
2.274375 1.008927 6.857644 0.607252 1.315113 6.155909
2.38562 1.012575 5.224083 0.5518058 1.088794 3.67084
2.988024 0.1213734 7.976299 0.8348803 1.240483 5.286888
1.241235 5.02111 0.5216135 0.3005756 1.839001 0.3673943
1.257702 5.028037 0.5461698 0.3952893 2.422113 0.5114972
1.925346 2.112601 2.731564 0.4974659 1.404769 2.500378
3.324744 -0.3850974 8.204798 1.046818 1.35437 4.789679
2.51278 0.7906178 5.415218 0.6170404 1.121916 3.732951
2.046124 1.895174 2.397547 0.4664855 1.159139 1.762346
1.285564 4.792514 0.6168237 0.5019161 2.948771 0.7350786
1.845408 2.318432 2.394837 0.514371 1.563144 2.384928
1.663481 2.850367 1.59108 0.5500522 1.976145 1.818822
3.343055 -0.3408241 9.127838 1.014027 1.321647 5.447097
