2.122114 1.766029 0.7528046 0.2083584 0.3742568 0.1350102
1.838569 2.449178 0.6344423 0.1848509 0.4569527 0.1438489
2.028123 1.821644 0.8033227 0.2036503 0.3976702 0.1576754
2.074498 2.052934 0.6592685 0.203269 0.3966644 0.1265894
2.002556 1.993876 0.7898329 0.1966438 0.4073853 0.1625111
2.082526 2.093949 0.6858831 0.20265 0.4052032 0.1372436
1.939001 1.979494 0.8204395 0.1923588 0.4132045 0.1724591
1.76321 2.593797 0.4953449 0.1580673 0.4007426 0.09370864
1.75359 2.679181 0.555931 0.1627014 0.4370068 0.1180376
2.022441 1.788396 0.8900423 0.2094746 0.4171501 0.1872664
1.766753 2.530805 0.580319 0.158808 0.4118666 0.1176673
1.977638 1.916824 0.7819355 0.1987378 0.405942 0.1577085
1.925715 2.268229 0.6482301 0.1927716 0.4377225 0.1406638
1.775291 2.500869 0.5859084 0.1643608 0.419396 0.1205178
1.950302 2.185099 0.706807 0.190793 0.4204719 0.1491395
1.996918 2.17774 0.6764266 0.1896409 0.4012027 0.1345641
1.955788 2.230984 0.6421845 0.1922906 0.4189543 0.1320579
2.354853 1.375404 1.109673 0.2595704 0.415952 0.2252465
1.881561 2.32961 0.6442023 0.1819011 0.4261828 0.1363734
2.058186 1.792936 0.9041024 0.203191 0.3979244 0.1828804
2.184404 1.776683 0.739789 0.2165324 0.3775173 0.1332722
2.130867 1.590986 1.001398 0.2293751 0.4191533 0.2093614
1.839279 2.335186 0.6452029 0.1794318 0.4298821 0.137613
2.05062 1.894515 0.7070579 0.1914074 0.3624179 0.123761
1.904471 2.318691 0.6208227 0.172958 0.3913019 0.1195054
1.941648 2.169184 0.6900928 0.1913607 0.4172221 0.1429075
1.855928 2.568099 0.5396649 0.162067 0.397256 0.1039424
1.848785 2.402574 0.5840475 0.1738348 0.4127428 0.1173186
1.795801 2.38008 0.6674237 0.1807145 0.4543993 0.1520722
2.149228 1.69289 0.8475907 0.2216386 0.3983309 0.1647849
1.679339 2.601805 0.623029 0.1671913 0.4758556 0.1479829
2.118353 1.789453 0.8328846 0.2018096 0.3755653 0.1557542
1.831635 2.269146 0.6648268 0.178218 0.4212885 0.1391041
1.625315 3.170019 0.4555266 0.1561023 0.5053412 0.106382
2.173213 1.613418 1.02828 0.2304615 0.4207298 0.2196344
1.825892 2.141101 0.8188959 0.1849296 0.4453366 0.1890947
2.036648 1.860804 0.7961665 0.203436 0.3982324 0.1569854
1.831978 2.571908 0.5613807 0.1689347 0.4259746 0.1167945
2.065182 1.929055 0.7513897 0.2036522 0.397511 0.1475422
2.167319 1.615009 0.9752532 0.2229737 0.4017312 0.1961103
2.020605 1.909063 0.844334 0.2060009 0.4195496 0.1796264
2.077972 1.915294 0.7709983 0.2082297 0.4034486 0.153995
1.810472 2.565812 0.589392 0.1751664 0.4510294 0.1308916
2.403967 1.353806 0.9509225 0.2561368 0.3832906 0.1687255
2.198584 1.528002 0.9243908 0.2321989 0.3961915 0.1761523
1.83343 2.242589 0.6912022 0.1819596 0.4317808 0.1494657
2.236806 1.647197 0.8825091 0.2270445 0.3890074 0.1678908
1.894692 2.091368 0.7413447 0.1952192 0.4349342 0.1615331
2.282531 1.774282 0.7466355 0.2240105 0.3746624 0.1339947
1.988777 1.988471 0.7810742 0.2030766 0.4241007 0.1665324
1.842797 2.484452 0.5535172 0.1661437 0.4014181 0.1076083
2.48652 0.987804 1.28886 0.2968894 0.4240868 0.2453684
1.743813 2.233062 0.7673501 0.1759284 0.4497931 0.177549
1.917228 2.159037 0.6556426 0.1869783 0.406411 0.1303696
2.261684 1.480619 0.9896178 0.2446757 0.4075607 0.1953625
2.306619 1.408469 1.000338 0.2517268 0.404208 0.1927157
2.191278 1.401152 1.023545 0.2443307 0.4150779 0.2032455
1.843426 2.299101 0.6704337 0.1830821 0.4385923 0.1470647
2.156049 1.687339 0.9274331 0.2332701 0.4256387 0.1965089
1.822453 2.299788 0.6468902 0.1778753 0.4297256 0.1382413
1.987999 1.948243 0.6847641 0.1881342 0.3730978 0.1234611
1.862215 2.399413 0.6007204 0.1807007 0.4286584 0.1259212
2.266755 1.62959 0.8765962 0.2283174 0.3836658 0.1637253
1.943502 2.07672 0.7338164 0.1887481 0.40848 0.1505097
1.81937 2.656285 0.5593556 0.1661344 0.433758 0.1189474
1.710133 2.436278 0.6069911 0.162361 0.4296835 0.129049
1.892224 2.227302 0.5844425 0.1705055 0.370622 0.1039117
2.024358 2.131832 0.6388858 0.1891415 0.3826832 0.118768
2.156783 1.554311 0.956865 0.2269297 0.4018346 0.1883362
2.091903 1.651414 0.8422224 0.2101141 0.3811819 0.155178
1.73653 2.568285 0.5721998 0.1650514 0.4391009 0.1227847
2.250423 1.498305 1.02417 0.2480314 0.4217686 0.2122544
2.006542 1.981639 0.7142952 0.1894578 0.3807694 0.1338449
1.735884 2.573452 0.6137607 0.1676716 0.4550259 0.1389125
2.376961 1.408933 1.010188 0.2559245 0.3993703 0.1930706
1.99615 1.973419 0.7165004 0.1930104 0.39166 0.1381128
1.685314 2.748424 0.5413692 0.1564707 0.449853 0.1183552
1.861382 2.191505 0.7380136 0.184572 0.4310326 0.1613342
2.081211 1.666751 0.7662413 0.2053898 0.3662341 0.1322933
1.885357 2.320018 0.6580807 0.1813865 0.4245815 0.1394653
1.883189 2.192299 0.6586181 0.1753459 0.3930965 0.1279429
2.362451 1.415201 1.025762 0.2567422 0.4060281 0.2006002
2.095655 1.60296 0.9064081 0.2135364 0.387706 0.1714142
1.838669 2.25189 0.6773493 0.1805992 0.4285255 0.1451207
1.982413 1.895761 0.8061667 0.2053103 0.418944 0.1682749
1.897099 1.892465 0.9506374 0.204304 0.4561473 0.226295
2.232772 1.603182 0.8314959 0.227487 0.3806584 0.1506638
2.26 1.335574 1.103366 0.2480473 0.4090562 0.2175535
2.153959 1.689047 0.8777903 0.2200206 0.396961 0.1717776
1.961071 2.145637 0.7099476 0.1943902 0.423423 0.1506091
2.107861 1.882221 0.7309632 0.2049627 0.3820285 0.1357249
2.193104 1.316843 1.172959 0.2478401 0.4249116 0.2425452
1.979162 2.216916 0.6230293 0.1824228 0.3860366 0.1173479
2.067682 1.754826 0.8273399 0.1996504 0.3772303 0.1541295
1.903428 2.039524 0.7931809 0.1923685 0.4277244 0.172543
1.886401 2.287321 0.6386828 0.1795734 0.4158945 0.1317531
1.907876 2.284683 0.5929637 0.1734359 0.3837587 0.1103023
2.250367 1.641761 0.8451058 0.235306 0.3954908 0.1605612
1.884502 2.280968 0.6468297 0.1768477 0.4071906 0.1307232
1.7403 2.664157 0.5357398 0.165324 0.4448778 0.1148309
1.668399 2.735006 0.548313 0.1631939 0.4698912 0.124683
2.255439 1.569039 0.8980539 0.2310067 0.3870116 0.1681441
2.065156 1.813791 0.8002652 0.2142377 0.4109815 0.1617203
2.225865 1.525397 0.9212521 0.2383689 0.4008237 0.1769772
1.854784 2.16603 0.7687241 0.1913434 0.4525567 0.1780229
2.420597 1.334407 0.9840632 0.2614215 0.3901519 0.1784742
2.184737 1.693306 0.8454777 0.2194871 0.3863053 0.1594237
2.436843 1.231542 1.148525 0.2665802 0.3999512 0.2173815
1.94681 2.155519 0.6508057 0.1870879 0.4026212 0.1285486
1.869363 2.411375 0.6014687 0.1756203 0.415291 0.1224499
2.139487 1.772499 0.7838886 0.2120691 0.3820719 0.1452301
2.089705 1.977538 0.7328865 0.2084252 0.4045381 0.1461141
1.962052 1.997919 0.7397461 0.1947558 0.4068603 0.1493643
1.85887 2.190153 0.6885786 0.183816 0.4231029 0.1451184
1.758604 2.579541 0.596166 0.1771538 0.4722567 0.1386019
2.1335 1.712271 0.8826086 0.2189018 0.4021801 0.1760345
2.183527 1.640081 0.9310537 0.2224271 0.3967622 0.1837113
1.794039 2.44769 0.5952844 0.1788099 0.4521136 0.1322467
2.576942 1.160172 1.034988 0.2917536 0.3966803 0.1829999
2.012608 2.043503 0.7004727 0.1930949 0.3928223 0.1356179
1.750851 2.134512 0.7405425 0.1747613 0.429955 0.1612421
2.131839 1.932749 0.7486891 0.2035852 0.3847723 0.1426697
2.018848 1.894761 0.7966686 0.2003768 0.3999045 0.1587541
2.558557 0.9950584 1.113742 0.303549 0.4082673 0.1954052
1.998917 1.955305 0.7501399 0.1947119 0.3941171 0.1464571
1.625807 2.894621 0.5302452 0.1614261 0.4966348 0.1263253
1.8827 2.273643 0.6869335 0.1829675 0.4295088 0.1486913
2.13032 1.984625 0.7656806 0.210978 0.4067521 0.1556577
1.689777 2.656365 0.5947313 0.1549892 0.4385137 0.1293064
2.427571 1.323583 0.9633714 0.263301 0.3893113 0.1727195
1.817736 2.59102 0.5708788 0.1922765 0.4992431 0.1390769
1.885136 2.300172 0.6820551 0.1801905 0.42334 0.1454494
1.845203 2.17228 0.7365947 0.1803184 0.4226106 0.1578008
2.326615 1.525663 0.9032825 0.2471298 0.3956062 0.1703761
2.009139 2.104388 0.7157108 0.1987644 0.4155489 0.1482517
1.911929 2.197125 0.6785843 0.1875005 0.4186067 0.141065
2.163209 1.620202 0.8349287 0.2217775 0.3832571 0.1525566
2.080151 1.783615 0.8410396 0.2034573 0.3859719 0.1614622
1.745617 2.821634 0.5009652 0.1885342 0.5263499 0.1246063
2.218882 1.434901 1.042801 0.241888 0.4111828 0.2085807
2.07392 1.770421 0.8802945 0.2086602 0.4005232 0.1768794
1.807565 2.427019 0.5799694 0.1677508 0.4121992 0.1167475
1.89649 2.307059 0.6214293 0.1845027 0.4220696 0.1286879
2.283015 1.47636 0.9132956 0.2329822 0.3759165 0.1630371
1.702966 2.509456 0.6597662 0.174708 0.4868893 0.1624537
1.710087 2.47292 0.6310209 0.1566525 0.4185712 0.1320203
2.701193 0.9949259 1.143454 0.3170009 0.4064152 0.2017912
1.781794 2.594928 0.5530625 0.1677467 0.431597 0.1154266
1.862813 2.249576 0.684858 0.180472 0.421185 0.1444249
1.864625 2.205708 0.7735532 0.1788065 0.4242906 0.169431
1.892738 2.390814 0.645384 0.1813097 0.4323995 0.1396345
2.237417 1.447577 1.006737 0.2364982 0.3968435 0.1936116
2.144078 1.747809 0.7901524 0.2182274 0.3913167 0.1493369
1.964716 1.987509 0.7023923 0.191163 0.3898856 0.1335511
2.124275 1.581881 0.9568735 0.2180926 0.3944573 0.1863336
1.812964 2.346407 0.6406375 0.1776899 0.4324096 0.1371982
1.778128 2.50893 0.5994801 0.1698789 0.4394534 0.1301354
1.915595 2.150295 0.7643476 0.2037304 0.4625355 0.1797131
1.693571 2.700428 0.5370088 0.161741 0.4564651 0.1187245
1.778559 2.368086 0.7296528 0.1919585 0.4960047 0.1847103
2.01288 1.968741 0.7591251 0.1949481 0.3955905 0.1498206
2.18685 1.464872 1.087816 0.2325841 0.4080901 0.2207633
1.56586 2.912068 0.516689 0.1628425 0.5247132 0.1294383
2.284813 1.512952 0.9563634 0.2373308 0.3908975 0.181272
1.94009 2.055515 0.8138798 0.1969485 0.4345797 0.1814712
2.264115 1.451874 0.9468363 0.2361503 0.3843466 0.1730239
2.071497 1.862023 0.8657967 0.2103896 0.4132378 0.1811343
1.963314 1.851618 0.748913 0.1951938 0.387377 0.1406185
1.880761 2.362337 0.6388968 0.1803815 0.4296763 0.1369765
1.841338 2.254747 0.6956664 0.1803145 0.427536 0.1493931
2.092871 1.84543 0.7888106 0.2080781 0.3934618 0.1529036
1.970053 1.972834 0.7471951 0.1907541 0.3932874 0.1458334
2.112274 1.765995 0.827827 0.1997004 0.3679497 0.1505678
2.255883 1.607364 0.9089899 0.2367423 0.401735 0.1782856
1.78515 2.511263 0.5685464 0.1708426 0.4310355 0.1188715
2.283658 1.660207 0.8229048 0.2365812 0.3915679 0.1543442
2.179098 1.575928 1.030687 0.2371244 0.4267184 0.2208792
2.099722 1.788081 0.7724668 0.2075174 0.3823134 0.143206
2.176619 1.589327 0.8756923 0.2272467 0.3944804 0.1662854
2.211066 1.661707 0.9167562 0.2362431 0.4173758 0.1894022
1.807037 2.66847 0.549336 0.176981 0.4651879 0.1240448
2.376039 1.364843 0.9818791 0.2581967 0.3953332 0.1816752
2.017797 2.156538 0.6535461 0.1932536 0.3998744 0.1281348
2.091753 1.593694 0.891584 0.2150879 0.3892873 0.1681033
1.531598 3.23965 0.4851271 0.1572865 0.5610729 0.1271378
1.620167 2.776861 0.5411849 0.1562093 0.4698348 0.1231238
1.984591 2.027653 0.6972231 0.1887839 0.3858491 0.132062
1.880876 2.549862 0.5530802 0.1793227 0.4365999 0.117129
1.856799 2.246015 0.6509836 0.1825034 0.4228043 0.135884
2.073726 1.864697 0.8178787 0.2141299 0.4164937 0.1698728
2.150748 1.890227 0.7620503 0.2157095 0.4002869 0.1499961
2.15219 1.696432 0.8343527 0.2168285 0.3864537 0.1568064
1.837138 2.554242 0.6207143 0.1923178 0.490647 0.150804
2.221924 1.704737 0.8485053 0.2232538 0.3887129 0.161687
1.771374 2.665782 0.5378288 0.1725969 0.4541853 0.1172473
2.469763 1.207962 1.018875 0.2701159 0.3856145 0.1775406
2.111768 1.87934 0.7282174 0.1994199 0.3687191 0.1304826
2.075223 2.010544 0.7225128 0.2068596 0.4054918 0.1442074
1.847991 2.115483 0.7641606 0.1869635 0.4339635 0.1683327
2.014105 1.816321 0.840257 0.2089874 0.4147195 0.1735284
2.079634 1.885667 0.7938699 0.2112767 0.4085479 0.1609947
1.860791 2.127183 0.6873058 0.1801616 0.4065783 0.1385408
2.361833 1.453606 0.9025689 0.2377693 0.3653248 0.154894
2.229553 1.6472 0.910847 0.2314078 0.4024448 0.1809039
1.804647 2.8936 0.4754766 0.1627951 0.4445267 0.09993805
2.041032 1.995743 0.7655106 0.1983052 0.4018754 0.1545385
1.797756 2.444606 0.6491754 0.1806999 0.4626126 0.150508
1.959566 2.022144 0.7195332 0.1854245 0.3869049 0.1379839
2.127635 1.881774 0.8344368 0.2121644 0.4061868 0.1710193
2.00407 1.998778 0.7387926 0.1916891 0.3918719 0.1441531
2.005752 1.762221 0.8990231 0.2123809 0.4230736 0.1908509
1.974755 2.158671 0.7508255 0.1988788 0.4355676 0.1659554
2.119287 2.118564 0.6315143 0.2052794 0.3971008 0.1211957
1.867821 2.198038 0.6464852 0.1858783 0.421212 0.1334217
1.804831 2.433646 0.5825609 0.1736941 0.427386 0.1212067
1.862219 2.09478 0.8083501 0.187217 0.4339521 0.1803915
2.003697 1.879656 0.7936382 0.1944953 0.3888598 0.1535923
1.934203 1.998711 0.7886151 0.1955806 0.4197334 0.1667283
2.416382 1.148018 1.202583 0.281613 0.4227929 0.2363801
1.923972 1.990987 0.806588 0.1829776 0.3966684 0.1630949
1.937522 2.256536 0.6373514 0.183151 0.4061324 0.127661
1.715345 2.708532 0.5481303 0.1645031 0.4605432 0.1227532
1.754982 2.533238 0.6131995 0.1827595 0.4877296 0.1481599
2.044206 1.77007 0.8488354 0.2102165 0.4051972 0.1702557
2.108756 1.804255 0.7988782 0.2105725 0.3934324 0.1546086
1.865634 2.210858 0.7001697 0.1828492 0.4262956 0.1501918
2.3107 1.515649 0.9622298 0.2463921 0.4023586 0.1876888
1.980601 2.004224 0.7015288 0.1860893 0.3792448 0.1306368
2.101854 1.646208 0.8935045 0.2224411 0.4066202 0.1774925
2.069744 1.893319 0.8166818 0.2087568 0.4065754 0.1658904
2.159475 1.775874 0.8511546 0.2246168 0.4120825 0.1740261
1.962423 2.045443 0.7412234 0.1933753 0.4102833 0.1521147
2.349704 1.266052 1.051065 0.2614965 0.4024863 0.1965035
2.033056 1.887266 0.815908 0.2065587 0.4112296 0.1678462
1.983114 2.011808 0.7943981 0.2009055 0.4250775 0.1711242
1.990154 1.879326 0.8024212 0.2098421 0.4260776 0.1698466
1.84799 2.398568 0.6222169 0.1876576 0.4564847 0.1403158
2.325728 1.350106 1.020367 0.2570122 0.4050826 0.1948576
2.016573 1.88018 0.788042 0.2007468 0.3978641 0.155259
1.913965 2.069693 0.7559288 0.1923664 0.4228644 0.1608085
1.813334 2.474236 0.5489883 0.1636464 0.3994683 0.1058711
2.106634 1.779519 0.8389762 0.2144652 0.4024407 0.1672964
1.954115 2.190652 0.6789637 0.1886844 0.412292 0.1392818
2.165859 1.806283 0.7239524 0.2146046 0.3784351 0.1305758
2.464387 1.124733 1.144417 0.2812639 0.4062717 0.2114798
2.247193 1.539936 0.9760364 0.2402856 0.4083794 0.1953358
2.049913 1.851096 0.7978405 0.2086317 0.404781 0.1594523
2.000281 1.96047 0.7018153 0.1871529 0.3731051 0.1279347
2.126711 1.883063 0.79926 0.2114126 0.3994266 0.1589105
2.255433 1.66401 0.8492413 0.2283162 0.3854119 0.1586806
2.238821 1.530077 0.9214278 0.2335498 0.3913794 0.1736408
2.135502 1.845255 0.8212295 0.2152784 0.4033933 0.164992
1.875569 2.273737 0.6655402 0.1827241 0.4247596 0.1408334
2.157338 1.750815 0.7876941 0.208029 0.3705732 0.141774
1.831184 2.187226 0.7901667 0.1871325 0.4528633 0.1846763
2.362429 1.489317 0.9487568 0.2438804 0.3860937 0.1765498
2.118945 1.729011 0.843446 0.2232304 0.4097272 0.1690711
2.147533 1.702921 0.9182415 0.2202336 0.4051045 0.1863824
2.02497 2.048052 0.7527484 0.1791321 0.3687741 0.1408875
2.173377 1.699704 0.8608095 0.2141981 0.3806819 0.1612105
2.235352 1.439745 1.072866 0.2484381 0.4226425 0.2222973
2.129988 1.687115 0.8324742 0.2066576 0.3707862 0.150359
1.972054 2.203947 0.6818516 0.1934687 0.4199654 0.1424355
1.924449 2.263481 0.646514 0.1802139 0.4058229 0.1302841
2.026596 1.908078 0.7843007 0.2035962 0.4044865 0.1574382
1.975446 2.005687 0.7415399 0.1926023 0.4007918 0.1480137
1.87361 2.204625 0.6635246 0.175967 0.3974755 0.1304513
2.082016 1.492195 0.9986459 0.2223138 0.4047229 0.1972357
2.112225 1.701102 0.9023546 0.2218669 0.4111187 0.1839512
1.920397 2.204003 0.6260479 0.1816341 0.3944608 0.1201041
1.707578 2.499231 0.6170216 0.1602121 0.4329904 0.1330654
2.014126 1.940794 0.7760078 0.2026798 0.408167 0.1574765
1.733313 2.521988 0.6326227 0.1804119 0.4888965 0.1543273
2.18192 1.660271 0.8577567 0.2254108 0.3956936 0.1649415
2.130541 1.728936 0.8689655 0.2131828 0.3922667 0.1691674
2.193747 1.857568 0.763354 0.2114761 0.3806131 0.1426892
2.144253 1.805316 0.7856173 0.2119208 0.3867856 0.1487211
2.180439 1.444609 0.9441072 0.2330971 0.393704 0.1759341
2.111588 1.791283 0.7966255 0.215691 0.3991031 0.155238
2.028347 1.689501 0.9402546 0.2124046 0.4144183 0.1956536
2.040484 1.935469 0.8020182 0.2018045 0.4051332 0.1634782
2.013296 1.91955 0.8069814 0.1971842 0.3987323 0.1617265
1.913071 2.004032 0.7564233 0.1908433 0.4097332 0.1544565
2.030407 1.958176 0.694062 0.197078 0.3855819 0.1297252
2.087739 1.810385 0.8153065 0.2121291 0.4023253 0.1620592
1.794731 2.38645 0.6343363 0.1719854 0.4300124 0.1358098
1.861131 2.31793 0.6623285 0.1887427 0.4524072 0.1498538
1.724842 2.663547 0.594171 0.1750396 0.4920539 0.1446722
2.0407 1.859434 0.826521 0.2043444 0.4026285 0.1664495
1.691034 2.671209 0.5625719 0.1658668 0.4698637 0.1292401
2.048965 1.867715 0.8066977 0.2046143 0.3993323 0.1601122
1.920791 2.119426 0.7229641 0.1812942 0.39702 0.1439686
1.780158 2.668528 0.5407741 0.1772708 0.4684462 0.1219862
1.687993 2.642164 0.5954091 0.1753551 0.4934135 0.1441273
1.834541 2.335984 0.676431 0.1733936 0.4209725 0.143408
2.124813 1.863829 0.838845 0.2092921 0.4002953 0.169606
1.851048 2.424116 0.5974435 0.170718 0.4086136 0.1197538
1.707381 2.855131 0.5102768 0.1681022 0.4842542 0.1177061
2.383453 1.184343 1.218867 0.2783886 0.4290811 0.2470076
2.093761 1.813373 0.7919709 0.2043614 0.3829919 0.14908
2.330442 1.55876 0.8307449 0.242408 0.3836958 0.1497636
2.104233 1.976144 0.6893893 0.2008991 0.3817834 0.1280574
2.46982 1.316643 0.9786321 0.2659758 0.3878111 0.175606
1.914232 1.942409 0.8004814 0.1913477 0.4081512 0.1638795
1.710262 2.66491 0.5562846 0.1726012 0.4760432 0.1281393
1.958638 1.959962 0.7564801 0.1914282 0.3959801 0.1486488
2.044147 2.061195 0.6141529 0.1850232 0.3613962 0.1063419
1.49279 3.12265 0.5022016 0.1406453 0.4946283 0.117175
1.955483 1.998036 0.7946735 0.1928192 0.410752 0.1652884
2.007491 1.94634 0.8317251 0.2022402 0.4169733 0.1760939
1.767265 2.550313 0.5483859 0.1652531 0.4234562 0.1121079
2.109275 1.998718 0.6824027 0.1961976 0.3693355 0.122397
2.004471 2.071646 0.7493284 0.1943384 0.4057192 0.152821
1.949067 2.188139 0.6319319 0.1802291 0.3849716 0.1187342
2.027425 1.812192 0.8097661 0.2056564 0.4010329 0.1601667
1.743528 2.765839 0.5055858 0.1637684 0.4497931 0.1085148
1.968644 1.938261 0.8206174 0.1959383 0.4107696 0.1707594
1.717274 2.701871 0.5076772 0.1508766 0.4115375 0.1001323
1.816257 2.143274 0.7518283 0.1814977 0.4311454 0.1645557
2.070362 1.922629 0.7283556 0.2047644 0.3924422 0.1393448
2.180461 1.765745 0.7911845 0.2185289 0.3875463 0.1489252
2.114051 1.615129 1.041659 0.2349243 0.4415728 0.2331655
1.932963 2.062402 0.7548974 0.1916014 0.4147535 0.1572732
1.953958 2.087127 0.7352973 0.1916466 0.414227 0.153097
1.922217 2.182672 0.6951481 0.1910163 0.4240577 0.1468636
1.910622 2.305373 0.6277756 0.1857347 0.4200503 0.1293865
2.047508 1.828119 0.8797445 0.2142232 0.4244536 0.1886742
2.252326 1.544803 0.8605427 0.2308866 0.3783073 0.1540422
1.812684 2.270899 0.6419399 0.1810003 0.4290485 0.1352331
1.891981 2.204372 0.6422806 0.1782821 0.3975971 0.1254172
2.251202 1.570865 0.940317 0.2326606 0.3938436 0.1812129
2.117004 1.615649 0.9172931 0.2275465 0.4135758 0.1856578
1.800599 2.513686 0.5462724 0.1674367 0.4144005 0.1088494
1.842919 2.480817 0.5881532 0.1822756 0.4462834 0.1281134
2.140272 1.801157 0.7556737 0.2190864 0.3964958 0.1443456
1.535875 3.451979 0.3840496 0.1601778 0.5667009 0.09474746
2.286578 1.301215 1.031868 0.2517545 0.3991342 0.1921185
1.678436 2.925097 0.4592085 0.1564762 0.4601985 0.09878476
1.732255 2.349817 0.6445233 0.1722278 0.4418044 0.1414349
2.190519 1.501973 0.9592261 0.232619 0.3992711 0.1850699
2.177192 1.618123 0.8912112 0.2298303 0.4025606 0.1742316
1.828917 2.378278 0.6442141 0.1775258 0.4400268 0.1421094
2.227661 1.535609 1.038748 0.2387421 0.4153512 0.2152196
1.675763 2.583079 0.5488359 0.1530989 0.4186801 0.1113872
2.183302 1.721106 0.8047188 0.2246342 0.3949414 0.1534948
1.796565 2.443834 0.6224085 0.1747329 0.4400333 0.1356433
2.14137 1.550845 1.021385 0.2251346 0.4069117 0.207213
2.217569 1.578247 0.9403935 0.2343417 0.4050925 0.1866787
2.17455 1.730367 0.8059415 0.2179442 0.3847314 0.1502967
1.73882 2.597354 0.6074377 0.1824102 0.4981243 0.1495762
2.698583 0.7011704 1.440964 0.3563469 0.4577963 0.2737245
1.918211 2.210428 0.6992062 0.1823148 0.4106138 0.144377
1.815048 2.151945 0.7640022 0.1854482 0.4429357 0.1722293
1.977959 1.777804 0.9406436 0.2108534 0.4337117 0.2081422
1.922381 2.175043 0.7008306 0.1964469 0.4381969 0.1532323
2.107723 1.612625 0.9747575 0.2224371 0.41146 0.2000016
2.355086 1.477593 0.8991456 0.249068 0.3891945 0.1649461
2.132456 1.507957 0.9877985 0.2182997 0.387039 0.1870821
2.000961 2.097819 0.6917001 0.1932788 0.3996772 0.1364025
2.51727 1.167563 0.9636146 0.2838448 0.3884101 0.1632825
1.816118 2.466695 0.5668043 0.1635072 0.3991445 0.1099668
2.046672 2.217194 0.6133061 0.1903324 0.3899378 0.1163127
1.655582 2.717566 0.5773641 0.1606764 0.4687434 0.1326208
1.927231 2.18008 0.650642 0.1846706 0.4035682 0.1290384
2.086784 1.626593 1.060573 0.2246963 0.4302116 0.2334007
2.096464 1.841897 0.7514213 0.2095926 0.3889658 0.1415197
1.913993 2.071679 0.735191 0.1932798 0.4225021 0.1550805
2.074068 1.582539 0.9659063 0.2158293 0.4007655 0.1913824
1.964356 1.925324 0.8174713 0.1928116 0.4012151 0.1654805
2.269176 1.4631 0.9782439 0.2458585 0.4045113 0.1899663
2.033113 1.911464 0.748051 0.2004776 0.3942465 0.1449799
1.89631 1.954164 0.8553518 0.2049165 0.4525151 0.1973856
2.019264 2.083073 0.7139868 0.1919324 0.3951227 0.1404996
1.543602 3.073671 0.4155706 0.1409617 0.4559489 0.08602304
2.026202 1.857162 0.866876 0.2044703 0.410778 0.1804692
1.903104 2.399771 0.5644329 0.1673451 0.3803145 0.1039298
1.949369 1.964728 0.8460775 0.1875635 0.4022839 0.1748698
1.990112 2.134129 0.6172119 0.1839506 0.3747074 0.111286
2.056617 1.782266 0.9239203 0.2140813 0.4231993 0.1992927
2.320567 1.39794 1.060909 0.2608803 0.4212259 0.2156041
2.093971 1.83442 0.7629675 0.213034 0.3980322 0.1475507
2.017788 1.773781 0.894798 0.2118039 0.4224057 0.1904499
1.748457 2.644676 0.5575183 0.1739903 0.4694367 0.1271149
2.191781 1.666995 0.7840154 0.218636 0.3727992 0.138669
1.92055 2.149613 0.6831678 0.1785658 0.3921091 0.1333643
1.918776 1.865191 0.8954707 0.2084115 0.4473427 0.2039811
1.853929 2.234434 0.7581277 0.1919998 0.4604187 0.1786164
2.026402 2.092967 0.6644343 0.1894528 0.3817276 0.1239764
1.979034 1.8336 0.9191562 0.2010533 0.4162669 0.1961918
1.724219 2.664891 0.5929795 0.1968312 0.5540152 0.1614219
1.99656 2.041923 0.7928087 0.2047894 0.433362 0.1743451
1.969797 1.996668 0.7436683 0.1947601 0.405555 0.1499093
2.179798 1.764883 0.8383279 0.2262325 0.4091031 0.1692567
2.049892 1.843389 0.7977494 0.2077148 0.4041575 0.15946
2.193556 1.456856 0.9105639 0.2279719 0.3796578 0.1626363
1.932528 2.041971 0.8356261 0.1937489 0.4291973 0.1850204
2.114467 1.838937 0.8497639 0.2103916 0.4006059 0.1712268
1.866829 2.219413 0.6604544 0.1765069 0.4006893 0.1307103
1.933806 2.212096 0.6445857 0.180253 0.3932819 0.1246815
2.514258 1.182484 1.078023 0.2904412 0.4117069 0.2016549
1.886721 2.177916 0.6380128 0.1776297 0.3918562 0.1220336
2.146452 1.590374 0.9492499 0.2191028 0.3919453 0.1835832
2.013902 1.972191 0.6764573 0.1874936 0.3702667 0.1215053
2.388071 1.524726 0.7470284 0.2429606 0.3595665 0.1209555
1.738524 2.386678 0.7016232 0.1708341 0.4512965 0.1614639
1.952586 2.030919 0.7598102 0.1905421 0.4059041 0.1550016
2.308957 1.466433 0.9794028 0.251119 0.4073962 0.1919603
1.849092 2.177073 0.6508214 0.1813354 0.4125258 0.1316128
1.816129 2.337902 0.5556113 0.1641407 0.3813768 0.1013169
2.198344 1.764117 0.720762 0.2162784 0.3701376 0.1259906
2.122671 1.71917 0.9077425 0.2247145 0.4195349 0.1903078
1.937738 2.200901 0.6472305 0.1888054 0.4138505 0.131726
1.8261 2.320065 0.6118116 0.1767632 0.4212936 0.1262434
2.134522 1.733687 0.7998261 0.2133277 0.3826193 0.1480109
1.957479 1.936568 0.8053438 0.19985 0.4178698 0.168869
2.373472 1.379461 0.991289 0.2477611 0.3815174 0.17896
1.814159 2.301482 0.7163498 0.1785788 0.4391072 0.1597351
1.728314 2.702117 0.5450878 0.1585099 0.4326415 0.1141297
1.781323 2.556473 0.677495 0.1880329 0.5094685 0.1753776
1.972002 2.27404 0.6602085 0.1874689 0.4087485 0.1336775
1.892402 2.118981 0.6951444 0.1818045 0.4013871 0.1383978
1.914209 2.157187 0.6810374 0.1846209 0.4044669 0.1361605
2.239838 1.518352 0.9016935 0.2300129 0.381581 0.1643181
2.033766 1.756818 0.872881 0.2123434 0.4132469 0.1794534
1.97993 2.152031 0.5829777 0.1757076 0.3541395 0.09812436
2.3708 1.529174 0.8288226 0.2478127 0.3815284 0.1471959
1.994879 2.106169 0.6941751 0.1911253 0.3978523 0.1366616
2.20248 1.577341 0.975188 0.2434431 0.4278969 0.2059388
2.020342 2.194006 0.5804478 0.1903839 0.3841779 0.1060189
1.991053 1.901887 0.8768611 0.2034556 0.4223642 0.1892738
1.902296 2.174637 0.7480983 0.1966977 0.4515783 0.1716753
2.039267 1.970764 0.7686768 0.2042877 0.4104482 0.1574372
1.88538 2.148818 0.8166854 0.1915424 0.4489954 0.1904287
1.942892 2.052622 0.7430288 0.1931386 0.4147705 0.1542232
2.551315 1.072397 1.186071 0.2980201 0.4143722 0.2215882
1.958781 1.915057 0.7839423 0.1925927 0.3964618 0.154678
1.810359 2.724377 0.5137424 0.1757705 0.4634123 0.1140019
1.921446 2.014167 0.7761494 0.1975195 0.4274387 0.1665501
1.946714 2.140332 0.7522594 0.1983469 0.4390021 0.1673159
1.728851 2.76865 0.4737203 0.1547923 0.4221225 0.0941762
1.992762 2.004425 0.7093311 0.1904432 0.386585 0.1347911
1.809139 2.438276 0.6088958 0.1764307 0.4391877 0.1317487
2.048886 2.034411 0.7500422 0.2011708 0.4068641 0.1526586
2.149188 1.66457 0.8983667 0.2149254 0.3862369 0.1713176
2.111495 1.800081 0.7279149 0.2030352 0.3681679 0.1284088
1.813022 2.318334 0.7623677 0.188746 0.4770053 0.1877347
2.263896 1.769212 0.8837017 0.2357302 0.4168905 0.1848767
2.472795 1.375918 0.9511419 0.2682972 0.392517 0.1734741
1.733237 2.319139 0.7166393 0.179655 0.4681632 0.1705201
1.913787 1.952417 0.8244326 0.1991467 0.4326025 0.1807377
2.184938 1.66544 0.960011 0.2255817 0.4055207 0.1953683
2.372177 1.364041 0.9767426 0.258165 0.3953989 0.1804031
2.157107 1.593266 0.9222863 0.2255833 0.3993418 0.1798908
2.089669 1.771974 0.8548788 0.2046274 0.3858472 0.1642978
1.811457 2.381322 0.6312891 0.1789258 0.443528 0.1390413
1.689885 2.550962 0.6734766 0.1832776 0.5258717 0.1800302
1.856256 2.284534 0.657203 0.1833308 0.431716 0.1409612
1.912264 2.244087 0.693471 0.1938477 0.4410207 0.1529506
1.964923 1.984821 0.7504226 0.1868921 0.3861318 0.1441053
2.42518 1.229176 1.177996 0.2776736 0.4216622 0.2357521
2.089399 1.840682 0.793352 0.206663 0.3927187 0.1539547
1.79065 2.56474 0.5702511 0.1650302 0.4248941 0.118617
2.221604 1.614274 0.8578551 0.2267879 0.3849678 0.1589298
1.717496 2.634483 0.5918433 0.1637708 0.4542751 0.1329281
1.799771 2.339343 0.7097147 0.1880402 0.4744122 0.1709553
1.760236 2.510174 0.6265982 0.1733292 0.458111 0.143134
1.974231 2.200959 0.5954796 0.1834399 0.3843426 0.1101589
2.087256 1.815057 0.8137793 0.2082206 0.3942571 0.1586249
2.203462 1.70266 0.7730087 0.2215495 0.3775965 0.1386554
2.598301 0.7918173 1.383875 0.3251906 0.4355453 0.2568703
1.898941 2.099718 0.7934603 0.2020236 0.4591953 0.1859795
1.68227 2.881644 0.5042569 0.1555486 0.4581068 0.1103829
2.029542 2.028328 0.7255874 0.2001307 0.4049937 0.1455439
2.048793 1.832729 0.9018724 0.2104805 0.4201609 0.1933499
1.999465 1.814991 0.8695786 0.2058195 0.4169576 0.1829699
1.638524 2.763821 0.5604951 0.1621914 0.4849196 0.1325464
2.251632 1.607414 0.8489258 0.2309206 0.3851406 0.1565479
2.064701 1.665433 0.9376956 0.2211564 0.4218508 0.1973961
2.384962 1.398407 0.9199915 0.2498832 0.3784889 0.1618894
2.305276 1.444186 1.01653 0.2502874 0.4079962 0.2007432
2.014261 2.016085 0.7541932 0.1907813 0.3904216 0.1476487
1.983807 2.046136 0.7648038 0.2027262 0.4295802 0.1653899
1.784842 2.403565 0.6130551 0.1692262 0.4200127 0.1266994
2.268049 1.512614 0.9509685 0.2339753 0.3885254 0.179226
2.240253 1.605672 0.918531 0.2375143 0.4058805 0.1821115
2.025352 2.122972 0.6350771 0.1952758 0.3928182 0.120394
2.113102 1.738295 0.9299119 0.2250764 0.4266741 0.2002046
1.834331 2.254407 0.6699302 0.1752794 0.4150669 0.1388376
2.24178 1.532575 0.9671183 0.2410731 0.4088458 0.1927692
1.563024 2.799349 0.5199455 0.1456701 0.4502197 0.1122051
1.864286 2.394929 0.6135345 0.178816 0.4263904 0.1289027
1.890987 2.406467 0.6087325 0.1795603 0.4210591 0.1259839
2.161044 1.708008 0.8585841 0.2195352 0.3941896 0.1663209
2.274635 1.460801 0.9059256 0.2390117 0.3852592 0.1642368
1.841558 2.25396 0.6317151 0.17283 0.4015872 0.1248091
1.958363 2.13985 0.6838012 0.1982688 0.4256751 0.1436228
1.684666 2.512948 0.5868506 0.1609357 0.4322724 0.1239129
2.149193 1.487407 1.000386 0.2335351 0.4129795 0.2015552
1.935591 1.971342 0.7885806 0.1977941 0.4211817 0.1666185
1.937069 2.203419 0.5843706 0.1767453 0.3749458 0.1050014
1.780879 2.35515 0.6155287 0.1672992 0.4108322 0.1243353
2.029882 1.998327 0.6768784 0.1891044 0.3731128 0.1229251
1.79699 2.24316 0.68404 0.1772785 0.4300563 0.1472803
2.007701 1.998186 0.7085899 0.1948503 0.3921865 0.1363049
1.847664 2.366553 0.6158978 0.1686785 0.4019626 0.1223613
1.790971 2.225463 0.7755415 0.1766983 0.4400492 0.1762686
1.802951 2.343431 0.6786824 0.1709268 0.4233451 0.1448208
2.149587 1.588012 0.8410682 0.2214716 0.3840945 0.1535224
2.045905 1.886517 0.8319545 0.2107846 0.4188847 0.1750345
1.919988 2.084728 0.7832824 0.1878667 0.4186305 0.1675758
2.089821 1.761429 0.829628 0.2175285 0.4085382 0.1665361
2.311762 1.432197 0.9762963 0.2472959 0.3960091 0.184348
1.905928 2.152797 0.6921098 0.1850362 0.41278 0.1424522
1.752609 2.659716 0.5578808 0.1690154 0.4529148 0.1225604
1.91394 2.122214 0.6977824 0.1791035 0.395097 0.1378522
2.058205 1.555133 1.075683 0.2200168 0.4203873 0.2290894
1.828152 2.444636 0.6276627 0.1859965 0.4634233 0.1441869
2.144977 1.682087 0.977588 0.2141304 0.3974124 0.1978178
1.978487 2.130365 0.699929 0.1960197 0.4176017 0.14527
1.966454 1.978674 0.7634657 0.1992109 0.4147503 0.1576068
1.951268 2.014547 0.7840449 0.1928076 0.4122525 0.1633649
1.856313 2.338006 0.7021225 0.1776014 0.4311313 0.1539669
1.851808 2.275033 0.7299794 0.1886617 0.4568576 0.170151
1.798299 2.519172 0.5647214 0.1669032 0.4219595 0.1161732
1.895422 2.168663 0.6824313 0.1835908 0.4124221 0.1400558
1.831475 2.191784 0.7312535 0.189725 0.4508628 0.1664941
1.913373 2.232918 0.6403544 0.1780608 0.3945433 0.1243007
2.330095 1.486429 0.9236371 0.2459484 0.391869 0.1724216
1.957404 2.001988 0.759042 0.1959611 0.4128727 0.1565235
1.685581 2.82877 0.4985375 0.1674748 0.4779266 0.1122986
2.14481 1.717863 0.8391137 0.2217605 0.3984781 0.1628729
2.178407 1.833854 0.7298094 0.216406 0.3837117 0.1344838
1.921748 1.984643 0.8530058 0.1904794 0.419686 0.1847535
2.005822 1.984412 0.8186855 0.2032818 0.4237452 0.1764109
2.286187 1.235816 1.172645 0.2610568 0.421011 0.2346151
2.031546 2.071925 0.6865882 0.1929631 0.3899005 0.1317379
1.743093 2.700951 0.5143899 0.1671972 0.4525354 0.1112791
2.15051 1.719383 0.885785 0.2233513 0.4066217 0.1784326
1.829128 2.395168 0.5934099 0.1767028 0.4249341 0.1229219
2.152001 1.6871 0.8451118 0.2267669 0.4058567 0.1666686
1.859478 2.185511 0.7696821 0.1950756 0.4608476 0.1812153
1.998685 1.935393 0.7466335 0.195743 0.3941117 0.1451953
1.824494 2.355904 0.6991997 0.1921951 0.4806133 0.1703075
2.304565 1.491877 0.8970922 0.250526 0.400265 0.1689571
2.074152 1.740243 0.8613777 0.2095398 0.3960205 0.1689487
1.59633 2.977021 0.5375437 0.1526182 0.4956867 0.1289754
1.918902 2.171903 0.7155034 0.1876142 0.4204812 0.1514192
2.193643 1.664457 0.8047576 0.2188037 0.3779111 0.1459429
2.132099 1.761859 0.9050304 0.2302212 0.4325183 0.1965446
2.321881 1.386125 0.9843373 0.2482867 0.3916602 0.1820518
1.978118 2.019464 0.8003156 0.2119424 0.4531662 0.1838858
1.980419 1.932513 0.8915016 0.1991389 0.4214802 0.1941205
2.009101 1.993358 0.7486998 0.1956728 0.399025 0.1488083
2.297417 1.434953 0.93872 0.2437239 0.3894312 0.1725384
1.88106 2.225628 0.7276588 0.1919185 0.4506335 0.1665178
1.990224 1.981177 0.7929804 0.2054262 0.4292079 0.1714848
1.799344 2.399985 0.6081906 0.1739192 0.431824 0.1293866
2.103603 1.805368 0.8892674 0.2198494 0.4223082 0.1896427
2.018045 2.191584 0.7085544 0.203813 0.4356399 0.1547339
2.355767 1.324465 1.134715 0.2706295 0.4294507 0.2348451
2.135126 1.596543 0.9638012 0.2257076 0.40941 0.1954704
1.928061 2.218598 0.6439827 0.1775291 0.3902658 0.1239608
2.214801 1.556271 0.9513991 0.2343354 0.4034087 0.1875539
1.689453 2.558528 0.6220223 0.178737 0.4948937 0.1521521
1.785427 2.650246 0.5037687 0.1467222 0.379213 0.09256104
1.955945 1.929888 0.7965452 0.1936676 0.4028418 0.1607199
1.725765 2.5593 0.5752427 0.1666207 0.4404779 0.1231699
1.58881 2.996205 0.4765712 0.1532595 0.4911256 0.1101852
1.935932 1.85594 0.8524691 0.1899342 0.3973228 0.1712278
1.96 1.913084 0.8728153 0.2013309 0.4276255 0.1912372
2.1916 1.58763 0.9192721 0.2317603 0.4036418 0.1808219
2.054046 2.066013 0.6947494 0.1989145 0.4001227 0.1372204
2.303358 1.417879 1.023102 0.2553353 0.4136713 0.2032248
1.795875 2.542273 0.5561779 0.1701105 0.4288433 0.1153421
2.214538 1.440334 1.005582 0.2393589 0.4041449 0.195797
2.162309 1.706238 0.8353846 0.2217788 0.3953564 0.1608281
1.86371 2.411597 0.6053213 0.1822713 0.4342089 0.1287855
1.776046 2.382544 0.6938205 0.1729387 0.4413124 0.1550321
2.011052 1.910292 0.7048087 0.1943163 0.3804449 0.1297893
2.232305 1.613957 0.9076434 0.2248043 0.3863595 0.1722229
1.797786 2.379208 0.5921886 0.1736865 0.4249087 0.1227514
1.902971 2.025056 0.7843133 0.1936939 0.4282667 0.1700023
1.86631 2.245932 0.6744403 0.1815301 0.4237215 0.1428635
2.064825 1.436924 1.12015 0.2328142 0.4338176 0.2411654
1.958101 2.035879 0.7480414 0.1922468 0.4061346 0.1517877
2.555953 1.127698 0.9994131 0.2877848 0.388364 0.1694113
2.014842 1.780029 0.8621862 0.21093 0.4168377 0.1790774
1.768178 2.442839 0.6629518 0.1782516 0.4634952 0.1543737
1.919764 2.105328 0.7045076 0.1850116 0.4010365 0.1402018
2.082539 1.841996 0.8329472 0.2092221 0.4022385 0.1673368
1.867528 2.311912 0.6611278 0.1813331 0.4274343 0.1409617
1.969436 1.899292 0.8545788 0.1968772 0.411439 0.1789702
1.831547 2.195603 0.7808233 0.1857823 0.4484514 0.1801809
1.947947 2.123019 0.7437624 0.1964931 0.428289 0.1601936
1.931707 2.109159 0.780079 0.1854967 0.4133988 0.1653166
1.873953 2.459716 0.5745915 0.1717167 0.4062373 0.1135565
1.880545 2.121203 0.7490909 0.1876824 0.4268673 0.1617381
1.893913 2.256913 0.7300112 0.1966729 0.4616722 0.171207
1.986984 2.224529 0.5833834 0.1856113 0.388517 0.1087896
1.83555 2.17886 0.7263785 0.1852165 0.4397458 0.1616925
2.182305 1.627952 0.8747809 0.2225207 0.3874055 0.1644532
1.799809 2.149914 0.7695342 0.1839553 0.4409572 0.1724709
2.083154 2.037359 0.6561605 0.1914728 0.3682661 0.1171649
1.823502 2.276741 0.694492 0.181475 0.4383056 0.1530716
2.303327 1.489212 0.9474126 0.2437324 0.3953103 0.1798313
2.114437 1.802628 0.8942481 0.2239489 0.429104 0.1939708
2.294138 1.349773 0.9776607 0.2476656 0.3902438 0.1775652
1.964759 2.189417 0.6847436 0.1817459 0.3925447 0.1340896
2.028593 1.968027 0.8346978 0.2082223 0.4287487 0.1822987
2.207384 1.617224 0.8746129 0.2275232 0.3913833 0.1657588
2.041223 1.965204 0.738076 0.2050548 0.4041492 0.146523
2.035239 1.989235 0.7687539 0.2056446 0.4154346 0.1594902
2.045369 1.872049 0.8871838 0.21798 0.4390633 0.1984114
1.779016 2.533983 0.6187959 0.1752467 0.4545193 0.1390484
2.06729 1.979179 0.7931007 0.2058434 0.4120312 0.1647828
2.533761 1.217445 0.9606989 0.2756972 0.379582 0.1623857
1.649534 2.464317 0.6402092 0.1531041 0.430307 0.1389001
1.814824 2.517946 0.5992468 0.179898 0.456078 0.1344976
2.178896 1.422153 1.001629 0.2394244 0.4091221 0.1960966
1.894713 2.251132 0.6364306 0.1859154 0.422307 0.1322009
1.676786 2.847558 0.5247623 0.1574882 0.4654299 0.1177703
2.095422 1.905822 0.8654113 0.2158004 0.4256783 0.1877783
1.802532 2.538536 0.6209185 0.1742361 0.4520917 0.1399266
1.825119 2.432618 0.5927498 0.172575 0.4207411 0.1220494
2.090619 1.815112 0.7685987 0.2044063 0.3796831 0.141959
2.352403 1.462066 0.9535795 0.2506293 0.3954736 0.1799901
2.079269 1.862946 0.7888186 0.2102319 0.4028715 0.1568835
1.894146 2.100898 0.7507604 0.1894538 0.426158 0.1616797
1.825769 2.274443 0.6500304 0.1768307 0.4215396 0.1359527
2.0617 1.918149 0.6847705 0.1906927 0.3621269 0.1197209
2.032426 2.000426 0.6716896 0.1932328 0.3791982 0.1232804
1.714563 2.522006 0.652188 0.1620772 0.4425145 0.1454393
1.759816 2.541105 0.6474992 0.1678223 0.4504038 0.1470275
2.250476 1.46659 0.9747387 0.2366917 0.3930861 0.1846257
1.934248 2.090426 0.6627884 0.1834389 0.3882074 0.1256636
1.702156 2.495865 0.6471221 0.1676124 0.4584144 0.1488755
2.084586 1.640275 0.9163721 0.212649 0.3949361 0.1788923
2.167106 1.748234 0.8043572 0.2153996 0.3825694 0.1495605
1.867745 2.249804 0.6180606 0.1769882 0.4022556 0.1213463
2.289512 1.638765 0.8079011 0.2297925 0.3755442 0.1444214
1.923384 2.289729 0.6437748 0.1766207 0.4004255 0.1283443
1.981115 2.143765 0.6954798 0.1940019 0.4110372 0.1417236
1.824003 2.229571 0.80072 0.1906045 0.4715695 0.1961508
1.920278 2.095912 0.716626 0.1907158 0.4169605 0.1489364
1.850686 2.301632 0.6520232 0.1778098 0.4237266 0.1378509
1.880422 2.014728 0.8469014 0.2027954 0.4609518 0.2006685
1.992777 1.984932 0.7487989 0.1947272 0.399505 0.148821
2.069562 2.163456 0.6500362 0.197256 0.3996524 0.1275409
1.895375 2.220334 0.6729785 0.1748071 0.3964571 0.1333638
1.921465 2.17169 0.6378859 0.1822778 0.3964192 0.1235829
2.535355 1.169895 1.015281 0.2892919 0.3993814 0.1801479
1.886445 2.188006 0.6782312 0.1846885 0.4153913 0.1395631
2.070898 1.98757 0.7085337 0.1968012 0.3829271 0.1332034
1.769433 2.199418 0.7547205 0.1783023 0.445765 0.1723966
1.772406 2.606387 0.578127 0.1632307 0.4288029 0.1215986
2.088615 1.816672 0.9005424 0.2165448 0.4232409 0.1940842
1.740783 2.425878 0.6156458 0.1638355 0.4217536 0.1283572
2.199869 1.598891 0.8815406 0.2252783 0.3873719 0.1651377
1.889867 2.216441 0.6793084 0.1818989 0.4145991 0.1405739
1.968817 2.067801 0.7558436 0.1899935 0.4056566 0.1547779
2.129743 1.672097 0.864052 0.2171624 0.3916971 0.1652732
1.826561 2.316988 0.6545572 0.1716737 0.412914 0.1348139
1.785872 2.657106 0.5084464 0.1610442 0.4152205 0.10069
2.490385 1.011083 1.185249 0.2915718 0.4109127 0.2155652
1.860683 2.203184 0.7505094 0.1864491 0.4410336 0.1690513
2.147104 1.856757 0.764102 0.2157627 0.3978031 0.1488296
1.977218 1.817875 0.8940765 0.2050231 0.4200288 0.1902086
2.151546 1.687445 0.8800382 0.2230312 0.4019629 0.1739641
1.999096 1.908775 0.8232367 0.2014 0.4104519 0.1699663
1.918537 2.314114 0.6030666 0.1832065 0.4135357 0.1218098
2.139895 1.711703 0.9113776 0.215289 0.3962386 0.1808383
1.712538 2.424401 0.7317274 0.1723253 0.4745253 0.1794544
2.221375 1.785967 0.7454046 0.2117262 0.364723 0.1308565
2.077647 1.957409 0.7819577 0.2091986 0.4154901 0.1631004
1.698172 2.876083 0.4645779 0.1539155 0.4377941 0.09515125
2.091687 1.896005 0.7483582 0.2005125 0.3808849 0.1401095
2.072849 1.767695 0.8645477 0.2182868 0.4182731 0.1798709
2.168045 1.791143 0.7285908 0.2156032 0.3804136 0.1321944
1.689898 2.591434 0.6133224 0.1628067 0.4594084 0.1406934
2.251602 1.472279 0.9345058 0.2382635 0.3924649 0.1746954
1.716045 2.554889 0.5940906 0.1735081 0.4720865 0.1380871
2.024797 1.774201 0.8921091 0.2061873 0.4067793 0.182563
2.072367 1.722628 0.8872469 0.2162333 0.4102126 0.1807005
2.200344 1.735729 0.7522454 0.2103133 0.3601485 0.129295
1.810585 2.369687 0.6188351 0.1614646 0.3915121 0.1199261
2.005949 1.915141 0.7853774 0.1981907 0.3997705 0.1565031
1.843512 2.231858 0.7235731 0.1731932 0.4132175 0.1524227
2.044773 1.843756 0.7971017 0.202071 0.3923209 0.1546652
2.025456 1.767811 0.7637335 0.1951569 0.3705938 0.1368734
2.10021 1.887141 0.802697 0.2086489 0.4009235 0.1606617
2.004726 1.844161 0.7724302 0.1866023 0.3659973 0.1393716
1.837729 2.299552 0.6581253 0.1843393 0.4413894 0.1444963
1.646293 2.825367 0.5395815 0.1699712 0.5119052 0.1332822
1.788884 2.353326 0.6497281 0.1768972 0.4405267 0.1425392
1.889275 2.21553 0.6553979 0.1786319 0.4018748 0.1301188
1.947175 2.427737 0.6069441 0.1851981 0.4241325 0.1265694
2.222682 1.699299 0.8907348 0.2339533 0.4116564 0.1813343
1.7625 2.565468 0.5326226 0.1544312 0.3996141 0.1030783
1.952046 1.960213 0.7354361 0.1923234 0.3970579 0.1437336
1.737031 2.825667 0.5042717 0.1559163 0.4331543 0.104138
2.199119 1.829515 0.6562338 0.2082936 0.3550981 0.108806
2.23606 1.556312 0.9322185 0.2322362 0.3938775 0.1786546
1.862218 2.273572 0.7105148 0.1844649 0.4384589 0.157659
1.864578 2.482655 0.6515209 0.1879315 0.4665426 0.1522025
2.024962 1.801386 0.8427971 0.2069411 0.4052532 0.1696652
2.375306 1.205156 1.099162 0.2662896 0.4029111 0.2044008
2.024958 2.037139 0.6396283 0.1901937 0.3755614 0.1155406
1.848456 2.236882 0.6796984 0.1756871 0.4120383 0.1402384
1.706124 2.612237 0.5277183 0.1502576 0.4023117 0.1022248
1.847232 2.505589 0.5881624 0.1665744 0.4125534 0.1198743
1.806675 2.593795 0.5447727 0.1690387 0.4337605 0.1146626
1.798478 2.493061 0.6337829 0.1754648 0.4505134 0.1424493
1.992658 2.027305 0.7481598 0.1944822 0.4032584 0.1507744
1.762962 2.452991 0.6444487 0.1727971 0.4540048 0.1470779
1.966518 2.092817 0.6167614 0.187413 0.3822629 0.1125915
2.408483 1.209668 1.148384 0.2744275 0.4150363 0.2232012
2.004831 1.95849 0.7276455 0.1929465 0.3869901 0.1385502
2.077385 1.877518 0.7881811 0.2074236 0.3997238 0.1560871
1.919402 2.195399 0.6680382 0.1858317 0.4145571 0.1375489
2.017794 1.990215 0.6967786 0.1864187 0.3723425 0.1274032
1.826492 2.455535 0.6115461 0.1737468 0.4312826 0.1304997
1.865931 2.300843 0.6527374 0.1837198 0.4319889 0.1401028
2.055414 1.818697 0.7989625 0.2007173 0.3846739 0.1515897
1.829885 2.399527 0.6186144 0.1675932 0.4084171 0.125326
2.283084 1.648495 0.8629761 0.2386292 0.4002571 0.1676906
2.212872 1.784744 0.8011707 0.2264528 0.399548 0.1563297
1.983545 1.764011 0.9460879 0.2181578 0.4463084 0.214675
2.021403 1.855614 0.8453064 0.2047507 0.4108621 0.1749337
2.052387 1.881296 0.8093723 0.2063916 0.4042592 0.1630552
2.200184 1.457393 1.046031 0.2431057 0.4197349 0.2147179
1.837131 2.498317 0.5915953 0.1846035 0.4588298 0.1329695
1.833072 2.378696 0.6622484 0.1852796 0.4579303 0.1521128
1.91355 2.165937 0.7163146 0.1866301 0.4182117 0.150658
2.307829 1.460161 0.9948524 0.2460684 0.3992336 0.191821
2.043753 1.891292 0.7478138 0.2088141 0.4058296 0.1481453
1.643626 2.956244 0.4556034 0.1439467 0.4312599 0.09175876
2.253862 1.458601 0.9105824 0.2259348 0.3650764 0.1568838
1.683744 2.537507 0.6092227 0.1674686 0.4630702 0.1396276
2.007379 2.028745 0.7589894 0.1986667 0.4104894 0.1561362
1.878714 2.383009 0.5907784 0.1790529 0.4181255 0.1204361
2.573216 1.029734 1.159113 0.2997962 0.4075588 0.2086455
2.027765 1.864894 0.7621357 0.202131 0.3952943 0.1477188
1.887575 2.387705 0.5574627 0.1797864 0.4124552 0.1103459
2.044469 1.968321 0.7071034 0.1952114 0.3823942 0.1322392
1.726791 2.73565 0.550356 0.1685927 0.4692793 0.1250959
2.452151 1.397313 0.8807548 0.2575774 0.3744138 0.1509038
2.161477 1.482795 1.090796 0.2330746 0.4164044 0.2268272
1.966289 1.848703 0.785119 0.1945802 0.3916637 0.1514686
1.804572 2.50857 0.5505335 0.1648967 0.4086704 0.1087211
1.8533 2.41393 0.6609694 0.1859535 0.4553478 0.1506504
2.122591 1.86267 0.7312623 0.2090578 0.3828678 0.1351609
1.96575 1.932529 0.7786689 0.1947077 0.4003803 0.1550688
1.848119 2.393642 0.6472436 0.1806748 0.439906 0.1420449
2.122372 1.953332 0.769327 0.2121289 0.4077374 0.1562801
2.299768 1.12597 1.455541 0.2779067 0.4566591 0.3247797
1.857592 2.20763 0.6521318 0.1695139 0.3862045 0.1245821
1.880551 2.332455 0.6977488 0.1944417 0.4650598 0.1637937
2.273821 1.356353 1.084779 0.2511687 0.4120462 0.2152985
2.110709 1.749382 0.9130107 0.2181133 0.4130705 0.1901238
2.172121 1.627059 0.9165108 0.2243927 0.3981 0.179532
2.192355 1.569776 0.9360742 0.2312717 0.4016697 0.1833394
2.273944 1.419819 1.113883 0.2555334 0.4297809 0.2362039
1.737616 2.475642 0.5984324 0.1747392 0.4556916 0.1336138
1.768232 2.47029 0.5747136 0.164131 0.413273 0.1155405
2.28419 1.494495 1.068433 0.2601184 0.4395698 0.2326822
2.074811 1.869616 0.7721066 0.2098577 0.400088 0.1514046
1.731102 2.660829 0.5281347 0.173998 0.4717136 0.1194371
2.374383 1.238392 1.093476 0.269364 0.4113844 0.2093421
2.093737 1.808352 0.7814174 0.2037471 0.3786049 0.1445041
1.966108 2.126242 0.6938581 0.1897704 0.4029656 0.1384934
1.923947 2.069708 0.6748685 0.1827593 0.3856374 0.1270431
1.847387 2.177608 0.7356514 0.1821599 0.4295881 0.1605767
1.91349 2.001514 0.7729425 0.1869854 0.4045991 0.1573176
2.030552 1.758466 0.9771469 0.2075263 0.4158311 0.2092208
1.807682 2.180816 0.7944212 0.2018366 0.4948902 0.2019142
2.336802 1.453758 0.8672763 0.2404139 0.3708493 0.1490605
2.498 1.070799 1.175391 0.2877579 0.408161 0.2162416
1.924195 2.243992 0.6201663 0.1850739 0.4083536 0.1235449
2.069384 1.78681 0.8293255 0.2023437 0.3858801 0.1588391
1.994271 2.103617 0.7177169 0.1895941 0.3990846 0.1433459
2.071282 1.926419 0.7971775 0.2136172 0.4192606 0.1667093
2.413888 1.473579 0.8839667 0.2473061 0.3726034 0.1543064
1.804137 2.152533 0.6420868 0.1725179 0.3974126 0.1245063
2.010474 2.033659 0.8560545 0.2133124 0.4566668 0.2021005
1.996408 1.781596 0.9570092 0.2037279 0.4168217 0.2052978
1.768906 2.573468 0.5952399 0.1686882 0.4448928 0.1306851
2.180574 1.634305 0.9285408 0.2315295 0.411497 0.1885221
1.871902 2.412835 0.6079019 0.1680535 0.3990979 0.1199615
1.978285 2.004902 0.7056156 0.1866086 0.3817683 0.1325321
1.895814 2.109631 0.7267377 0.1824219 0.4048503 0.1474902
1.777633 2.339545 0.6942108 0.1730511 0.437577 0.153809
1.777144 2.27762 0.6995709 0.1816581 0.4501038 0.1581525
1.922775 2.181054 0.6649055 0.1853325 0.4068658 0.1335012
1.728653 2.77142 0.5112941 0.1536699 0.4267739 0.1048416
1.682502 2.80467 0.5131198 0.1648998 0.4699955 0.114424
1.842589 2.317815 0.6574914 0.1829824 0.4369521 0.1428145
2.267135 1.450538 1.083238 0.2374442 0.3994485 0.2143818
1.980919 1.935783 0.8459925 0.2070319 0.4337344 0.1864827
1.770314 2.394556 0.5864772 0.1648802 0.4074849 0.1163802
2.02152 2.125334 0.6369869 0.1926074 0.3904553 0.1205575
1.846889 2.213115 0.7117217 0.189278 0.4460689 0.159602
1.956456 2.083791 0.6969663 0.1833466 0.3882313 0.1342132
1.898143 2.261506 0.6838433 0.1823246 0.4184651 0.1433993
2.168503 1.704586 0.8372031 0.2133382 0.377786 0.1544655
1.834791 2.254962 0.688698 0.183962 0.4379608 0.1510207
2.035163 1.646745 0.835215 0.1999907 0.3711378 0.1495997
2.079022 1.957365 0.7148207 0.2025228 0.3883418 0.1354359
2.082124 1.782172 0.7909791 0.2111025 0.3933897 0.1512928
1.854722 2.062676 0.732829 0.1799931 0.4023618 0.1470661
2.029354 1.950254 0.7670982 0.2036182 0.4090098 0.1561309
1.779334 2.646503 0.5557283 0.1703169 0.449372 0.1212837
2.086308 1.866479 0.8673458 0.2020717 0.3971959 0.1760303
2.107824 1.605836 0.9865864 0.2226643 0.4125346 0.2034388
2.394286 1.050615 1.238902 0.2842055 0.4241983 0.2384901
2.183575 1.809081 0.7793498 0.2174499 0.3871573 0.1468894
2.273312 1.619521 0.8692101 0.2239949 0.3729114 0.1573477
1.909758 2.079268 0.7727838 0.1972094 0.440296 0.1724542
2.104402 1.674819 0.7975785 0.2058461 0.3675808 0.1403137
1.844645 2.298837 0.6428337 0.1770222 0.4166661 0.1324146
2.010803 1.693942 0.9488152 0.2156896 0.4257195 0.2029906
1.750877 2.441157 0.6909805 0.1913889 0.5058742 0.1762687
1.867492 2.385044 0.6151107 0.1715756 0.4102637 0.1252505
1.735732 2.50242 0.6368397 0.1746583 0.4684496 0.149029
2.005691 1.735782 1.046326 0.2099659 0.4300928 0.2347108
1.884654 2.27494 0.7298857 0.1999644 0.4717028 0.1743808
1.947295 1.806904 0.9084908 0.2099798 0.4393691 0.2025932
1.929322 2.244208 0.7206557 0.201744 0.463155 0.1689746
1.940119 2.086385 0.7026595 0.1894388 0.4093695 0.1430633
2.171931 1.610202 0.987499 0.2355447 0.4247669 0.2095515
1.564662 3.201106 0.4408053 0.1663597 0.5640645 0.1137471
1.812264 2.485846 0.6037177 0.1751536 0.4389356 0.1304331
1.620581 2.806864 0.522697 0.1539014 0.4633646 0.1163701
1.941875 1.908743 0.9292825 0.2004493 0.4346854 0.2100905
1.912284 1.89521 0.7581245 0.1867493 0.3889779 0.1451548
2.488441 1.072571 1.169924 0.2881574 0.4101472 0.2159881
1.927629 1.976991 0.8410767 0.192891 0.421482 0.1819514
2.033941 1.905227 0.8013406 0.1962254 0.3905608 0.1569335
1.969046 1.972379 0.7111353 0.1890786 0.3842555 0.1336412
2.199693 1.63088 0.8061339 0.2191444 0.3714132 0.1422544
1.808196 2.319943 0.6886283 0.188091 0.4640349 0.160436
1.878878 2.08846 0.8093881 0.1871807 0.4310018 0.1798402
1.826193 2.422411 0.6164037 0.1717549 0.4223004 0.1288822
1.997 1.848124 0.8442355 0.2013128 0.4059015 0.1719647
2.016343 2.104257 0.6325739 0.1877086 0.3760259 0.114751
2.020697 1.828346 0.8855336 0.2064791 0.4148717 0.1862966
1.810981 2.269849 0.6474607 0.17653 0.4217709 0.1349824
1.905104 2.305835 0.6368888 0.1823242 0.4152894 0.1305245
1.775244 2.711391 0.5066208 0.1653781 0.4334556 0.1042284
2.807316 0.8607068 1.129893 0.3276932 0.389881 0.1807663
1.786375 2.556026 0.5637418 0.1656095 0.4242915 0.1165374
1.827389 2.413972 0.614564 0.1781795 0.4335342 0.1309623
2.481534 1.221098 1.147519 0.2831864 0.4170889 0.22494
1.961453 2.196429 0.7190156 0.1873962 0.4150032 0.1511614
2.101263 1.680911 0.8961489 0.2205898 0.4083266 0.1804959
2.198801 1.792706 0.773207 0.2184826 0.3853124 0.1446073
1.867614 2.174221 0.7067161 0.1790659 0.4103231 0.1455667
1.855357 2.346885 0.6315287 0.1811315 0.4284548 0.1334167
1.98083 1.959739 0.7726195 0.2036084 0.4197009 0.1613135
1.706973 2.485955 0.6079099 0.1648172 0.4349031 0.129753
1.987072 1.803479 0.9261475 0.2124172 0.4368585 0.2064392
2.723306 0.9413236 1.185158 0.3261122 0.4132436 0.2104178
1.849883 2.275446 0.6591629 0.1792411 0.4232532 0.1389503
1.860923 2.276645 0.7345296 0.1945854 0.4711693 0.176809
2.169243 1.460293 1.011602 0.2318366 0.40271 0.1979764
1.793336 2.307884 0.6608051 0.1673872 0.409289 0.135153
1.768052 2.637663 0.5804243 0.1816434 0.4903569 0.1396361
1.855039 2.418713 0.6168729 0.174011 0.4225243 0.1293437
2.059705 1.966634 0.7688064 0.1999975 0.3970518 0.1526585
2.006214 2.153316 0.6767052 0.1955685 0.4095755 0.1368746
1.623661 2.850944 0.5370421 0.1678674 0.5174094 0.1340895
2.114453 1.895993 0.757855 0.2001456 0.3774165 0.141339
2.451639 1.174544 1.096442 0.2797246 0.407144 0.2036005
1.801878 2.445455 0.6690863 0.1803704 0.4635153 0.1565829
2.228958 1.568855 0.9214463 0.230737 0.3925145 0.1758383
1.974928 2.261951 0.608158 0.1808226 0.3868857 0.1145851
2.174416 1.732991 0.8228373 0.2210388 0.3926601 0.1574404
1.926235 1.86082 0.9577882 0.2075305 0.4538196 0.2264875
1.97282 2.062064 0.7873266 0.1996305 0.4310197 0.1728074
1.911484 2.343413 0.6584882 0.1778749 0.4148958 0.1372226
2.31348 1.542125 0.8823927 0.2376694 0.381714 0.160589
1.774732 2.414133 0.6869204 0.1723778 0.4473944 0.1562108
1.962917 2.334035 0.6185515 0.1781536 0.3966649 0.1213029
1.948116 1.995587 0.8336062 0.1981775 0.4288331 0.1829457
2.117762 1.81721 0.7672444 0.2155771 0.397414 0.1480285
1.594695 2.823922 0.5885811 0.1581411 0.500749 0.1455436
1.861146 2.314894 0.611389 0.17564 0.4074586 0.1219261
1.923122 2.121163 0.7709818 0.1877191 0.4213878 0.166144
2.158229 1.547423 0.9453827 0.2279049 0.4011952 0.1847132
2.041016 1.93888 0.7940945 0.2015732 0.4028056 0.1603478
2.248137 1.554535 0.865498 0.2332156 0.3849316 0.1581714
2.127713 1.922791 0.7259875 0.2014207 0.3764794 0.1339315
1.975183 2.148024 0.6605937 0.1879244 0.3947191 0.1278364
1.982367 1.86852 0.8564836 0.2043973 0.4196869 0.1814629
2.017469 2.118085 0.7092994 0.1982424 0.4132921 0.1460344
2.192826 1.704655 0.8276139 0.2197364 0.3840006 0.1544161
2.597106 0.8913445 1.344464 0.3222526 0.4374564 0.2579946
2.235809 1.430715 0.9331812 0.2376497 0.3891325 0.1708282
1.813822 2.345036 0.5966444 0.1703995 0.4090449 0.1192282
2.054964 1.964012 0.7591224 0.1948475 0.3854888 0.1459972
1.746324 2.388898 0.5759923 0.1624758 0.4046889 0.1129408
1.719102 2.423858 0.6295053 0.1652339 0.4347681 0.1361433
1.81338 2.159833 0.7480498 0.1841736 0.4414918 0.1677988
1.985704 1.944216 0.8472556 0.1971272 0.4129606 0.1788637
1.876834 2.378768 0.6013829 0.1738268 0.4055517 0.1195067
1.934098 2.231092 0.7038037 0.1839839 0.4131443 0.1465481
1.947163 2.153866 0.7597273 0.2000969 0.4447106 0.1715729
2.016248 2.042724 0.7238007 0.2045589 0.4181805 0.1496907
2.020477 1.833154 0.8426812 0.2046772 0.4086551 0.1728447
1.999273 1.869947 0.8310335 0.194273 0.3933969 0.1647633
2.03551 1.936082 0.8235788 0.2069135 0.4177082 0.1736415
1.892691 2.24215 0.6833875 0.1805196 0.4138008 0.1416747
1.840945 2.269339 0.6740205 0.1829743 0.4363301 0.1470742
1.815814 2.528604 0.6161263 0.1682092 0.4292 0.1316764
2.154992 1.8679 0.7798188 0.2193787 0.4069372 0.1565141
1.787759 2.296684 0.6289789 0.1745436 0.4203208 0.1295521
1.993979 1.735075 0.8490344 0.202512 0.3968218 0.1660571
1.604963 2.753647 0.6029163 0.175831 0.544522 0.162023
2.082267 1.800319 0.8850907 0.2108632 0.4072685 0.1819587
2.105015 1.712831 0.8770484 0.2123641 0.393512 0.1708345
1.709879 2.529443 0.6214946 0.1710821 0.4653289 0.1435288
2.016099 1.887084 0.8267603 0.2043766 0.4110535 0.1705559
2.392704 1.144253 1.194897 0.2765839 0.4185 0.2320602
1.945028 2.033238 0.7161908 0.1876334 0.3956032 0.1402206
1.867503 2.199367 0.7319983 0.1871888 0.4358122 0.1613954
1.946416 2.038603 0.80817 0.1958741 0.4278729 0.1768486
2.022569 1.970202 0.8276739 0.2162421 0.4459728 0.1869944
1.978964 1.971032 0.7246395 0.1867222 0.3793273 0.1354223
1.900158 2.181021 0.70861 0.1836891 0.4170959 0.1488457
1.868377 2.118807 0.799583 0.1967171 0.4568671 0.1871577
2.270581 1.447289 0.9563946 0.2414178 0.393069 0.1788821
1.892161 2.528433 0.5423467 0.1732584 0.4110028 0.1074151
2.047962 1.990485 0.6713552 0.1927032 0.3741584 0.1215358
2.115972 1.748948 0.83468 0.2159484 0.399501 0.1640532
2.906876 0.5369242 1.469945 0.3996908 0.4668268 0.2663529
2.086921 1.799798 0.8420121 0.2100556 0.4001104 0.1677781
2.084421 1.831576 0.7775932 0.1984075 0.3720737 0.1419681
1.846103 2.471461 0.584701 0.1746888 0.4268261 0.1222223
2.033407 1.998847 0.6858467 0.1921335 0.3795585 0.1269684
2.303802 1.630139 0.8315617 0.2253674 0.3669366 0.1465301
1.960115 2.157075 0.5848156 0.1833147 0.3793965 0.1055693
2.011269 1.882775 0.747159 0.1960609 0.3827667 0.1394606
1.985793 1.790338 0.7989791 0.1963235 0.3859279 0.151088
1.537897 3.015065 0.5173388 0.1631904 0.5449629 0.1334569
1.931472 2.098606 0.8348117 0.2086039 0.4718937 0.2036597
1.899446 2.147266 0.7677213 0.1980208 0.4517856 0.1764022
2.111813 1.7717 0.8447987 0.2140508 0.3996108 0.167272
1.872503 2.420348 0.6648598 0.1930069 0.4727164 0.1578571
1.98528 2.186265 0.6852351 0.191692 0.4103356 0.1398168
2.060507 1.869258 0.8028144 0.2086152 0.4050753 0.1613391
2.060029 2.031931 0.6637759 0.1947464 0.3772775 0.1210562
2.074531 1.97968 0.8008878 0.2085312 0.4171534 0.1688131
2.29236 1.636112 0.8119234 0.2328658 0.3810564 0.1473563
2.030171 1.846266 0.8452633 0.2033246 0.4038039 0.1715569
2.090567 1.673557 0.8827262 0.211963 0.3913666 0.1698481
1.711374 2.590901 0.5195558 0.150333 0.3978276 0.09911363
2.213043 1.624166 0.7888957 0.2190085 0.3653255 0.1357594
1.821798 2.413655 0.589051 0.177211 0.4267835 0.1220106
2.545412 1.150944 1.103077 0.2814867 0.3928377 0.1973556
1.829382 2.364191 0.5542111 0.1830047 0.4332475 0.1147704
1.995575 1.938914 0.7335955 0.196525 0.3950092 0.1422444
1.820492 2.215897 0.7779519 0.1875962 0.4597313 0.1843226
2.155742 1.595885 0.9285437 0.2293888 0.40715 0.1847634
2.053175 1.91886 0.7748164 0.2053708 0.4051514 0.1560165
1.866738 2.274246 0.6869813 0.1819278 0.4280404 0.1477171
2.153632 1.847458 0.7711777 0.2104452 0.3846653 0.1454837
2.100193 1.81307 0.8426684 0.2073589 0.39344 0.1657209
1.880712 2.362445 0.6832879 0.188986 0.4532918 0.1560263
1.940821 1.951588 0.8634599 0.2009034 0.4351455 0.1929394
2.160158 1.663978 0.8191998 0.2102405 0.3688425 0.1459044
1.900843 2.356592 0.5532852 0.1689286 0.3763599 0.09973371
2.362873 1.270435 1.107947 0.2589726 0.4011287 0.2102842
1.782417 2.470569 0.663356 0.1811981 0.471343 0.1571908
2.146038 1.842557 0.7605941 0.2197079 0.4024671 0.1489225
1.972411 1.773556 0.8429353 0.2050015 0.4094694 0.1704806
2.173204 1.813048 0.7416264 0.2136377 0.3781911 0.1348873
2.093958 1.805057 0.8488932 0.2129738 0.4052639 0.1716133
1.799569 2.428591 0.6199759 0.1707568 0.4255632 0.1305091
2.138948 1.754434 0.8724572 0.2160678 0.398008 0.1728656
2.555877 1.044609 1.126802 0.2926846 0.3993063 0.19845
1.969807 2.027321 0.8239395 0.2023076 0.4377124 0.1849642
2.088058 2.062399 0.6388779 0.2040924 0.3932697 0.1206211
1.970869 1.980019 0.8682386 0.2085814 0.4465744 0.1991449
1.836109 2.411391 0.6093481 0.180068 0.4366273 0.1306515
1.834539 2.372697 0.6049771 0.1757965 0.4230952 0.1256548
1.806315 2.444503 0.6415055 0.1725505 0.4358669 0.1398576
2.003021 2.070423 0.7116419 0.1966938 0.4055141 0.1427893
2.128737 1.782263 0.8647301 0.2144121 0.4017297 0.1739965
1.77846 2.474174 0.5747854 0.1704702 0.4309937 0.1206637
1.812341 2.411643 0.6578513 0.1753332 0.4400097 0.1453898
2.079941 1.914282 0.8399964 0.2108524 0.4179998 0.1781713
1.831188 2.105014 0.6932946 0.1798619 0.4125079 0.141884
2.125007 1.742327 0.8587131 0.2163225 0.3994101 0.1697152
1.82957 2.495007 0.5442219 0.1647917 0.4033182 0.1061938
2.095211 1.907883 0.7238343 0.2067939 0.3903555 0.1373875
2.106943 1.712052 0.8870952 0.2239639 0.417019 0.1830572
2.22299 1.626366 0.9214813 0.2274385 0.3948396 0.1795094
2.480152 1.182228 1.101028 0.2809232 0.4051325 0.2043132
2.222913 1.59015 0.9136552 0.2387661 0.4091409 0.1815009
2.425438 1.300013 1.105037 0.2729095 0.4150325 0.2180965
2.097279 1.742428 0.8001378 0.2132117 0.3910215 0.1514653
