1.961407 2.019719 2.590129 0.1766832 0.4754723 0.7947523
1.896991 2.281772 2.113812 0.1730946 0.4979921 0.6581765
2.127134 1.754351 2.72805 0.1701264 0.3992253 0.6999051
2.194494 1.33464 4.315945 0.2066727 0.4614778 1.323846
2.055118 1.890275 2.615174 0.1799175 0.4496621 0.7570121
1.790957 2.600815 1.673984 0.1762465 0.5602973 0.5579787
1.930791 2.18147 2.24718 0.1884735 0.526282 0.7475167
2.098522 1.660437 3.360446 0.1782293 0.4276592 0.9492072
1.886501 2.34542 1.912228 0.1854809 0.5383226 0.6320836
1.839159 2.475419 1.872664 0.1992707 0.6098533 0.6955413
1.788427 2.631834 1.714214 0.1781138 0.5716093 0.5831565
1.964389 2.054495 2.409536 0.1642261 0.4403851 0.6785756
2.281601 1.387135 3.635777 0.194688 0.4105477 0.9676205
2.137784 1.663317 3.147266 0.1794816 0.4200569 0.8651628
1.876042 2.215836 2.405843 0.1956255 0.5714346 0.8774237
1.856815 2.398826 1.943884 0.1790966 0.5347853 0.6387758
2.018584 1.976451 2.402891 0.1790988 0.459542 0.7031538
2.201785 1.617102 3.185767 0.1857965 0.4181563 0.8683091
2.093162 1.816638 2.623979 0.1692989 0.4073464 0.6852508
2.133605 1.587474 3.433755 0.1844116 0.4303521 0.9730885
2.269158 1.420592 3.322822 0.1990806 0.4198798 0.8925475
2.121968 1.858364 2.504238 0.1735927 0.4135579 0.6603892
1.913284 2.198504 2.203352 0.1672816 0.4705875 0.6536684
2.135777 1.731001 2.986221 0.2004596 0.4746082 0.9229813
2.080694 1.726532 3.025015 0.1787549 0.4334048 0.855868
2.169944 1.55226 3.352515 0.1881168 0.4272499 0.9355487
2.068505 1.806477 2.737065 0.1689481 0.4125577 0.7281625
2.12456 1.756341 2.621186 0.1776171 0.4156692 0.6945062
2.052025 1.926839 2.402585 0.1828773 0.4562945 0.696171
2.278952 1.330227 4.005923 0.2021232 0.4278612 1.120211
2.366855 1.185933 4.153622 0.2012382 0.3998604 1.064786
2.297753 1.243091 4.286847 0.2042139 0.4255923 1.190283
2.112574 1.819502 2.592892 0.187747 0.4490038 0.7449071
1.947968 2.144938 2.256005 0.1825072 0.5007445 0.7145122
1.976184 1.98136 2.483464 0.1902371 0.5027275 0.7997205
2.043194 1.807487 2.916108 0.1840867 0.461459 0.8784821
2.051402 1.801145 2.949339 0.1801509 0.4493108 0.866323
2.12604 1.566995 3.510577 0.1927488 0.4523388 1.04899
1.96054 2.061785 2.54037 0.1623612 0.4388925 0.7182603
1.898122 2.293206 1.986131 0.1691849 0.4834989 0.5942196
2.075323 1.661844 3.390649 0.1812873 0.4416365 0.9920486
1.685327 2.918212 1.524479 0.1895671 0.6766257 0.5894728
1.833907 2.404437 1.964302 0.1804845 0.5474476 0.6618664
1.904901 2.322165 1.984087 0.1706415 0.488869 0.599587
1.706966 2.871912 1.466154 0.1437058 0.496516 0.4159264
2.176811 1.653116 2.985048 0.1777586 0.40359 0.7789117
2.093999 1.857927 2.597211 0.1794595 0.4362393 0.7271035
1.810901 2.555493 1.858336 0.1775798 0.5595105 0.6300264
2.074209 1.81345 2.873672 0.1825026 0.4496846 0.8413161
2.221615 1.567953 3.230651 0.1939794 0.4295654 0.901687
2.118735 1.665032 3.146481 0.1798068 0.4244389 0.873036
2.027539 1.928207 2.684309 0.1730751 0.4430946 0.7705001
2.103958 1.773746 2.975437 0.1773795 0.4284239 0.8328512
2.215528 1.584392 3.069341 0.1782495 0.393032 0.7782607
1.939252 2.106965 2.275329 0.1677813 0.457435 0.6586454
1.844329 2.419048 2.052701 0.1940941 0.5911442 0.7513584
2.03935 1.897484 2.579615 0.1735526 0.4368058 0.7244018
2.078794 1.792288 2.82212 0.1742885 0.4248808 0.7774543
2.041949 1.891454 2.66746 0.1979815 0.5009613 0.8627732
1.893339 2.323197 2.04125 0.1582522 0.4567101 0.5789915
1.948923 2.164615 2.197903 0.1666021 0.4557858 0.6308773
1.711539 2.905162 1.464252 0.1952189 0.6814935 0.5674985
1.938561 2.17595 2.229727 0.1641002 0.4529 0.6372282
1.77324 2.77002 1.487542 0.2238874 0.737007 0.6322391
1.96754 2.170385 2.159354 0.1733149 0.4697765 0.6369799
1.897753 2.225602 2.308841 0.1599071 0.4573514 0.6695697
1.832221 2.478338 1.831042 0.166506 0.5083052 0.5651115
2.007769 2.096381 2.158696 0.1819161 0.4754468 0.643553
2.160649 1.659292 3.133968 0.1916086 0.4436174 0.9077681
1.831747 2.472435 1.798749 0.1641526 0.4991674 0.5436559
1.614836 3.112576 1.291895 0.1793428 0.6815423 0.4821209
1.903349 2.195509 2.148716 0.1685745 0.4744043 0.639152
2.218694 1.372928 3.989482 0.1885371 0.4123717 1.081673
2.191731 1.461645 3.852705 0.2054428 0.4636936 1.18401
1.698139 2.798873 1.64709 0.1570371 0.5467225 0.5271335
1.711576 2.947356 1.431657 0.1946835 0.6834022 0.5522753
2.113786 1.660503 3.114245 0.1900289 0.449906 0.9143446
1.701196 2.99139 1.333003 0.1606225 0.5658119 0.4199948
2.142463 1.759849 2.647183 0.184191 0.4288214 0.7249804
2.233988 1.344572 3.975203 0.2073579 0.4498783 1.170953
2.021054 1.930155 2.663538 0.1696594 0.4348281 0.7487051
2.264994 1.331885 4.119276 0.2062924 0.4421455 1.198232
2.091043 1.71452 2.936553 0.1800318 0.4317384 0.8227624
1.570562 3.307193 1.199145 0.1986418 0.8001563 0.5088478
1.887923 2.389191 1.918519 0.1711634 0.4996186 0.5876915
1.937194 2.223692 2.113538 0.1898351 0.5291419 0.6995835
2.111176 1.661245 3.092859 0.1814277 0.4289419 0.8647697
2.180629 1.407421 4.280836 0.1941656 0.440801 1.265193
1.946066 2.263168 1.99372 0.182452 0.5061636 0.6249426
2.200989 1.573439 3.189691 0.188079 0.4197437 0.8683771
2.039847 1.930799 2.481749 0.1699364 0.4282764 0.6799611
2.174781 1.587058 3.384039 0.1980417 0.4540395 1.010378
1.897862 2.327525 1.863913 0.1715644 0.4904319 0.5594745
2.295183 1.392647 3.606874 0.1995285 0.4184244 0.9770544
2.072505 1.802445 2.789404 0.1647777 0.4022539 0.7266735
2.181071 1.496542 3.472406 0.2002378 0.4505838 1.021697
2.231329 1.45758 3.691693 0.2002242 0.4402877 1.068465
1.761287 2.633484 1.794187 0.1503558 0.4910273 0.5285392
2.195675 1.458808 3.595133 0.2079638 0.4642932 1.092267
2.144573 1.626387 3.248863 0.1833533 0.4262426 0.9074709
1.814448 2.460194 2.011961 0.1882524 0.5862309 0.7267238
2.132579 1.685792 3.043181 0.1784349 0.4181223 0.8283387
2.060133 1.766542 3.009488 0.1944296 0.4820358 0.9497733
2.002397 2.026921 2.464684 0.1539632 0.402018 0.6354539
1.913167 2.298891 2.01131 0.1790901 0.5095392 0.6348624
1.803286 2.611863 1.68721 0.1942398 0.6157837 0.6176717
1.901367 2.173052 2.404998 0.1707612 0.4857772 0.7463479
2.27794 1.392563 3.579055 0.1932377 0.4073579 0.9424493
1.655282 2.95592 1.546148 0.176095 0.6437579 0.5670952
1.997624 1.895243 2.653248 0.1708621 0.4401371 0.7537541
1.535289 3.656561 0.9624371 0.1741863 0.7439153 0.3528075
1.963859 2.063677 2.493243 0.1778231 0.4809976 0.7707346
1.825302 2.435053 1.810743 0.1732582 0.5259552 0.5781839
1.764356 2.625659 1.684911 0.2013356 0.6561758 0.6575731
2.027114 1.946319 2.466942 0.1719577 0.4371033 0.6888675
1.867937 2.437203 1.753593 0.1748922 0.5167598 0.5472716
2.061399 1.838517 2.772927 0.1732235 0.4293172 0.7720265
2.11393 1.734613 2.878005 0.1798062 0.4268472 0.7953846
1.969802 2.046937 2.565544 0.1789302 0.4818436 0.7969081
1.937769 2.17049 2.270017 0.1666444 0.4612081 0.6629905
1.485918 3.80263 0.8836188 0.1830604 0.8233415 0.3484287
2.018979 1.938321 2.699621 0.1665309 0.4290347 0.7517352
2.000698 2.037403 2.337154 0.1809912 0.4735048 0.7026461
1.99457 2.098802 2.298308 0.1854272 0.4926272 0.717693
1.729165 2.751848 1.685737 0.1669583 0.5658761 0.5610101
1.811562 2.627568 1.766152 0.1657842 0.5257775 0.5557741
1.977858 2.07883 2.393133 0.180425 0.4838246 0.7392394
2.14359 1.575158 3.384968 0.1942372 0.4501421 0.9996415
2.087126 1.722672 3.152114 0.1652212 0.3999018 0.8291665
1.931545 2.11725 2.436154 0.1631182 0.4512258 0.7040313
2.138755 1.710126 2.836566 0.1950598 0.4557254 0.8330542
1.898963 2.317563 1.969657 0.1580562 0.4514746 0.5484583
1.970457 1.990736 2.833706 0.1685251 0.4538014 0.8435773
1.780958 2.684893 1.56117 0.1617225 0.5202536 0.4751747
2.134728 1.732615 2.900149 0.1960104 0.462391 0.8690914
1.987877 2.003031 2.613848 0.1789149 0.4746172 0.8026564
1.651903 3.026787 1.421981 0.165265 0.6084099 0.4843167
2.265736 1.378104 3.613242 0.1894338 0.4004193 0.9345494
2.309783 1.299377 4.052998 0.2016372 0.4191647 1.107547
2.090975 1.877614 2.539842 0.1781133 0.4337587 0.7045806
2.2828 1.266615 4.120765 0.2031821 0.4260324 1.14192
1.983838 2.068721 2.358261 0.1839663 0.4899632 0.7355893
1.870735 2.228624 2.405218 0.1781057 0.5219638 0.8013402
2.204445 1.497596 3.497147 0.1857238 0.4121959 0.9422527
2.420216 1.184453 3.721696 0.2071144 0.3957097 0.9218269
2.095867 1.792606 2.874675 0.1888223 0.4591363 0.8587177
2.236622 1.494512 3.220777 0.1942247 0.4203387 0.8708333
1.83172 2.478147 1.875104 0.1618754 0.4955513 0.5665834
2.251457 1.455259 3.380396 0.1985935 0.4267509 0.9316548
2.205693 1.533641 3.163717 0.1921114 0.4242566 0.8652417
2.124168 1.634607 3.096325 0.1715242 0.3992724 0.8031513
1.589374 3.306015 1.205501 0.1552702 0.6140635 0.3923809
1.895367 2.216148 2.327958 0.1720088 0.493337 0.7291495
2.03993 1.895836 2.675485 0.191147 0.4842082 0.8370252
1.995411 1.966942 2.5974 0.1841884 0.4826523 0.8088236
2.175309 1.62802 2.944696 0.1868505 0.4225173 0.8004401
2.013857 2.048046 2.310321 0.1714897 0.4453132 0.6524769
1.739863 2.696491 1.701935 0.1680935 0.5609783 0.5650676
1.938668 2.140095 2.264119 0.2085844 0.5766288 0.8257754
2.192477 1.561184 3.281864 0.186817 0.4191382 0.8958469
1.839832 2.370324 1.960459 0.1494686 0.4463662 0.5398862
1.946832 2.04678 2.610484 0.1686657 0.459868 0.7763584
2.318687 1.255746 3.922595 0.1953469 0.3980464 1.002435
2.066867 1.879226 2.594018 0.1834775 0.4539882 0.755623
2.156549 1.637106 2.994718 0.1965086 0.451559 0.8740338
2.243417 1.499904 3.20261 0.1720464 0.3689171 0.7598233
2.171723 1.6073 3.15769 0.1879553 0.4281686 0.879219
2.01157 1.91825 2.826993 0.1626488 0.4213825 0.7795476
1.630925 3.145606 1.333941 0.1818314 0.6892119 0.5029581
2.058422 1.847019 2.733 0.1636222 0.4047489 0.7154595
1.715124 2.818546 1.465591 0.1637436 0.5587604 0.4696286
1.649515 3.121341 1.315679 0.1718658 0.6399879 0.4613344
1.833662 2.490149 1.834762 0.1762233 0.5402542 0.6019415
2.280256 1.276532 4.093093 0.1892602 0.3959326 1.053576
2.040523 2.041393 2.228504 0.1663373 0.422522 0.5929512
2.160782 1.708795 2.911004 0.1796551 0.4148061 0.7811557
2.240232 1.367856 3.970565 0.2007418 0.4353909 1.135287
1.770477 2.660631 1.629043 0.178097 0.5775647 0.554612
1.923398 2.285564 2.025629 0.1614555 0.4543291 0.57105
1.853979 2.471722 1.808499 0.1638556 0.4924372 0.5398255
1.853187 2.395762 1.989763 0.1691137 0.5061397 0.6211366
2.02295 1.979635 2.438733 0.1609041 0.4114071 0.6410089
1.753291 2.68463 1.694351 0.1857885 0.6153676 0.617591
1.896267 2.260035 2.192873 0.180763 0.5206446 0.7180459
2.042533 2.007306 2.38591 0.1622889 0.4124045 0.6270105
1.771684 2.682273 1.637286 0.1634466 0.5320434 0.5138936
2.038023 1.908784 2.532434 0.1765542 0.4447362 0.7217685
2.11755 1.733203 2.98187 0.1947477 0.4652467 0.9041863
1.857821 2.450011 1.877726 0.1778484 0.5343367 0.6120021
1.859206 2.265222 2.367446 0.1780801 0.5280136 0.7949266
1.930669 2.322199 1.855163 0.1911176 0.5370684 0.6088748
2.14076 1.715287 2.942941 0.1791929 0.4191084 0.8002556
1.975347 2.142255 2.080782 0.1806529 0.4828381 0.6266213
2.220205 1.478337 3.409857 0.199196 0.4370345 0.9671854
1.855505 2.380756 2.01382 0.1683967 0.502461 0.6256709
2.271206 1.447352 3.442391 0.196791 0.4187926 0.9321946
1.845422 2.440328 1.919005 0.2026246 0.6154004 0.7231043
2.185703 1.595675 3.088576 0.2082534 0.4710595 0.9420009
2.17369 1.500625 3.567898 0.17827 0.4017665 0.9401256
1.919116 2.280684 2.057267 0.1667634 0.4717756 0.6042665
1.892151 2.318074 1.903953 0.1517874 0.4333408 0.5067416
1.74738 2.719476 1.591209 0.1707168 0.5660417 0.5270247
2.024018 1.98877 2.44575 0.1787071 0.4595726 0.7183314
2.226072 1.469097 3.411022 0.1943641 0.4237593 0.9364513
2.029683 1.970089 2.367593 0.1817789 0.4620769 0.6941601
1.890238 2.216344 2.332231 0.1761547 0.5073627 0.751737
2.203789 1.487772 3.350956 0.1989056 0.4397661 0.9549758
1.877295 2.338964 2.089435 0.1811554 0.533339 0.6944974
2.017787 1.853816 2.915269 0.16759 0.4280831 0.8166985
2.021624 1.841741 2.942826 0.1788613 0.4564817 0.8797571
2.113264 1.754326 2.816172 0.1764682 0.4194935 0.7634898
1.858923 2.433694 1.771259 0.159183 0.4720741 0.5064722
2.074675 1.798156 2.74181 0.1844366 0.4501681 0.796004
2.004554 2.050213 2.267189 0.1555567 0.4035767 0.5787597
1.915634 2.277331 2.040638 0.2016283 0.5731149 0.7263537
1.659689 2.995715 1.402525 0.1590665 0.5782624 0.4547793
1.911704 2.311303 1.961188 0.1713936 0.4871822 0.5893954
1.935276 2.258676 1.833516 0.1641657 0.4513272 0.5056841
2.178107 1.608109 3.054192 0.1789089 0.4034267 0.7961891
2.017659 1.900417 2.624945 0.1832736 0.4682951 0.7919778
1.992095 1.966202 2.623292 0.1824026 0.4793474 0.812918
1.921559 2.228128 2.159382 0.170727 0.4794272 0.6492364
2.030135 1.841215 2.964547 0.1827902 0.4656617 0.9059327
2.120507 1.629888 3.168166 0.1802301 0.4222788 0.8725347
1.77725 2.673199 1.617256 0.1529428 0.4926184 0.468721
2.032272 1.86974 2.681809 0.1815782 0.4586982 0.7944726
1.642515 2.950055 1.535135 0.1599718 0.5874678 0.5139416
1.977722 2.130699 2.231051 0.1888054 0.5079945 0.7151454
1.857258 2.471274 1.80858 0.1562349 0.4680515 0.5133444
1.893254 2.254435 2.206607 0.171712 0.4950462 0.6886176
1.859209 2.500631 1.797368 0.1666668 0.5020007 0.5452493
2.3635 1.295383 3.76554 0.207731 0.4172305 1.008381
1.900507 2.459432 1.644017 0.1789974 0.5180153 0.5083802
1.857088 2.377921 2.100459 0.1757127 0.5270826 0.6894493
2.10894 1.636094 3.375762 0.1824444 0.4343891 0.967988
1.803002 2.536753 1.868226 0.1659134 0.5219963 0.5917081
1.928487 2.075863 2.397022 0.1719877 0.4721296 0.7223208
2.201606 1.485095 3.532507 0.1987589 0.4427904 1.023268
1.798657 2.537424 1.851655 0.1759595 0.5557969 0.6238561
2.365584 1.11624 4.477828 0.2065131 0.4096922 1.175804
2.100614 1.774852 2.698518 0.1748044 0.4172891 0.7231352
2.14825 1.623334 3.225172 0.1727497 0.3990209 0.8418711
2.069249 1.75143 3.270881 0.169625 0.4192928 0.9096939
2.016101 1.870692 2.818398 0.1762391 0.4511344 0.8278743
2.080442 1.878187 2.432903 0.1746218 0.4251515 0.6571001
2.211011 1.402956 3.727235 0.1973273 0.4332773 1.054503
1.779841 2.612269 1.807327 0.168144 0.5427685 0.5895622
2.06621 1.911304 2.539056 0.1896301 0.4725462 0.7692003
2.058321 1.889544 2.694193 0.1781355 0.4461031 0.7779516
1.989809 1.871233 3.006843 0.1622962 0.4236497 0.8394385
1.849526 2.495423 1.833176 0.180938 0.5505324 0.6123706
2.101262 1.765508 2.991008 0.1835426 0.4441471 0.8683521
1.725409 2.693565 1.728271 0.1714888 0.5775608 0.5916767
1.702366 2.901538 1.434036 0.1689665 0.5896983 0.4798836
1.881274 2.334757 2.084556 0.1594967 0.4657489 0.6046609
2.141127 1.664615 3.280283 0.1744349 0.4090288 0.8839788
1.851809 2.456411 1.836979 0.1935586 0.5839309 0.6516926
1.942224 1.9984 2.558497 0.1886337 0.5114252 0.8431844
2.289429 1.29406 4.05041 0.195294 0.4088672 1.079311
1.778518 2.598029 1.83379 0.178983 0.578119 0.6387731
1.703414 2.842836 1.573787 0.1516549 0.5268355 0.4796778
1.975576 2.083729 2.192146 0.1748696 0.4640849 0.6398881
2.066841 1.843448 2.727169 0.1791275 0.4426421 0.7804
1.985945 2.067967 2.335641 0.1642333 0.4347767 0.6458611
1.906384 2.186127 2.393275 0.1896396 0.5411302 0.8267582
2.047447 1.805147 2.836207 0.165667 0.4102456 0.7548271
2.040898 1.876876 2.779181 0.1782916 0.4505522 0.8134548
1.595096 3.200147 1.256665 0.1956733 0.7635842 0.5180046
1.945105 2.134303 2.235674 0.1691066 0.461776 0.6519
2.152697 1.669854 2.894904 0.1800188 0.4135529 0.7709845
1.762453 2.602222 1.812961 0.1622045 0.52717 0.5747753
1.948045 2.090652 2.381047 0.1801256 0.4913827 0.7462134
2.022495 1.988132 2.58091 0.1838259 0.4767915 0.7935925
1.666998 3.026253 1.364517 0.160941 0.584123 0.4436954
1.994935 2.035796 2.447643 0.1698365 0.4471738 0.7005595
1.94208 2.169109 2.286366 0.1611168 0.4444154 0.6440758
2.187054 1.517457 3.372466 0.1914271 0.428904 0.9421189
1.857863 2.280175 2.165616 0.1777165 0.5240365 0.7121799
2.11986 1.787049 2.770535 0.1710951 0.4063356 0.7264476
2.163932 1.693777 2.809857 0.1905693 0.4372707 0.7892039
1.911159 2.195742 2.20626 0.1792396 0.504764 0.7009764
1.891443 2.306683 2.049555 0.1527898 0.4395684 0.5602765
2.049008 1.936659 2.521558 0.1790727 0.4515047 0.7302163
2.093788 1.879927 2.51858 0.1887497 0.459997 0.7402138
1.727392 2.793235 1.591866 0.1613884 0.5481499 0.507144
2.069018 1.7897 3.05941 0.1914583 0.4757685 0.9574399
2.236392 1.449717 3.424089 0.1935596 0.4186889 0.927578
1.848454 2.356486 2.003429 0.1527302 0.4530328 0.5609921
2.28595 1.299557 3.869252 0.2026119 0.4230863 1.057658
1.852529 2.380687 2.133672 0.1788308 0.5391685 0.7178585
2.042593 1.930954 2.424385 0.170353 0.4267099 0.6580613
2.052754 1.945102 2.560096 0.1875462 0.4746641 0.7818391
2.162092 1.590859 3.286817 0.1939762 0.4451462 0.9562744
2.182752 1.500619 3.488825 0.1789007 0.4004961 0.9131457
2.218551 1.411732 3.822784 0.1915309 0.4204467 1.055356
1.792537 2.51261 1.859336 0.1710997 0.5386536 0.6076293
2.065151 1.801535 2.807501 0.1896946 0.4677231 0.85099
1.92548 2.189377 2.295885 0.1825187 0.512249 0.7452101
2.072267 1.80248 3.005573 0.1815023 0.4495126 0.8866008
2.000548 2.086509 2.192222 0.1715797 0.4491535 0.6190434
1.857937 2.414102 1.925429 0.1580364 0.4716784 0.5579625
1.663161 3.0893 1.332033 0.1563194 0.5736825 0.4212316
2.061712 1.894923 2.626876 0.1600949 0.3973308 0.6726439
1.868535 2.354643 2.038264 0.1753058 0.5175687 0.6538195
1.763444 2.701037 1.689213 0.1739178 0.5738192 0.5734889
1.977144 2.164129 2.113202 0.1816742 0.4892197 0.6472984
1.852312 2.419858 1.837809 0.1907129 0.5706363 0.6382338
2.112337 1.663078 3.092522 0.1740864 0.4104398 0.826917
1.909891 2.28143 2.079645 0.162704 0.4626732 0.5998755
2.27764 1.39715 3.496725 0.2020929 0.4260706 0.9595563
2.019697 2.015529 2.25003 0.1617895 0.4133238 0.5865676
1.964975 2.094728 2.221838 0.1678074 0.4484997 0.6277372
1.885429 2.210562 2.258922 0.1731986 0.4979014 0.7116301
1.788086 2.53957 1.848798 0.1745882 0.5546481 0.6212082
2.190246 1.576763 3.257556 0.1779489 0.3997023 0.8485303
2.138826 1.649159 3.118472 0.1949693 0.4550811 0.9245683
1.809989 2.598035 1.717943 0.1865455 0.5885657 0.6037091
2.027355 2.017614 2.338897 0.1749843 0.4491868 0.6670118
2.319665 1.212723 4.268422 0.1902023 0.3879797 1.072057
2.086326 1.760539 3.01445 0.1799295 0.4379716 0.863258
1.539369 3.538181 1.01173 0.189423 0.7960954 0.4056414
2.010387 2.067013 2.219459 0.1901502 0.4954977 0.6923081
1.831982 2.490912 1.843632 0.157575 0.4820004 0.539917
1.922757 2.18132 2.286017 0.1656273 0.4636907 0.6722411
2.269478 1.318834 3.817212 0.1992135 0.4196722 1.035785
1.948195 2.072416 2.575756 0.1780859 0.4884492 0.8127876
1.908603 2.2897 1.933214 0.1856848 0.5264518 0.6264039
1.970206 2.045919 2.564705 0.1772969 0.4773382 0.789608
1.988745 2.119794 2.309558 0.1819014 0.4867752 0.7131698
1.85771 2.448935 1.812476 0.1849215 0.5532453 0.6077969
1.465786 3.94402 0.8046027 0.2313313 1.073927 0.401823
2.010049 2.080356 2.241622 0.1780652 0.4651698 0.6579128
2.075105 1.892831 2.674359 0.2090319 0.521792 0.9020479
1.803327 2.613894 1.668531 0.1737241 0.5491831 0.5442092
2.07174 1.779496 2.87313 0.1753755 0.4295851 0.8031424
1.955717 2.107923 2.233462 0.1691048 0.4559129 0.642045
2.22522 1.356575 3.955852 0.1927153 0.4191228 1.086543
2.175063 1.556171 3.435504 0.1979218 0.4511689 1.017227
1.890256 2.311678 2.105394 0.16359 0.4740203 0.6229409
1.930717 2.147102 2.274519 0.1828774 0.5070358 0.7302559
1.910719 2.177244 2.230336 0.1703721 0.4786074 0.6741524
2.010033 1.973484 2.496636 0.1780128 0.4608522 0.737732
2.026877 2.096134 2.116793 0.1623391 0.4175425 0.5528782
2.209649 1.51802 3.466199 0.1838573 0.407816 0.9242328
2.032822 1.824207 2.888958 0.1700051 0.4281743 0.8073443
2.09981 1.755733 2.928562 0.1833089 0.4416852 0.8416887
1.909403 2.160188 2.318392 0.1602021 0.449852 0.6630051
1.971375 2.145588 2.074393 0.1742391 0.4660562 0.6025193
2.165717 1.448578 3.563756 0.1912673 0.4298582 0.9983897
1.823678 2.519268 1.810073 0.1636122 0.5047836 0.552221
2.19983 1.512338 3.313467 0.1898748 0.4205186 0.9023219
1.961227 2.168705 2.231156 0.186779 0.5108438 0.7191597
2.021848 1.904253 2.761192 0.178513 0.4582984 0.8229829
1.955675 2.103362 2.400242 0.1806032 0.4925452 0.7550299
1.84639 2.435314 1.866155 0.1626209 0.4882037 0.5553755
1.601748 3.335717 1.138027 0.1728167 0.6795593 0.4053416
1.780477 2.538382 1.860892 0.1790413 0.5724073 0.6464145
1.750115 2.708978 1.601224 0.1681525 0.555085 0.5205347
2.12111 1.736678 2.816895 0.1747994 0.4116328 0.7474736
1.91313 2.215452 2.347565 0.1712928 0.4874095 0.7280805
2.248393 1.37553 3.550231 0.1869139 0.3968268 0.9066011
2.371461 1.250413 3.602688 0.204103 0.4016292 0.9120849
1.843039 2.565534 1.633192 0.1569402 0.477645 0.4633011
2.295823 1.437729 3.296921 0.1864692 0.3881698 0.8196551
2.276249 1.405264 3.410673 0.188963 0.3962029 0.8663359
2.183822 1.571755 3.200991 0.2042613 0.4620518 0.9614029
2.270942 1.281479 4.117202 0.1962338 0.4141725 1.111946
2.000126 1.996039 2.54536 0.1826264 0.478935 0.7843774
1.927075 2.330121 1.852603 0.1608262 0.4517542 0.5120763
2.351571 1.312856 3.442899 0.2032754 0.4064435 0.8854981
2.15119 1.760552 2.668694 0.1747512 0.4046761 0.6908214
2.056574 1.916445 2.523287 0.170692 0.4254535 0.6872162
2.181141 1.448809 3.659552 0.1908575 0.4272017 1.02377
2.426308 1.063378 4.584439 0.2118609 0.4068717 1.186435
2.009866 1.980033 2.395176 0.1771865 0.4566115 0.6960616
2.001977 2.107811 2.150607 0.1745659 0.4579993 0.6175237
1.819659 2.599656 1.649746 0.1722577 0.5372002 0.5259955
1.99099 1.989733 2.585939 0.1776679 0.4677948 0.7799756
1.998236 2.130123 2.208326 0.1866683 0.4959174 0.6897274
1.778102 2.697046 1.604133 0.1896028 0.6168577 0.580599
2.079192 1.803181 2.775651 0.1616388 0.3924718 0.704582
1.854193 2.451582 1.898279 0.1738143 0.5232811 0.6064297
2.093249 1.761785 2.893856 0.1760679 0.4245588 0.7977583
1.80643 2.502041 1.999243 0.1760777 0.5542122 0.6805985
1.856037 2.390625 2.03047 0.1553071 0.463261 0.5821117
2.075674 1.798747 2.793978 0.1737408 0.4239697 0.7667312
2.147619 1.608512 3.28575 0.185979 0.4305396 0.9262245
1.837399 2.351706 2.131724 0.1768542 0.5338121 0.7101943
1.897254 2.235705 2.311181 0.1706702 0.4906942 0.7192557
2.117024 1.637593 3.200587 0.1718052 0.4033559 0.8437813
1.897609 2.300451 2.006729 0.1773357 0.5091909 0.63324
2.247556 1.330168 4.065005 0.1986032 0.4275409 1.140465
1.714122 2.795613 1.647253 0.1778904 0.6125268 0.5887273
2.095621 1.747648 2.913166 0.1794463 0.4315588 0.8162517
1.79789 2.636436 1.616162 0.1702866 0.5396573 0.5142976
1.981473 2.061274 2.516773 0.1806708 0.4843772 0.7840558
1.958089 2.125366 2.136042 0.1849292 0.4990751 0.6678044
2.189376 1.58911 3.264767 0.1906233 0.4309096 0.9182123
1.952897 2.116687 2.347369 0.1610665 0.4382779 0.6550671
1.903946 2.294148 2.004204 0.186285 0.5328469 0.6615699
2.029078 1.772629 3.403762 0.1894212 0.4849207 1.104638
2.204416 1.445891 3.655663 0.1858695 0.4103033 0.9808714
2.03512 1.999891 2.353245 0.1823304 0.4653528 0.6954198
2.372468 1.163466 4.306006 0.21403 0.4260405 1.17971
1.990134 1.954223 2.636967 0.1923679 0.5056237 0.8617137
2.045629 1.903508 2.647044 0.1717718 0.4323244 0.7384781
2.205612 1.434519 3.713689 0.2016949 0.4469852 1.088047
2.082687 1.8786 2.715012 0.1822893 0.4506266 0.7922901
1.866508 2.355001 2.175502 0.169738 0.5051173 0.6880557
2.20642 1.648336 2.764288 0.1910643 0.4241211 0.7467732
1.951931 2.121836 2.394833 0.1833648 0.5032668 0.7696416
2.262215 1.3496 3.697561 0.1913257 0.4040318 0.9642061
1.842598 2.464706 1.830981 0.1808604 0.5481394 0.6091827
1.963172 2.1523 2.170375 0.1607184 0.4341602 0.5925199
2.300814 1.139704 4.559782 0.2055633 0.4229272 1.247111
2.593823 0.7170598 5.892162 0.2453409 0.4319781 1.559068
2.210174 1.517524 3.213676 0.197307 0.4346277 0.9008669
1.967182 2.113201 2.355559 0.1742904 0.4717992 0.7077383
1.852978 2.282325 2.167571 0.1813708 0.536543 0.7294732
2.281641 1.250797 4.240593 0.2018863 0.4237517 1.172005
1.759476 2.659942 1.784837 0.1765821 0.5825536 0.6218259
1.731584 2.753231 1.700521 0.1672238 0.5673854 0.5686923
2.182415 1.590477 3.266323 0.1869292 0.4239954 0.9046721
2.142965 1.622846 3.231746 0.1853158 0.4302721 0.9091323
1.87473 2.381294 1.873301 0.1833143 0.5378272 0.615739
2.285413 1.264726 4.097899 0.2042572 0.4272412 1.136747
1.854881 2.455501 1.839696 0.1646874 0.4939414 0.5525565
1.691424 2.887857 1.42745 0.1678236 0.5878159 0.4765349
1.94292 2.050795 2.605975 0.1675322 0.4581161 0.7722322
1.845309 2.406844 2.037092 0.1759709 0.5327868 0.6719964
2.104867 1.714571 3.097409 0.1883695 0.4526846 0.9186087
1.798822 2.639488 1.683789 0.1758723 0.5616004 0.5617995
2.116781 1.713982 3.148518 0.1807463 0.4319708 0.8936176
1.932413 2.181354 2.108665 0.1492095 0.409076 0.5393473
2.045059 1.903708 2.609696 0.1738441 0.4372238 0.7347373
1.892243 2.234503 2.26834 0.1762171 0.5074419 0.7280578
2.216952 1.543945 3.243802 0.1897271 0.4188367 0.881079
1.874826 2.330557 2.052081 0.1699028 0.4972257 0.6335034
1.953077 2.11097 2.353151 0.1968248 0.5379948 0.8052524
2.031054 1.884677 2.739729 0.176825 0.4486457 0.7964951
1.948704 2.166431 2.406392 0.1844733 0.5122995 0.7877198
2.241363 1.361566 3.928446 0.1922157 0.4145278 1.065593
2.221185 1.457127 3.512328 0.206007 0.4524705 1.034688
2.117804 1.609276 3.234105 0.1814461 0.4251479 0.8981441
2.174093 1.55635 3.244862 0.1767785 0.398231 0.8397536
2.190175 1.659581 3.003713 0.1887915 0.4280953 0.8328831
1.819999 2.449262 1.970429 0.1600266 0.4921501 0.5960061
2.137526 1.670824 3.124518 0.1875345 0.4398321 0.8983174
1.800883 2.572783 1.683339 0.1678813 0.5272074 0.5293014
1.701339 2.978707 1.347056 0.1707318 0.6013579 0.4522154
1.899683 2.233321 2.357395 0.1594852 0.4573116 0.6855034
2.160375 1.691679 2.940433 0.1748059 0.4022709 0.7655472
1.764414 2.826491 1.530376 0.1812398 0.6057913 0.5343826
1.981513 1.940863 2.830643 0.1839938 0.4879367 0.9028075
1.920751 2.236202 2.105838 0.1675781 0.4704944 0.6195089
1.926125 2.254237 2.144115 0.186801 0.5281878 0.7101175
1.677397 3.013829 1.369917 0.1685572 0.6085768 0.4656531
2.153902 1.656503 3.074676 0.2017409 0.4679759 0.9358138
2.170932 1.498217 3.737718 0.1882565 0.4287972 1.060782
2.248788 1.417734 3.673508 0.2106282 0.4561259 1.093592
1.873481 2.313549 2.133858 0.1599348 0.4679788 0.6242343
2.056406 1.92833 2.490822 0.1835018 0.459073 0.7305127
1.916396 2.225355 2.242456 0.1981022 0.5628818 0.7967014
1.752814 2.733233 1.598673 0.170623 0.566561 0.5303692
2.058038 1.813923 2.866447 0.174599 0.4332151 0.8088168
1.850489 2.253856 2.280544 0.1903597 0.5643438 0.8138162
1.930384 2.028363 2.706458 0.1601907 0.4402127 0.775268
2.022675 1.929175 2.682082 0.173536 0.4453215 0.7733107
1.81941 2.531366 1.753223 0.1729059 0.5357 0.5650231
2.077144 1.866115 2.70472 0.1776635 0.4385058 0.7669883
2.0449 1.849224 2.907869 0.155246 0.3895538 0.7417055
2.377803 1.12406 4.205556 0.1901996 0.3701568 0.9850905
1.921396 2.150558 2.452488 0.1787828 0.5023355 0.7890454
1.992028 2.044526 2.45148 0.1619836 0.4274661 0.67142
1.890519 2.282696 2.083812 0.161257 0.4635387 0.6024034
1.703121 2.904414 1.445037 0.1932223 0.6767487 0.5552018
2.051927 1.847678 2.942826 0.1888705 0.4766183 0.9196115
1.887008 2.269912 2.176033 0.1685109 0.4879208 0.6676048
2.083423 1.935449 2.384479 0.1864591 0.4587162 0.6939609
2.190766 1.599922 2.996855 0.1995206 0.4473872 0.8623842
1.895047 2.368017 2.024711 0.1913365 0.5594863 0.7012077
1.919439 2.17621 2.430919 0.1839358 0.5206961 0.8103054
2.241568 1.286906 4.221275 0.1878541 0.4024967 1.113157
1.780435 2.606226 1.761663 0.1934455 0.6240227 0.6584693
2.157704 1.702476 2.834016 0.1913789 0.4418377 0.8061739
2.026735 1.920298 2.713292 0.1750075 0.4481317 0.7886021
2.216286 1.429416 3.770044 0.1897788 0.4175484 1.033555
2.259346 1.371031 3.809519 0.200641 0.4294055 1.067001
1.77128 2.675361 1.6683 0.1698828 0.5531843 0.545441
1.993548 2.161819 2.169942 0.1794016 0.479699 0.6541548
1.989204 2.118662 2.149937 0.1693207 0.4476872 0.6034283
1.910405 2.379068 1.880028 0.1708299 0.4902367 0.5634495
1.938967 2.168071 2.225971 0.1619694 0.4460261 0.6265815
1.928849 2.314456 1.973889 0.1615658 0.4543151 0.5533519
1.871726 2.340559 2.020009 0.1472518 0.4301037 0.5387318
2.090475 1.817913 2.733957 0.1600912 0.3862823 0.6810871
1.979173 2.080215 2.311757 0.1841808 0.4913217 0.7202668
2.189592 1.646501 3.126699 0.194844 0.443908 0.9048518
1.990282 2.007038 2.624469 0.1801208 0.4775069 0.8106547
2.267262 1.419434 3.412869 0.1875604 0.3960245 0.8686711
2.076106 1.847289 2.754357 0.1955202 0.4836991 0.8632753
2.4393 1.031806 4.658261 0.217652 0.4151329 1.226473
2.057651 1.889163 2.659908 0.1681087 0.4190406 0.7193642
2.259395 1.413441 3.628927 0.1949241 0.4172689 0.9846421
2.111695 1.72663 3.145485 0.1863666 0.4482145 0.9270377
2.123309 1.696505 2.943871 0.1800087 0.4233759 0.8080215
2.343903 1.261026 3.756675 0.1935124 0.3876653 0.9280966
2.097832 1.725281 3.13639 0.1857391 0.4492994 0.9258011
2.292158 1.360581 3.64781 0.1925674 0.4017375 0.9461465
1.77666 2.628061 1.667242 0.1710638 0.5502282 0.5440468
2.134971 1.586118 3.509437 0.1764729 0.4120889 0.956715
1.891159 2.252413 2.282589 0.1643584 0.474608 0.6857219
2.146032 1.642342 3.200969 0.1863869 0.4338936 0.9091502
1.729569 2.776067 1.600041 0.1463883 0.4951025 0.4626538
2.009015 2.042108 2.282574 0.1789871 0.4651492 0.671549
2.064379 1.886663 2.596397 0.1710289 0.4234455 0.7062244
1.773493 2.628515 1.764381 0.1722487 0.5589363 0.5900171
2.296316 1.266752 4.281289 0.2086178 0.437514 1.227086
2.103042 1.641084 3.207502 0.1804642 0.4284469 0.8997383
2.151553 1.562374 3.576755 0.1989211 0.4620544 1.094092
2.177366 1.597502 3.187093 0.1885011 0.4282516 0.8888069
1.915196 2.245992 2.19754 0.1798645 0.511375 0.7073081
1.937098 2.306157 1.927574 0.2010333 0.5644778 0.6692491
2.548256 0.8372938 5.081041 0.2406942 0.4311297 1.346505
1.891134 2.331703 1.945793 0.1723324 0.4972806 0.5959836
2.037542 1.969161 2.573098 0.1692673 0.4321155 0.7159929
2.081789 1.799225 2.924649 0.1893942 0.4658414 0.8900314
1.694133 2.963316 1.33967 0.1796378 0.633466 0.473752
1.969015 2.063643 2.396256 0.1889792 0.5085684 0.7783798
1.590119 3.232059 1.201637 0.1640357 0.6404248 0.411202
2.030253 1.860864 2.801275 0.1761077 0.4463093 0.8129634
1.676344 2.862301 1.542667 0.180978 0.6429023 0.5708197
2.181608 1.47788 3.5985 0.1956878 0.4402151 1.038796
1.841565 2.422519 1.960997 0.1738466 0.5267051 0.6354229
1.827285 2.625162 1.595988 0.1828848 0.5693923 0.5355524
2.129356 1.787136 2.694226 0.1909227 0.4519311 0.7820329
2.143431 1.604547 3.179473 0.1802485 0.4153195 0.8589811
1.93833 2.179656 2.223282 0.1815865 0.5031383 0.7053046
1.98278 2.032199 2.58739 0.1865887 0.4987449 0.8328317
1.661417 3.050391 1.296074 0.1714052 0.6245177 0.4460748
2.000335 1.857914 2.901665 0.1907102 0.4943945 0.938666
2.176031 1.514852 3.534074 0.1843942 0.4170847 0.968224
2.00572 2.054291 2.494472 0.1828326 0.4830104 0.7737178
1.683592 2.939561 1.52572 0.1620067 0.5787542 0.5033262
2.238929 1.53447 3.106789 0.1929641 0.418612 0.8356016
1.848169 2.507165 1.742281 0.1572737 0.4753859 0.4986809
1.942241 2.299187 1.896643 0.1678515 0.466435 0.5435037
1.945058 2.154256 2.322152 0.1747251 0.4817625 0.710519
2.174538 1.548722 3.382132 0.1825421 0.4130067 0.9128814
2.076121 1.915267 2.609765 0.1918064 0.4777648 0.803069
2.268288 1.414648 3.543148 0.188903 0.4004935 0.9178642
1.950908 2.283702 2.024628 0.1599414 0.4434443 0.5574669
2.041994 1.95121 2.518622 0.1631468 0.4120782 0.6654631
1.801707 2.599722 1.790293 0.1766869 0.5615338 0.6033874
2.123097 1.721036 2.845554 0.181593 0.4273908 0.7848714
1.958209 2.125088 2.36556 0.1833959 0.5012475 0.7556734
2.245668 1.458722 3.505255 0.1874213 0.405072 0.923963
1.836569 2.430875 1.901624 0.179296 0.5440823 0.6330829
1.79791 2.610103 1.707586 0.1826169 0.5814015 0.5921913
2.093853 1.742646 2.875699 0.1705269 0.408492 0.7608804
1.935078 2.15745 2.295944 0.1633215 0.4518319 0.6583806
2.314279 1.20445 4.34139 0.2114008 0.4355223 1.227631
2.042256 1.957317 2.476663 0.1752187 0.4432667 0.7016487
2.015173 1.914137 2.650268 0.1663018 0.4253987 0.7277083
1.863854 2.311308 2.134917 0.1843732 0.5447238 0.7271055
2.182112 1.42912 3.86252 0.1853516 0.4157514 1.060085
1.681975 2.822207 1.725522 0.1747399 0.6204333 0.6283168
1.959061 2.107196 2.343738 0.1769019 0.4801515 0.7158383
2.164288 1.643006 3.019959 0.1964342 0.4506109 0.8811157
1.953385 2.08068 2.483079 0.1856499 0.5067731 0.8076145
2.17401 1.602672 3.21431 0.1893129 0.4314291 0.9041552
2.141119 1.592563 3.330477 0.1748906 0.4046518 0.8836998
1.590805 3.309622 1.153711 0.1603724 0.6326866 0.3848601
2.108446 1.651248 3.297173 0.169665 0.4026404 0.8738491
1.869391 2.423415 1.878348 0.1616065 0.4781689 0.5484424
1.990095 1.979742 2.592979 0.1764584 0.463956 0.7759312
1.946582 2.079939 2.465957 0.1619572 0.4410911 0.6973893
1.805007 2.555995 1.752794 0.1594337 0.4990769 0.5253789
1.700216 2.862989 1.50541 0.1519015 0.5281761 0.4560801
1.958084 2.202392 2.08898 0.1587149 0.4318637 0.5631638
1.833171 2.403715 2.07513 0.1740026 0.5308689 0.6839551
1.960889 2.053593 2.515256 0.1481935 0.3983037 0.6452783
2.023366 1.991782 2.457992 0.1860669 0.4800663 0.7548735
1.80784 2.501803 1.894441 0.1590759 0.4964411 0.573774
1.875771 2.308851 2.09739 0.1857059 0.5437458 0.7110895
1.973939 2.113679 2.299261 0.164221 0.4403506 0.6418262
1.845309 2.493323 1.83707 0.1810529 0.5517195 0.6149734
2.304991 1.34097 3.670473 0.1955645 0.4047213 0.9573637
2.213732 1.519812 3.191984 0.1924848 0.4228021 0.8699831
2.046722 1.890907 2.604508 0.1863437 0.4682738 0.7847841
2.127897 1.63722 3.31736 0.1833791 0.4316287 0.9420668
2.076952 1.800483 2.911171 0.1779063 0.4366434 0.8284432
2.073289 1.851592 2.475512 0.1806659 0.4401589 0.6927022
2.042033 1.92689 2.484242 0.1791766 0.4513189 0.7166552
1.558636 3.603558 0.9455388 0.2090182 0.8738236 0.409504
2.251913 1.280815 4.492271 0.1937456 0.4168317 1.240121
1.940894 2.172379 2.232126 0.1658078 0.4571692 0.6443209
1.875801 2.323671 2.19071 0.171821 0.506477 0.6967769
2.264683 1.435155 3.414323 0.1884718 0.4002223 0.8812709
2.077524 1.821263 2.835897 0.1935431 0.4775523 0.880823
1.90106 2.161377 2.502625 0.1543047 0.4382671 0.7051393
1.834496 2.410072 2.025764 0.1808741 0.5507594 0.6894334
2.197145 1.47417 3.565328 0.2080965 0.4649846 1.084859
1.776721 2.639871 1.724982 0.170028 0.550663 0.5661877
2.143354 1.614086 3.122061 0.1925145 0.4451967 0.90311
2.048683 1.898804 2.614779 0.1718427 0.4311094 0.7263823
1.914121 2.316783 1.958576 0.207451 0.5925737 0.7154814
1.879436 2.392651 1.909735 0.1747045 0.5131169 0.6006358
1.724132 2.844775 1.522739 0.2012097 0.6919099 0.605619
2.252019 1.541675 3.031035 0.1801447 0.3865717 0.7505254
2.444898 1.028523 4.55136 0.2087411 0.3942856 1.130337
2.285459 1.222064 4.370566 0.1922555 0.4008554 1.141889
2.123128 1.773746 2.755124 0.1849272 0.4386062 0.7785421
1.600559 3.219028 1.342671 0.1651325 0.645178 0.4700897
1.97803 2.063251 2.408222 0.179445 0.4793591 0.7370084
2.133604 1.655407 3.32294 0.1878092 0.4431323 0.9708727
2.064518 1.958794 2.346589 0.1944226 0.4852047 0.7212915
2.168598 1.69834 2.752144 0.1809203 0.412114 0.7254721
1.717097 2.837752 1.557574 0.1748693 0.6031561 0.5424997
2.079429 1.808044 2.717504 0.1928815 0.4712997 0.8258657
2.138442 1.613434 3.313768 0.187277 0.4366115 0.9492423
2.110437 1.756865 2.86495 0.1790491 0.4273587 0.7932786
2.081156 1.783079 2.772412 0.2004978 0.4883288 0.8737597
2.007634 2.044694 2.414737 0.1716171 0.4493246 0.6932219
1.949315 2.137689 2.282241 0.1574684 0.4289242 0.6199512
1.905624 2.368006 1.86062 0.1382502 0.3951384 0.4512089
1.930242 2.230693 2.050523 0.1713091 0.4762682 0.6074899
2.222317 1.472559 3.3193 0.1908558 0.4150945 0.8882058
1.916715 2.27514 1.984524 0.1808955 0.5104604 0.6265368
1.958472 2.182992 2.168526 0.2028807 0.5562526 0.7569478
1.922904 2.228104 2.1352 0.1582291 0.4426833 0.5923852
1.920114 2.20048 2.211872 0.1711297 0.4798239 0.668713
1.954197 2.173293 2.353789 0.1662033 0.4577599 0.6857315
2.097044 1.663187 3.332691 0.1847083 0.4446317 0.9789392
1.870523 2.400443 1.957158 0.1781287 0.5276315 0.6343583
2.186211 1.427023 3.985113 0.2043019 0.4612193 1.220375
1.80996 2.604689 1.799569 0.1566164 0.4946912 0.5349194
1.940044 2.150262 2.314799 0.1728927 0.4777491 0.7026761
1.964403 2.134774 2.374448 0.1855201 0.5069706 0.7677536
2.485929 0.9801793 4.845986 0.2230811 0.4158392 1.272065
1.882876 2.379978 1.940747 0.1789138 0.5245982 0.6260417
1.952647 1.935265 2.953509 0.1808991 0.4889697 0.9508922
2.141686 1.814223 2.510737 0.1679236 0.3914242 0.6245551
1.714152 2.818123 1.565981 0.1784088 0.6146054 0.5570779
1.727351 2.823716 1.466058 0.1716849 0.5838038 0.4911706
1.97206 2.063462 2.463032 0.1794323 0.4822981 0.761375
2.362546 1.194253 4.203624 0.2022781 0.4042355 1.094155
2.16831 1.573482 3.252726 0.1867621 0.4246747 0.899841
2.385744 0.9403223 5.802414 0.2268915 0.4505953 1.698032
2.062945 1.893723 2.629606 0.1892364 0.4725361 0.8005973
1.839953 2.373262 2.194153 0.1633457 0.4950668 0.6805794
1.996974 2.035754 2.440226 0.1871337 0.4937318 0.770709
2.001874 2.037727 2.302448 0.1730414 0.4506449 0.6569062
1.975483 2.098667 2.185788 0.1873375 0.4994821 0.6860766
2.393958 1.155692 4.088094 0.2070424 0.4036942 1.04776
2.063355 1.857422 2.645309 0.1699176 0.4195208 0.7146815
1.67183 3.004427 1.40188 0.1893937 0.6863976 0.5384748
2.27365 1.310989 4.077247 0.2034898 0.4315941 1.150836
2.129444 1.636535 3.224084 0.1810544 0.4239157 0.8945756
2.098068 1.749855 2.789355 0.175167 0.4185089 0.7529675
1.923146 2.262934 2.126378 0.1752711 0.4954329 0.6592369
2.01839 1.873678 2.794083 0.1866023 0.4781298 0.8690429
2.153178 1.722799 2.904962 0.1724786 0.4001757 0.7529158
2.141789 1.683085 2.826957 0.1863044 0.4310531 0.7828137
2.282687 1.292508 4.186983 0.2062183 0.4359952 1.196746
1.731811 2.735758 1.672848 0.1302502 0.4363437 0.4304619
2.224527 1.516062 3.33174 0.1997306 0.4397525 0.952281
1.861661 2.273686 2.249746 0.1657712 0.4881026 0.6932399
2.282352 1.321012 3.923193 0.2069497 0.4359369 1.111844
1.96149 1.974016 2.674747 0.1759015 0.470699 0.8161901
2.081616 1.800585 2.646459 0.1685176 0.4070221 0.6912106
2.156709 1.62916 3.141473 0.1890025 0.4353044 0.8901638
2.148287 1.59975 3.234781 0.1974796 0.4566381 0.9640262
1.81118 2.534245 1.796282 0.1524687 0.4740688 0.5140526
2.019591 2.071954 2.246142 0.1822511 0.4733876 0.671009
2.28812 1.225594 4.500637 0.2054934 0.4318056 1.276079
2.061873 1.820794 2.729425 0.1941911 0.4802016 0.8462199
1.969988 2.093472 2.41314 0.1771786 0.4787648 0.7387321
1.816236 2.388736 2.177357 0.172769 0.5329464 0.725781
2.021847 1.891236 2.594813 0.1872791 0.4767744 0.7959677
1.975119 2.008715 2.589957 0.1703431 0.4540905 0.7598879
1.905782 2.190913 2.291978 0.1820987 0.5170054 0.7512214
2.030221 1.81901 2.927621 0.1857117 0.4701404 0.8997532
2.007392 2.058863 2.327636 0.1776291 0.4647571 0.6867577
2.020627 1.865729 2.668797 0.1715168 0.4341499 0.747407
1.921481 2.168681 2.318172 0.1836796 0.5154214 0.7588886
2.011948 2.025484 2.368673 0.1822332 0.4734116 0.7130359
2.280026 1.317473 3.694018 0.1884229 0.3916892 0.9286858
2.125815 1.619302 3.271787 0.1910602 0.4491158 0.964129
2.153261 1.651881 3.118107 0.1892555 0.4385196 0.8912746
1.993537 2.050819 2.43636 0.1637418 0.4320469 0.6735638
1.629569 3.213398 1.188301 0.1617508 0.6137815 0.3904255
1.844803 2.431704 1.917803 0.173384 0.5235108 0.6148467
1.981291 1.930654 2.731306 0.1688168 0.4434816 0.787054
1.730704 2.845403 1.45798 0.1595279 0.5421696 0.4523716
2.132448 1.782043 2.789902 0.1837788 0.4358437 0.7866254
1.965913 2.067964 2.392747 0.1621945 0.4342289 0.6624521
1.995715 1.857308 2.88629 0.1812793 0.4694869 0.8851386
2.053666 1.859199 2.705632 0.1684933 0.4189565 0.7323389
2.216518 1.62131 2.874899 0.1920924 0.4244494 0.780965
2.195209 1.589338 3.088182 0.1921439 0.4301482 0.8584001
1.979969 2.046983 2.444543 0.1750022 0.4654971 0.7276318
1.888447 2.140161 2.523398 0.1659782 0.4746203 0.7713529
2.24919 1.446503 3.395467 0.1917951 0.4114914 0.9022553
2.030977 1.941888 2.611245 0.1685692 0.4298514 0.7237123
1.958286 2.266985 1.991795 0.1735745 0.4777789 0.5890103
1.882915 2.385247 1.818496 0.1795157 0.52269 0.5782034
2.255697 1.432072 3.519716 0.1848734 0.394826 0.9000513
2.041557 1.856904 2.819866 0.1885253 0.4764949 0.8748309
2.034238 1.918558 2.861176 0.1901899 0.4901419 0.9182907
2.429414 1.093662 4.498893 0.2131459 0.4107681 1.18108
2.248154 1.45356 3.448881 0.1808598 0.3877208 0.8651434
1.94097 2.215826 2.07509 0.1673824 0.461787 0.59767
2.043642 1.866554 2.763018 0.1725564 0.4334617 0.7766872
1.955657 2.176753 2.24862 0.170313 0.4669735 0.6633899
2.187729 1.579543 3.433824 0.2012928 0.4590897 1.038451
1.893196 2.257935 2.064117 0.170842 0.487521 0.6261084
2.18177 1.381967 4.277325 0.1984147 0.4482187 1.280346
1.955413 1.965509 2.802708 0.1772028 0.4777734 0.8746835
2.217426 1.543736 3.270971 0.1808647 0.3984115 0.845771
2.350882 1.169591 4.192056 0.2051594 0.4103649 1.101508
2.045754 1.840234 2.854057 0.1878623 0.4727849 0.8795189
2.031749 1.987886 2.524606 0.1892876 0.4873419 0.7898959
1.707605 2.885472 1.398463 0.1583286 0.547395 0.4339589
1.908582 2.192833 2.337143 0.1716199 0.48671 0.7231506
1.799996 2.684437 1.550999 0.1795846 0.5728132 0.5193493
1.949813 2.003801 2.708007 0.1859832 0.50578 0.8905285
2.377749 1.089851 4.733933 0.2256436 0.449161 1.372613
2.287912 1.398328 3.308841 0.1949234 0.4050787 0.8538741
2.067193 1.797241 2.748984 0.1812822 0.4441297 0.7881321
2.240788 1.407572 3.827128 0.1977856 0.4303327 1.081806
1.95166 2.287423 1.962918 0.1973122 0.5492527 0.6660711
2.056553 1.887903 2.58191 0.1828584 0.4558765 0.7557943
2.01379 1.939543 2.780993 0.1642173 0.4253053 0.77092
2.197998 1.568241 3.19239 0.1858355 0.4152088 0.8604387
1.978296 2.080169 2.362178 0.1688458 0.4505516 0.6775667
1.909093 2.229475 2.141614 0.1581246 0.4458562 0.5985571
2.012121 1.977702 2.613697 0.1667512 0.4328459 0.7309141
2.21413 1.606073 3.057463 0.1853198 0.4110603 0.8115223
1.79571 2.495414 1.92328 0.1774707 0.5591239 0.6570731
1.721006 2.796435 1.562329 0.2047881 0.7012995 0.6350277
2.106162 1.854395 2.600686 0.1892459 0.4577369 0.7636229
2.245107 1.331619 3.822608 0.1940071 0.4138888 1.025266
2.177222 1.578839 3.371701 0.184638 0.4202205 0.9293684
2.048968 1.859785 2.610715 0.1650044 0.4093157 0.6866341
2.108161 1.88915 2.374081 0.1674066 0.4002816 0.6007145
1.989383 1.993585 2.617165 0.1827265 0.4837851 0.819173
2.025967 1.93069 2.597259 0.1800789 0.4603425 0.7700886
2.344416 1.263002 3.940124 0.203265 0.411295 1.043341
1.986174 1.968882 2.599641 0.1618761 0.4239229 0.7106063
1.762808 2.644426 1.630158 0.1772377 0.5758955 0.5544534
2.0634 1.809795 2.880869 0.1839264 0.4558912 0.8557701
1.947266 2.129554 2.284974 0.1617987 0.4407248 0.6374889
1.982021 2.095543 2.328583 0.1811837 0.4846799 0.7170958
1.935176 2.186859 2.240247 0.1813476 0.5045072 0.71343
2.340913 1.249282 3.987626 0.2054011 0.416226 1.068888
2.173041 1.596767 3.163501 0.1826669 0.4144507 0.8519622
2.511927 0.9044449 5.073933 0.2176888 0.3976327 1.259817
1.892163 2.166558 2.280164 0.1680426 0.476852 0.689202
2.055533 1.787341 3.084225 0.1808843 0.4515564 0.9167388
1.74546 2.709212 1.645846 0.1798724 0.5990501 0.580353
1.980011 2.131743 2.372927 0.1830748 0.494997 0.7482142
2.196992 1.541279 3.214089 0.1902583 0.4231018 0.8796925
1.864226 2.39841 1.919707 0.1627116 0.4816664 0.5671572
1.962177 2.217076 2.1265 0.1798559 0.4935022 0.6571157
2.135293 1.770416 2.718987 0.1788534 0.4204817 0.7354771
1.655774 3.0389 1.360472 0.1741347 0.6386103 0.4825861
1.847777 2.319717 2.274051 0.1990878 0.6001041 0.8615232
1.755354 2.667181 1.700721 0.1758554 0.5789596 0.5841064
1.81177 2.626767 1.561797 0.1661172 0.5192734 0.4764045
2.154376 1.655556 3.001636 0.1864691 0.4294454 0.8343458
1.917803 2.196052 2.206679 0.1844848 0.518476 0.720521
1.844785 2.571119 1.651569 0.1657031 0.5060282 0.4970645
1.682834 3.020096 1.358537 0.1863302 0.6705379 0.5068191
1.572553 3.415468 1.104961 0.1699613 0.6892037 0.3941641
1.687008 3.024086 1.2917 0.18895 0.6755935 0.4819889
1.953086 2.071129 2.525236 0.193117 0.5280193 0.8581933
1.834335 2.378297 2.074761 0.1905629 0.5792571 0.7467572
2.191952 1.506205 3.480909 0.1944218 0.4355418 0.9912936
1.778623 2.627083 1.79369 0.1982477 0.6439377 0.6921887
2.031599 1.921959 2.641974 0.1777045 0.4525422 0.7715242
1.522333 3.402966 1.180603 0.1515976 0.6355008 0.3918754
2.037991 2.05312 2.278846 0.1554466 0.3965899 0.5718924
2.078219 1.772313 2.926438 0.1886833 0.4617317 0.8803074
2.327837 1.278422 3.781638 0.2008739 0.408133 0.9884935
2.342869 1.172016 4.368328 0.2091162 0.4227526 1.192539
1.846333 2.453063 1.884204 0.182595 0.5528281 0.6353377
1.945115 2.018819 2.655262 0.168701 0.4591089 0.7910018
2.063823 1.847947 2.786114 0.1902396 0.4738398 0.8571504
2.164231 1.571614 3.426767 0.1913723 0.4391352 0.988798
2.148976 1.621004 3.11776 0.1793564 0.4127813 0.8364051
1.655338 3.047974 1.295826 0.1950049 0.7152259 0.5111682
2.040075 1.920401 2.603967 0.1817861 0.4604983 0.7720999
1.819148 2.537714 1.795323 0.1596832 0.4955063 0.5368895
1.864833 2.339607 2.022742 0.171248 0.504239 0.6317246
1.996319 2.073792 2.425235 0.1667356 0.441158 0.6837702
2.048985 1.852356 2.830366 0.194492 0.4899949 0.9033205
2.080723 1.862136 2.580852 0.1735318 0.4240076 0.7015815
1.997212 2.063852 2.333217 0.1845134 0.48629 0.7201788
1.996081 1.883331 2.956586 0.1734709 0.452482 0.8788866
1.840197 2.486951 1.811772 0.1559127 0.4726535 0.5185398
1.936664 2.248694 2.041607 0.170834 0.4747238 0.6022071
2.155389 1.764765 2.742438 0.1723585 0.4004025 0.7069889
2.16845 1.611594 3.170062 0.1989977 0.4557721 0.940707
2.150161 1.631968 3.088416 0.1892016 0.4369552 0.8770725
2.225416 1.40546 3.650133 0.1852292 0.4009513 0.9501353
1.953927 2.001245 2.548887 0.2008297 0.5419136 0.889159
2.179237 1.550848 3.439738 0.1910796 0.4338112 0.9793364
2.067224 1.748575 2.977969 0.1736866 0.4243893 0.8237974
2.098484 1.728391 2.995537 0.1880788 0.4523411 0.8827565
1.703805 3.03408 1.331769 0.1773555 0.6300006 0.4648826
1.878583 2.367079 1.961887 0.1696219 0.4969851 0.6008942
2.32861 1.317875 3.673033 0.1944414 0.3955452 0.931048
1.819381 2.541195 1.814006 0.1864899 0.5816102 0.6368985
2.088234 1.795535 2.761526 0.1948256 0.4740622 0.8462091
1.974529 2.05937 2.432419 0.1799412 0.481887 0.7496457
1.981201 2.07569 2.332663 0.1817718 0.4846253 0.7184082
2.149546 1.674642 2.948107 0.1844878 0.4263014 0.8121706
2.374559 1.043763 4.658433 0.2067035 0.405185 1.199884
1.996527 2.220128 1.956275 0.180137 0.480914 0.5811728
2.279134 1.335183 3.721652 0.1929556 0.403624 0.9683454
2.241302 1.508938 3.424174 0.1947961 0.4259942 0.9520409
2.277902 1.407558 3.659708 0.2150875 0.4587505 1.093163
1.655351 2.996578 1.476986 0.1771108 0.6503941 0.5422363
1.698745 2.926953 1.370615 0.1669416 0.5844151 0.4508917
1.971091 2.214204 2.031074 0.1674097 0.4535078 0.572887
2.333463 1.179582 4.388049 0.1989018 0.4033694 1.145197
2.083271 1.840647 2.687058 0.1879086 0.4601441 0.7969956
2.148126 1.588195 3.285794 0.1835528 0.4229339 0.9082631
2.02991 2.026488 2.44488 0.1694321 0.4367913 0.6827918
1.992328 2.072894 2.345485 0.1712449 0.4530902 0.6761317
2.103972 1.668115 3.108227 0.1858465 0.4419525 0.8959361
2.196474 1.523503 3.437936 0.1886559 0.4222401 0.9497808
1.976942 2.053764 2.375823 0.1757708 0.4674899 0.707098
1.831871 2.600647 1.668179 0.1659594 0.5140328 0.5096284
1.845152 2.583905 1.628919 0.1857295 0.5692177 0.5495336
2.113764 1.826277 2.621446 0.1889878 0.4530878 0.761647
2.154665 1.540613 3.442042 0.1850331 0.4232061 0.9540338
2.070203 1.726582 3.061651 0.1819245 0.4446653 0.8909772
1.909198 2.275215 2.04283 0.165694 0.4699111 0.596692
2.04453 1.972819 2.303019 0.1714377 0.4304441 0.626412
1.904072 2.224652 2.213622 0.1724368 0.490618 0.68442
2.199212 1.467209 3.730974 0.1962555 0.4389041 1.079126
2.282616 1.437554 3.551114 0.1959308 0.415584 0.9584071
2.027964 1.807437 2.970924 0.1620238 0.408212 0.7946306
2.274287 1.323519 3.822084 0.1958667 0.4118715 1.019084
1.757489 2.700581 1.773618 0.1590669 0.5273502 0.5567972
1.89334 2.32637 2.008838 0.1851103 0.5363049 0.667187
1.932495 2.211329 2.148246 0.1645485 0.4571177 0.615841
1.905519 2.303132 1.874064 0.1560534 0.44079 0.5064875
2.059049 1.867556 2.516564 0.1691929 0.416296 0.6685162
1.979048 2.040186 2.387442 0.187589 0.4987106 0.7589209
1.951049 2.190131 2.157391 0.1695001 0.4647992 0.6293153
1.945351 2.119247 2.37426 0.18655 0.5132602 0.7771193
2.058736 1.782964 2.891526 0.1685772 0.4151656 0.7815068
1.871681 2.330735 1.959752 0.1850593 0.5412135 0.6539648
2.144759 1.678089 3.069981 0.1925201 0.4499148 0.9002374
2.127017 1.715796 2.914387 0.1865975 0.4398348 0.8305736
2.103963 1.717962 3.128802 0.1814362 0.4363403 0.8961342
1.793061 2.590386 1.729546 0.1782696 0.566243 0.5851316
2.234972 1.50016 3.368442 0.1959414 0.4278928 0.9361529
1.943779 2.150344 2.239522 0.1721819 0.472082 0.6672349
2.264834 1.381442 3.716752 0.185423 0.3935646 0.9507879
2.053155 1.921928 2.674977 0.1759377 0.4443486 0.7697154
2.147858 1.56696 3.306666 0.1910623 0.4395406 0.9488236
1.90355 2.294962 1.994596 0.1639799 0.4671561 0.5770232
2.05154 1.851522 2.688558 0.1735586 0.4313717 0.7479194
1.896331 2.30874 1.986409 0.2029381 0.5851863 0.718614
2.062798 1.865325 2.631776 0.1821284 0.4516172 0.7650953
2.368398 1.207193 4.051666 0.1955263 0.3875392 1.005029
2.17021 1.654706 3.103579 0.1965905 0.4524082 0.9145244
2.185762 1.532784 3.419093 0.2043612 0.4617718 1.03289
2.051392 1.780111 3.034669 0.1828846 0.4564152 0.9094046
2.045487 1.836098 2.947687 0.1825105 0.4603736 0.8893216
2.090816 1.853236 2.672917 0.1842822 0.4506992 0.777319
1.912637 2.338173 1.957752 0.1975072 0.567019 0.6844387
1.927825 2.169122 2.235581 0.1865937 0.5199884 0.734169
2.252899 1.427097 3.531927 0.2092473 0.4504433 1.031694
2.131986 1.689731 3.107163 0.1815334 0.4275899 0.8687819
2.206296 1.614688 3.004646 0.1813004 0.4032168 0.7810186
1.793878 2.627304 1.555077 0.1737251 0.5490776 0.5011487
1.941415 2.043877 2.478755 0.1639008 0.4451209 0.708314
2.042573 1.747809 3.084462 0.1737288 0.4318785 0.8738694
2.109493 1.790326 2.750424 0.1841798 0.4412918 0.7828584
2.000778 1.955328 2.550638 0.1734821 0.4499991 0.7377236
2.065707 1.740505 3.155227 0.1742763 0.4290779 0.8917065
1.881457 2.312694 2.175735 0.1644252 0.4806949 0.6560441
2.255495 1.355618 3.576795 0.1830399 0.3856374 0.8858924
1.913698 2.209654 2.1788 0.1790819 0.5046025 0.6908347
2.152907 1.630994 3.01547 0.1896081 0.4353784 0.8485355
2.042978 1.847122 2.810839 0.1876422 0.4724141 0.8632555
1.829748 2.47677 1.916245 0.1737004 0.5332969 0.6238384
2.090372 1.877959 2.349325 0.181892 0.4391864 0.6512131
1.89817 2.286541 2.064152 0.1809664 0.5197011 0.6676994
2.297411 1.253144 4.289236 0.2110277 0.4415932 1.23854
1.975582 2.053764 2.521976 0.1720896 0.4616221 0.7493684
1.749401 2.746596 1.594968 0.1959725 0.655125 0.610492
2.102998 1.589378 3.409127 0.1932912 0.4590372 1.030514
2.069897 1.90248 2.487713 0.188658 0.4674026 0.743033
1.998241 2.047682 2.229716 0.1581891 0.4108729 0.577667
2.20178 1.573312 3.302401 0.2042308 0.4597095 0.991691
1.777317 2.663898 1.626006 0.1576753 0.5080837 0.4870685
1.901113 2.132954 2.462951 0.1610037 0.454799 0.7189054
2.140246 1.706998 3.03855 0.1843193 0.4326347 0.8567926
1.954529 1.986843 2.785442 0.209021 0.5692159 1.035863
1.487692 3.696561 0.9995992 0.1835298 0.8185971 0.4032903
1.917291 2.270164 2.045168 0.17225 0.4867507 0.6191403
2.023704 1.961094 2.56072 0.1923133 0.4957187 0.816635
2.006607 2.000006 2.47751 0.197663 0.5166072 0.8197882
1.852375 2.232104 2.292995 0.1701303 0.5008418 0.7279471
1.980974 2.104335 2.198684 0.1680286 0.4456553 0.6161993
2.244566 1.424564 3.573898 0.2004663 0.4329828 1.005647
2.076459 1.749691 3.278391 0.1940455 0.4804522 1.044884
1.941997 1.961096 2.607227 0.1798166 0.4837392 0.8139027
2.275941 1.342843 3.710873 0.2047996 0.4311686 1.03326
1.993493 2.041651 2.323879 0.1768706 0.4638814 0.6835039
1.832951 2.41664 1.845145 0.1552446 0.4672067 0.5257764
1.980198 2.083391 2.344279 0.1838889 0.4914501 0.732278
2.082994 1.723971 3.351423 0.1736815 0.4255768 0.9479946
1.907778 2.21079 2.174658 0.1623531 0.4575352 0.6252568
2.008185 1.88665 2.707308 0.1932933 0.497811 0.8724705
1.915432 2.248059 2.170205 0.1718869 0.4876557 0.6651037
1.762825 2.665172 1.625603 0.158896 0.5166675 0.4951056
2.07223 1.685019 3.488657 0.1809739 0.4452193 1.036054
1.888054 2.30145 2.096238 0.1782852 0.5174977 0.6769713
1.956455 2.20129 2.163363 0.1827592 0.5025818 0.6827268
2.40404 0.9842995 5.224704 0.211286 0.4114205 1.379143
1.859196 2.387843 1.936566 0.1714896 0.5100133 0.6074771
2.051433 1.875437 2.70974 0.1875402 0.4710721 0.8263253
2.080308 1.791722 2.788783 0.1815854 0.4419293 0.7966293
2.1376 1.532463 3.594198 0.1835102 0.4254459 1.010078
2.142359 1.710312 2.850266 0.1828025 0.4252927 0.7815894
1.804988 2.605353 1.672921 0.1674823 0.528273 0.5259
1.789373 2.583535 1.875404 0.1647916 0.5269215 0.5974542
1.99052 1.993007 2.591994 0.1825064 0.4814078 0.8045315
2.065516 1.777491 2.942886 0.1876468 0.4627775 0.8882289
2.009681 2.111477 2.141337 0.1537107 0.4001895 0.5376769
2.013557 2.011083 2.401343 0.1742236 0.4508856 0.6899043
2.077038 1.839239 2.630584 0.1689828 0.4121593 0.6965582
1.949543 2.228455 1.994077 0.1584727 0.432783 0.5342164
1.729652 2.77676 1.677998 0.1941987 0.6638281 0.6537156
2.122146 1.601072 3.150734 0.1812403 0.4218944 0.8642068
1.873012 2.20997 2.277956 0.18376 0.5331504 0.7692262
2.183743 1.590607 3.223398 0.1878925 0.4250329 0.8922644
1.757443 2.707253 1.603154 0.1695528 0.5578615 0.5243533
2.170353 1.579447 3.315653 0.2017892 0.4615949 1.001007
1.920515 2.20349 2.293661 0.1900573 0.5371114 0.7804976
2.205609 1.401837 3.902719 0.1871504 0.4131623 1.061039
1.923884 2.173781 2.25856 0.1678382 0.4681139 0.6688783
1.791947 2.513419 1.872344 0.1890116 0.5971059 0.6786841
2.124388 1.655192 3.393618 0.1864584 0.4430203 0.9950471
2.0138 1.925521 2.695404 0.1605014 0.4126505 0.7212479
2.070476 1.985273 2.30156 0.1769432 0.440249 0.6405668
2.113871 1.808524 2.559851 0.1811142 0.4301955 0.7020937
2.083764 1.642171 3.418863 0.1765463 0.4263468 0.9650956
2.10558 1.617219 3.558085 0.1770795 0.4232539 1.00235
1.879685 2.416562 1.832045 0.1876797 0.5521918 0.6153063
1.781501 2.674865 1.691268 0.1591667 0.5149917 0.5159321
2.173923 1.577944 3.192677 0.1798213 0.4060428 0.8412544
2.357243 1.201474 4.146122 0.2126941 0.4267263 1.136924
2.061053 1.909616 2.428847 0.158431 0.3903424 0.6031729
2.019826 1.983993 2.474176 0.1713571 0.4409456 0.6983193
1.556521 3.361925 1.186672 0.1773056 0.7242622 0.451491
1.781879 2.644105 1.709277 0.1831416 0.591649 0.6010993
1.839335 2.52939 1.730726 0.192846 0.5904496 0.6127575
2.026418 1.920206 2.631636 0.194526 0.498525 0.8469738
1.714957 2.777553 1.65131 0.1827449 0.6284269 0.6076311
2.145746 1.537145 3.521208 0.1837737 0.4232532 0.9803491
1.950707 2.09588 2.407393 0.1805775 0.4927399 0.7573161
1.960351 2.078968 2.535646 0.165842 0.4506716 0.7366523
1.903052 2.218956 2.341416 0.1913807 0.5495648 0.8182701
2.284009 1.244962 4.066889 0.2048174 0.4267626 1.121466
1.840291 2.431505 1.950639 0.1714669 0.5193872 0.6215553
1.951382 2.113747 2.375208 0.1730111 0.4727746 0.7161877
2.148231 1.668569 3.034076 0.1728177 0.3996861 0.7879285
1.952071 2.17644 2.268588 0.1774113 0.4884317 0.7008673
2.05332 1.790856 2.945971 0.1846824 0.4595987 0.8844933
2.081053 1.716713 3.138588 0.1848543 0.4502435 0.9282784
1.872908 2.315388 2.139921 0.1564635 0.4586161 0.6145775
1.844568 2.345663 2.193454 0.1677774 0.5048459 0.694635
1.88161 2.352168 1.942932 0.1814607 0.5298058 0.6338505
1.88381 2.41602 1.758711 0.1767078 0.5155795 0.5482945
1.861105 2.465648 1.875928 0.1659146 0.4985999 0.5705841
2.037475 1.929084 2.765202 0.1847593 0.4733935 0.8517468
2.122859 1.678016 3.065092 0.1737039 0.4081337 0.8147079
1.842642 2.470315 1.905656 0.1818425 0.5545936 0.6454735
2.035918 1.960764 2.451418 0.1801498 0.4582815 0.7180403
1.965181 2.094715 2.426723 0.1918621 0.521095 0.8086168
1.746019 2.636554 1.808808 0.1698295 0.5622536 0.6103728
1.995016 1.898947 2.823556 0.1774584 0.4627756 0.8530676
2.203623 1.51886 3.329781 0.1911899 0.424136 0.917315
2.025523 1.988991 2.25071 0.1785683 0.4539171 0.6436098
2.042364 1.849314 2.893237 0.173467 0.4375096 0.8274305
2.12942 1.648939 3.394136 0.1931994 0.4581787 1.029144
1.947546 2.078214 2.626596 0.1769947 0.4872356 0.8293432
2.059196 1.83778 2.669101 0.1736979 0.4286681 0.736818
2.228745 1.455625 3.347542 0.183266 0.3958367 0.8539957
1.825756 2.368455 2.101266 0.1664445 0.506099 0.6623282
1.890523 2.236462 2.184655 0.1643729 0.4710778 0.6474888
1.824552 2.430653 1.945362 0.180145 0.5515112 0.6584413
