0.826358 2.859684 0.5143844 0.05547053 0.3322794 0.08194678
0.9442069 2.201362 0.710265 0.06388976 0.2914812 0.1042
1.092533 1.653676 0.8963022 0.08023554 0.2843201 0.1253642
0.9677096 2.109721 0.7072464 0.06789072 0.2954195 0.1040287
1.25925 1.067332 1.115052 0.1022846 0.2840231 0.1402064
1.062112 1.699015 0.9304007 0.08036485 0.2994714 0.1394434
0.8575493 2.827512 0.5326906 0.05898556 0.339728 0.08731846
0.8702473 2.466585 0.6142212 0.0593836 0.3093527 0.09386149
1.131722 1.528948 1.044573 0.08714326 0.2982007 0.1551315
1.030153 1.95999 0.73934 0.0717357 0.2814877 0.1026852
0.985274 1.909596 0.8331618 0.07286792 0.3034802 0.1274682
0.9944513 2.105895 0.7292446 0.0679434 0.287876 0.105351
1.112174 1.496058 0.9765577 0.08436513 0.2859676 0.1353309
1.117378 1.512479 0.9331177 0.08281238 0.2773692 0.1244605
1.010214 1.962226 0.7406208 0.07104919 0.283517 0.1034019
1.033341 1.917139 0.7549816 0.070823 0.2747631 0.1024584
1.030562 1.952616 0.7561315 0.07064739 0.2776538 0.1042394
0.9980266 2.109137 0.6753811 0.06735686 0.279895 0.09307948
1.056541 1.749911 0.8315595 0.07348028 0.2710941 0.1110333
1.028337 1.796767 0.8499428 0.07328435 0.2836769 0.1203238
1.031877 1.758161 0.8933795 0.07551401 0.2915327 0.130613
0.9808866 2.006849 0.7170059 0.06582665 0.2729253 0.09668061
0.8949694 2.4847 0.5954763 0.06168934 0.313013 0.09149327
0.9261925 2.211818 0.663391 0.06301907 0.2898806 0.09515943
1.054521 1.928936 0.7462343 0.07275677 0.2762845 0.1015127
0.9399339 2.341921 0.6395563 0.06450092 0.3024707 0.09585465
1.033147 1.783537 0.8564469 0.07449133 0.2864198 0.1222618
1.00279 2.091233 0.6892243 0.06794761 0.2806341 0.09550907
1.156154 1.394785 0.9217998 0.08623784 0.2692544 0.1152189
1.00494 2.027354 0.7073733 0.06739823 0.274798 0.09613519
1.021712 1.883322 0.7806821 0.07240513 0.283306 0.1092981
0.8796757 2.563639 0.5694727 0.06094719 0.3194346 0.08858449
0.9417449 2.335368 0.6104609 0.06310703 0.292598 0.08769071
1.050051 1.737008 0.8909186 0.07752002 0.2933277 0.1306364
0.9173702 2.455347 0.6210067 0.06102458 0.3040794 0.09410206
0.8677962 2.68401 0.5600738 0.06116536 0.3365757 0.09170721
1.050183 1.816273 0.8837615 0.07847134 0.3024556 0.1348593
0.9593511 2.169164 0.671162 0.06640957 0.2935577 0.09749285
1.118234 1.510834 0.9600443 0.08421918 0.2838031 0.1318919
1.00475 1.993558 0.7679092 0.07108137 0.2919248 0.112226
0.9846798 2.112918 0.7082243 0.0691494 0.2944908 0.1036423
1.105291 1.532918 0.9473826 0.08291228 0.2835967 0.1303161
0.9657455 2.129009 0.655001 0.06593731 0.2836332 0.09091282
0.9371339 2.249259 0.6746642 0.06497447 0.3012889 0.1014181
0.9920125 1.982629 0.7649572 0.0678252 0.28112 0.1077748
1.076504 1.744696 0.8297637 0.07690067 0.2777354 0.1129471
1.091605 1.568991 0.8883689 0.08074236 0.277587 0.1183539
0.9150541 2.291986 0.6841332 0.06500484 0.3125544 0.1070303
1.021683 2.004695 0.726621 0.07005569 0.2794964 0.1004446
0.9841558 2.052426 0.7329399 0.06918444 0.2934336 0.1074116
0.9489606 2.258931 0.66859 0.06392545 0.2932083 0.09793738
1.045462 1.800219 0.8188547 0.07657521 0.2899567 0.1171232
0.9791058 1.929855 0.8322619 0.06948618 0.2939611 0.1243523
1.093051 1.55457 0.8864062 0.0809219 0.2770506 0.1174968
1.043739 1.772039 0.8826941 0.07616532 0.2901965 0.1281681
0.8572796 2.584188 0.5742895 0.05602684 0.3033735 0.08545011
0.9451075 2.212133 0.6454855 0.06300804 0.2836336 0.09029722
1.086186 1.713413 0.8120492 0.07714264 0.2726822 0.1073621
1.086654 1.624548 0.9780767 0.07750178 0.2782214 0.1365361
1.042405 1.905113 0.7438325 0.07197229 0.2742071 0.0999473
0.9299886 2.306138 0.6248926 0.06335395 0.2960985 0.09102095
0.9922628 2.327501 0.6466925 0.0674882 0.2995794 0.09630392
0.9572104 2.140245 0.700062 0.06476427 0.2875538 0.1007298
0.9175364 2.561872 0.549562 0.05605746 0.2788331 0.07474263
1.015001 1.91195 0.7657479 0.0700716 0.2762309 0.1045496
0.9269841 2.179506 0.6900397 0.06325918 0.2911085 0.1002151
1.042677 1.846883 0.7732128 0.07185558 0.2713672 0.1029941
1.037563 1.84195 0.7583836 0.07205996 0.2720523 0.1005711
0.9520067 2.108 0.7995793 0.06681919 0.3042632 0.1252411
0.8846614 2.4939 0.6067303 0.06205118 0.3202998 0.09569128
1.020583 1.896742 0.8349059 0.07502238 0.3012859 0.1268515
1.014086 2.177941 0.6438801 0.06638259 0.2737337 0.08649796
0.8881243 2.412303 0.6769554 0.06231898 0.3221969 0.1102851
0.996408 2.034034 0.726312 0.07075414 0.2924824 0.1051884
1.079572 1.758227 0.8167739 0.07754362 0.2801549 0.1120397
0.9823616 2.113726 0.7028848 0.06794866 0.2891934 0.1008803
0.9825576 2.082396 0.7396987 0.06966027 0.2992342 0.11112
1.070337 1.660773 0.9208691 0.07877019 0.2871518 0.1312308
0.8270176 2.785936 0.5199145 0.05552369 0.3262852 0.08157699
0.993623 2.201798 0.6786572 0.06970529 0.3001193 0.1011254
1.085364 1.760694 0.7744859 0.07663388 0.2717277 0.1016049
1.041849 1.905546 0.769784 0.07150965 0.2751488 0.1049395
1.082353 1.67033 0.8926054 0.07836327 0.281133 0.1238527
0.9075664 2.451112 0.5840122 0.05811202 0.2837848 0.08098502
1.0794 1.753744 0.8008328 0.07587819 0.2715672 0.1058387
0.9723667 1.923935 0.8188935 0.06959815 0.2937866 0.1213166
1.000494 2.129143 0.6661507 0.06591973 0.2734013 0.08966262
1.092833 1.631677 0.9517796 0.08022589 0.286462 0.1358816
0.9984283 2.013418 0.7168679 0.06775465 0.2770241 0.09816475
1.030982 2.033699 0.6931688 0.07025314 0.2772265 0.09423397
1.156496 1.286016 1.141355 0.09244357 0.2962385 0.1617524
1.103621 1.638044 0.9145432 0.08206373 0.2873872 0.1293222
1.056621 1.890851 0.7198307 0.07257192 0.270073 0.09429571
0.9511592 2.256768 0.6738557 0.06340238 0.2886292 0.09715762
0.983318 2.061058 0.7022937 0.06786189 0.2839662 0.09837123
1.069014 1.723057 0.88015 0.0781505 0.2873822 0.1255303
0.9684973 2.064731 0.7372805 0.06611398 0.2854616 0.1055607
0.9176622 2.204649 0.7729337 0.0653075 0.3154006 0.1254314
0.9900282 2.091247 0.6830389 0.06909198 0.2881988 0.09664582
1.064728 1.659904 0.8532793 0.07653814 0.2743157 0.1136238
1.015465 1.997073 0.6929021 0.06900854 0.2727176 0.09211643
0.9384282 2.037119 0.7915816 0.06712192 0.3022406 0.1215414
0.9969557 2.039771 0.7614973 0.07194867 0.3019821 0.1154526
0.8873953 2.331527 0.6446454 0.05905197 0.2940702 0.09448991
1.024258 2.03625 0.7054593 0.06982541 0.2794344 0.09728194
0.9830339 1.9741 0.8115212 0.07087755 0.3003683 0.1235159
0.9446493 2.323009 0.624621 0.06455182 0.2985202 0.09181562
1.062494 1.757144 0.8803934 0.07753524 0.2895015 0.1272717
0.8395139 2.751454 0.5592782 0.06110277 0.3557552 0.09681495
0.9565643 2.247148 0.6744628 0.06542776 0.2963005 0.09968845
0.9327276 2.487964 0.5708286 0.06075938 0.2946258 0.08223094
0.9964869 2.235758 0.6512707 0.06694493 0.2890159 0.093285
0.9703723 2.205924 0.7145142 0.06730007 0.302519 0.1092842
0.9009803 2.524625 0.583978 0.05971187 0.3034983 0.08703055
0.9980442 2.001858 0.7245819 0.07109918 0.2912435 0.1040896
1.025389 1.890134 0.7789263 0.07094738 0.2779601 0.1074808
1.03142 1.894567 0.7580315 0.07185099 0.2777743 0.1036068
0.9424663 2.189836 0.7221231 0.06618021 0.3040573 0.1107752
0.9745989 2.254666 0.600962 0.06340508 0.2744284 0.08010011
1.048279 1.904225 0.7476498 0.07224435 0.2737562 0.1004082
0.8920707 2.38449 0.6713157 0.06258616 0.3181978 0.1075167
1.007384 2.067816 0.6984144 0.0677467 0.2763764 0.09530503
1.06269 1.743484 0.8065973 0.0749685 0.2720733 0.1067543
0.9934981 2.061607 0.7682862 0.0696799 0.2963849 0.1152628
1.002785 2.011844 0.7097039 0.06927736 0.281665 0.09840246
1.00488 1.956794 0.8267759 0.07372325 0.3050404 0.1278907
1.085818 1.715537 0.8242991 0.07800952 0.2761647 0.1105979
1.049382 1.914347 0.7954484 0.07612 0.2949613 0.1170647
1.014138 1.996324 0.7379601 0.0695749 0.279279 0.1021326
1.012235 1.847399 0.8637508 0.07381919 0.2961984 0.1291616
0.8445119 2.790967 0.5192341 0.05979744 0.3468274 0.08641872
0.9242943 2.268584 0.6573726 0.06396869 0.3012786 0.09839453
1.032854 1.999113 0.7195056 0.07207398 0.2835014 0.1003921
1.074506 1.725447 0.8216655 0.07690889 0.2752515 0.109948
1.047214 1.831084 0.8533118 0.07567906 0.2912802 0.1248329
1.007961 1.966118 0.7828789 0.07145682 0.2921928 0.114826
1.097391 1.628509 0.8760992 0.08072868 0.2807854 0.1194364
1.008879 1.861562 0.82161 0.07174644 0.2860116 0.1173915
1.018586 1.88387 0.8033599 0.07299756 0.2882609 0.1152098
0.890735 2.533771 0.5693796 0.05931342 0.3034991 0.08424088
1.011916 1.93102 0.7760918 0.07279512 0.2911094 0.1120875
1.139179 1.40717 1.039199 0.08781643 0.2882451 0.1444795
1.068592 1.67138 0.9057191 0.0790766 0.288118 0.1289985
1.06179 1.791998 0.8592127 0.07659904 0.2875091 0.1234118
1.010882 1.999627 0.6936754 0.06911456 0.2753355 0.09321596
1.021591 1.794818 0.8361188 0.07369094 0.2857343 0.1184596
1.03129 1.787754 0.8347585 0.07539839 0.2885046 0.1189698
1.087613 1.703842 0.8446161 0.07600217 0.2696733 0.1116301
0.971838 2.166076 0.7365892 0.06929897 0.3081113 0.114731
1.270975 1.066625 1.131529 0.1025139 0.282522 0.1421334
0.9619875 2.174122 0.6943112 0.06629454 0.2940325 0.1018884
1.096274 1.548195 0.9688445 0.08302966 0.2893273 0.1372773
1.104562 1.587757 0.8992741 0.07966973 0.2734814 0.119448
0.9879231 2.113831 0.7031981 0.06874755 0.2914753 0.1017619
0.9846898 2.019044 0.7387385 0.06883706 0.2872785 0.1054441
0.9567707 2.357538 0.6086295 0.06467541 0.2955037 0.08809812
0.9987012 1.829152 0.8423175 0.07087634 0.2843218 0.1198691
1.060947 1.709099 0.85684 0.0766325 0.280124 0.1178263
1.041567 1.92347 0.7460182 0.0724456 0.2782795 0.1020758
1.06816 1.831487 0.7540141 0.07270325 0.2657705 0.09763379
0.965066 2.138872 0.6928654 0.06650205 0.2899563 0.09971955
0.9608499 2.136471 0.6989388 0.06748472 0.2969417 0.1032255
1.002668 2.030764 0.7598995 0.07082745 0.2943428 0.1122627
0.9580654 2.087253 0.7359834 0.0681334 0.2995624 0.1104417
0.9225226 2.270422 0.699418 0.06415774 0.3059917 0.1078384
1.000327 1.860707 0.8398472 0.07438673 0.3008824 0.1265554
1.026134 1.803313 0.8256212 0.07292341 0.2812956 0.1150672
1.062252 1.737792 0.7807725 0.07350534 0.2646272 0.09970801
1.07817 1.694041 0.8193476 0.07626419 0.2709025 0.1075964
1.131859 1.469814 0.9054911 0.08357182 0.270846 0.1156151
1.031377 1.834521 0.824309 0.07187248 0.2780043 0.114266
0.9756705 2.151787 0.7319622 0.06773167 0.2990808 0.1107339
1.013155 1.782135 0.8177125 0.07289169 0.2822041 0.1134204
1.049017 1.7387 0.8823447 0.07717168 0.2907893 0.1277499
0.9478897 2.241424 0.6428271 0.06320623 0.2842981 0.09003689
0.9689052 2.232639 0.6583313 0.06673629 0.2976284 0.09727006
1.019715 1.933308 0.7140956 0.06994446 0.2727357 0.09490991
1.072217 1.855699 0.768819 0.075585 0.2798259 0.1056742
1.088877 1.64621 0.8768319 0.07916527 0.2780674 0.1187988
1.119647 1.664362 0.8437038 0.07962453 0.2711444 0.1109461
1.015326 1.930208 0.801156 0.07113967 0.2868825 0.1155832
0.9436833 2.303224 0.6705094 0.06668608 0.3116683 0.1043756
0.9823394 2.098745 0.7625772 0.06797636 0.2945495 0.113956
1.009253 2.124912 0.7524867 0.07121168 0.302954 0.1155954
0.9033995 2.296574 0.7264135 0.06545274 0.3270244 0.1212632
1.004245 2.114999 0.6829795 0.06870255 0.2856543 0.09640293
1.046193 1.681546 0.8984627 0.0784529 0.2922181 0.129578
0.9287176 2.089029 0.7135262 0.06249905 0.2801124 0.09956601
0.9204452 2.245875 0.6332566 0.06121808 0.2841574 0.08852827
1.020846 2.008439 0.7569687 0.06979554 0.2820552 0.1069477
1.002268 1.895815 0.810034 0.07051048 0.2851758 0.1157402
1.005809 1.938233 0.779175 0.0701353 0.2829109 0.1098962
0.9903266 1.860375 0.8679755 0.07165904 0.296623 0.1308189
0.908242 2.242539 0.746063 0.06445345 0.3145204 0.1198314
0.9243451 2.094996 0.7446729 0.06530749 0.2996367 0.1123917
1.005248 1.928497 0.7196988 0.06930549 0.2740806 0.09619093
1.003634 2.014472 0.7586314 0.06973915 0.2870393 0.1090064
1.032715 1.980399 0.7255128 0.07158071 0.2805184 0.1001956
0.9496886 2.153546 0.7035997 0.06519171 0.2925411 0.1030253
0.8745621 2.620723 0.5889974 0.06016661 0.3252091 0.09429357
0.8729819 2.612464 0.5141432 0.05619367 0.2935214 0.07206511
0.9080117 2.339634 0.6102642 0.06165241 0.296105 0.0885258
1.110962 1.653201 0.8300859 0.08068422 0.2755632 0.110008
0.9442918 2.20176 0.7092495 0.06711706 0.3075071 0.1095053
1.120536 1.382804 1.065765 0.08693748 0.2901554 0.1493016
0.9719028 2.131036 0.7014464 0.06720028 0.2913706 0.1017208
0.9479147 2.217612 0.6890859 0.06245259 0.2857487 0.09912723
1.1223 1.573344 0.8827071 0.08163554 0.273517 0.1161342
0.9470479 2.135627 0.710161 0.06479617 0.2883079 0.1021834
0.9601283 2.221928 0.6594167 0.06469552 0.2879537 0.09403295
0.9164444 2.416669 0.5481278 0.05880414 0.2785257 0.07333588
1.062422 1.715269 0.8728052 0.07691481 0.2821276 0.1215514
0.9360984 2.279773 0.6556215 0.05991234 0.2769968 0.09054451
1.010232 1.969274 0.74948 0.07028993 0.2837636 0.1056337
0.9084254 2.484017 0.5712216 0.05705986 0.282982 0.07922177
1.130437 1.648927 0.8499264 0.08225183 0.276926 0.1137918
0.9770587 1.983862 0.7935762 0.07085653 0.3007419 0.1201538
0.951067 2.265128 0.6386502 0.06526611 0.2954666 0.09292089
0.9873447 2.022925 0.7192527 0.06796623 0.2819685 0.1003084
0.9348951 2.30218 0.7155673 0.06949555 0.3360081 0.1222758
0.947841 2.103529 0.7458728 0.06837711 0.3072899 0.1154835
1.061966 1.848443 0.7766385 0.075446 0.280505 0.1068198
0.9763539 2.114374 0.681161 0.06553567 0.2796147 0.09415164
1.0359 1.789754 0.8120697 0.07413826 0.2810764 0.1122049
1.157748 1.303333 1.14227 0.09333476 0.300441 0.1649801
0.9018765 2.158753 0.7565279 0.06354207 0.3063775 0.1181823
1.001509 2.015635 0.7504738 0.07022543 0.2899702 0.1087106
0.9346979 2.345721 0.6496741 0.06555704 0.3110037 0.1004319
0.8472783 2.598965 0.6137046 0.05682328 0.3170557 0.09678875
0.9336067 2.3051 0.6474628 0.06442961 0.3020993 0.096998
0.9960369 1.993975 0.7554866 0.06943106 0.2859169 0.1076837
0.9169121 2.214952 0.7225153 0.06015822 0.286351 0.1052913
1.116182 1.559193 0.8791936 0.08053139 0.2693095 0.1133446
1.022697 1.823268 0.806044 0.07292012 0.2814558 0.1118143
1.012472 1.937429 0.7764273 0.07186301 0.28846 0.1114998
1.000389 1.987446 0.7809742 0.07368844 0.3055873 0.1197034
0.879793 2.408543 0.7039621 0.06613881 0.3469587 0.1239377
0.8937107 2.510664 0.5738258 0.05876938 0.2986568 0.08377864
1.223344 1.138939 1.157232 0.1007916 0.295612 0.1566739
1.01007 1.798314 0.8458513 0.07232172 0.2841986 0.1196428
1.011998 2.147904 0.7250001 0.06869258 0.2895149 0.1057299
1.173134 1.327629 1.031723 0.08962256 0.2786215 0.1353473
1.026329 1.831449 0.856707 0.072859 0.2861506 0.1234151
1.048985 1.765836 0.8212875 0.07448989 0.2777113 0.1121014
0.8695257 2.419615 0.6210453 0.05885277 0.3047413 0.09381484
1.047959 1.841312 0.841935 0.07617025 0.2936425 0.1240026
1.01149 2.006987 0.7301355 0.06934021 0.2802683 0.1014394
0.924123 2.50068 0.5877205 0.06256474 0.3087632 0.08906582
0.9231849 2.387326 0.5936143 0.06305123 0.2991585 0.08645594
1.028144 1.89462 0.7863677 0.07425964 0.29036 0.1130927
1.064261 1.726092 0.8959968 0.07938005 0.2950029 0.1317426
1.053039 1.758793 0.8274993 0.074186 0.2745789 0.111679
0.9697585 2.068771 0.7096181 0.06668003 0.2840681 0.09981119
0.9228102 2.176051 0.7269291 0.064879 0.3036874 0.1114247
0.9590875 2.300202 0.677222 0.06539021 0.3028944 0.103294
1.082448 1.789881 0.7506536 0.07429283 0.2637356 0.0954143
1.036898 1.929214 0.7501529 0.07175312 0.2778025 0.1027899
0.9270468 2.305538 0.6376025 0.06313421 0.2975282 0.09386081
1.061089 1.590866 1.094393 0.08197696 0.3084666 0.1729506
1.152534 1.459759 0.9818736 0.08723291 0.282256 0.1331738
1.10368 1.699277 0.8531384 0.08146266 0.2854464 0.1189573
0.9984085 2.148992 0.7152287 0.07058821 0.3012073 0.107836
1.034759 1.944215 0.7514459 0.0713643 0.2787666 0.1037464
1.099614 1.57504 0.9444547 0.08361697 0.2911115 0.1344569
0.9826737 2.004753 0.7664952 0.06709394 0.2819735 0.1085599
0.9509497 2.126768 0.7750762 0.0709606 0.323569 0.12778
0.9045614 2.27309 0.6428517 0.06231074 0.2977213 0.09443188
1.027314 1.83259 0.809749 0.07288713 0.2814259 0.1127596
1.020196 1.955173 0.7598174 0.07145244 0.2849244 0.1075821
1.012298 1.937387 0.7680319 0.07029246 0.2823274 0.1080111
0.8362373 2.430935 0.6299359 0.05852332 0.3160977 0.09869603
1.017499 1.837701 0.8051304 0.07204117 0.2808702 0.1118319
1.066733 1.798268 0.8575354 0.07612743 0.2850975 0.122404
1.023523 1.856046 0.7868901 0.07108534 0.2768009 0.1077965
1.005503 1.939282 0.7845293 0.07281324 0.2970019 0.1165074
1.061551 1.878796 0.7804899 0.07322846 0.2758241 0.1066754
0.8462386 2.648846 0.6025553 0.06181343 0.3513211 0.1046083
1.069125 1.79792 0.8540916 0.0765279 0.2848749 0.1214495
1.005501 1.846084 0.8656803 0.07305132 0.2947033 0.1287945
0.8821892 2.468336 0.6091983 0.06126608 0.3163577 0.09515127
1.123574 1.476915 0.9625522 0.08452732 0.2813861 0.1302489
1.05059 1.81153 0.7990763 0.07436533 0.2793945 0.1099274
0.9115549 2.514307 0.5881078 0.05822303 0.2932897 0.08526362
0.9060577 2.375488 0.6275679 0.06145409 0.3008588 0.09341109
0.9692562 2.107601 0.6920979 0.0676516 0.2903299 0.0991676
0.8796099 2.739887 0.4871581 0.05704186 0.3044905 0.07012865
1.047597 1.621199 0.9113055 0.07754206 0.2843956 0.126981
1.038725 2.008679 0.711911 0.06886649 0.2687747 0.09440517
0.9912832 2.074503 0.7524021 0.07101242 0.3022543 0.1143898
0.9803639 2.166262 0.7140212 0.06702995 0.2924273 0.1048972
0.9957467 1.904703 0.8036646 0.07097473 0.2894215 0.1163494
1.007676 1.960289 0.738437 0.06966063 0.2805028 0.1024438
1.035269 1.732093 0.935582 0.0790293 0.3059173 0.1443843
1.164728 1.371575 1.082732 0.09164852 0.2945306 0.1540159
0.9727891 2.13919 0.6951658 0.06582351 0.2860447 0.09914964
1.024711 2.029469 0.6920659 0.07138933 0.2824605 0.09547185
1.055315 1.826715 0.818309 0.0748257 0.2821149 0.1146
1.018108 1.959664 0.7436644 0.06827869 0.2709299 0.09987288
1.048505 1.735194 0.885746 0.07477964 0.2811016 0.1242316
1.00669 2.058019 0.7091353 0.06836976 0.279597 0.09814359
0.926711 2.232443 0.7253417 0.06542931 0.3090023 0.1134034
1.079027 1.894418 0.7659923 0.07285538 0.2689807 0.1018485
1.022944 2.052483 0.714502 0.07128113 0.2882359 0.102049
1.006688 2.055566 0.7239346 0.06932167 0.2843402 0.1022482
0.9882659 2.070973 0.7212549 0.06878222 0.2909129 0.1046256
1.025304 1.788703 0.8136564 0.07255468 0.2777287 0.1112082
0.921917 2.447724 0.5705012 0.06142177 0.2954116 0.08179396
1.045141 1.839345 0.7835311 0.07292622 0.2759097 0.1064076
1.095625 1.742445 0.7905361 0.07683616 0.2689441 0.1028335
0.9799237 2.017703 0.7182757 0.066156 0.2758412 0.09806009
1.042072 1.875537 0.795362 0.07341762 0.2828096 0.1117867
0.9927747 2.124077 0.718546 0.06820845 0.2894179 0.1039687
1.050679 1.641758 0.928856 0.07830615 0.2898248 0.1332452
0.8659181 2.566387 0.5958756 0.05756325 0.3093415 0.091033
0.9954654 1.937232 0.8225328 0.07074029 0.2932533 0.1221118
0.9768409 2.093731 0.6977126 0.06594871 0.2800691 0.09678567
1.015736 1.767394 0.8855462 0.07574957 0.2978052 0.1320409
1.137328 1.444061 1.031871 0.08738103 0.2896893 0.1453102
1.112139 1.466546 1.006471 0.08458758 0.2864635 0.1399287
1.0988 1.540693 0.9832181 0.08323135 0.2899928 0.1400674
0.9949383 2.020608 0.7093523 0.06796291 0.2770644 0.09660455
1.096963 1.611335 1.011576 0.08421085 0.3026839 0.1541308
0.9600395 2.117631 0.7166292 0.06662555 0.2928818 0.1049118
0.9789416 2.209535 0.6765418 0.06635855 0.2898702 0.09755808
1.144836 1.337728 1.048134 0.0895327 0.2874978 0.1427209
1.000156 1.974906 0.8212927 0.0718462 0.3002836 0.1254607
1.003203 1.899262 0.8675482 0.07394468 0.3053803 0.1351251
0.9411564 2.364518 0.6176011 0.06259235 0.29248 0.08902073
1.077579 1.699718 0.8653346 0.07769356 0.2803052 0.1193927
0.9887898 2.069135 0.7462263 0.07001172 0.2972915 0.1113047
1.042644 1.74401 0.8278744 0.07596065 0.2836313 0.1148972
1.112031 1.621366 0.8981054 0.08264738 0.2848851 0.124838
1.054258 1.68065 0.8766022 0.07608759 0.2792308 0.1203073
0.95272 2.223597 0.6418026 0.06326825 0.2828417 0.08947761
0.9686949 2.100262 0.7202233 0.0641417 0.2772232 0.100017
0.8386984 2.776557 0.5724931 0.06284924 0.3714466 0.1039671
0.9891897 1.923975 0.7762254 0.07011267 0.2874169 0.110952
0.9706536 2.087445 0.6900091 0.06625701 0.2830356 0.09644663
1.088635 1.628203 0.8482079 0.07862829 0.27271 0.1112689
0.8923533 2.547471 0.5782162 0.05915554 0.3066451 0.0871398
0.9974424 1.897332 0.8767099 0.07179584 0.2987277 0.1342038
1.053037 1.842242 0.7330104 0.07332885 0.2704865 0.09566227
1.033243 1.89365 0.7921523 0.07248637 0.2823194 0.1112673
0.9673155 2.115943 0.7790053 0.0696814 0.3112468 0.1238185
1.103522 1.499731 1.023478 0.08537708 0.2958813 0.1488415
1.096096 1.576926 0.8754467 0.080104 0.2736106 0.1147519
0.9100335 2.302014 0.6662105 0.06238289 0.3006001 0.09990714
0.9817646 1.892976 0.7702669 0.07013035 0.2854244 0.1083089
0.9433781 2.326492 0.6551254 0.06455329 0.302973 0.09906169
1.047031 1.871219 0.8280255 0.07776314 0.3004186 0.1242997
0.8508184 2.502162 0.6345567 0.05853769 0.3194754 0.1013521
1.158865 1.494275 0.8809716 0.08468976 0.2676765 0.1109582
1.142143 1.532425 0.9210007 0.08472819 0.278899 0.1237664
1.046327 1.898996 0.7722413 0.07308258 0.2805002 0.107261
0.9966753 1.961099 0.7541763 0.06845498 0.2793357 0.1047451
1.058483 1.782435 0.8448017 0.07645098 0.2865545 0.1202859
1.050586 1.867174 0.7896667 0.07403542 0.2822014 0.1104688
1.053144 1.751256 0.9040327 0.07624861 0.2886969 0.1313054
1.06231 1.82592 0.7845976 0.07350883 0.272476 0.1050987
1.047195 1.819545 0.7788337 0.07328448 0.274709 0.1047455
0.9353207 2.204942 0.7104083 0.06483024 0.3020144 0.1083406
0.9825861 2.12426 0.7119409 0.06782724 0.2916528 0.1037615
0.9685004 2.167492 0.7042324 0.06520798 0.2865752 0.1010868
0.9473804 2.121588 0.7491322 0.06486217 0.2930709 0.1113915
0.9074098 2.342896 0.6925978 0.062725 0.3115479 0.1092913
1.01751 2.036554 0.7857734 0.07175744 0.2975393 0.1186987
1.127799 1.427578 0.9451599 0.08482471 0.2752527 0.1225733
1.014948 1.905734 0.7814954 0.07194665 0.2854277 0.1106623
0.99528 1.99104 0.783087 0.06962314 0.2901796 0.1145431
1.188091 1.412276 0.9946616 0.09088647 0.2834198 0.1344597
0.9060023 2.372499 0.6466956 0.06203735 0.3056464 0.09847359
0.94634 2.150305 0.6964644 0.06540054 0.2930115 0.1016773
0.991845 2.112837 0.687161 0.06550644 0.2755424 0.09395931
1.048837 2.017781 0.7117113 0.06969274 0.2706035 0.09517868
0.9974327 2.014588 0.7566654 0.07036073 0.2905833 0.109707
0.9259679 2.309003 0.6742245 0.06345369 0.3049519 0.1034423
1.001185 1.985116 0.7286455 0.06966673 0.2820788 0.1013011
1.015413 2.007734 0.7744095 0.07369237 0.3028777 0.1179464
0.9518796 2.183199 0.7030759 0.06572874 0.296427 0.104461
1.060962 1.746209 0.8066499 0.07492574 0.2724064 0.1069023
1.077161 1.918452 0.7187595 0.07353781 0.2697343 0.0943337
1.044849 1.746844 0.839132 0.07439296 0.2770173 0.1142466
1.051444 1.772576 0.7938264 0.07360849 0.2708614 0.1046877
1.034622 1.754456 0.909342 0.07598546 0.2931075 0.1341011
0.9089354 2.419346 0.6245654 0.06189111 0.3049236 0.09419647
1.026778 1.690511 0.895604 0.07560164 0.2874671 0.1273991
1.065069 1.834723 0.8086719 0.07747204 0.2896055 0.1157983
0.9253229 2.132942 0.7352875 0.06607814 0.30579 0.1132864
1.04268 1.803015 0.8398371 0.07421067 0.2835217 0.118683
1.067947 1.797652 0.7901315 0.07467459 0.2732064 0.1056345
1.006635 1.991721 0.7695905 0.07073505 0.289677 0.1116664
1.008853 1.936518 0.7651489 0.06849975 0.2749523 0.1047668
0.9799576 1.893163 0.8263394 0.06894947 0.2863458 0.119178
1.188172 1.363251 0.8752794 0.08943169 0.2662577 0.1054209
1.002041 1.945519 0.7541124 0.06935366 0.2790637 0.1041229
1.110675 1.528474 0.9747792 0.08271223 0.2839987 0.1356351
1.073016 1.680929 0.8984525 0.07695629 0.2793629 0.1244074
1.001775 2.063965 0.7072709 0.06926743 0.2851287 0.09967286
1.058527 1.804656 0.7768542 0.07123115 0.2626367 0.09995209
1.093649 1.795614 0.8164627 0.07936103 0.2859295 0.1149243
0.8793295 2.46108 0.6030062 0.0604305 0.3117092 0.09261195
0.9726822 2.040044 0.7408233 0.06931077 0.2968547 0.1098043
1.085925 1.662293 0.8235531 0.07842937 0.2731839 0.1080086
0.9425932 2.147821 0.738849 0.0675622 0.307146 0.1143577
1.136777 1.427372 1.020121 0.08717005 0.2865165 0.1408507
0.9268366 2.43244 0.6037277 0.06018758 0.2913232 0.08688843
0.9460232 2.132838 0.7597203 0.0665452 0.3017439 0.1163281
0.8784209 2.513384 0.5988494 0.06078767 0.3167765 0.09325756
0.8661278 2.407377 0.6578716 0.06321885 0.3315694 0.1089997
0.9255783 2.280162 0.6878829 0.06558705 0.3128044 0.1080816
0.8968971 2.483083 0.6193536 0.06556627 0.335599 0.1027246
0.9576212 2.268045 0.6513228 0.06440887 0.2899419 0.09349542
0.8978427 2.384569 0.6437765 0.05992795 0.299543 0.09636963
0.9986401 1.967487 0.7651462 0.06839207 0.2803901 0.1072949
0.9818358 2.06668 0.7402567 0.06854147 0.2924175 0.1084824
0.9960689 2.00545 0.7165192 0.06761394 0.2764649 0.09780359
1.129019 1.474744 0.9373759 0.08345618 0.2745295 0.1229361
0.9825061 2.309847 0.6156809 0.06470285 0.2842721 0.08586916
0.9511255 2.059968 0.7669382 0.06738082 0.2997117 0.1162824
0.957751 2.188623 0.6659889 0.06554082 0.2904353 0.09565634
1.01538 1.828882 0.8125642 0.07243169 0.2840771 0.114443
0.9972562 2.123444 0.7346448 0.070489 0.3020781 0.111839
1.180817 1.436735 0.9688094 0.09035411 0.2831631 0.1305026
0.9450489 2.47915 0.5191681 0.06005496 0.2762774 0.06807906
0.9752485 2.181245 0.7127354 0.06926798 0.3057817 0.109367
0.9258673 2.209288 0.7288916 0.06560408 0.3095408 0.1142713
0.9170449 2.369327 0.6402208 0.06329243 0.3084482 0.09825552
1.009419 1.930276 0.7663796 0.07097669 0.2837969 0.1077711
0.9997969 2.19124 0.6816947 0.06875716 0.2935501 0.09954025
1.054916 1.902553 0.7631978 0.07153743 0.2718928 0.1027927
1.077337 1.747194 0.8100269 0.07567206 0.2701899 0.106468
1.08523 1.507374 1.09071 0.08276211 0.2961748 0.1621299
1.000984 2.050887 0.743471 0.07178093 0.2986138 0.1108058
1.021873 1.880252 0.7630444 0.0716517 0.2778984 0.1040538
1.133978 1.534894 0.9341702 0.08411636 0.279446 0.1262478
1.014716 1.973953 0.7965629 0.07160862 0.2920687 0.117385
0.9969959 2.03243 0.7603741 0.0703362 0.293792 0.1120969
0.9751751 2.184223 0.6598887 0.06590361 0.2853851 0.09290041
1.012493 1.760371 0.9188436 0.0743676 0.2946735 0.1368628
0.9303292 2.537998 0.5687427 0.06191704 0.3024127 0.08366752
1.131734 1.690505 0.8267812 0.07986467 0.2704575 0.1086103
0.9862341 1.997187 0.74799 0.06815898 0.2836651 0.1057262
1.065611 1.852197 0.7905113 0.07394609 0.2754642 0.1076323
1.074514 1.822862 0.8376286 0.075979 0.2818798 0.1177984
1.084094 1.664667 0.9055078 0.07956398 0.2847393 0.1272704
1.084466 1.65208 0.8448838 0.07719641 0.2708045 0.1107744
1.10832 1.690719 0.8624898 0.07949603 0.2778582 0.1176944
0.9860806 1.946176 0.7275896 0.06772346 0.2758182 0.09857935
0.9585788 2.03021 0.7539135 0.06622769 0.2875504 0.1088332
1.152892 1.482447 0.963826 0.08674076 0.2818605 0.1308539
0.9788536 2.009272 0.7754318 0.0708237 0.3012433 0.1173777
1.030689 1.819606 0.8997165 0.07496172 0.2964241 0.135763
1.125445 1.532174 0.9386939 0.08315008 0.2786618 0.1267163
1.12379 1.650246 0.8494663 0.08050937 0.2719841 0.1117421
1.049573 1.755064 0.787702 0.07343357 0.269109 0.1026996
1.053497 1.855648 0.8013968 0.0742185 0.2823248 0.1124617
1.133207 1.588712 0.832387 0.0827226 0.2709823 0.1067386
0.9721258 1.933649 0.8232779 0.072701 0.3075401 0.1274059
1.004456 2.072904 0.6629181 0.06672308 0.2699058 0.08720598
0.9793965 2.065288 0.7582654 0.06799723 0.2923948 0.1118961
0.9794882 2.002661 0.723252 0.06765711 0.2808815 0.1002048
0.997555 1.970175 0.7351824 0.07104237 0.288718 0.1045458
0.9947612 1.941549 0.7390685 0.07021079 0.2827866 0.1025354
0.8589945 2.378211 0.6579598 0.05900376 0.3084448 0.1015789
1.154346 1.538117 0.9062597 0.08593506 0.2791942 0.1214206
1.035406 1.723113 0.8834631 0.0756369 0.2879012 0.126486
1.042244 1.945606 0.774412 0.07480968 0.2924144 0.1127023
0.9486268 2.145463 0.7045897 0.06717308 0.3008249 0.1056923
1.018723 1.951418 0.7797792 0.07296359 0.2919708 0.1134955
1.005074 1.961442 0.7995192 0.07182155 0.2960102 0.119423
1.061403 1.754051 0.8392507 0.07692433 0.2834645 0.117062
0.9455496 2.176072 0.7200685 0.06717776 0.3072283 0.11146
0.9747338 2.079717 0.7203143 0.06689051 0.2870805 0.1032464
1.162711 1.310747 1.036717 0.09176941 0.2871352 0.13921
0.9933804 1.965013 0.7747411 0.07076296 0.292317 0.1132051
1.107625 1.604819 0.8542113 0.07865886 0.2658626 0.1089212
0.9113394 2.186643 0.733919 0.0649241 0.3097423 0.1150855
1.083037 1.529771 0.9202896 0.08110969 0.2813451 0.1245279
0.9122747 2.244626 0.6790497 0.06276556 0.2998982 0.1019587
1.092527 1.713027 0.8851475 0.08037941 0.2875629 0.1259117
1.005231 2.007659 0.7505269 0.07109646 0.2912359 0.108893
0.8357767 2.62121 0.5969895 0.05787749 0.3300837 0.09753688
0.940189 2.351347 0.6016128 0.06310209 0.2931185 0.086273
1.046993 2.052825 0.6674853 0.07030998 0.2715767 0.08819356
0.8885432 2.430725 0.6293223 0.06018352 0.3071388 0.09622533
0.9582039 2.238199 0.7103396 0.06687939 0.306189 0.1098969
0.982161 2.139533 0.7381172 0.06878677 0.2998257 0.1117174
1.007646 1.949251 0.8132138 0.07052439 0.2891549 0.1190634
0.9913788 2.021342 0.7502597 0.07045138 0.2947519 0.1104804
1.088393 1.652947 0.8808573 0.0782584 0.2763087 0.1191704
1.027887 1.797182 0.8177506 0.07112657 0.272087 0.1099958
0.957867 2.358106 0.605502 0.06483496 0.2977638 0.08848074
0.9388334 2.177084 0.7339527 0.06645673 0.3070825 0.1140984
0.9843532 2.116974 0.675582 0.06758712 0.2856171 0.09496442
0.8562718 2.692371 0.5526108 0.05792078 0.3225564 0.08667218
0.967603 2.253177 0.6741106 0.06721525 0.3013508 0.1012179
1.09357 1.722076 0.8051618 0.07722567 0.2710451 0.1057531
1.178328 1.256079 1.123541 0.09391133 0.2920222 0.1548946
0.9452703 2.188255 0.7076165 0.06583661 0.2999401 0.106548
1.012515 1.938602 0.7363093 0.07029366 0.2778101 0.1003925
1.066547 1.880682 0.7447662 0.0732378 0.2720367 0.09920119
1.05922 1.691132 0.9222965 0.07821633 0.2908803 0.1339994
0.9855741 2.12197 0.7254924 0.06961474 0.2999377 0.1091116
0.8981971 2.535928 0.5777064 0.06024234 0.30778 0.08705559
0.8638157 2.587991 0.572 0.05893512 0.3184377 0.089144
0.8642256 2.590646 0.5936952 0.05757488 0.3126972 0.09175333
0.9521296 2.186963 0.6858165 0.06433862 0.2875753 0.09824033
0.9511342 2.209323 0.6526681 0.06585727 0.2940896 0.09444557
0.9545969 2.172158 0.6829569 0.06457837 0.2864572 0.09720952
1.161736 1.39874 1.020106 0.08822064 0.2825627 0.1383444
0.9639404 2.09735 0.678386 0.06544614 0.2806781 0.09365959
0.9277492 2.362022 0.6229599 0.06284891 0.29931 0.09207669
0.9469001 2.282225 0.6159763 0.06434305 0.2910915 0.08756053
1.035225 1.794423 0.8951001 0.07589893 0.2952817 0.1334432
1.010996 1.792878 0.8943948 0.07594237 0.3025 0.1362703
1.051631 1.695177 0.8687025 0.07656994 0.2823094 0.1204768
0.9211428 2.367238 0.6138725 0.06147436 0.2932648 0.0885655
1.025371 1.992573 0.7120834 0.06999003 0.2753749 0.09623535
1.062361 1.831255 0.8297518 0.07336354 0.2760417 0.1145518
1.118283 1.563282 0.8525757 0.08165974 0.2709387 0.109509
1.028527 1.884782 0.7817497 0.07291197 0.2846415 0.1102257
1.030491 2.007255 0.7021754 0.06984052 0.2746084 0.09465905
1.062086 1.642251 0.9792818 0.08006103 0.2968287 0.1459354
1.007247 1.808904 0.8827205 0.07141191 0.2862574 0.1279098
0.9864148 2.168166 0.6901896 0.06784844 0.2913682 0.09997556
0.9687804 1.987955 0.7704363 0.06720871 0.2862888 0.1106974
0.9601355 2.105363 0.7483126 0.0677697 0.3002893 0.1134104
1.079913 1.705088 0.8678429 0.07770118 0.2788399 0.1190176
0.997614 2.05898 0.7062795 0.06678194 0.276291 0.09678345
0.9500613 2.18656 0.6343917 0.06380587 0.2812641 0.08714657
0.9742059 2.214542 0.692585 0.06873894 0.3076762 0.1069831
0.9367076 2.223908 0.7001174 0.06458266 0.2992309 0.1052709
0.8879259 2.428621 0.6663546 0.06412569 0.3319431 0.1112335
1.071926 1.772812 0.8227983 0.07644368 0.2794155 0.1131129
1.068922 1.796771 0.8734389 0.07749806 0.2902951 0.1272671
1.023514 1.915493 0.7749087 0.07265074 0.2863937 0.1100464
1.117062 1.512221 0.9533889 0.08390831 0.2831167 0.130587
0.904217 2.34872 0.7270946 0.06501995 0.3300342 0.1230544
0.9919536 1.985323 0.7978011 0.06899031 0.2896386 0.1171258
1.001667 1.990318 0.7987018 0.071265 0.2971974 0.1202557
0.9893082 2.137555 0.6828773 0.0669482 0.2832668 0.09572414
0.9854089 2.316523 0.6426324 0.06668208 0.2985853 0.09547793
0.943517 2.288704 0.709224 0.0655723 0.3096346 0.1114227
0.9891392 2.069662 0.7015821 0.06850526 0.2879825 0.1000757
1.022239 1.734505 0.9179958 0.07643556 0.2980162 0.1374538
0.9992499 2.024555 0.7254308 0.07003024 0.2881663 0.1035437
1.084719 1.631398 0.8569009 0.07893116 0.2757003 0.1139774
0.9006049 2.633221 0.5298101 0.06343611 0.3300246 0.08398339
0.9742906 1.996291 0.7490334 0.06656821 0.2804026 0.1047907
1.03601 1.960439 0.747361 0.0715895 0.2806688 0.1040084
1.060155 1.789219 0.8559811 0.07571831 0.2841286 0.1214303
1.118674 1.461081 1.046672 0.08533924 0.2898864 0.1488431
1.013138 2.00411 0.7448729 0.0680715 0.2755804 0.1024571
1.063154 1.865945 0.8042424 0.07406124 0.2792572 0.1118624
0.9755463 2.106507 0.7123594 0.0682394 0.2942191 0.1044577
0.9681207 2.044209 0.7790481 0.06530913 0.2843747 0.1127324
0.9410382 2.172284 0.6943735 0.06452046 0.2930469 0.1016866
1.099172 1.639139 0.8853742 0.07916143 0.2760538 0.1194949
1.030508 1.887454 0.829708 0.07371569 0.2912362 0.1216146
0.8936801 2.363278 0.7143699 0.06539073 0.334803 0.1218391
1.076675 1.687637 0.8536725 0.07643489 0.2732096 0.1140564
1.079269 1.845314 0.7884209 0.0759868 0.2790235 0.1084297
0.9551531 2.111036 0.7386528 0.06912875 0.3082083 0.1144553
0.9002656 2.372104 0.6491677 0.0613222 0.3049568 0.09887398
0.939901 2.163937 0.7150898 0.06500065 0.2968602 0.1067722
1.03317 1.820368 0.8229636 0.07229572 0.2774997 0.1134234
0.9601112 2.343799 0.6601089 0.06515763 0.3027129 0.1001284
1.02497 1.908532 0.7953191 0.07353696 0.2905653 0.1151798
1.077378 1.818344 0.771573 0.07605519 0.2752778 0.1033734
0.9652924 2.314028 0.6458496 0.06445023 0.2934683 0.09435051
0.9402723 2.38157 0.6750923 0.06483094 0.3133777 0.1068565
0.9412078 2.301741 0.6465991 0.06334538 0.2944902 0.09461612
0.9691957 2.032052 0.8048924 0.07014056 0.3064909 0.125685
1.045787 1.703233 0.9219814 0.07733877 0.2921185 0.1347624
0.9554663 2.131805 0.7394672 0.0664284 0.2983234 0.1116282
1.060052 1.821065 0.7887458 0.07550967 0.2791151 0.1077186
1.003312 2.09913 0.6797114 0.07037382 0.2902773 0.09681775
0.9399302 2.249937 0.6467945 0.06316898 0.2883377 0.09212186
1.034182 1.861805 0.79467 0.07112079 0.2740342 0.1080688
0.99586 2.019818 0.7586592 0.06961554 0.2896716 0.1101053
1.0019 1.937372 0.775934 0.07084764 0.2874462 0.1110792
1.028722 1.787767 0.8671969 0.07364046 0.2863832 0.1245948
0.993802 1.958362 0.8243061 0.07117292 0.297693 0.1246129
1.053521 1.697988 0.917969 0.07782343 0.2910489 0.1333901
0.9813517 2.063994 0.7831236 0.07014911 0.3036541 0.1208324
0.9902356 1.989361 0.8208276 0.07118082 0.3020066 0.1263773
0.9207187 2.324176 0.621452 0.06335487 0.2995757 0.09139276
0.9514184 2.246897 0.6536123 0.06390216 0.2883904 0.0933269
0.9892932 2.070113 0.7465544 0.07008567 0.2983304 0.1119062
1.052896 1.703887 0.8805837 0.07628046 0.2823225 0.1228331
0.9561743 2.179333 0.7203682 0.0682161 0.307595 0.1114277
0.9551772 2.09429 0.7506289 0.06646651 0.2942857 0.1114105
1.014709 1.973312 0.7888086 0.07057762 0.2868635 0.1139631
0.9716616 2.056448 0.7654423 0.06964577 0.3023398 0.116761
1.022065 2.093211 0.6586617 0.06859292 0.274938 0.08836757
0.9295267 2.374071 0.5941522 0.06245113 0.2951243 0.08569312
1.032143 1.747503 0.8888934 0.07671513 0.2951872 0.1310316
1.023422 1.843979 0.8145493 0.07039913 0.2746465 0.1115552
1.036449 1.903515 0.7693818 0.07295274 0.2818281 0.1070701
1.046448 1.749697 0.7741665 0.07315618 0.2683624 0.1002335
0.8932406 2.706876 0.511196 0.05876012 0.3083129 0.07520715
1.002132 1.774987 0.8859616 0.07336979 0.2935312 0.1307406
0.9122676 2.320001 0.6159436 0.05969146 0.2840043 0.08606223
0.9771494 2.131407 0.7009652 0.06837808 0.2936105 0.102094
1.021437 1.994444 0.6848173 0.06771003 0.2656417 0.08868203
1.052059 1.661471 0.8713624 0.07586489 0.2776828 0.1184102
0.9773248 2.187255 0.6832265 0.06840244 0.2986842 0.1013951
1.0442 1.909657 0.7730737 0.07170841 0.2759659 0.1058914
1.003097 2.053581 0.7706171 0.07220312 0.3029484 0.1177553
1.117895 1.442223 1.006594 0.08564125 0.2869722 0.1393358
0.9302827 2.369604 0.6838657 0.06474238 0.3151421 0.1088899
1.065901 1.671127 0.9150308 0.07949647 0.2918885 0.1325288
0.9094431 2.422805 0.6373145 0.06631984 0.3307312 0.1046115
0.7989628 3.119893 0.4492909 0.05528563 0.3589404 0.07443191
0.911098 2.322186 0.6374971 0.06206285 0.2990173 0.09441883
1.001481 1.968988 0.7476212 0.07164232 0.290046 0.1070769
0.9217714 2.429675 0.6083665 0.06338048 0.3101105 0.09310558
1.09436 1.713688 0.8515762 0.07917165 0.2811437 0.1175372
1.036382 1.97301 0.6739705 0.0715268 0.2735774 0.08878383
0.9576908 2.144302 0.7577713 0.06549169 0.2948342 0.1138411
1.09102 1.551935 0.8022241 0.07792325 0.2597946 0.09688046
1.051336 1.933495 0.8010939 0.07421945 0.2899392 0.1169009
0.9693749 2.108231 0.6741388 0.06543841 0.2788275 0.09235734
1.05942 1.65082 0.9214429 0.07888738 0.2894562 0.1318853
1.077544 1.589965 0.8695698 0.07980602 0.2782463 0.1159445
0.9773604 2.081416 0.6933811 0.06544716 0.2762427 0.09463985
0.9386726 2.156425 0.7561326 0.06654653 0.3074792 0.1183298
1.066582 1.755778 0.8163878 0.07403079 0.2684379 0.1072243
1.001386 2.061642 0.6702357 0.0669409 0.2720666 0.08906786
0.862812 2.490192 0.5870102 0.05948749 0.3126214 0.08976538
1.004473 1.924573 0.7595162 0.06850528 0.2747157 0.1034606
0.9839648 1.984509 0.7723905 0.06792075 0.2844895 0.1103168
1.014601 2.026368 0.7511613 0.07196102 0.2941445 0.1104044
1.005457 1.96248 0.7390671 0.0693049 0.2787431 0.1017694
0.9644083 2.105838 0.7302572 0.0668723 0.2934362 0.1076275
0.9483755 2.258419 0.6392773 0.06461614 0.2929046 0.09225127
0.9822884 2.046028 0.7338486 0.06820887 0.2880137 0.1053828
1.049565 1.811551 0.8119865 0.0733999 0.276248 0.1109199
1.017072 2.070902 0.7381936 0.06887201 0.2827727 0.1047102
1.10345 1.698595 0.8926824 0.08129403 0.287696 0.1270663
0.8959333 2.487752 0.5906456 0.05961787 0.3019435 0.08763506
0.969206 2.014973 0.711482 0.06716339 0.2820265 0.09870792
1.120347 1.524813 0.9019718 0.08438939 0.2807305 0.1207006
0.9424157 2.344723 0.6324516 0.06182953 0.2910263 0.09166472
0.9565768 2.146408 0.7177943 0.06543821 0.2907091 0.104688
1.057859 1.842721 0.8248134 0.07320024 0.2777471 0.114709
1.063496 1.72968 0.9108952 0.07925465 0.296458 0.1353996
1.038205 1.900297 0.7370291 0.07138496 0.2718847 0.09786771
0.94362 2.281195 0.6954965 0.06645206 0.3105303 0.108652
1.02981 1.795091 0.8160612 0.07309358 0.2798441 0.112696
1.024519 1.893946 0.8252993 0.07569506 0.3018344 0.1251151
1.00619 1.961294 0.7453105 0.07044679 0.283094 0.1042099
1.029744 1.803152 0.8430814 0.07316415 0.2826246 0.1187638
1.016665 2.085724 0.7085697 0.06715495 0.2744644 0.09688812
1.037069 1.947609 0.844361 0.07603754 0.3066375 0.1321399
0.8885127 2.541235 0.6377914 0.06078695 0.3218723 0.1029569
1.000138 2.072785 0.7359563 0.06910444 0.2898063 0.1069522
0.9719263 2.164401 0.660044 0.06627956 0.2869879 0.0932832
1.13216 1.578183 0.8591233 0.08192108 0.2699582 0.1106802
0.9379041 2.153182 0.6943692 0.06338904 0.2873656 0.09969668
0.9758037 2.121895 0.707487 0.06794005 0.2941176 0.1037976
0.9007995 2.250271 0.7480406 0.0659849 0.3268564 0.1249609
0.8784493 2.434318 0.6254169 0.06024336 0.3109122 0.09657006
1.023955 1.843106 0.8134716 0.07308858 0.2850917 0.1151602
0.994952 2.063603 0.7133721 0.06740696 0.2811288 0.09975476
1.03396 1.842986 0.7754264 0.07337749 0.2799354 0.1063477
1.008374 1.858058 0.8883273 0.07506765 0.3056021 0.1381835
1.035526 1.844145 0.8044369 0.07367158 0.2841539 0.1133699
0.9775126 2.059985 0.7858866 0.07017979 0.3035775 0.1209817
0.896789 2.467993 0.5847135 0.06011134 0.3026922 0.08674277
1.098458 1.692098 0.8536208 0.07864799 0.2766295 0.1156343
0.9064879 2.273029 0.6557353 0.06265127 0.3011873 0.09812006
1.039163 1.844677 0.7765926 0.07493776 0.2854692 0.1086669
0.9455678 2.068037 0.7985962 0.06686783 0.3017839 0.1232022
0.897934 2.350856 0.677174 0.06476064 0.3233125 0.1097996
0.9324043 2.240616 0.7279743 0.06611629 0.3143627 0.116486
1.021735 1.953731 0.7385284 0.07110463 0.2813141 0.1024977
1.042803 1.789178 0.8386682 0.0753229 0.2858619 0.1188504
0.9053916 2.432046 0.6099931 0.05791009 0.2877714 0.08710884
1.074326 1.777108 0.8382086 0.07513629 0.2750911 0.1142758
0.9872896 2.10522 0.719784 0.06838369 0.2915079 0.1048778
0.9121697 2.361489 0.6021118 0.06177688 0.2957846 0.08701334
1.075439 1.665727 0.892119 0.07761289 0.2792589 0.1227309
0.9279783 2.279997 0.6473658 0.06325452 0.2959687 0.09490175
1.031769 1.896245 0.790589 0.07482171 0.2926611 0.1148855
1.099109 1.544081 0.8696773 0.08171169 0.2758942 0.1137428
1.09328 1.508851 1.008464 0.08224923 0.2876441 0.1427453
0.971057 2.188475 0.7042698 0.06671642 0.2960503 0.1047446
0.8674723 2.565333 0.6120581 0.0600051 0.3278458 0.1000562
0.9934074 2.005838 0.7757129 0.07109075 0.2987977 0.1167646
0.9530884 2.135715 0.726373 0.06587833 0.2934944 0.107065
0.9864314 2.107704 0.6935996 0.0671434 0.284756 0.09800209
1.054267 2.053048 0.7043406 0.07048357 0.2738901 0.09532629
1.024019 1.759027 0.8888124 0.07540156 0.2933758 0.1305986
0.9937045 2.07048 0.7924244 0.06884183 0.2956647 0.1198454
1.038055 1.804466 0.8629167 0.07469137 0.2878175 0.1244637
0.9682658 2.120834 0.7401151 0.06924582 0.3045472 0.1134238
0.8907938 2.584256 0.5817224 0.06113129 0.3195227 0.09108363
0.965042 2.131622 0.6917367 0.06557027 0.2856893 0.09819269
0.9338787 2.434565 0.5998082 0.06287976 0.3030439 0.08952815
0.9808475 2.061829 0.7123263 0.06824318 0.2878518 0.1015638
1.098851 1.524608 0.9672814 0.08198571 0.283573 0.1338963
0.9224124 2.223565 0.6762725 0.06436073 0.3013183 0.1014981
1.005185 2.064869 0.6781211 0.06811242 0.2779594 0.09244848
1.010498 2.014285 0.7984234 0.07257201 0.3020973 0.1224541
1.048931 1.724758 0.8168934 0.07562732 0.278436 0.1106051
1.00818 2.047272 0.6991689 0.06760118 0.2729087 0.09386724
0.8938879 2.520094 0.5770567 0.0584554 0.2976447 0.08408735
1.013138 2.101198 0.7050952 0.07093347 0.2928375 0.1024687
1.034176 1.842885 0.7646666 0.07319094 0.2784325 0.1039502
1.142551 1.556267 0.9720308 0.08596199 0.288634 0.1379848
1.04955 1.710784 0.8728606 0.0752461 0.2804454 0.1211839
1.031832 1.855458 0.8353559 0.07371421 0.2875389 0.1203028
0.9947396 1.939898 0.7301444 0.06871107 0.2760601 0.09877528
1.033047 1.935554 0.8040558 0.07464349 0.2955524 0.1191604
1.016096 1.973418 0.7549567 0.07073852 0.2841991 0.1067417
1.007029 1.982091 0.7247204 0.06911813 0.2785011 0.09957236
0.9427654 2.254776 0.6829835 0.0636213 0.2937871 0.1005968
0.9826075 2.002971 0.7535313 0.06927069 0.2908599 0.1094028
1.06975 1.792948 0.7693951 0.07394696 0.2672585 0.0997582
1.01113 2.039579 0.6800004 0.06617412 0.2651277 0.08832666
0.8777862 2.53223 0.5837668 0.05801694 0.3020945 0.08646619
1.089854 1.672495 0.8480763 0.07811328 0.2742139 0.1130382
1.068972 1.795294 0.8008961 0.07278938 0.2653452 0.1044113
0.9213893 2.416705 0.6057592 0.06315672 0.3058421 0.09100866
1.004465 2.043693 0.7370449 0.06872269 0.2849723 0.1051756
1.152107 1.576068 0.8308078 0.08005374 0.2560594 0.1007626
1.058082 1.886104 0.6989107 0.07334706 0.2696366 0.09036246
0.9869905 2.104555 0.7416382 0.06958136 0.2997301 0.1120137
0.9806189 1.897164 0.8212336 0.06844345 0.2841012 0.1174976
0.9249641 2.309587 0.6684761 0.06365979 0.3032917 0.101346
1.031783 1.752505 0.8991382 0.07432685 0.2868051 0.129593
0.9630228 1.995246 0.742688 0.06526472 0.2779715 0.1029202
0.9995392 2.016853 0.733557 0.07114169 0.2925788 0.1063533
0.9771138 2.196888 0.628908 0.06719448 0.2872272 0.0877544
0.9645914 2.262491 0.6303223 0.06502766 0.2890317 0.08950066
0.976372 2.118207 0.7060208 0.06931731 0.2979924 0.1044224
0.8912727 2.368755 0.6467252 0.06131251 0.3083061 0.09952189
1.079303 1.774471 0.857198 0.07878495 0.2892095 0.1232259
0.9165063 2.354705 0.6533826 0.06374707 0.3111214 0.1015489
1.004406 1.894557 0.8310126 0.07412875 0.3018937 0.1262406
0.9282257 2.261728 0.6738976 0.06484666 0.3055962 0.10291
0.9797527 2.167985 0.6045302 0.06715957 0.2822249 0.0818739
1.013869 1.93246 0.8204891 0.07074596 0.2869005 0.1191209
1.034478 1.923538 0.7868509 0.07244816 0.2842752 0.1116832
0.9597477 2.144569 0.700341 0.06722311 0.2965916 0.1034143
1.010892 1.967167 0.7256935 0.06783401 0.2703188 0.09669758
1.167753 1.354185 0.9577937 0.08799507 0.2714786 0.1206243
1.180809 1.465503 0.9088131 0.08742595 0.2712291 0.1161064
1.075351 1.703048 0.9163805 0.08008169 0.2948346 0.1351334
0.9402335 2.245293 0.6277174 0.06200288 0.2798473 0.08610872
0.9404821 2.250693 0.6442506 0.06323491 0.2887648 0.09188174
0.9419811 2.142698 0.7212129 0.06461714 0.2923686 0.1060114
0.9306948 2.217897 0.6495252 0.06316802 0.289343 0.09269404
1.006053 1.866189 0.8811891 0.07364806 0.301667 0.135619
0.9632934 2.160867 0.7138913 0.06838778 0.3037096 0.1086085
0.9579761 1.989229 0.8060323 0.06499456 0.2818466 0.115455
1.001637 1.886907 0.8086121 0.07162107 0.2896804 0.1171047
1.13784 1.31179 1.083004 0.08910951 0.288296 0.1483076
0.9554768 2.244813 0.7172656 0.06942835 0.3216928 0.1168527
1.150091 1.685155 0.8152538 0.08102116 0.2678726 0.1053776
0.9574911 2.211232 0.6846732 0.06315017 0.2835018 0.09723209
1.01893 1.888145 0.778909 0.07176531 0.2821653 0.1087582
0.9182609 2.39501 0.6098507 0.06204677 0.2986995 0.08947419
0.9739433 2.188553 0.6436513 0.06321857 0.2721755 0.08611975
1.051417 1.738508 0.8648589 0.07336315 0.2731895 0.1173084
1.102421 1.743975 0.8188311 0.07803132 0.2742599 0.1097454
0.9121535 2.426509 0.6347962 0.06307974 0.3136423 0.0991251
0.9049187 2.419595 0.6339713 0.06196601 0.3097543 0.09776655
0.9730182 2.014369 0.7193442 0.06642166 0.27895 0.09923242
1.012504 1.840974 0.8570904 0.07447955 0.2977203 0.1283261
1.002393 2.146845 0.7101293 0.0691818 0.293162 0.1041646
1.086829 1.790408 0.8040903 0.07645988 0.2760486 0.1090823
0.9996432 1.992834 0.7136036 0.06908802 0.2799728 0.09815536
1.031049 1.950805 0.8076209 0.07417148 0.296624 0.1207348
0.8928967 2.479631 0.596185 0.06001649 0.3043524 0.08918818
1.012082 1.781602 0.8397943 0.07086306 0.2759969 0.1150341
1.027713 1.906247 0.7650115 0.07117105 0.2769225 0.1046195
0.9542224 2.197315 0.6848528 0.06469263 0.2897988 0.09896381
1.024937 1.997617 0.7490626 0.07056003 0.2821459 0.1052977
1.053621 1.824109 0.778645 0.07407598 0.2766031 0.105515
0.9803221 2.138526 0.7018463 0.06805864 0.2935216 0.1026366
1.056327 1.846048 0.7497349 0.07311599 0.2706536 0.09868328
1.042203 1.898546 0.7415504 0.07125701 0.2713515 0.09860659
1.101612 1.6863 0.832845 0.07788488 0.2705363 0.1094429
1.094874 1.656102 0.8716015 0.08060857 0.2825967 0.1200326
0.9854118 2.049887 0.7384364 0.06793857 0.2876053 0.1063553
0.951896 2.122874 0.7517997 0.06606489 0.2970749 0.1132286
0.9388106 2.170776 0.6902241 0.06451919 0.2932826 0.1009932
1.075761 1.788712 0.8246916 0.07701428 0.2823404 0.1149992
0.9278096 2.289977 0.5952383 0.0593272 0.2718244 0.07874104
0.993275 1.965039 0.7910962 0.06922456 0.2880735 0.114939
1.145976 1.603574 0.9007341 0.08262591 0.2742607 0.1203507
0.9368705 2.283742 0.6764508 0.06421686 0.3014119 0.1022084
1.001335 1.938818 0.7960568 0.07046303 0.2871332 0.1145746
0.9652421 2.087917 0.7602125 0.06671509 0.2935705 0.1131165
0.9625364 2.122044 0.6590877 0.06348821 0.2716202 0.08768146
1.018822 1.809015 0.8489434 0.07318839 0.287159 0.1218376
1.112702 1.494261 0.9534443 0.08446903 0.2841291 0.1301959
0.9972464 1.9529 0.7889708 0.06993397 0.2880009 0.114142
1.019524 1.907746 0.7549397 0.06989479 0.2737782 0.1018847
1.045329 1.888874 0.8021154 0.07431503 0.2879435 0.11537
0.9421008 2.163885 0.7538393 0.06756044 0.3114733 0.1193745
0.9939056 1.983183 0.8252405 0.07407029 0.3123555 0.1309768
1.000695 2.023851 0.75067 0.068442 0.2844937 0.1072311
0.9443221 2.218695 0.6925482 0.06432471 0.2946108 0.1023281
1.073852 1.738292 0.8316523 0.07704458 0.2788339 0.1136133
1.080215 1.615557 0.9206016 0.08003182 0.2847438 0.1286055
1.026862 1.897187 0.7842455 0.0734194 0.2880036 0.1120425
0.997822 1.899689 0.8218197 0.07048396 0.2883505 0.1193869
0.9901367 2.032496 0.7172706 0.06666088 0.2765773 0.09842052
1.059093 1.733358 0.8048068 0.07573964 0.2746033 0.1070224
1.025365 1.923571 0.8026416 0.0715467 0.2843585 0.114583
0.9706574 2.082042 0.7188492 0.06689304 0.2885703 0.1035437
1.016685 1.905943 0.7546934 0.07002108 0.2759269 0.1027496
0.9843855 2.043355 0.731511 0.06675476 0.281304 0.102799
0.9748984 2.018857 0.8248835 0.06969319 0.3040183 0.1287054
1.072181 1.820061 0.8049517 0.07600132 0.2799543 0.1111319
1.033103 1.805039 0.8816212 0.07743999 0.3023366 0.1341078
1.129121 1.487936 0.9681158 0.08578214 0.2851833 0.1331642
1.002307 2.101942 0.7381668 0.07315551 0.309292 0.1144551
1.027558 1.748102 0.9127951 0.07505785 0.2910868 0.1337079
0.9394238 2.176167 0.6788643 0.06381041 0.28751 0.09681559
0.9943814 2.140596 0.677044 0.06695336 0.2824879 0.09465058
0.9675542 2.100654 0.772411 0.06712849 0.2970374 0.1169361
1.051125 1.635577 0.9513702 0.07817441 0.2902234 0.1374406
0.9576249 2.346359 0.6409886 0.06605725 0.3056517 0.09727255
0.9673151 2.16697 0.7310099 0.06624923 0.2957794 0.1095259
0.9996702 2.047489 0.7503521 0.07108636 0.2957956 0.11097
1.038931 2.022749 0.7415234 0.07119529 0.2833758 0.1049923
1.09125 1.67651 0.801159 0.0774698 0.2679608 0.1027338
1.023627 2.073929 0.6746079 0.06876352 0.2755871 0.09117971
0.8401679 2.579162 0.6125369 0.05598445 0.3148758 0.09617964
1.054682 1.703698 0.8692548 0.07670956 0.2840792 0.1218505
1.037891 1.792284 0.8373224 0.07392925 0.2812375 0.1167326
1.067938 1.86334 0.7361097 0.07512851 0.2749983 0.09799157
1.03535 1.917794 0.6949498 0.06987953 0.2637704 0.0883288
1.010201 1.923151 0.7621022 0.07021883 0.278379 0.1047493
1.026508 1.76752 0.915486 0.07617961 0.2990041 0.1385033
1.068084 1.630006 0.9351319 0.08020623 0.2909762 0.1343709
0.9566873 2.058576 0.7547692 0.06701193 0.2933936 0.1113152
1.05042 1.765911 0.8844407 0.07758972 0.293908 0.1299842
1.103364 1.554796 0.8684403 0.07964386 0.2683341 0.1110208
1.020514 2.11942 0.6965591 0.07169928 0.2939674 0.1013441
0.9519942 2.259799 0.6902684 0.0665217 0.3076979 0.1068834
1.04935 1.823844 0.8994239 0.07770327 0.3034697 0.1391345
0.952197 2.182776 0.699383 0.06456673 0.290199 0.1016731
1.088071 1.721612 0.8641077 0.08089835 0.2899804 0.1232447
0.9832344 2.077403 0.7659936 0.06942676 0.2993586 0.11607
0.9697332 2.217766 0.6520575 0.0643196 0.2829209 0.09127914
0.9171335 2.344051 0.6116986 0.06164144 0.2936247 0.08815156
0.9452614 2.293174 0.6173771 0.06353982 0.2900652 0.08781297
1.051705 1.806932 0.8494178 0.07865931 0.2997273 0.1269299
1.098533 1.62945 0.9285939 0.07907374 0.27847 0.1280023
0.9347525 2.201219 0.7113964 0.06600612 0.3067412 0.1098807
1.113578 1.658475 0.818915 0.07741772 0.2616104 0.1029118
0.9824135 2.150922 0.7036496 0.06932845 0.2999067 0.1052338
0.9718892 2.01364 0.7958895 0.06877523 0.2976853 0.1203859
1.174704 1.385591 1.049096 0.08913796 0.2827723 0.1429671
1.100162 1.571694 0.8859488 0.0791405 0.269794 0.1150153
0.986658 2.199531 0.6067532 0.06414085 0.2690637 0.07894669
1.00541 2.059835 0.6780827 0.06626989 0.2697282 0.08987686
0.9979549 2.081619 0.6948648 0.06773379 0.2814002 0.09673608
1.12111 1.51446 0.9465708 0.08453187 0.2836517 0.1295874
0.9944343 2.028576 0.8248415 0.07162045 0.3056383 0.1291161
1.169975 1.464571 0.9769337 0.0873568 0.278682 0.1310461
0.9338396 2.137688 0.7426977 0.06538094 0.3013608 0.1134104
1.10681 1.49526 1.057987 0.08449618 0.2936947 0.1542189
1.011891 2.006049 0.8101035 0.07005937 0.2904218 0.1199616
0.9651161 2.161927 0.6815586 0.0651531 0.2853597 0.09658885
1.170131 1.411949 0.9450953 0.08817501 0.2752925 0.122237
1.05228 1.791234 0.8145559 0.0759513 0.2832744 0.1133605
1.038684 1.886361 0.7575925 0.07355655 0.2812225 0.1044188
0.9864498 2.069877 0.7126481 0.06782081 0.2858695 0.1012491
0.9270531 2.27146 0.669028 0.06450091 0.3032806 0.1010807
1.003711 2.048814 0.7294513 0.06644844 0.2743309 0.100112
1.049019 1.861531 0.7696385 0.07270817 0.2728873 0.1029688
0.9207314 2.229098 0.6534333 0.06148713 0.2851127 0.09213401
1.023286 1.789069 0.8611823 0.07365378 0.2859433 0.1228726
0.9846827 2.102063 0.723801 0.06947137 0.2984721 0.1081759
1.05616 1.830405 0.7999272 0.07501727 0.2806875 0.1106444
0.9456313 2.281544 0.657153 0.06391259 0.2944152 0.0962747
1.057281 1.760161 0.8314927 0.07634205 0.2827357 0.1156403
1.04396 1.953005 0.7233009 0.07291194 0.2794431 0.09883853
0.9519256 2.155513 0.7004786 0.063623 0.284257 0.0997365
0.9782972 2.1905 0.6933263 0.0664566 0.2908347 0.1008322
0.9379872 2.182467 0.7108115 0.06655947 0.3048015 0.1085651
1.146727 1.544809 0.9402076 0.08532697 0.2814179 0.1284204
0.9146088 2.243211 0.7013362 0.06108604 0.2916781 0.1033067
0.9612896 2.196744 0.6943826 0.06510786 0.2913752 0.1014253
1.056367 1.853862 0.7590379 0.07379279 0.2746964 0.1018182
1.019943 1.978231 0.7567031 0.06970306 0.2792934 0.1054293
0.9388904 2.323731 0.6747106 0.06243464 0.2973086 0.1013171
1.04106 1.768173 0.8760942 0.07692353 0.2936608 0.1283719
0.9833629 2.086537 0.7163545 0.06802985 0.288449 0.1028125
1.083459 1.677938 0.9315148 0.07932209 0.2884444 0.1344807
0.9570636 2.185364 0.7157665 0.06686645 0.3006206 0.1081504
1.045718 1.79588 0.9109782 0.07526377 0.2909774 0.1346998
1.099448 1.578604 0.9037621 0.08150645 0.2809062 0.1229017
1.005499 1.94688 0.7781069 0.06981622 0.28278 0.1099154
1.028477 2.022443 0.7539579 0.06903032 0.2783834 0.1055179
0.9300848 2.293946 0.7319845 0.0672791 0.3241227 0.120829
0.8982073 2.453589 0.5894659 0.05888761 0.2943059 0.08517977
1.011144 1.909844 0.7613366 0.06900639 0.273889 0.1032366
1.072369 1.64372 0.8871808 0.07889171 0.2833266 0.1230074
1.042928 1.865346 0.792436 0.07593507 0.2904643 0.1135865
0.9018023 2.491423 0.6115541 0.05992934 0.3025013 0.09149232
0.9426148 2.312045 0.6590932 0.06317582 0.2946544 0.09696931
0.9277812 2.189767 0.6603841 0.06217492 0.2836799 0.09258153
1.014921 1.948912 0.7853429 0.07091706 0.2849734 0.1119823
0.8225196 2.899193 0.525208 0.0563646 0.3454411 0.08733912
0.9163612 2.348169 0.6541024 0.06287246 0.3050309 0.09956141
0.9603187 2.13245 0.6932021 0.06582621 0.2883736 0.09929598
0.9067163 2.416806 0.6267912 0.06209242 0.3074114 0.09543674
1.114639 1.67815 0.8143423 0.07960204 0.2703959 0.1057883
1.014741 1.701255 0.9222676 0.07548378 0.2941245 0.1357211
0.9333978 2.241823 0.7038727 0.06520549 0.3051345 0.108108
0.9801252 2.118042 0.7371109 0.06795973 0.2948617 0.1095375
1.063469 1.949146 0.7060487 0.07154045 0.2664165 0.09152767
1.176502 1.333854 1.051583 0.09029128 0.2815744 0.1403832
1.133108 1.47876 0.9341097 0.08423678 0.2758004 0.1228868
1.062861 1.8501 0.7434201 0.07434048 0.2723693 0.0980379
1.008981 1.971682 0.7934131 0.07112052 0.2914503 0.1165692
0.9122658 2.356905 0.6547773 0.06343013 0.3103078 0.1014058
0.9541979 2.203565 0.6406319 0.0638993 0.2814716 0.08833393
1.035709 1.848336 0.8064186 0.07353181 0.2844049 0.113996
0.9996064 1.758276 0.9383643 0.0724775 0.2921616 0.1395185
1.119279 1.534539 0.885498 0.08207337 0.2719954 0.1145863
0.9785332 1.965185 0.7982155 0.07043439 0.2982704 0.1200467
1.045037 1.724697 0.9202518 0.07714901 0.2930031 0.1353408
1.01364 2.04006 0.6830404 0.0678855 0.2720447 0.09098693
0.9157938 2.277576 0.6368589 0.06157241 0.2903144 0.09123142
0.9961126 2.220629 0.6075775 0.06467008 0.2704626 0.07966619
1.154589 1.474099 0.9101093 0.0860124 0.2743266 0.117987
1.02241 2.108009 0.6926401 0.06871805 0.2799896 0.09613221
0.9715839 2.182246 0.6993518 0.06746485 0.2970508 0.1038258
0.9745784 1.963899 0.8185249 0.06929351 0.2958552 0.1229792
0.9814773 2.044247 0.7905624 0.07189771 0.3106749 0.124701
0.950746 2.106161 0.7194672 0.06559484 0.2898335 0.1041636
1.096741 1.789078 0.8542559 0.07918017 0.2877613 0.1226785
0.9865777 1.996056 0.7316423 0.06802512 0.2817821 0.1021585
0.9855043 2.03265 0.7113734 0.06518952 0.2701742 0.09513835
1.022862 1.929029 0.7845597 0.0712784 0.2828871 0.1108145
0.9921548 1.972128 0.7697874 0.06996127 0.2886002 0.1108774
1.018082 1.95465 0.753664 0.07093987 0.2839329 0.1063364
0.9951884 1.966323 0.7633714 0.07110077 0.292349 0.111086
1.098805 1.640827 0.8438792 0.07989328 0.2755617 0.1119778
0.9474988 2.306563 0.6791127 0.06599232 0.3081461 0.1049723
1.103117 1.596394 0.9461181 0.08317154 0.2908943 0.135526
1.076998 1.711011 0.8612234 0.07656719 0.2759284 0.117004
1.014772 1.931966 0.7620683 0.07210428 0.2875844 0.1085403
0.89617 2.410466 0.6753783 0.06312403 0.3231614 0.1102706
0.8838844 2.542248 0.5704828 0.05833672 0.2999402 0.08331576
0.8717396 2.532633 0.6049843 0.05917708 0.3136796 0.09379782
0.9493082 2.152962 0.7321976 0.06550985 0.2961527 0.1095287
1.089483 1.737767 0.7902784 0.0777004 0.273638 0.1043966
0.9542886 2.229377 0.7046371 0.0648164 0.2956958 0.1050702
0.9411995 2.22338 0.6742492 0.06410006 0.2935652 0.09867319
1.036588 1.851143 0.7876661 0.07299245 0.2792167 0.108427
1.046731 1.71417 0.8859774 0.07686713 0.2883049 0.1267143
0.9398936 2.305743 0.6563935 0.06470705 0.3028397 0.09902799
0.9139925 2.466363 0.6289641 0.06354284 0.3192475 0.1000149
0.9737017 2.135539 0.6532638 0.06596706 0.2796095 0.08913779
1.112268 1.734956 0.796206 0.07753262 0.267394 0.1031518
0.9980607 2.026363 0.7379134 0.06779958 0.2807659 0.1034811
0.9400509 2.235569 0.6740786 0.06499079 0.2985423 0.1001948
1.102728 1.465478 1.009148 0.08292035 0.2831628 0.1388912
0.9900282 1.977549 0.7890415 0.07019597 0.2931064 0.1163901
0.9174834 2.254669 0.6705933 0.06245357 0.295747 0.0989742
1.049232 1.719726 0.8158702 0.07488215 0.2748626 0.1089609
0.9368557 2.551454 0.5248455 0.0588139 0.2813614 0.07079215
0.9845844 1.965376 0.8333627 0.07192712 0.3054269 0.1296203
0.981238 2.000608 0.7651316 0.06919427 0.2913109 0.1116022
0.9562738 2.151874 0.7228851 0.06650392 0.2985678 0.1087575
0.9356014 2.223603 0.6970689 0.06521589 0.3018597 0.1054532
0.9216652 2.574157 0.5367278 0.0591981 0.2923077 0.0756617
0.9396545 2.141663 0.6828092 0.06465123 0.2885445 0.09741647
1.047518 1.753412 0.8812344 0.07590292 0.2869884 0.1262721
1.057965 1.80209 0.7693203 0.07602271 0.2789781 0.1039274
0.9795041 2.243229 0.6121682 0.06584117 0.2843356 0.08467845
1.068044 1.717052 0.877374 0.07686341 0.2815909 0.1224097
0.9677369 2.125285 0.704753 0.06633043 0.2888853 0.1015143
0.8910964 2.432919 0.632761 0.0612957 0.3131173 0.09875414
0.9676954 2.143615 0.6856336 0.06646477 0.2894866 0.09844357
1.076319 1.660566 0.9530681 0.08223933 0.300665 0.1431395
1.005246 1.965709 0.7297252 0.07039657 0.2830722 0.1016319
0.9439571 2.216245 0.6595996 0.06658265 0.3007831 0.09778574
0.9519441 2.153349 0.7450656 0.0679443 0.308792 0.1166434
1.055131 1.780059 0.8405685 0.07451552 0.2781976 0.1159272
0.9236192 2.091995 0.7878042 0.06810269 0.3164397 0.1269844
1.066332 1.773252 0.8300232 0.07582851 0.2791367 0.1143055
0.985783 2.166309 0.6684148 0.06760798 0.2892235 0.09543809
0.9700997 2.079526 0.7583434 0.06832967 0.2968894 0.113477
1.011423 1.879455 0.8394507 0.07325339 0.2947527 0.1245867
0.886828 2.470952 0.6198204 0.05693919 0.2934459 0.09077545
1.164531 1.482317 0.9272863 0.08861386 0.282618 0.1246417
0.9608672 2.186224 0.6779301 0.06705415 0.2974461 0.1000373
1.039051 1.871664 0.8080398 0.07330665 0.2837246 0.1143162
0.9476072 2.214036 0.7389881 0.0685613 0.3180666 0.1194311
1.072323 1.623968 0.94129 0.08002847 0.2890087 0.1344749
