1.031635 1.862162 0.7685385 0.05442007 0.2085815 0.07889161
0.9830382 2.051525 0.7429095 0.05357682 0.227137 0.08438252
0.9268615 2.193591 0.6901855 0.04925816 0.2273324 0.07828991
1.067842 1.618214 0.9370256 0.06241751 0.2261704 0.1044925
1.024746 1.855511 0.7614825 0.05387868 0.206346 0.07694773
1.028824 1.815735 0.8183597 0.05627426 0.2166548 0.08783275
1.081573 1.631726 0.8828626 0.06083389 0.2149202 0.09244822
1.003497 2.031192 0.7265245 0.0544489 0.223895 0.08072691
1.034081 1.80997 0.8352246 0.05798673 0.223147 0.09261708
0.9765811 2.091932 0.7291237 0.05126222 0.2201996 0.08049174
1.005864 1.915312 0.8168518 0.0556833 0.227043 0.09346149
1.006352 2.005591 0.7160726 0.05340989 0.2155536 0.07603001
1.043048 1.877478 0.8275629 0.05735038 0.2224257 0.09236162
1.013096 1.969528 0.7698519 0.05500305 0.2224321 0.08555988
1.038059 1.755196 0.8036999 0.05704628 0.2128221 0.08331594
1.016739 1.925546 0.7311237 0.05499341 0.2154551 0.07699673
1.038806 1.84399 0.7975617 0.05569995 0.2124607 0.08382207
1.044681 1.81953 0.8188066 0.05613049 0.2133147 0.08680409
1.017255 1.96167 0.7234167 0.05391844 0.212871 0.07560236
0.9134142 2.356819 0.6584101 0.04935789 0.2412867 0.07935731
0.9774325 2.208532 0.6693012 0.05168655 0.2262593 0.07517787
0.9114856 2.381138 0.6521656 0.05055749 0.2495379 0.08113991
1.104636 1.687165 0.8207839 0.06135275 0.2117352 0.083909
1.096343 1.567964 0.9463959 0.06332685 0.2207668 0.1022759
0.9888565 2.122371 0.7397445 0.05500882 0.237644 0.08855561
1.040482 1.93529 0.7839829 0.0561495 0.219143 0.08578068
1.075478 1.69033 0.863141 0.06020716 0.2163538 0.09152686
0.9018093 2.416659 0.6171384 0.04773667 0.2377919 0.07255447
0.9824219 2.063076 0.6813153 0.052429 0.2179556 0.07263018
1.050258 1.761087 0.846827 0.05791086 0.2167398 0.09087715
0.9938711 1.850555 0.8691013 0.0556464 0.2275471 0.1000536
0.9549971 2.085265 0.8082086 0.05409112 0.2443545 0.1013422
1.030054 1.909166 0.7688397 0.0555482 0.2164901 0.08237942
0.9691929 2.245598 0.6373991 0.05051595 0.2233227 0.07011441
1.045312 1.945107 0.7298944 0.05636191 0.2160503 0.07731025
1.067293 1.756663 0.851239 0.05987234 0.2205122 0.09283773
1.037331 1.806412 0.8446191 0.05679053 0.2181827 0.09202921
1.037 1.810237 0.8292117 0.05738139 0.2195551 0.09034459
1.067798 1.759943 0.8431863 0.05979849 0.2199234 0.09155257
0.9910273 2.077405 0.7134751 0.05247746 0.2201407 0.07809887
0.9983281 1.926394 0.7995869 0.05456852 0.2233881 0.08965246
1.036218 1.865569 0.7726004 0.05609205 0.2151809 0.08187422
1.032715 1.800807 0.8519352 0.05855489 0.2266236 0.09635492
0.9347392 2.093089 0.7414283 0.05033262 0.228006 0.08514339
1.007655 1.968429 0.7613897 0.05455155 0.221225 0.08392532
1.119247 1.507398 0.955991 0.06461788 0.2169342 0.1002491
0.9668463 2.180649 0.733903 0.05241432 0.2355463 0.08764298
0.9456662 2.172187 0.6927463 0.0509053 0.2302121 0.07959214
1.024859 2.016658 0.7523216 0.05486153 0.2215498 0.08344271
1.137037 1.551211 0.8970064 0.06472934 0.2132985 0.09183387
1.030813 1.920225 0.782993 0.05589741 0.2189702 0.08531537
1.038098 1.81737 0.8094006 0.05710499 0.2175954 0.08697756
0.9700939 2.067554 0.7585643 0.05224232 0.227305 0.08711118
1.092455 1.612874 0.9301159 0.06225422 0.2193139 0.1003814
1.066617 1.673677 0.9406958 0.06055622 0.2232475 0.1051198
0.9503835 2.112406 0.7582198 0.05209466 0.2351053 0.09046961
0.9297668 2.253925 0.6886586 0.04883084 0.2296836 0.07954745
0.9557592 2.129663 0.7131522 0.05074749 0.2247271 0.08021371
0.9272161 2.304671 0.6662598 0.04908921 0.2326945 0.07743681
0.9891675 2.099391 0.721897 0.05253232 0.223095 0.08055963
0.9774525 2.190163 0.7107998 0.05215592 0.2306555 0.08258143
0.9814338 2.223026 0.666838 0.05204353 0.2271214 0.07510265
1.01997 1.964201 0.7347082 0.05519832 0.2191007 0.07937183
1.005408 2.013866 0.770178 0.05343068 0.2211124 0.08586254
0.9900045 1.975287 0.7773547 0.05508892 0.2300906 0.08970422
1.106508 1.687215 0.8604895 0.06212412 0.2169299 0.09139049
0.9675164 2.172633 0.6648034 0.05158927 0.2250659 0.07378831
1.031638 1.813142 0.7903003 0.05657082 0.2151382 0.08330477
0.9138438 2.456829 0.5818163 0.04569906 0.2236053 0.06370608
1.031204 1.81409 0.8169378 0.05511086 0.2114143 0.08568458
1.015612 1.911579 0.8310586 0.05697584 0.2302433 0.09661452
1.017789 1.88653 0.7579493 0.05538779 0.2162218 0.08041168
1.02198 1.822981 0.8593055 0.0570401 0.2253316 0.09745596
1.024825 1.928939 0.7749827 0.05397901 0.2132091 0.08242431
0.9754634 2.099166 0.7353983 0.05317566 0.2303133 0.08500141
1.037354 1.832622 0.8209732 0.05820287 0.2239062 0.09125785
1.055441 1.823417 0.7942649 0.05769198 0.2153055 0.08407814
1.092179 1.630867 0.8635801 0.0612961 0.2131926 0.08910449
1.033876 1.876082 0.792226 0.05660836 0.2190783 0.08603085
1.012841 2.027104 0.6953889 0.05418214 0.2175277 0.0741083
0.9662531 2.233385 0.6448219 0.05013577 0.2211134 0.07026231
0.9241446 2.284109 0.6496588 0.04641899 0.2182488 0.07060597
0.9972478 1.914488 0.810424 0.05479122 0.2244613 0.09143951
0.9143475 2.466281 0.6199796 0.04806509 0.2402574 0.0740097
0.9996572 1.985831 0.7850567 0.05596591 0.2318439 0.09143521
1.069937 1.719193 0.8325482 0.05931096 0.2143786 0.087185
1.074797 1.734994 0.8398246 0.05988152 0.2166487 0.0892737
1.062857 1.772488 0.8497714 0.05879755 0.2190541 0.09256807
0.9983646 1.989314 0.7565837 0.05304271 0.2175459 0.08213974
1.000103 2.189586 0.6465452 0.05083629 0.2142795 0.06823723
0.9839943 2.024319 0.7603836 0.05321611 0.2249256 0.08587607
1.00913 1.988705 0.7543133 0.0547276 0.2221403 0.08342811
1.000365 1.898054 0.8457783 0.0535848 0.2198788 0.09458653
1.069 1.806622 0.7925499 0.05819956 0.2135261 0.08299112
1.023058 1.781062 0.8336177 0.05681898 0.2191309 0.09036688
0.9593733 2.141684 0.7252265 0.05234444 0.2325513 0.08466819
1.080228 1.598501 0.8826831 0.06035972 0.2113729 0.09028506
1.126927 1.498578 1.009423 0.06614054 0.223583 0.1106759
0.9832026 2.002937 0.761826 0.05320503 0.2238432 0.08544932
0.9906577 2.057972 0.6924407 0.05309141 0.2195754 0.07465354
0.9342262 2.40241 0.6153178 0.05047912 0.2427252 0.07376652
1.006126 2.063515 0.6999868 0.05362259 0.2190463 0.0755645
0.9315361 2.232508 0.6706259 0.04925573 0.2283068 0.076267
1.01114 1.971535 0.7571549 0.05387695 0.2175738 0.08210301
1.021735 1.826005 0.8285208 0.05566691 0.2168987 0.08948929
0.9579206 2.232133 0.6555515 0.05062984 0.2267574 0.073555
0.9036201 2.483788 0.6350784 0.04941204 0.2526394 0.08002127
0.9771887 2.28837 0.6525127 0.05249377 0.2344783 0.07591685
0.9647393 2.133562 0.6917663 0.05158206 0.224719 0.0771001
0.9770996 2.064407 0.7485239 0.05260646 0.2260587 0.08509705
0.9596811 2.127133 0.7397209 0.05129074 0.2278248 0.08508242
1.003304 1.917594 0.8088153 0.05358822 0.2182829 0.08898431
0.982317 2.015232 0.7204103 0.05190082 0.2167391 0.07738055
1.041011 1.81077 0.7915751 0.05676513 0.213729 0.08292131
0.9801711 2.073909 0.723092 0.05340324 0.2268667 0.08159505
1.052263 1.884489 0.7649594 0.05617104 0.212682 0.08022452
0.9534879 2.145831 0.7152445 0.05220333 0.2339023 0.08386129
1.032873 1.832318 0.7911751 0.05645094 0.2154752 0.08381392
1.005264 1.972875 0.7983069 0.05436357 0.222959 0.08975368
0.9937775 2.028514 0.7280044 0.05327849 0.2209573 0.07990663
0.9929915 1.950106 0.8013582 0.05446907 0.2260087 0.09126571
1.101576 1.513145 1.033885 0.06455319 0.225231 0.1153549
1.011246 2.017719 0.74762 0.05510383 0.2248493 0.08380252
1.067855 1.741222 0.847346 0.05920189 0.216467 0.09039569
0.9708822 2.165973 0.7226074 0.05311257 0.2354623 0.08566696
0.9456137 2.19099 0.6916145 0.05147832 0.2331404 0.08036508
0.997606 1.962865 0.7732602 0.05408327 0.2220827 0.08587369
1.000905 2.066229 0.7136446 0.05335422 0.221143 0.07836912
0.9701584 2.186078 0.6803074 0.05219083 0.2298239 0.07772435
1.009728 1.984743 0.7501075 0.05360553 0.2171654 0.08115077
0.9664217 2.270642 0.6269631 0.04933052 0.2184622 0.06729786
1.001121 2.009447 0.7545862 0.05423573 0.2236458 0.08433294
1.014265 1.95515 0.7857673 0.05609152 0.2270253 0.08936901
1.118504 1.588641 0.8943025 0.06472186 0.219254 0.09474682
1.143497 1.563852 0.9016339 0.06429611 0.2110617 0.09172701
0.9551779 2.241565 0.6609138 0.04990024 0.2243702 0.07355286
0.9294713 2.344564 0.6558291 0.0485441 0.2325653 0.0763365
1.104438 1.641614 0.8949413 0.06255543 0.218189 0.09575111
0.9609959 2.145212 0.7388022 0.05245491 0.2347413 0.08768894
1.026309 1.983364 0.7237721 0.0547647 0.2155118 0.07673418
0.9287304 2.188834 0.7221403 0.04960791 0.2310265 0.08426357
0.9230897 2.213918 0.7318487 0.05056513 0.2411317 0.08975765
1.041778 1.889182 0.7836336 0.05681425 0.2188662 0.08503258
1.009219 1.931309 0.7814722 0.05488595 0.2208967 0.0861004
1.003696 1.970273 0.7605737 0.05291468 0.2149349 0.08155928
0.9600212 2.16842 0.6714892 0.05131568 0.2257341 0.07488639
1.082874 1.66476 0.8739406 0.06124892 0.2180161 0.09322807
1.032183 1.897324 0.7871843 0.05548289 0.2171789 0.08523838
0.9158739 2.275025 0.7081436 0.0502639 0.2433803 0.08717705
1.037041 1.955029 0.7580726 0.05681174 0.2228637 0.08384199
1.012046 1.990185 0.7403482 0.0544371 0.2189725 0.08028886
1.033156 1.89419 0.8203945 0.05761558 0.2270113 0.09350151
0.9610937 2.133427 0.7841642 0.0530252 0.2388885 0.09585598
0.9939501 1.93874 0.7991898 0.05448756 0.2244809 0.09009415
1.027953 1.836312 0.8007291 0.05574898 0.2150237 0.08513599
1.011364 1.981082 0.7734719 0.0547116 0.2226427 0.08632225
1.119253 1.53078 0.9089054 0.06372055 0.2123557 0.0924625
0.9594743 2.028843 0.7795884 0.05220175 0.2285713 0.09021608
1.077996 1.582212 0.9774265 0.06369195 0.2288575 0.110742
0.900504 2.518481 0.5691056 0.04814511 0.2436822 0.06749111
1.018533 1.895633 0.7926525 0.0556265 0.2210274 0.08738226
1.0313 1.818184 0.8412672 0.05603096 0.2173824 0.09154099
0.9905059 2.094242 0.7178793 0.0542438 0.2298362 0.08220285
1.046124 1.78855 0.8019534 0.05547314 0.2068102 0.0814609
1.057555 1.753203 0.844432 0.05738329 0.2126065 0.08882745
1.049998 1.641294 0.9341226 0.06031451 0.2236005 0.1035824
1.045945 1.767291 0.870931 0.05917881 0.224593 0.09754998
1.016736 1.868348 0.8024345 0.05540494 0.2181832 0.08702975
0.9224073 2.303308 0.6551117 0.04748203 0.2253772 0.07361412
0.9891569 1.937255 0.740865 0.05295026 0.2155979 0.078756
0.9703933 2.185935 0.6911731 0.05167234 0.2277289 0.07855897
1.098857 1.6632 0.8357086 0.06015359 0.2078995 0.08401122
1.005004 1.899208 0.8098182 0.05501699 0.2221843 0.09016936
0.9705453 2.148483 0.7126283 0.05120108 0.2240999 0.08004692
0.9251868 2.37825 0.6166809 0.04855456 0.2332172 0.07101541
1.011111 1.99724 0.7076065 0.05316068 0.2116556 0.07339073
1.103683 1.600175 0.8813471 0.06187219 0.2118133 0.09022699
1.099235 1.630844 0.9200645 0.06356241 0.2235174 0.1012177
0.9488447 2.241911 0.7232344 0.05214692 0.2423282 0.08886936
1.005957 1.983 0.7724246 0.05466587 0.2242391 0.08687656
0.967258 2.230765 0.6207081 0.04930737 0.2154061 0.06534763
1.079127 1.658134 0.8593681 0.05996763 0.2129627 0.08915852
0.9660051 2.117296 0.7154184 0.05169298 0.2251202 0.0803938
1.012165 1.910723 0.7883793 0.05580786 0.2231422 0.08759044
1.053926 1.841742 0.7610238 0.05665806 0.2103044 0.07802298
1.019103 1.754984 0.9346146 0.05785281 0.2282084 0.1082197
1.033981 1.782082 0.8048026 0.05688736 0.2151291 0.08484098
1.067756 1.674882 0.841345 0.05988507 0.2148649 0.08772953
1.063435 1.817536 0.831106 0.0588038 0.2202515 0.09107526
1.107453 1.614369 0.8760155 0.06239197 0.2138472 0.09071447
0.9456496 2.155144 0.7181099 0.05101161 0.2313315 0.08355375
0.944085 2.214958 0.7148987 0.05153417 0.2376236 0.08564454
1.04734 1.796579 0.8312277 0.05882909 0.2223195 0.0914635
1.089264 1.624581 0.8605403 0.06011425 0.2087938 0.08684869
1.069783 1.755416 0.8161833 0.0584074 0.2120567 0.08471606
1.09903 1.619653 0.8340115 0.06160074 0.2103456 0.08379957
1.089244 1.762824 0.809765 0.06011952 0.2146454 0.0849412
0.8995948 2.350552 0.6501041 0.04710451 0.2322281 0.07525466
1.021657 1.989493 0.7164954 0.05310212 0.2097102 0.07395767
1.038505 1.903004 0.8191593 0.05707116 0.2242481 0.09244194
1.028528 1.852186 0.8171713 0.05677802 0.2211668 0.08999617
1.073065 1.772267 0.8792386 0.06062218 0.2252561 0.09918488
1.061233 1.756127 0.8154791 0.05745542 0.2101455 0.08391668
1.058574 1.718281 0.8464823 0.05908336 0.2167951 0.09003134
0.9203025 2.154109 0.7654669 0.05052478 0.2391562 0.09356644
0.9840853 2.000762 0.7708625 0.05533984 0.2331413 0.09001806
0.9438861 2.209893 0.6762296 0.0509792 0.2309499 0.07748593
1.007501 1.856231 0.8334667 0.05628515 0.2249811 0.09382712
0.9466505 2.272635 0.6849959 0.050582 0.2343906 0.08056625
1.012558 1.859964 0.8240858 0.05578553 0.2212608 0.09106196
1.028073 1.867479 0.7931273 0.0547158 0.2126653 0.08380713
0.9691353 2.068215 0.7196241 0.05237873 0.2250724 0.08057776
0.9039923 2.308605 0.6576326 0.04715976 0.2300534 0.0756137
0.9539863 2.151777 0.7107815 0.05195985 0.232271 0.08261853
1.069889 1.729975 0.8557277 0.05950472 0.2172098 0.09169082
1.007629 2.203369 0.6175887 0.05151221 0.2127444 0.06377033
1.047706 1.739841 0.9018453 0.06071126 0.2300629 0.1037496
1.01332 1.818471 0.8326975 0.05500703 0.2159791 0.0896235
1.095271 1.604456 0.9599151 0.06499201 0.2302667 0.1093402
1.011306 1.998125 0.7586751 0.05393327 0.2200006 0.08359608
1.024061 1.925684 0.7734685 0.05621006 0.2216121 0.08501641
0.886835 2.548276 0.571371 0.04469142 0.231836 0.0649203
1.003223 1.885205 0.8036995 0.05449195 0.2189421 0.08783285
1.078466 1.751867 0.8128202 0.05884457 0.2120552 0.08432447
1.038569 1.931432 0.778224 0.05535739 0.2160687 0.08389527
1.007841 1.929857 0.7433537 0.05295274 0.2102811 0.07703668
0.9572159 2.070108 0.7649185 0.05225024 0.2309939 0.08937459
1.04896 1.83379 0.7952342 0.05681859 0.2145485 0.08423722
0.9589462 2.176396 0.7211004 0.05102022 0.2287202 0.08312315
0.9867722 2.033417 0.751108 0.05316988 0.2239578 0.08428471
0.945198 2.314172 0.6235934 0.04892919 0.2245961 0.06891213
0.9912139 2.105532 0.6897508 0.05292465 0.222106 0.07565249
1.031781 1.831816 0.7900895 0.05760636 0.2200602 0.08526985
1.020893 1.903046 0.7421335 0.05485286 0.2134206 0.07754671
1.004517 1.832288 0.8225733 0.0562375 0.2238286 0.09153918
0.9829443 2.03676 0.6997673 0.05145532 0.2131895 0.07337178
1.017598 1.96899 0.7539542 0.05450241 0.218542 0.08199219
0.9991711 2.027456 0.7319798 0.05352864 0.2201213 0.08000041
1.087437 1.780003 0.7931145 0.05981123 0.2140043 0.08275172
0.9475112 2.171238 0.702417 0.05128524 0.2316444 0.08138898
0.9120565 2.479649 0.6156076 0.04998656 0.2510835 0.07645221
1.033831 1.909115 0.7965119 0.05584925 0.2188555 0.08715605
1.034089 1.96063 0.7580837 0.05531453 0.2179204 0.08223391
1.128179 1.644504 0.8411312 0.06265445 0.2102697 0.08523784
1.022793 1.919853 0.7864472 0.05446663 0.2155343 0.08466121
1.020635 1.973927 0.7558879 0.05404201 0.2163507 0.08155853
1.079219 1.689354 0.8433399 0.05997289 0.2136621 0.08779799
1.066472 1.714386 0.8714105 0.05986732 0.2192298 0.09437326
1.001311 1.972754 0.7498288 0.05400632 0.2201243 0.08200823
0.9764406 2.117106 0.7185446 0.05302946 0.2290847 0.08221959
1.055959 1.750622 0.8180736 0.05823627 0.2144267 0.08582858
1.040001 1.868108 0.8165606 0.05630831 0.2180469 0.08907802
0.972927 2.195552 0.6542457 0.05060582 0.2205658 0.07122939
1.004221 1.99333 0.7231192 0.05333593 0.2158509 0.07703212
1.007735 2.069589 0.7201855 0.05389277 0.2224944 0.07977881
0.9960944 2.10175 0.6819511 0.05351967 0.2232481 0.07496233
0.9984814 1.946562 0.7923379 0.05397812 0.2219849 0.08844499
0.9550766 2.34352 0.6020649 0.0503663 0.2285757 0.06704951
0.9928572 2.062622 0.7051289 0.05187804 0.2156133 0.07531264
0.9864961 2.111141 0.7294109 0.05334376 0.2285915 0.08362372
0.9133402 2.372398 0.6532335 0.04966122 0.2439663 0.07955523
0.9731444 2.14336 0.7036777 0.05244606 0.2285337 0.0802342
0.979418 2.159241 0.7008108 0.05283655 0.2304877 0.08076876
0.9614649 2.122788 0.6953495 0.05163174 0.2258286 0.07796791
1.054156 1.887285 0.78488 0.05609478 0.2125448 0.08274309
0.9805994 2.230674 0.6539409 0.05151872 0.2243882 0.07247279
1.049362 1.853801 0.8181869 0.05687812 0.2173425 0.08877555
0.9446014 2.246836 0.707615 0.05080524 0.2364594 0.08457094
0.9923574 1.87871 0.8236252 0.05482792 0.2237275 0.09239883
0.9514886 2.23839 0.6599616 0.05002187 0.2271338 0.07450889
1.008829 2.013678 0.7446589 0.0537661 0.2195628 0.08156918
0.9622935 2.199295 0.6722112 0.04998392 0.2216478 0.07408372
0.9840447 2.100467 0.6765709 0.05196907 0.2185929 0.07271731
1.003291 1.974765 0.7597159 0.05439379 0.2225735 0.08439771
1.000375 2.033209 0.7158961 0.05300478 0.2177114 0.07717818
0.9467456 2.221554 0.6689883 0.05076473 0.2300198 0.07633809
1.096348 1.712283 0.803782 0.05903308 0.2053946 0.07983837
1.008578 1.793934 0.8792095 0.05691568 0.2261068 0.09986974
1.106787 1.610568 0.9415 0.06283748 0.2190327 0.1018428
0.9815526 2.243749 0.6252106 0.05032289 0.2178416 0.0667308
1.031035 1.76268 0.8970841 0.05932062 0.2303697 0.1038615
1.044311 1.901699 0.7455826 0.05606754 0.2136257 0.07810811
0.9482305 2.260303 0.6591197 0.05018421 0.2293798 0.07510684
1.109084 1.622205 0.8732122 0.0624316 0.2138544 0.09046964
0.9987026 2.051453 0.713929 0.05410712 0.2235713 0.07896779
0.9696794 2.149504 0.6981751 0.05089429 0.2229784 0.07781641
0.9889509 1.994596 0.756555 0.0541363 0.224984 0.08484798
0.9846169 2.061558 0.7113437 0.05224397 0.2189043 0.07712436
0.9487512 2.212043 0.7196002 0.05315858 0.2437106 0.08830032
1.114282 1.615149 0.9186302 0.06296083 0.2173014 0.09810041
0.9236571 2.213541 0.7130236 0.04888604 0.2304197 0.08303409
1.108825 1.526066 0.9649163 0.06402476 0.2187851 0.1028473
0.9262844 2.309682 0.6486446 0.04838611 0.2292043 0.07395228
0.9337837 2.302821 0.6555814 0.0505488 0.2375599 0.07739785
1.03509 1.859083 0.7716711 0.05626699 0.2158484 0.08192846
1.044303 1.868761 0.7860223 0.05631723 0.2153495 0.08383064
0.9662422 2.127549 0.711732 0.05152331 0.2250766 0.08001669
1.040816 1.80443 0.8253357 0.05753738 0.2189481 0.08951774
0.9599961 2.200465 0.6678536 0.05014457 0.2224417 0.07367445
1.09495 1.640083 0.880102 0.06138023 0.214323 0.09196024
1.031183 1.854064 0.7991253 0.05624644 0.2174436 0.0861023
0.987401 2.136496 0.7133504 0.05475119 0.2345892 0.08340097
1.088613 1.644265 0.8720479 0.06172096 0.2169927 0.09207391
1.053963 1.711841 0.8452717 0.05857375 0.2153781 0.08920429
1.064253 1.811538 0.8306123 0.05755304 0.2143397 0.08853687
0.9934965 2.091348 0.7083938 0.05260849 0.2214595 0.07810859
1.057814 1.76126 0.8321075 0.05902771 0.2183849 0.08939421
1.111273 1.544724 0.9863942 0.06453232 0.2228202 0.1083144
0.9723334 1.979722 0.7845399 0.05375752 0.2286779 0.09017774
0.9696309 2.238992 0.6397976 0.05046272 0.2219433 0.06986606
1.042953 1.824321 0.8017277 0.05740101 0.2178905 0.08618283
0.996912 1.998041 0.746747 0.05303191 0.2178483 0.08099667
0.9500553 2.183335 0.7107167 0.05081476 0.2298213 0.08204542
1.010236 1.992458 0.7349162 0.05350299 0.2152607 0.07831522
0.9548549 2.15101 0.6695014 0.05017318 0.2203303 0.07276331
0.8847821 2.551016 0.582382 0.04769978 0.2486326 0.07082984
1.015054 2.033657 0.7046007 0.05425274 0.219073 0.07607374
1.010676 2.020386 0.7091664 0.05319769 0.2138713 0.07465677
0.9148693 2.309452 0.6599284 0.04749393 0.2285534 0.07538809
1.037346 1.905578 0.7393792 0.05555721 0.2126932 0.07696364
0.9780867 2.034373 0.7152272 0.05282536 0.2220087 0.07848138
1.000436 1.913288 0.8343825 0.0558197 0.2293853 0.09682667
0.9532022 2.214537 0.6716488 0.05059083 0.2269634 0.07565314
0.9884209 2.049726 0.7294018 0.05253551 0.2204199 0.0801631
1.064598 1.754701 0.8010314 0.05836182 0.2120943 0.08268594
0.9705655 2.139099 0.6965989 0.05264537 0.2288736 0.079199
0.9606192 2.081587 0.7516747 0.05203317 0.2285109 0.08654155
0.987225 2.028885 0.7548093 0.05290313 0.2226494 0.08431038
1.102655 1.598917 0.9496411 0.0646087 0.2260962 0.1057838
1.048762 1.818127 0.7755273 0.05608214 0.2095877 0.07957394
1.055014 1.784408 0.8189523 0.05909449 0.2198472 0.08850187
0.9624718 2.167754 0.6999335 0.05103499 0.2259799 0.07907056
0.9092761 2.375911 0.6451407 0.04878961 0.2398236 0.0770049
0.9945347 2.012239 0.7090025 0.05223386 0.213388 0.07448372
1.035385 1.826116 0.8128763 0.05682591 0.2180447 0.08782819
0.9979675 2.042588 0.7841944 0.05485592 0.2318654 0.09220545
1.037623 1.814396 0.8294652 0.05766625 0.220784 0.09091109
0.9672826 2.080045 0.7530197 0.05246605 0.2293095 0.08711011
1.04199 1.924152 0.7649264 0.05679122 0.219574 0.08312154
1.088532 1.65982 0.8629999 0.06132194 0.2158652 0.09068435
1.013226 1.971243 0.7869992 0.05431375 0.2207553 0.08744084
0.9913002 2.188317 0.6853325 0.05265638 0.226365 0.07720901
1.006698 1.932572 0.7663415 0.05363316 0.2157106 0.08222842
0.939506 2.233121 0.6655841 0.04879792 0.2235055 0.07401465
1.0351 1.833973 0.7726586 0.05519475 0.2096003 0.07940215
1.064923 1.638026 0.9149872 0.06122751 0.2221914 0.1000557
0.8812484 2.452192 0.6709602 0.04949015 0.2604936 0.08814431
1.150081 1.485852 0.9958747 0.06728255 0.221144 0.1071915
1.040617 1.876782 0.8100768 0.05800973 0.2252352 0.09106513
0.9814541 2.034248 0.8007579 0.05424673 0.2338026 0.0953589
1.037646 1.794434 0.8104483 0.05794839 0.2195942 0.08746052
1.012973 1.858338 0.8098377 0.05487341 0.2163603 0.08716198
1.029135 1.788532 0.8226155 0.05631311 0.2148438 0.08717207
1.125159 1.511947 0.9725167 0.06468675 0.2172604 0.102844
1.054974 1.826467 0.7729926 0.05703875 0.212004 0.08011956
0.8909305 2.374563 0.6518105 0.04794268 0.2415549 0.07864099
1.082559 1.765793 0.7885174 0.05833592 0.2079249 0.07965744
1.010291 2.011975 0.7160868 0.0545284 0.2201018 0.07765182
1.038449 1.92687 0.7717565 0.05536921 0.2150586 0.08248663
0.9602366 2.18514 0.6717156 0.05073615 0.2237084 0.07436178
0.9261298 2.400654 0.6086865 0.04999093 0.2398211 0.07162628
1.002273 1.993797 0.7396989 0.05404626 0.2200296 0.08066212
1.101845 1.734813 0.8348091 0.06182592 0.2183155 0.08929525
0.9628655 2.024774 0.7874102 0.05192766 0.2263302 0.09040489
1.022347 1.863778 0.8236877 0.05636323 0.2223806 0.09167172
0.9185002 2.371186 0.6207319 0.04709542 0.2277285 0.07003562
1.05718 1.773212 0.8344099 0.05784922 0.2149784 0.08867422
0.9085936 2.388879 0.6330704 0.04719468 0.2329618 0.07344024
0.9434559 2.193492 0.7088024 0.05213519 0.2389838 0.08503871
1.042438 1.799493 0.8191627 0.058047 0.2198479 0.08888819
0.9771012 2.034151 0.791362 0.05348694 0.2304825 0.09259848
0.8933598 2.416632 0.637368 0.04864302 0.247203 0.07850077
0.9100856 2.344325 0.6474907 0.04795804 0.2338068 0.07543076
1.025311 2.009491 0.7688996 0.05659294 0.229547 0.08863903
0.9615152 2.190627 0.6706639 0.0502801 0.2221634 0.07389008
1.00036 2.050218 0.7387197 0.05474126 0.2274079 0.0837881
1.008832 1.959847 0.7447537 0.05407647 0.2165983 0.07972803
0.9564199 2.084922 0.7365574 0.05191328 0.2286504 0.08449467
1.030876 1.888098 0.7887774 0.05724077 0.2234459 0.08744488
0.9724952 2.073321 0.6822223 0.05040396 0.2129743 0.07147959
1.034592 1.746 0.9279436 0.05997655 0.2326043 0.1090551
0.9399559 2.164518 0.722573 0.05105617 0.2334938 0.08494387
1.018328 1.825597 0.8185393 0.05515466 0.2150911 0.08743865
1.018839 1.854305 0.8616282 0.05722471 0.2285812 0.09955498
1.031632 1.772197 0.8253565 0.05754987 0.2189605 0.08895004
0.8792247 2.463987 0.634844 0.04755933 0.2489206 0.07888001
1.079412 1.834238 0.7524391 0.05782419 0.2085654 0.07620068
1.041886 1.832027 0.8491501 0.05731163 0.2209692 0.09415737
1.091782 1.781806 0.7806857 0.05926748 0.2106594 0.07998142
0.9119529 2.384346 0.6054984 0.04776615 0.2309789 0.06859417
0.9897539 2.051556 0.7168137 0.05321499 0.2221816 0.07895459
1.008842 1.924185 0.781623 0.05453565 0.218929 0.08527871
1.022166 1.928977 0.7945157 0.05584183 0.2232343 0.08892778
0.9868393 2.017616 0.8316569 0.05495644 0.237123 0.1013496
1.059795 1.81202 0.8061766 0.05932311 0.2206549 0.08747339
1.025479 1.835652 0.8238363 0.05606934 0.2186636 0.0898149
0.9709246 2.080602 0.7158848 0.050769 0.2183734 0.07803491
0.878099 2.677069 0.5469999 0.04609119 0.2474731 0.06548832
0.9669024 2.159508 0.6908827 0.05075545 0.2228413 0.07676425
0.9824653 2.010764 0.759578 0.05433063 0.2288185 0.08687583
0.9796265 2.05801 0.7422905 0.05224905 0.2229548 0.08302347
1.005877 2.064371 0.7248985 0.05411102 0.2235497 0.08067837
1.000334 1.926465 0.7574585 0.05431743 0.2191181 0.08209623
0.9720556 2.12837 0.705407 0.05259068 0.2280337 0.080069
1.084503 1.710358 0.8422666 0.0613257 0.2184488 0.08977926
1.038974 1.896707 0.743422 0.05547223 0.2121153 0.07728171
1.024807 1.856542 0.8111768 0.05493322 0.2147881 0.08693299
1.001347 1.992844 0.7376186 0.05306603 0.2161045 0.07907589
1.013666 1.765622 0.8546282 0.0560727 0.2182611 0.09265129
1.056235 1.796251 0.7916778 0.05824013 0.2152313 0.08321134
0.9818857 2.012617 0.7285629 0.05201863 0.2165573 0.07818679
1.016646 2.000374 0.7370112 0.0545232 0.2202486 0.08068831
1.089051 1.661642 0.858606 0.05997617 0.2109554 0.08831224
1.035902 1.924916 0.7866854 0.05563424 0.2185725 0.0860445
0.9764078 2.075421 0.7426117 0.0522832 0.2250903 0.08401615
0.9832709 2.209293 0.6798902 0.05193726 0.227544 0.07724568
0.972473 2.145326 0.6580066 0.04946397 0.2110486 0.06821767
1.045968 1.856361 0.7572384 0.05544249 0.2087893 0.07741413
0.9377407 2.225846 0.6809689 0.0512067 0.2369018 0.08053557
0.9983534 2.023249 0.7067731 0.05310041 0.2171182 0.07556816
1.008625 1.869539 0.8094793 0.05517987 0.2194813 0.08849532
0.945107 2.175388 0.6443669 0.04954256 0.2183341 0.06870065
0.9945343 2.115773 0.6911058 0.05296199 0.2221575 0.07594364
1.010981 2.044392 0.73914 0.05548586 0.2279149 0.08398818
1.066332 1.786807 0.7995474 0.05865987 0.2143926 0.0837789
1.066313 1.728445 0.931998 0.06125893 0.2296578 0.1080416
0.9617125 2.183523 0.6998063 0.05154597 0.2294925 0.08032276
1.029516 1.768322 0.8669586 0.05764904 0.2221561 0.09606167
1.030491 1.788454 0.8453811 0.05808881 0.2238083 0.0939996
0.9917323 2.023804 0.747769 0.0528415 0.2205298 0.08250456
1.122726 1.491048 0.9136008 0.06476894 0.2133326 0.09253533
1.012458 1.971339 0.8008568 0.05649204 0.2318573 0.09379158
1.000311 1.945809 0.7605779 0.05375816 0.2177732 0.0822426
0.9774973 1.977947 0.7395207 0.053036 0.2204832 0.08060561
0.9363162 2.299745 0.666465 0.05113214 0.2403472 0.07988049
0.9947022 2.113095 0.6814782 0.05176046 0.216958 0.07311939
1.062263 1.780866 0.7993582 0.05854818 0.2147437 0.08384595
0.993714 2.071313 0.7550899 0.05353619 0.2273116 0.08661985
0.9616222 2.264642 0.6424498 0.05084387 0.2279948 0.0722862
0.9431277 2.278858 0.6717451 0.05020808 0.2339774 0.07870905
0.9969065 2.002736 0.7384386 0.05505838 0.2269022 0.08309551
0.9802246 2.147617 0.7049726 0.0531636 0.2298636 0.08079029
1.062872 1.784793 0.762644 0.05681102 0.2060663 0.07600767
0.9279302 2.24184 0.6599269 0.04891957 0.2276199 0.07461138
1.106814 1.56405 0.9024661 0.06396644 0.2176834 0.09459594
1.1187 1.539678 0.9529924 0.06486513 0.2199478 0.102037
1.102776 1.621981 0.8630094 0.06306059 0.2170745 0.09038144
0.9668334 2.042898 0.7610313 0.05250228 0.2273355 0.08709374
0.9609573 2.135105 0.7141581 0.05090918 0.2241532 0.08012265
0.9763975 2.092261 0.7285278 0.05301172 0.2278792 0.0829763
0.9916647 1.885008 0.8226037 0.05630959 0.2306814 0.09504986
1.019157 1.95666 0.7554931 0.05424646 0.2154323 0.08075653
1.000467 1.948665 0.7547384 0.05334514 0.2161697 0.08098595
1.054999 1.885608 0.7334241 0.0573552 0.2135833 0.07602063
1.03012 1.817398 0.8135903 0.05790049 0.22265 0.08941402
0.9615269 2.120286 0.6930588 0.05043145 0.2192707 0.07538209
1.060666 1.631618 0.9356842 0.06072963 0.2224077 0.103091
1.018895 1.904497 0.8298849 0.05658204 0.2277216 0.09544587
0.9513944 2.196988 0.6879838 0.05185088 0.2327327 0.07959554
1.023205 1.864643 0.8168647 0.05590995 0.2203921 0.09006307
0.9964476 2.071765 0.7464244 0.05403975 0.2274071 0.08519319
1.05219 1.822547 0.8375134 0.05615732 0.213137 0.08937164
0.9520684 2.119166 0.7238058 0.05219442 0.2327289 0.08441793
1.138146 1.481981 0.995058 0.06650893 0.2202336 0.1064353
0.9894727 2.0293 0.7513253 0.05395337 0.2265169 0.08516348
0.9440342 2.247286 0.6623144 0.05078218 0.2324158 0.07636559
0.9844192 2.066676 0.7435364 0.05364686 0.2283487 0.08510792
0.9469799 2.165581 0.6764606 0.05032166 0.22533 0.07558841
1.057292 1.791996 0.8904599 0.059417 0.2262818 0.1017326
1.015738 2.009192 0.7101784 0.05409884 0.2164844 0.07562355
1.06477 1.8266 0.7943668 0.05705381 0.2106699 0.08238117
1.033762 1.739367 0.9430716 0.05839756 0.2267823 0.1086036
1.060525 1.770652 0.80375 0.0584098 0.2143046 0.08413337
0.9533443 2.157023 0.7002534 0.05073107 0.2268177 0.07942195
0.9608011 2.126556 0.7394329 0.05260704 0.233829 0.0871805
0.9768647 2.152355 0.6851967 0.05103444 0.2211746 0.07542032
1.069156 1.666524 0.9010246 0.06040967 0.2193654 0.09759344
0.9404494 2.226013 0.6959101 0.05097834 0.2353525 0.08212452
1.093427 1.607652 0.880359 0.06152618 0.2133527 0.09094624
1.067299 1.829653 0.7819413 0.05755979 0.211893 0.08127325
1.080555 1.638442 0.8750121 0.06019723 0.2124928 0.09050259
0.9908676 2.048063 0.7425713 0.05330626 0.2241208 0.0833151
1.045391 1.821422 0.8680994 0.0591316 0.2286394 0.09999986
0.9501688 2.201223 0.697769 0.05126701 0.2331758 0.0816029
1.048663 1.754364 0.8988521 0.06007095 0.2282436 0.1028837
1.062207 1.830414 0.7932977 0.05772831 0.2144743 0.08377596
1.134919 1.474276 0.9451248 0.06673689 0.2188024 0.09872864
1.00548 1.935427 0.7481092 0.05413163 0.2164643 0.07986457
0.9919249 1.919453 0.7817554 0.05275135 0.2151668 0.08392917
1.087715 1.662167 0.8632529 0.06051166 0.2133573 0.0898415
1.003494 2.004402 0.7369941 0.05352193 0.2180072 0.07972167
1.002665 1.997332 0.728884 0.05529694 0.2255688 0.08120276
0.9865307 1.974064 0.8337196 0.05542034 0.2353286 0.1000681
0.9413803 2.200772 0.685149 0.0512457 0.2336217 0.07969919
1.010821 1.896326 0.8249475 0.05571334 0.2245416 0.09321582
0.936545 2.162244 0.7181645 0.04913854 0.224578 0.08122257
1.021747 1.914869 0.773307 0.0543329 0.21416 0.08229679
0.9159136 2.515866 0.5991163 0.04784926 0.2413219 0.07151566
1.050208 1.819814 0.8158108 0.0570379 0.2156175 0.0872693
0.9698348 2.088732 0.7366251 0.0537536 0.2335397 0.08614987
1.023354 2.034472 0.7633909 0.05516003 0.2246365 0.08624738
1.010879 1.861511 0.8382317 0.05778111 0.2314886 0.09725999
0.9193277 2.258879 0.6923161 0.0499459 0.2386789 0.08307874
0.962275 2.234361 0.6529239 0.04953124 0.2196602 0.07091471
0.9953081 1.957158 0.7779072 0.0540766 0.2230571 0.08693653
1.055456 1.969621 0.7369703 0.05750105 0.2206609 0.08019909
1.0662 1.59477 0.9173105 0.06003586 0.2147773 0.09627917
1.018308 1.853289 0.801199 0.05610439 0.2198965 0.08730485
1.018183 1.952209 0.7750525 0.05539354 0.2217769 0.08575795
1.024562 1.867549 0.8278046 0.05578824 0.2203475 0.09163146
0.9069855 2.320462 0.6619563 0.04954043 0.2419459 0.07991478
1.121833 1.559515 0.8986625 0.06309484 0.21104 0.09131656
0.987295 2.12801 0.7125047 0.0523784 0.2242168 0.07990234
0.9414545 2.422565 0.5878587 0.04809839 0.2265151 0.06511359
1.059181 1.745773 0.8535949 0.05978247 0.2215535 0.09341845
1.026133 1.943307 0.7754915 0.05597429 0.2222872 0.08598015
0.9256765 2.33005 0.6241191 0.04779374 0.2258712 0.06958144
1.002191 1.958108 0.8006292 0.05479769 0.2262468 0.09147835
1.036234 1.842387 0.7966792 0.05681552 0.2177082 0.08567072
0.9362119 2.338852 0.6313029 0.04804657 0.2250944 0.07035087
1.008691 2.049163 0.7140882 0.05437837 0.2228317 0.07882586
0.991466 2.100465 0.6713866 0.05137852 0.2142985 0.07075777
1.0744 1.787076 0.8211973 0.05916926 0.2163386 0.08756115
1.072452 1.692115 0.8349701 0.05906966 0.2115073 0.08595005
1.051016 1.876159 0.7769242 0.05600398 0.2119696 0.08136283
1.084064 1.715563 0.7964487 0.05904332 0.2074308 0.0796068
0.9540114 2.08291 0.7384079 0.05155184 0.2278553 0.08453008
1.045961 1.740954 0.9141329 0.05951277 0.2273138 0.1046662
1.024662 1.816289 0.8495921 0.0572986 0.2239745 0.09517872
1.055942 1.667513 0.9340241 0.06073998 0.2255346 0.1049935
1.013526 1.953961 0.7927271 0.05603147 0.2270547 0.09032745
1.092607 1.577564 0.9118934 0.06211776 0.2162399 0.09590033
0.9834806 2.071339 0.7008177 0.05240566 0.2202963 0.07630325
1.047566 1.758756 0.8473989 0.05738506 0.2152935 0.09038778
0.9615829 2.201618 0.6892638 0.05110975 0.227879 0.07840412
0.973501 1.950579 0.8429569 0.0539369 0.2312791 0.0995872
1.031879 2.019413 0.7206597 0.05403334 0.2139469 0.07633537
1.060013 1.858029 0.7832432 0.05701198 0.214063 0.08286322
0.9248295 2.371521 0.6274385 0.04917596 0.2365012 0.07345147
1.05461 1.853093 0.8401234 0.05990719 0.2295374 0.09662993
0.9393896 2.230027 0.6853602 0.05098653 0.235023 0.08044888
0.9557268 2.203312 0.6537265 0.05027978 0.223376 0.07200752
1.002473 1.928674 0.7945516 0.05470459 0.2220531 0.08828679
1.045901 1.819025 0.8131415 0.05700705 0.2163934 0.08721518
1.043857 1.920848 0.7531934 0.05618229 0.2154294 0.07994159
1.064784 1.758614 0.8939635 0.05939051 0.2223813 0.09991088
0.9984103 2.109759 0.6506413 0.05129 0.210765 0.06688417
0.962756 2.108341 0.7404556 0.05176196 0.2288905 0.08554648
1.051225 1.797053 0.8401389 0.058029 0.2193228 0.09169311
0.9306684 2.067831 0.7554731 0.05036076 0.227995 0.08684441
0.9931422 2.162155 0.6815023 0.05335451 0.2276456 0.07694316
0.9984877 1.89813 0.7889838 0.05491552 0.2212069 0.08665508
1.071366 1.735817 0.8044102 0.05802471 0.2077478 0.08109382
0.9506455 2.147203 0.7063938 0.05139627 0.2292884 0.08082882
1.107051 1.522923 0.9580085 0.06346849 0.2169664 0.1011328
0.9433236 2.162375 0.687975 0.05181889 0.2333762 0.07969042
1.089831 1.669694 0.9038216 0.06083099 0.2170408 0.09713024
0.9557544 2.158135 0.688779 0.05036912 0.2230256 0.07641445
1.091292 1.817351 0.7442595 0.05844546 0.2071304 0.07442366
1.074421 1.760387 0.8338263 0.05882732 0.2145674 0.08827826
1.055491 1.8438 0.7972921 0.05754941 0.2165771 0.08536877
1.066044 1.678743 0.9133588 0.06177146 0.2266607 0.1026652
1.095905 1.668268 0.920843 0.06240368 0.2226019 0.1018819
0.9486621 2.226975 0.6984547 0.05051519 0.2322408 0.08168106
0.8973093 2.418704 0.6055866 0.04722804 0.2355212 0.07020559
0.9197546 2.408638 0.6427125 0.04875579 0.2401532 0.07713922
1.057699 1.733878 0.8513347 0.05817916 0.2144482 0.09002256
1.103732 1.571285 0.9377765 0.06370813 0.220137 0.1008079
1.015844 1.924668 0.7758887 0.05558841 0.2220587 0.08574078
1.035534 1.797321 0.8207267 0.05796337 0.2208866 0.08942662
1.095116 1.606185 0.8696861 0.06131394 0.211762 0.08891112
1.125444 1.521313 0.9296806 0.0648682 0.2159714 0.09658633
0.9509097 2.162702 0.7162026 0.05068167 0.2286998 0.0824301
0.9180408 2.248797 0.6968605 0.05068279 0.2420276 0.08474027
1.007837 1.973146 0.7650436 0.05424386 0.2205676 0.08430359
1.017021 1.952541 0.7626075 0.05464608 0.2188824 0.08312742
0.9854029 2.048596 0.7034257 0.05072025 0.2112493 0.07349486
0.986434 2.043695 0.7677891 0.05456187 0.2319719 0.08971316
0.8766691 2.46667 0.6117148 0.04735545 0.2460384 0.07433422
0.9521447 2.197092 0.66227 0.04938657 0.2204636 0.07230471
0.9799736 2.058802 0.7241098 0.05040209 0.2134182 0.07722466
0.9731789 2.112536 0.7198756 0.05277975 0.229267 0.08257107
0.9546504 2.188253 0.6613986 0.05043063 0.2242854 0.07330886
0.9819683 1.994712 0.7841141 0.05368291 0.2277224 0.09013168
1.017023 1.865379 0.8289951 0.05572646 0.2215539 0.0921876
0.9428373 2.370557 0.6027457 0.04922442 0.2292287 0.06766966
1.001264 1.920367 0.7941355 0.05332943 0.2162759 0.08605141
1.00394 1.936543 0.8197883 0.05503264 0.2261729 0.09384927
0.9380226 2.31801 0.6554017 0.04921127 0.2314349 0.075691
1.033803 1.859403 0.7617701 0.05635908 0.2147752 0.07996017
1.039774 1.952025 0.74964 0.05716539 0.2224201 0.08233723
1.023192 1.871052 0.7822117 0.05590571 0.217403 0.08389716
0.9369991 2.282804 0.6886128 0.05068045 0.2386556 0.08262652
0.9702551 2.04299 0.7618732 0.05356143 0.2314682 0.0887272
0.97484 2.054586 0.7411455 0.05085092 0.2173971 0.08087597
0.9618172 2.111425 0.7089945 0.05110006 0.2231232 0.07885574
0.9853434 2.143419 0.6934699 0.05123048 0.2194037 0.0758162
0.9764333 1.9227 0.8707453 0.0552189 0.2352847 0.1048363
1.042497 1.879733 0.8188333 0.05833335 0.2266953 0.0929046
1.01734 2.01754 0.7179657 0.05382011 0.2158141 0.07652802
0.9430042 2.343227 0.6325211 0.05049416 0.2360714 0.07381146
0.9453453 2.115299 0.7762319 0.05095165 0.2326364 0.09238564
0.9815586 2.009986 0.773245 0.05439447 0.230906 0.08980081
0.9822792 2.031327 0.7143371 0.05253756 0.2195383 0.07751734
0.9771533 2.048122 0.7689977 0.05340697 0.229774 0.08920942
0.9910097 1.955459 0.7546308 0.05295306 0.2164518 0.08103287
0.9465686 2.193449 0.6903646 0.05103523 0.2309061 0.07948275
1.093373 1.598569 0.9658815 0.06420115 0.2274527 0.1087417
0.958611 2.110063 0.7348853 0.05298896 0.2346403 0.08659298
0.9561931 2.064541 0.764101 0.0522193 0.2305245 0.08898475
0.9290686 2.335637 0.615999 0.04871188 0.2280276 0.06887311
0.9205468 2.277103 0.6734756 0.04998092 0.2384759 0.08030682
0.9520042 2.273843 0.6935974 0.05162925 0.2377214 0.08275719
0.9506678 2.237125 0.6802889 0.05036485 0.2297079 0.07813632
0.9816106 2.040196 0.7569796 0.05226312 0.2220031 0.08451951
1.086671 1.749171 0.8379441 0.06047667 0.2172317 0.08951203
1.009026 2.078597 0.6946858 0.05351867 0.2191506 0.07513132
0.9825511 2.195103 0.6378158 0.05171771 0.2208208 0.06880691
0.9951469 1.979582 0.7744971 0.05336 0.2207594 0.08581252
1.052563 1.704989 0.8256714 0.05846062 0.2134244 0.08560577
1.071466 1.655827 0.8651556 0.06026964 0.2148472 0.09036199
1.053742 1.856421 0.8122084 0.05701505 0.2170101 0.0879202
1.062578 1.756597 0.8473701 0.059987 0.2223989 0.09318391
1.10778 1.6333 0.8773991 0.0630589 0.217219 0.09258175
1.048117 1.833896 0.8247791 0.05773237 0.2205278 0.0906822
1.088515 1.641103 0.9002876 0.06213793 0.2198191 0.09704156
1.033285 1.879809 0.7945997 0.05696179 0.2216378 0.08749364
0.962452 2.109097 0.7108999 0.05120474 0.2232049 0.07908784
1.07886 1.810305 0.824832 0.05871146 0.2158048 0.08838317
1.110906 1.609074 0.8990614 0.06295351 0.2162169 0.09471041
0.9880724 2.133247 0.700143 0.05333514 0.2283564 0.07963707
0.9644583 1.995148 0.7335343 0.05138421 0.218029 0.07935789
0.9603443 2.020913 0.8034571 0.05361624 0.2353898 0.09617289
1.06938 1.782191 0.8176565 0.05921043 0.2172955 0.08740134
1.039086 1.900151 0.7483373 0.05602461 0.2140315 0.07847534
0.9652387 2.178987 0.6772904 0.05141335 0.2261928 0.07598135
0.9493828 2.130588 0.7316137 0.05101345 0.2289754 0.08436599
0.9834707 2.187024 0.6629118 0.05077464 0.2186427 0.07173284
1.062273 1.825953 0.767475 0.05661228 0.2075158 0.07762628
1.028319 1.919959 0.8033457 0.05660054 0.2240651 0.09017897
1.037884 1.708374 0.8797674 0.05824278 0.2193564 0.09550599
1.054253 1.835434 0.8250598 0.05860777 0.2226783 0.09154266
0.9801278 2.083978 0.7501588 0.0541022 0.2329491 0.08787406
0.8722729 2.533173 0.6194641 0.04763381 0.2554587 0.07871899
1.020976 1.852412 0.8325988 0.05768597 0.2275987 0.0947079
1.148272 1.602398 0.8456084 0.06457814 0.2102642 0.08483772
0.9789655 2.121717 0.7114171 0.05172196 0.2219848 0.0787961
0.9928983 2.058595 0.7699246 0.0545113 0.2319253 0.09032676
0.9920203 2.019819 0.7168813 0.05247109 0.2158891 0.07644287
0.940102 2.220993 0.6902861 0.04990465 0.229316 0.07925055
1.012188 2.014523 0.6877101 0.05238748 0.2081596 0.06988612
0.957161 2.136433 0.732491 0.05266312 0.235376 0.08680624
1.014169 1.913317 0.7506795 0.05456336 0.2149217 0.07936149
0.9538395 2.278433 0.6229793 0.04980748 0.2235548 0.06818438
0.9796322 2.152575 0.7135214 0.05227582 0.2276418 0.08149384
0.9546954 2.219837 0.6526112 0.04988276 0.2219441 0.07141429
0.9773026 2.240128 0.6424201 0.05037669 0.2206221 0.06996004
1.003418 1.931107 0.7928202 0.05565948 0.226328 0.08973647
1.064478 1.784896 0.8395782 0.05855385 0.2171584 0.0904314
1.089973 1.650748 0.8486933 0.06093899 0.2123493 0.08710056
0.9452252 2.158878 0.7459889 0.05147019 0.2355429 0.08918331
1.10583 1.54239 0.9311839 0.06345191 0.2165709 0.09764848
1.042889 1.792858 0.8405245 0.05835842 0.2219028 0.09259692
1.054218 1.905187 0.7701573 0.05721975 0.2181872 0.08319047
1.015527 1.885225 0.7602516 0.05417887 0.2114313 0.07897834
1.012118 2.039327 0.7248859 0.05294635 0.2164089 0.07818706
0.9283998 2.288095 0.6690431 0.04844492 0.2289811 0.07669404
0.931321 2.302322 0.6360171 0.04856978 0.2263993 0.07109435
0.9598141 2.204408 0.6746507 0.05127574 0.2286199 0.07661888
0.9692868 2.049071 0.7446911 0.05102534 0.2192364 0.08192334
1.092984 1.743404 0.8105578 0.05864395 0.2075938 0.08222886
1.051382 1.708941 0.9147733 0.06098683 0.2292245 0.104709
0.9741002 1.947118 0.8112564 0.05369698 0.2271029 0.09297483
0.979172 2.018379 0.7642742 0.05357647 0.2270909 0.08704562
0.9942023 1.986999 0.7525364 0.05239272 0.2158304 0.08106735
1.056149 1.839845 0.7742562 0.05721775 0.2132176 0.08088642
0.9646972 2.15797 0.7193316 0.05102926 0.2266292 0.08210918
0.9984278 2.012614 0.7625585 0.05491992 0.2280553 0.08710416
0.9859183 2.223958 0.6344872 0.05159003 0.2212106 0.06870543
1.00865 2.111869 0.6997513 0.05240524 0.2170601 0.07552803
0.9639985 2.204865 0.6957149 0.0510203 0.2285554 0.07978431
1.09855 1.575809 0.878751 0.06158753 0.2105784 0.08895439
0.9588875 2.121502 0.6957741 0.04999853 0.2192262 0.0759529
0.9918672 1.99731 0.7738294 0.05327535 0.2216843 0.086149
0.9713843 1.904687 0.8063512 0.05204399 0.217549 0.08805349
1.024818 1.958144 0.7105891 0.05390254 0.2102313 0.0730076
0.9231422 2.277518 0.6340436 0.04788774 0.2235936 0.0698759
1.020484 1.872483 0.7939812 0.05710124 0.2245417 0.08834554
1.092178 1.764351 0.7978623 0.05959188 0.2113108 0.08211499
1.065842 1.744579 0.8385113 0.05898956 0.2159193 0.08905381
0.9686104 2.140792 0.7512833 0.05316109 0.236421 0.09008266
1.052563 1.809699 0.8251024 0.05895508 0.2223811 0.09090176
1.08893 1.605772 0.9136941 0.06160687 0.2162011 0.09658519
0.9786777 2.067093 0.7256776 0.05197457 0.2202235 0.07958907
0.9527904 2.16548 0.6893041 0.05035962 0.2245365 0.07709462
0.9860022 2.105747 0.7195172 0.05386442 0.2305087 0.08286299
0.98547 2.11558 0.7074796 0.05337298 0.2280976 0.08036819
1.042601 1.648237 0.9325273 0.06013032 0.2246224 0.1038704
1.05869 1.758656 0.8492316 0.05908166 0.2194997 0.09223733
1.116165 1.585392 0.8610912 0.06200383 0.2078105 0.08568527
0.9815313 2.068437 0.6914369 0.05185318 0.2172072 0.07393556
0.8997914 2.414364 0.6576491 0.04908067 0.2483499 0.08186312
1.038535 1.912465 0.7598334 0.0563571 0.2178558 0.08171461
0.9018451 2.410696 0.6086005 0.04660155 0.2309072 0.06933927
1.067231 1.697591 0.8605772 0.05953732 0.2164925 0.09153695
0.9368951 2.205896 0.6884635 0.05087083 0.2341574 0.08051238
1.070743 1.751772 0.7865205 0.05906562 0.2120191 0.08057096
1.002721 2.033202 0.7447185 0.05514711 0.2286116 0.08502668
1.106698 1.722677 0.8189616 0.06012712 0.2086389 0.08312959
1.084822 1.665125 0.9145553 0.06114177 0.2193827 0.09946565
1.083445 1.801936 0.8345407 0.05815827 0.2130786 0.08862142
1.06312 1.748277 0.8588385 0.05955364 0.2201778 0.09364487
1.007071 2.000437 0.7224272 0.05416543 0.2187176 0.07787766
1.06819 1.883828 0.7506198 0.05698341 0.2113113 0.07774402
1.055362 1.84538 0.778018 0.05702679 0.2131214 0.08142968
0.9665687 2.097629 0.742744 0.05326269 0.2339939 0.08750014
0.9979094 1.890507 0.8501245 0.05685385 0.2348886 0.1012906
0.9792348 2.167374 0.7021733 0.05248196 0.2280309 0.07994325
1.002362 1.994335 0.7896359 0.0544119 0.2257375 0.09005649
1.007352 2.014317 0.7240845 0.05425659 0.2210586 0.07926467
1.036231 1.912206 0.7383169 0.05535277 0.2124455 0.07682991
0.9795897 2.222233 0.6661998 0.05135717 0.2247946 0.07437326
0.9906169 2.050925 0.7493653 0.05393129 0.227038 0.08523399
1.046315 1.722488 0.884591 0.05931383 0.2231138 0.09807446
0.9131255 2.365348 0.6377887 0.04901788 0.2379782 0.07518067
1.042722 1.765411 0.8788928 0.05870028 0.2235393 0.09818434
0.8834305 2.483745 0.6172706 0.04633524 0.2393911 0.0732093
1.046325 1.869685 0.828177 0.05866083 0.2270483 0.09424172
0.976372 2.106117 0.7192357 0.05150877 0.2214253 0.07961414
1.089461 1.711947 0.8403025 0.05979586 0.212209 0.08729803
1.034077 1.871324 0.7530762 0.05643152 0.2157953 0.07942186
1.038439 1.763017 0.8478301 0.05833469 0.2214336 0.09293259
1.062964 1.822943 0.8036502 0.05742359 0.2139133 0.08501748
1.011438 1.928482 0.8077568 0.05623802 0.2280876 0.09264896
0.9564472 2.188779 0.6973284 0.05088948 0.2289733 0.08004105
1.040027 1.789634 0.8691519 0.05821506 0.2232423 0.09713023
0.9591353 2.285957 0.6238286 0.04933338 0.2215245 0.06793145
1.033565 1.821196 0.8180941 0.05698632 0.2190552 0.08884646
0.982496 1.936938 0.7483504 0.05167988 0.211119 0.07804565
0.9220001 2.298647 0.6354317 0.04844281 0.2282548 0.0715928
1.001242 1.948041 0.8285294 0.05645963 0.2339753 0.09830792
1.071005 1.789756 0.7782356 0.0579977 0.2102812 0.07961188
0.9610493 2.177278 0.7233768 0.05182563 0.2324815 0.08480744
0.9323935 2.275867 0.6854448 0.05102064 0.2402363 0.08249289
1.022825 1.946331 0.721711 0.05471901 0.2134516 0.07528915
1.075462 1.725545 0.8067658 0.05887132 0.2101514 0.08220577
0.993976 2.052558 0.7142441 0.05089481 0.2117546 0.07533395
0.9657294 1.940494 0.7960315 0.05383379 0.2283172 0.09108083
0.9871183 2.047755 0.7132915 0.05199888 0.2167511 0.07658592
0.913057 2.423804 0.603413 0.04712714 0.2312506 0.06877661
1.066611 1.589671 0.9905082 0.06139064 0.22387 0.1106149
1.055894 1.839776 0.8111655 0.05818141 0.2195912 0.08836085
0.9780406 2.126801 0.6931886 0.05228514 0.2241466 0.07702526
1.082508 1.809516 0.7976885 0.05922589 0.2152917 0.08441368
0.9419647 2.202273 0.7013269 0.04971926 0.2270802 0.07989163
0.980135 2.069114 0.7499473 0.05348869 0.2292341 0.08637544
1.005563 2.012856 0.7311844 0.05331423 0.217251 0.0788525
1.009825 1.915667 0.7805966 0.05504202 0.2205828 0.0856848
0.9748397 2.154486 0.6759498 0.05188295 0.2235455 0.07461806
0.964846 2.092639 0.7324454 0.05291116 0.2315162 0.08499684
0.9237936 2.269213 0.6588561 0.04774711 0.2250541 0.07394372
0.9547443 2.217818 0.6791674 0.05085994 0.2289582 0.0774551
1.035277 1.980848 0.7368984 0.05610767 0.220475 0.08032195
1.011774 2.033279 0.7248774 0.05513771 0.2248352 0.08081162
0.9505756 2.159124 0.7186476 0.05156366 0.2328616 0.08416045
0.9991599 1.968597 0.7689002 0.05524949 0.2258416 0.08646565
1.056316 1.790187 0.8269087 0.05912359 0.2210636 0.09031011
1.023426 2.015544 0.7185973 0.05345133 0.2131509 0.0757841
0.9638254 2.193529 0.6938792 0.05135848 0.2293491 0.0796864
0.9597585 2.196618 0.7003574 0.05101396 0.2284998 0.08021094
1.005593 2.037059 0.7094025 0.05395709 0.2206559 0.07732326
1.08605 1.733947 0.8394021 0.06087017 0.2179898 0.0897248
1.102689 1.565255 0.9148402 0.06254844 0.214267 0.09495549
0.9463697 2.339277 0.644338 0.04987166 0.2329257 0.07462088
0.982017 2.035161 0.7129584 0.05277444 0.2202223 0.07748771
1.049441 1.732506 0.9154665 0.06050542 0.229178 0.1052485
0.9321722 2.340413 0.649655 0.04880152 0.2316121 0.07497339
1.090691 1.639905 0.8274612 0.06020888 0.2078221 0.08242862
0.9775556 2.067041 0.7065817 0.05173507 0.2187572 0.07655023
1.052896 1.829402 0.8169777 0.05766656 0.217794 0.08830899
0.9532309 2.334247 0.6582938 0.04963614 0.2311287 0.07615994
1.04284 1.945141 0.7581207 0.05521921 0.2145217 0.08082695
1.037643 1.765996 0.8928679 0.05879646 0.2264102 0.1015545
0.8455407 2.586541 0.6025095 0.04676339 0.2616242 0.07798084
0.9733113 2.044536 0.7377518 0.05195109 0.22217 0.08199564
0.9777569 2.026838 0.7554904 0.05229959 0.2223876 0.08434721
0.970133 2.144074 0.7206688 0.05293357 0.2327806 0.08416584
1.003399 1.874087 0.8534128 0.0562286 0.2297657 0.09938881
0.975818 2.151045 0.7267619 0.05081052 0.2224262 0.08157895
0.947574 2.21578 0.6413887 0.04974061 0.2231853 0.07038756
1.04857 1.726323 0.8634224 0.05884889 0.2199483 0.09389523
1.072262 1.700156 0.930762 0.06205569 0.2289247 0.1067343
1.081501 1.685561 0.8598561 0.06115953 0.2181825 0.09169024
0.9799259 2.154698 0.6879729 0.05126503 0.2205068 0.07537665
0.9706676 2.123154 0.72703 0.05264102 0.2307527 0.08429733
1.041419 1.905617 0.7648842 0.05532763 0.2124699 0.08033864
0.9247807 2.208366 0.7523022 0.0508968 0.2429532 0.09347757
1.030673 1.897193 0.8125767 0.05615682 0.2210965 0.09010995
0.9771102 2.217305 0.6275686 0.05034656 0.2169974 0.06654269
0.969097 2.242624 0.6469542 0.05028337 0.222461 0.07112749
0.9719761 2.068585 0.7413668 0.05360688 0.2303557 0.08533822
1.024402 1.873008 0.7873615 0.05553121 0.2167801 0.08457834
1.078223 1.745379 0.8548768 0.06016417 0.2189574 0.09257054
1.014251 1.873671 0.8222854 0.05707887 0.2278896 0.09377257
0.9658908 2.025775 0.7507673 0.05163433 0.2216785 0.0833636
0.9805523 2.115107 0.6861592 0.05154371 0.2196894 0.07463296
1.041074 1.762619 0.8274839 0.05727886 0.2150658 0.08754732
1.088482 1.565469 0.9374092 0.06333336 0.2216808 0.1012857
1.047799 1.805539 0.8179637 0.05751499 0.2165926 0.08753132
0.9576214 2.027099 0.7732721 0.05163846 0.2258512 0.08825576
1.051052 1.876819 0.7897311 0.05551054 0.2111881 0.08306494
1.050136 1.743884 0.8191639 0.05613137 0.2066125 0.08285068
1.002907 2.013765 0.7229119 0.05209338 0.2125612 0.07624595
1.031636 1.797549 0.8132548 0.05749792 0.2191411 0.08766007
0.9874235 2.103209 0.70541 0.05135101 0.2172894 0.076338
1.044466 1.708756 0.8853237 0.05745547 0.2151076 0.09456875
1.033347 1.851284 0.7987831 0.05608252 0.2163753 0.08568234
1.008092 1.937325 0.7574612 0.05544553 0.2226368 0.08343896
0.9497744 2.015585 0.7789165 0.05214639 0.2291724 0.09002549
1.017163 1.976263 0.7555486 0.05485387 0.2201037 0.08272864
1.052295 1.801268 0.8480124 0.05802792 0.2199228 0.09315032
0.9934753 2.066 0.758812 0.05434989 0.2307096 0.08829012
1.017928 1.916571 0.7833436 0.05657305 0.2251211 0.08768741
0.976204 2.05384 0.7617531 0.05256252 0.2262726 0.08698123
1.097087 1.649651 0.8689619 0.06068757 0.2109632 0.08924278
1.026589 1.94189 0.7229927 0.0551178 0.2143728 0.07576511
0.9290104 2.216485 0.6617512 0.04817399 0.221312 0.07259417
0.9900841 2.018072 0.7584533 0.05386927 0.2256286 0.08572746
0.9634262 2.144071 0.67968 0.05070755 0.2201953 0.07394085
0.9355421 2.333737 0.6411836 0.04782679 0.2261291 0.07228671
1.059766 1.864506 0.7606018 0.05749497 0.2142325 0.07975906
0.9923986 2.174531 0.6293277 0.05029543 0.2096592 0.06420497
1.108856 1.567344 0.9357112 0.06483881 0.2228151 0.1015577
1.073809 1.662009 0.8623135 0.06032709 0.215107 0.09027784
0.9900312 2.032911 0.7023849 0.05127568 0.2116586 0.07336683
1.16284 1.360542 1.041162 0.06906488 0.2191528 0.1087318
0.9538194 2.260026 0.6906532 0.05029321 0.230764 0.08015354
1.004122 2.071426 0.7128551 0.05371403 0.2215067 0.07829246
0.9861717 2.116836 0.7009727 0.0517812 0.2202002 0.07682355
0.9921009 2.047332 0.7400077 0.05437646 0.2276554 0.08402263
1.056614 1.825599 0.8373115 0.05920264 0.2240479 0.09352159
1.076646 1.758143 0.8186267 0.05974275 0.2161337 0.08662944
1.040457 1.864993 0.7718659 0.05573821 0.2117359 0.0803407
0.9295038 2.177536 0.6838487 0.04808583 0.2196632 0.0748281
0.9476671 2.042944 0.7589043 0.05228172 0.2315542 0.08840024
0.9872232 1.975572 0.7896106 0.0537279 0.2255332 0.08982062
1.022195 1.810428 0.8537086 0.05773705 0.2265393 0.0967796
0.9578825 2.326785 0.6187668 0.0512378 0.2341624 0.07123084
1.019948 1.884945 0.8004142 0.05582375 0.2202742 0.08780689
0.9789155 2.159481 0.664792 0.05300883 0.2273753 0.07429482
1.009132 1.974417 0.7847039 0.05514604 0.2255539 0.08897272
0.9555367 2.141166 0.7591942 0.05242402 0.2372818 0.0916948
1.02058 1.940963 0.7584154 0.05523925 0.2192488 0.08245326
1.022937 1.947987 0.727673 0.05379754 0.2104492 0.07518892
0.9237718 2.43505 0.5878041 0.04743909 0.2285282 0.06570045
0.9993754 2.079104 0.6853849 0.05283129 0.2177815 0.07340799
1.05702 1.868905 0.7681201 0.05802503 0.2179868 0.08221767
0.9616704 2.135366 0.7404964 0.0513455 0.2279998 0.08529706
0.9663105 2.19743 0.6579994 0.05157502 0.2257707 0.07313218
0.9861073 2.141905 0.7368591 0.05486377 0.2378183 0.08817331
0.9454289 2.272305 0.6652599 0.05252029 0.2422733 0.08003911
1.006741 1.954611 0.7529057 0.05430751 0.2188857 0.08171603
0.9133751 2.264682 0.6970966 0.05009028 0.2421758 0.0850839
1.105253 1.635614 0.8448868 0.06119854 0.2089336 0.08496496
1.041109 1.851442 0.7941274 0.05726503 0.2187185 0.0857986
0.9608622 2.194287 0.7061667 0.05125428 0.2297049 0.08145443
1.020715 1.972062 0.7556095 0.05480847 0.2192089 0.08245186
0.964407 1.96587 0.81087 0.05325681 0.2294671 0.09425589
1.035532 1.898941 0.7600496 0.05651264 0.2173018 0.08115479
1.016622 1.968145 0.7576579 0.05552175 0.2228022 0.08389893
0.978978 1.98727 0.8143605 0.05369558 0.2296976 0.09522421
1.062687 1.745384 0.84941 0.06031675 0.2225012 0.09316027
1.092247 1.63449 0.9089412 0.06245772 0.2205245 0.09846587
1.05427 1.955092 0.7175413 0.05494485 0.2080011 0.07309115
0.9799131 2.156123 0.6859842 0.05238851 0.2258111 0.0768401
0.9236143 2.309219 0.6537379 0.04902032 0.2337715 0.07614741
1.031767 1.738615 0.9073124 0.05937113 0.229107 0.1042713
1.027365 1.953545 0.7749357 0.05612371 0.2230581 0.08627055
0.957472 2.104164 0.6810146 0.05017022 0.216887 0.07275538
0.9724802 2.146946 0.6989535 0.05050967 0.219592 0.07664172
1.117572 1.511782 0.9298398 0.06429925 0.2153651 0.09622635
1.030017 1.829093 0.8061069 0.05673747 0.218523 0.08707418
1.037558 1.922029 0.7061871 0.05438028 0.2062791 0.07060776
1.06821 1.801375 0.7906799 0.05865882 0.2149055 0.08311821
0.9691759 2.205327 0.6931281 0.05232791 0.2332301 0.08092914
0.920422 2.330297 0.6504418 0.04920596 0.2367818 0.07671514
1.076336 1.651174 0.8811452 0.05989851 0.2136115 0.09211142
1.060191 1.785552 0.8328102 0.05953531 0.2223 0.09163936
0.9976631 2.053896 0.7729245 0.05388728 0.2283534 0.08951649
1.010867 2.010384 0.7181271 0.05397854 0.217571 0.07706384
0.9716187 2.179592 0.6956312 0.05159642 0.2275868 0.07922152
0.9563952 2.212421 0.6872329 0.05094368 0.2299613 0.07905688
0.9343805 2.238933 0.6607752 0.04950388 0.2279168 0.07466546
0.9271874 2.409694 0.6159017 0.04822245 0.2321176 0.07059356
0.9588732 2.206336 0.659289 0.05014216 0.2221388 0.0723711
1.072924 1.634157 0.9521212 0.0623409 0.2268577 0.1074548
0.947519 2.274239 0.6514507 0.05100303 0.2326624 0.07488477
0.9787904 2.054835 0.7438199 0.05309775 0.2274388 0.0848926
1.03238 1.838896 0.7935466 0.0566905 0.2174114 0.08501669
0.9660523 2.055019 0.7936637 0.05378503 0.236606 0.09561902
0.9972449 1.974816 0.7740713 0.05314736 0.2193119 0.08522852
0.9813994 2.087567 0.7490689 0.05448117 0.2347094 0.08842054
1.044739 1.817766 0.8093516 0.05732845 0.2169074 0.086693
1.01 1.963503 0.745646 0.05348735 0.2147915 0.07941506
1.100827 1.640046 0.9151682 0.06307232 0.2215799 0.09989113
0.9655295 2.075844 0.7350946 0.05230524 0.2280246 0.08408001
1.018099 1.826028 0.7928969 0.05525874 0.2134963 0.08321258
0.9200838 2.268284 0.6462513 0.0477102 0.2234502 0.07142217
1.015703 1.928235 0.7753124 0.0555366 0.2212081 0.08521685
0.9438681 2.34333 0.6248224 0.04896089 0.2268733 0.06987679
1.014246 1.891889 0.7842847 0.05496498 0.2176981 0.08475503
1.028418 1.889263 0.7902154 0.05606102 0.2191607 0.08606338
0.977698 2.103858 0.7200161 0.05265665 0.2268737 0.08166235
1.043117 1.890675 0.7315389 0.05579293 0.2104351 0.0748606
1.126097 1.586493 0.9153354 0.06454297 0.2182299 0.09723854
1.010282 2.159692 0.6851731 0.05335618 0.2235402 0.07611376
1.062541 1.716025 0.8440387 0.05917715 0.2159474 0.08930236
1.005966 2.09133 0.64181 0.05160774 0.2098064 0.0654386
0.9925397 2.011807 0.6885337 0.0509202 0.206914 0.06972548
0.9988433 1.910495 0.80361 0.05432746 0.2210003 0.08899819
0.9927446 2.018776 0.7658806 0.05378753 0.2262095 0.08725279
0.9110289 2.418474 0.6175042 0.04923129 0.2424682 0.07385606
0.9871044 2.041259 0.7244796 0.05282952 0.2206909 0.0793747
0.9851191 1.932262 0.822635 0.05494429 0.2294191 0.09528065
1.002329 2.11525 0.7235395 0.05277917 0.2223643 0.08073305
1.067441 1.77888 0.7706312 0.05756791 0.2079462 0.0775536
1.142767 1.321131 1.095977 0.06966492 0.2259823 0.1184632
0.8987769 2.424944 0.6343708 0.0485237 0.2449686 0.07733977
1.157121 1.540556 0.8431893 0.06577767 0.2084094 0.08240974
0.925788 2.384558 0.6630118 0.05064422 0.2478685 0.08248005
0.9799764 2.189484 0.6568438 0.05110264 0.219617 0.07102468
0.967197 2.039466 0.7940955 0.05340188 0.2335322 0.09432906
0.9409554 2.372566 0.6508278 0.05092728 0.2430177 0.07896308
1.008278 2.016752 0.7448705 0.05472682 0.2239435 0.08313718
0.9587952 2.234608 0.6145249 0.04985993 0.2194569 0.06561423
0.9449878 2.187102 0.7095069 0.05145956 0.2350077 0.08376264
0.9855259 2.176772 0.6794133 0.05335196 0.2305246 0.07771508
0.9509682 2.186696 0.7068388 0.05088215 0.2298759 0.08152978
1.004063 2.083593 0.7077732 0.05306354 0.2196549 0.07719844
1.081765 1.655231 0.9039483 0.06046031 0.2165586 0.09666595
0.9598658 2.237845 0.6529354 0.05071958 0.2271379 0.07338071
1.02988 1.938643 0.7404154 0.05561198 0.2169264 0.07902263
0.9878096 2.023172 0.7479037 0.05306277 0.222442 0.08318854
0.9746496 2.126339 0.7132242 0.05357738 0.231947 0.08242554
1.002481 2.053039 0.7114033 0.05259105 0.2165179 0.07640345
1.007946 1.903996 0.813518 0.05535943 0.2234548 0.09124987
1.065693 1.647995 0.8858096 0.0592621 0.213512 0.09263925
1.091915 1.662988 0.8836252 0.06208049 0.2196428 0.09519106
1.039746 1.72182 0.818132 0.05836353 0.2162092 0.08586719
1.017007 1.899422 0.7969499 0.0560455 0.2231456 0.08872687
0.9488858 2.131105 0.7712918 0.05293275 0.2420038 0.09530073
0.9899998 2.058483 0.7209348 0.05227114 0.2185282 0.07836724
0.9314399 2.321689 0.6686017 0.04850734 0.230469 0.07727147
1.012095 2.024527 0.7346173 0.05499956 0.2240356 0.08178915
0.9839189 2.058742 0.7497124 0.05318069 0.2268132 0.08549202
1.085559 1.73395 0.813003 0.06077717 0.2157721 0.08516287
0.9741694 2.117806 0.6803021 0.05088581 0.2172849 0.07296536
0.9167991 2.413703 0.5924788 0.04775563 0.2315804 0.06718528
1.110751 1.601519 0.8441352 0.06213085 0.2093137 0.08436121
0.9932169 2.083626 0.7310173 0.05365571 0.2264065 0.08277751
0.9619333 2.096175 0.7508949 0.05304302 0.2341537 0.08866771
1.063214 1.708954 0.8388217 0.05755269 0.2088751 0.0857896
0.9630686 2.167602 0.644954 0.04992705 0.2160994 0.06819158
0.9756386 2.066842 0.7224831 0.0519686 0.2208694 0.07938229
1.008855 1.945982 0.7458374 0.05394466 0.2154287 0.07934163
1.090368 1.629976 0.9066996 0.06163778 0.2172171 0.09661309
0.9403265 2.170358 0.7014911 0.05121651 0.2325424 0.08143844
0.9322988 2.289805 0.6718986 0.04966146 0.2345454 0.07892656
1.064525 1.579854 0.9739451 0.06181654 0.2242655 0.1080741
0.9418128 2.195695 0.6830419 0.04929398 0.2233402 0.07600408
1.070217 1.637537 0.8809653 0.06009943 0.2147 0.09219425
1.042785 1.805441 0.8451075 0.05798652 0.2221147 0.09370678
1.083591 1.675899 0.8215924 0.06062336 0.2127056 0.08415436
0.9996241 1.912168 0.811028 0.0542418 0.2211062 0.09014213
0.9897259 1.868694 0.8502179 0.05438984 0.2241763 0.09646538
0.9878645 1.99101 0.754878 0.05376078 0.2235682 0.08412749
0.991541 2.017225 0.7685221 0.05317399 0.2225098 0.0859899
1.001456 1.98845 0.7575457 0.05368588 0.2197939 0.08308993
1.035543 1.856869 0.7998445 0.05683824 0.2191231 0.08687298
0.9964198 1.968846 0.7777196 0.05470643 0.2257013 0.08790692
1.077693 1.768122 0.8149662 0.05939211 0.2149065 0.08583499
0.9883855 2.013881 0.7507281 0.05213208 0.218384 0.08218901
1.03526 1.866356 0.7818684 0.05622274 0.216319 0.08352067
0.9621637 2.178173 0.7283565 0.05293749 0.237537 0.08724468
1.091466 1.641301 0.8923644 0.06210471 0.2184968 0.09535448
1.023014 1.929716 0.7981871 0.05574131 0.2224056 0.08904307
1.01975 1.989542 0.7334937 0.05495964 0.2192381 0.07947836
0.9934402 1.912634 0.7894174 0.05455512 0.2225141 0.08756727
0.9483843 2.125506 0.7362417 0.05065213 0.2278564 0.0846801
0.9272428 2.284188 0.6746882 0.04920647 0.2332147 0.07883496
1.040344 1.758788 0.7914861 0.05790171 0.2155096 0.08275653
0.9333832 2.127195 0.7497855 0.05113042 0.235162 0.08931829
0.9906966 2.057839 0.7221244 0.05269926 0.2204802 0.07921357
1.021762 1.964737 0.7906316 0.05624718 0.2268506 0.09014603
1.041499 1.978316 0.7015294 0.05389578 0.2074646 0.07120235
0.9962618 2.03909 0.7159504 0.05318706 0.2192245 0.07763777
1.051542 1.826326 0.8126509 0.05869967 0.2218321 0.08918762
0.9429465 2.163609 0.7311197 0.05177725 0.2376797 0.08788027
0.989913 1.937933 0.8083985 0.05554887 0.230977 0.09398579
0.9637287 2.152996 0.6916987 0.05069927 0.2231293 0.07693975
