2.138194 0.8826324 0.812127 0.1780847 0.2590959 0.07763063
2.021666 1.016842 0.7065339 0.1604107 0.2445054 0.06427293
1.784413 1.319164 0.7268359 0.1306917 0.2432795 0.07437832
2.019202 1.0376 0.776949 0.1589968 0.2495229 0.07524204
1.796085 1.213621 0.737923 0.1363876 0.2472895 0.0743076
1.825893 1.239813 0.7072939 0.1351827 0.2394672 0.06877642
2.019386 0.8778758 0.7604667 0.1692138 0.2569608 0.07026084
1.993582 0.8887648 0.8498017 0.1656078 0.2617092 0.08365475
1.929162 0.9912774 0.7962269 0.1558575 0.2552323 0.07793186
2.142871 0.7663843 0.8122899 0.1843406 0.2624263 0.07470067
2.239998 0.8696189 0.7468957 0.1887193 0.2564679 0.0680894
2.017228 1.026312 0.7507675 0.1613845 0.2508618 0.07175084
2.352284 0.5967375 0.8566346 0.2168205 0.2785083 0.07848032
1.970757 0.8970549 0.8090296 0.1642506 0.2597791 0.07785317
1.907145 1.067755 0.6909709 0.1506505 0.2448674 0.06366049
2.008756 0.904863 0.7698291 0.1663521 0.255346 0.07181718
2.189588 0.8198862 0.7926582 0.1845311 0.2578236 0.0727797
2.091826 0.9595075 0.7329967 0.1704211 0.2509026 0.06759951
1.882025 1.196081 0.6716765 0.1431288 0.2401063 0.06309814
1.852314 1.172003 0.6687051 0.1397678 0.236659 0.06143688
2.029322 0.9124829 0.7338262 0.1670198 0.2509036 0.06635374
1.790902 1.32848 0.6990186 0.1300874 0.2396016 0.06982793
2.054951 0.8040286 0.7914662 0.1774505 0.2637553 0.07354884
2.017117 0.9619924 0.755828 0.1630119 0.250176 0.07035158
1.961187 0.9064494 0.7896147 0.1634829 0.2588461 0.07533711
2.04233 0.9785627 0.7543466 0.1661116 0.2525734 0.07120114
1.950752 1.086911 0.7112935 0.1533781 0.2462999 0.06707919
2.056117 0.8865845 0.7665423 0.1712212 0.2559451 0.071035
1.989585 0.9948742 0.7965071 0.1603247 0.254699 0.0779283
2.099004 0.6939604 0.8194469 0.1875005 0.2706344 0.07521937
2.165159 0.6949381 0.8740491 0.1936987 0.2750201 0.08347214
1.811544 1.317323 0.6744512 0.1326245 0.2385662 0.06595571
2.280583 0.7520148 0.7895675 0.1994484 0.2648982 0.07194812
2.161379 0.8865037 0.7108853 0.1799604 0.2513415 0.06294581
1.88463 1.261883 0.6834001 0.140207 0.2399017 0.06618957
2.04785 0.7531304 0.8889735 0.1806087 0.2747436 0.08765851
2.491359 0.3189421 0.9589944 0.2529973 0.3061577 0.08736734
1.812688 1.153484 0.739617 0.1387314 0.2457661 0.07253964
1.664839 1.451843 0.6797517 0.1190437 0.2415124 0.07034627
2.30305 0.5417792 0.8213971 0.216355 0.2794849 0.07233237
2.024965 0.9980203 0.7617963 0.1629076 0.2517536 0.07261532
2.337211 0.3510777 0.95648 0.2353001 0.3044529 0.08809356
2.048675 0.9268553 0.7998082 0.1696572 0.2585353 0.07720185
1.79731 1.293736 0.6873912 0.1313602 0.2378544 0.06699824
2.016669 0.9780703 0.7744861 0.1655894 0.2569068 0.07495843
1.850826 1.178015 0.7133685 0.1412848 0.2439093 0.06909915
2.028163 1.010079 0.7142537 0.1620447 0.2468267 0.06562735
1.813152 1.168344 0.7728615 0.13967 0.2505355 0.07869235
2.081646 0.8260246 0.7792915 0.1769137 0.2595175 0.07167928
1.936518 1.136831 0.7006215 0.1484494 0.2418765 0.06595769
2.10424 0.8931597 0.7345732 0.1735582 0.2510256 0.06600833
1.901156 1.146347 0.7437861 0.1465608 0.2473754 0.07327118
2.000249 0.9565206 0.7327253 0.1634374 0.2512247 0.06751366
1.733121 1.459918 0.6243027 0.1223746 0.2341078 0.06114133
2.14629 0.6584946 0.8524909 0.1915342 0.2715611 0.07853292
2.097939 0.8704846 0.7674867 0.1761066 0.2573435 0.07100039
2.017427 1.041195 0.725276 0.1604386 0.2476692 0.06799777
1.930793 1.19273 0.7202607 0.1466524 0.2444388 0.07059625
1.84347 1.285963 0.6635226 0.1359465 0.2373306 0.06348989
1.985925 0.9914313 0.7378774 0.159195 0.2486794 0.06859011
2.063005 0.9382916 0.8210229 0.1685389 0.257369 0.08017963
2.090047 0.8834594 0.7912078 0.1744857 0.2581931 0.07466882
1.70612 1.527072 0.645424 0.1184968 0.2365077 0.06590074
1.79562 1.439968 0.6808393 0.1264046 0.2367196 0.0689988
2.185719 0.8210776 0.7573648 0.1859407 0.2576111 0.06826867
2.191145 0.5928783 0.9407566 0.2016998 0.2841164 0.09095674
1.994961 0.9515254 0.7960307 0.162128 0.2546475 0.07650944
2.188429 0.6512812 0.7990227 0.1985274 0.2716412 0.07142619
2.0938 0.826433 0.7375769 0.1782049 0.2564849 0.06571437
1.790889 1.244432 0.7539869 0.1343096 0.2466082 0.07708779
1.8307 1.170343 0.7145357 0.1403835 0.2444783 0.06916704
2.353517 0.5163822 0.8124616 0.222874 0.2803651 0.07057971
2.04214 0.7911718 0.8484013 0.1757287 0.2665382 0.08134748
1.874234 1.333378 0.6517071 0.136552 0.2361627 0.06269054
2.006431 0.9529108 0.7668033 0.1648397 0.2550304 0.0727061
1.903672 1.235132 0.7001691 0.1424298 0.2407446 0.06793478
2.150561 0.7995523 0.7996469 0.1853422 0.2634747 0.07438301
1.82949 1.128238 0.733295 0.1425112 0.2481076 0.07153841
1.872522 1.101377 0.7178033 0.1465878 0.2463385 0.06829569
1.794046 1.279553 0.6950491 0.1323244 0.2400895 0.0682585
2.153974 0.7362506 0.8618164 0.1884928 0.269647 0.08197274
1.898701 1.10342 0.733471 0.1472528 0.2454894 0.07024311
1.783779 1.392079 0.671454 0.1269107 0.2360418 0.06661927
2.239261 0.6861826 0.8129087 0.2000735 0.2700823 0.074025
1.9378 1.073216 0.7177787 0.1528999 0.2467358 0.06763363
2.100484 0.8252263 0.8039859 0.1793596 0.2625734 0.07557675
1.96721 1.018173 0.7510859 0.1580268 0.251503 0.07170479
2.011797 0.8489141 0.8740538 0.1715747 0.2688779 0.0876018
1.975303 0.7948899 0.9391784 0.1688931 0.2712973 0.09529465
1.766744 1.428903 0.6576137 0.1259956 0.2368576 0.06557102
1.832495 1.082849 0.7306946 0.1445363 0.2484229 0.07002023
2.129936 0.9083293 0.7674297 0.1761753 0.2550823 0.07155399
1.91285 0.9676177 0.7545942 0.1546091 0.2509011 0.07061765
2.037565 0.9800832 0.7622125 0.1641123 0.2515704 0.07219657
2.176273 0.7704083 0.765994 0.188174 0.2604746 0.06849098
2.134728 0.8839652 0.7318998 0.1796071 0.2551683 0.06624809
2.101364 0.9589384 0.7992624 0.1713365 0.256726 0.07781375
1.864797 1.205922 0.6843906 0.1408785 0.2404228 0.06511888
1.91408 1.055406 0.7579074 0.1506674 0.2486517 0.07294975
2.089116 0.9174474 0.7225914 0.1745636 0.2544182 0.06576354
2.187326 0.7338614 0.8395299 0.1915274 0.2681929 0.07859735
1.891387 1.109929 0.7359372 0.147749 0.2475637 0.07119483
1.887835 1.099698 0.8228129 0.1499184 0.2588303 0.08609761
1.915921 1.067332 0.7278339 0.1500021 0.2453719 0.06850633
2.089272 0.7891427 0.8508162 0.1796875 0.266689 0.08168459
1.864584 1.148559 0.762056 0.1437995 0.2493763 0.07639532
2.051146 0.9971709 0.8000869 0.1651727 0.2549886 0.0785629
1.788117 1.265629 0.6431611 0.133752 0.2375321 0.06038109
1.872904 1.225025 0.6862626 0.1396636 0.2385201 0.06538491
1.941116 1.056251 0.7113854 0.15188 0.2433353 0.06562134
2.110297 0.7855895 0.8305074 0.1814328 0.2648536 0.07837291
2.141423 0.8143581 0.7976947 0.1824621 0.2607626 0.07392638
1.59019 1.752599 0.5991823 0.1059688 0.2377558 0.06364052
1.970932 1.038453 0.7203663 0.1555534 0.2452396 0.0667234
1.824538 1.049074 0.7987651 0.1420809 0.248616 0.07824259
1.773303 1.362766 0.6722229 0.1279536 0.2371483 0.06625264
2.271134 0.6269383 0.8210787 0.2071033 0.2740289 0.0739705
1.980494 1.053172 0.7039318 0.1561412 0.2440865 0.06469898
1.926593 1.232474 0.6661123 0.1436891 0.2369332 0.06251589
2.095168 0.8048768 0.8329784 0.1787586 0.2636223 0.07901335
2.262105 0.5413782 0.8639255 0.211782 0.2816443 0.07817503
2.146911 0.7660903 0.7911044 0.186925 0.2643371 0.07243942
1.765266 1.26176 0.7013214 0.1312657 0.2413897 0.06897165
2.157911 0.8092862 0.7707614 0.1850234 0.2603076 0.07023746
1.859815 1.238483 0.7296933 0.1375261 0.2410379 0.07217158
1.75908 1.362125 0.6838497 0.12708 0.2382104 0.06804851
1.92065 1.147463 0.7184978 0.1483539 0.2454116 0.06934412
2.420488 0.4570514 0.8535388 0.235556 0.2897566 0.07565537
1.98625 1.258449 0.6446654 0.1472754 0.2354853 0.06004111
1.84241 1.472734 0.5985886 0.1284597 0.2284904 0.05665786
2.061983 0.9098758 0.794199 0.1696823 0.2557688 0.07526539
1.973079 1.154127 0.6737564 0.1494759 0.2372275 0.06180645
1.969965 1.03102 0.723668 0.1573076 0.2483129 0.06769108
2.014661 0.84329 0.8703007 0.1706813 0.2664 0.08615851
1.975205 1.051836 0.7434686 0.1564013 0.2490755 0.07108021
1.993427 0.91101 0.8824648 0.1660269 0.265834 0.0901375
2.347863 0.5419545 0.8344768 0.2214652 0.2815741 0.07441888
2.077004 0.7073505 0.8355571 0.1838802 0.2697076 0.07751103
1.982261 1.144477 0.6703957 0.151139 0.2383424 0.06144895
2.022012 0.9614928 0.7823075 0.1641034 0.2535129 0.0746556
2.175053 0.7451813 0.7816746 0.1914986 0.2658158 0.07091858
2.616858 0.006321602 1.020915 0.3001968 0.3452446 0.09016923
2.04055 1.025874 0.7528509 0.1627511 0.2500337 0.07178403
2.183852 0.6544469 0.8510862 0.1980796 0.2755283 0.07908393
2.085173 0.8791684 0.7745129 0.1729953 0.2549675 0.07156999
2.186955 0.8317107 0.7685827 0.1844603 0.2565343 0.06973277
1.776038 1.509354 0.6199663 0.1235703 0.2329611 0.06119056
1.789311 1.290601 0.6599721 0.1316422 0.2365327 0.0629176
2.051351 1.008182 0.7846477 0.1645049 0.2532468 0.07635198
2.23875 0.7248673 0.7708112 0.1972231 0.2642147 0.06856063
1.990896 0.9815262 0.7447486 0.1612594 0.2512034 0.06976064
2.071075 0.9236471 0.7796929 0.17193 0.257902 0.07432571
1.96715 1.01265 0.7638019 0.1577043 0.2515133 0.07321311
2.063993 0.9516867 0.7730757 0.1687336 0.2541726 0.07328989
1.701961 1.387842 0.636592 0.1219386 0.2344604 0.0614757
1.794262 1.404967 0.6185956 0.1273352 0.2309861 0.05861682
2.053662 0.9203636 0.7435884 0.1701424 0.2539222 0.06851476
1.978394 0.9011382 0.8224769 0.1645039 0.2603885 0.07996211
2.109316 0.7572784 0.8147035 0.1833673 0.2651055 0.07533849
1.918187 1.060636 0.7664864 0.1522289 0.2517477 0.07503989
2.359685 0.5495304 0.8039938 0.2219495 0.2787234 0.07024907
1.856982 1.287357 0.630862 0.1376948 0.2356126 0.05884828
1.917076 1.181138 0.6514676 0.1445807 0.2356378 0.05925075
2.217437 0.8527361 0.7531879 0.1875072 0.2571599 0.06855789
1.862064 1.341605 0.6643907 0.1360184 0.2384517 0.0650825
2.327798 0.5735595 0.8997391 0.2148457 0.2810129 0.08381141
2.242575 0.6826027 0.836596 0.2001717 0.2714158 0.07726528
1.833891 1.333278 0.6407237 0.1326215 0.2332296 0.06057518
2.339757 0.4749354 0.9139141 0.2239967 0.2891525 0.08376308
1.797754 1.255924 0.6934493 0.1337692 0.2401002 0.06739048
2.249106 0.6456847 0.814323 0.2031774 0.2714724 0.0731322
2.18623 0.9025348 0.7198981 0.1818464 0.2522688 0.06465519
2.140803 0.7358587 0.7732509 0.1895201 0.2662462 0.06965676
2.070503 0.8472759 0.7667255 0.1755828 0.2585816 0.07042886
1.932521 1.097287 0.6977395 0.1504009 0.2429915 0.064818
2.078948 0.9701336 0.7321202 0.1674465 0.2482308 0.06716008
2.18482 0.6895001 0.887421 0.1959368 0.2766733 0.0855609
1.88583 1.422985 0.6313241 0.133394 0.2324922 0.0609712
1.855067 1.246904 0.6818937 0.1387342 0.2396849 0.06552326
2.021991 0.9414559 0.7682493 0.1673166 0.2567009 0.0729997
1.92521 1.195417 0.7183742 0.146557 0.2448641 0.0704873
1.938376 1.146304 0.7320038 0.1473573 0.2429149 0.07059419
2.026885 0.9924267 0.7346412 0.1643563 0.2512756 0.06877486
2.03584 0.9360716 0.7943568 0.1674022 0.256785 0.0763317
1.635916 1.775841 0.5680224 0.1078203 0.2338691 0.05874313
2.093851 0.9496738 0.743432 0.171341 0.2522194 0.06894705
1.913714 1.139391 0.7185985 0.1478315 0.2456712 0.06931859
1.892033 0.9463651 0.8540782 0.155756 0.2624643 0.08644859
1.963361 1.175194 0.6702516 0.1489982 0.2387038 0.06219125
2.201927 0.7380656 0.880298 0.1913121 0.2692066 0.08442134
1.917839 1.040907 0.8143605 0.1516032 0.2534645 0.08147098
1.927826 1.021229 0.770575 0.1527115 0.2494839 0.07387809
2.235794 0.6611043 0.8039554 0.2023696 0.2720545 0.07249907
2.165501 0.8455705 0.7884067 0.1836354 0.2602837 0.07360771
2.213248 0.7453056 0.8612263 0.194321 0.2710275 0.0825968
1.66578 1.747978 0.5844329 0.1113969 0.2361909 0.06102766
2.150792 0.7167875 0.8696239 0.1889427 0.2706195 0.08259525
1.704075 1.444289 0.6355398 0.1206662 0.2346937 0.06247431
1.978872 0.9818088 0.7974731 0.1605483 0.2563684 0.07817113
2.097864 0.6694791 0.8666491 0.187291 0.2729214 0.08104943
1.944432 1.051198 0.7220283 0.1535837 0.2463586 0.06755844
1.975974 1.075796 0.7429231 0.1554019 0.2483797 0.07146258
1.813499 1.189786 0.7250257 0.1389595 0.2470514 0.07183424
2.014412 0.9142481 0.804232 0.1659859 0.2573944 0.07719439
1.924211 1.051688 0.7486167 0.1525185 0.2494415 0.07179594
1.819942 1.196139 0.7192161 0.139043 0.2459149 0.07088658
1.764221 1.436125 0.629171 0.1248499 0.2336253 0.06124763
2.251532 0.5834107 0.8963873 0.2079281 0.2816671 0.08400559
1.820289 1.250971 0.6759497 0.1344912 0.2366586 0.06416979
2.0234 0.8613942 0.7891192 0.1692576 0.2575435 0.0735498
1.964116 0.9639052 0.7419347 0.159286 0.250089 0.06860227
1.856846 1.325508 0.6704177 0.1363846 0.2392482 0.06571231
1.946971 1.176891 0.7077798 0.1488508 0.2441252 0.0684346
2.326205 0.5694624 0.8515956 0.2126636 0.2745335 0.07590186
1.828124 1.148534 0.7196356 0.1397832 0.243484 0.06913825
1.831256 1.383799 0.6691582 0.1318303 0.237105 0.06621597
2.176117 0.6194245 0.8293484 0.1998893 0.2765051 0.07533698
2.223766 0.6256004 0.8232327 0.2025466 0.2737332 0.07411665
1.825391 1.315272 0.6745834 0.1345674 0.2393116 0.06597697
1.972183 1.01108 0.6924134 0.1582256 0.2456642 0.06255779
2.021417 1.008963 0.7591904 0.1616852 0.2506979 0.07235357
1.878557 1.196642 0.6801352 0.1429954 0.2412479 0.06450394
1.952791 1.00481 0.748715 0.1566238 0.2500793 0.07066223
1.972834 0.9175497 0.7973659 0.1630941 0.2576955 0.07641709
2.102428 0.6646191 0.8708031 0.1889282 0.2748457 0.08190245
2.746221 0.2804416 0.8853517 0.2850816 0.3076018 0.07692743
2.073004 0.9086375 0.8006208 0.1724772 0.2591964 0.07694192
2.038469 0.8731096 0.7766681 0.1716856 0.2588842 0.07259619
1.789419 1.378419 0.6490719 0.1282001 0.2342133 0.06279149
2.067824 0.7940231 0.8324763 0.1765813 0.2634063 0.07853333
2.001152 1.065989 0.7544107 0.1586708 0.2506622 0.07324963
2.197147 0.6703941 0.8395796 0.1963747 0.2712853 0.07715649
1.662844 1.441484 0.6736744 0.1181932 0.2381997 0.0683571
2.124505 0.9876711 0.7311616 0.1711325 0.2487794 0.06758306
2.069335 0.9944674 0.7391462 0.166043 0.2490967 0.0689302
1.987722 0.9293313 0.7884569 0.1632319 0.2554862 0.07497969
2.524353 0.2054677 0.9758137 0.2654042 0.3155187 0.08677332
2.01533 0.8522709 0.7583065 0.169413 0.2557695 0.06885796
2.104966 0.6842381 0.842629 0.187887 0.2719661 0.07826197
2.279379 0.7187977 0.7711851 0.2005912 0.2639414 0.06840679
2.002704 0.9913577 0.7566638 0.1606404 0.2503722 0.07145232
2.220011 0.6546111 0.839726 0.1992729 0.2717946 0.07673248
2.075866 0.911912 0.8031017 0.1704969 0.2560891 0.07659499
1.816252 1.235268 0.6869042 0.135173 0.2383347 0.06561038
2.081076 0.9123478 0.7256234 0.172391 0.2521372 0.06561074
1.865857 1.385697 0.6210316 0.1339471 0.2332734 0.05910631
2.085996 0.8527909 0.7885511 0.1744411 0.2570937 0.07312034
2.180678 0.9018188 0.6987317 0.1798788 0.248338 0.0611884
2.036127 0.9711888 0.7180174 0.1648904 0.2488315 0.06554902
1.735001 1.477593 0.6068848 0.1214604 0.2302661 0.05816416
2.00831 1.07134 0.6402903 0.1593471 0.2408865 0.05644319
2.238305 0.763812 0.7379429 0.1940857 0.2591009 0.06456739
2.031022 0.9680114 0.742279 0.165137 0.2509396 0.06894996
1.957691 1.114317 0.676134 0.1524507 0.2425588 0.06239726
2.185928 0.8333063 0.7761483 0.1867368 0.2610716 0.0718665
2.42157 0.6310635 0.8239418 0.2197426 0.2727246 0.07411796
1.893631 1.011203 0.7693936 0.1504246 0.2497781 0.07353615
2.086856 0.8507989 0.8349253 0.1769962 0.2646193 0.08113997
2.06648 0.9408694 0.7626623 0.1695731 0.2540944 0.07163864
2.061426 0.8895904 0.7750381 0.1721386 0.2574995 0.07259304
1.801587 1.305261 0.6805931 0.1330048 0.2399657 0.06676546
2.199287 0.6223791 0.7872132 0.2012003 0.2721624 0.06915211
1.858016 1.115289 0.7638585 0.145028 0.2504298 0.07593836
1.919481 1.014395 0.7725299 0.1539652 0.252961 0.07488489
1.972906 0.9574952 0.7851007 0.160511 0.2542831 0.07511561
1.945543 1.178808 0.6786623 0.148371 0.2406624 0.0637749
2.439946 0.4902528 0.7871511 0.2344054 0.2818189 0.0669485
1.882183 1.04534 0.7771249 0.1499197 0.2530343 0.07642601
1.874484 1.237989 0.6711514 0.1392663 0.2370023 0.06334776
1.955295 1.033876 0.746815 0.1547702 0.2484679 0.07090457
2.073819 1.064213 0.709084 0.1620717 0.2432819 0.06552256
2.135331 0.8107145 0.791126 0.1826141 0.2612823 0.07312519
1.959481 1.164401 0.6450746 0.1498119 0.2375228 0.05846343
1.862049 1.132859 0.6984323 0.1442744 0.243766 0.06593848
2.084115 0.946631 0.8058413 0.1700719 0.2564426 0.07817241
1.969422 0.9401959 0.8337708 0.1593933 0.2558849 0.08157856
2.027784 0.9523105 0.7228416 0.1664056 0.2513464 0.0661576
2.135939 0.7289148 0.8390793 0.1862344 0.2666573 0.07796038
2.047425 0.6650194 0.8797833 0.1849617 0.2771131 0.08369935
1.970521 1.037002 0.71466 0.1578651 0.248623 0.06673538
1.872054 1.103598 0.7556913 0.1467673 0.2503458 0.07448066
2.120399 0.9217189 0.7722039 0.1744513 0.2551366 0.07266994
1.988137 0.9038706 0.8123945 0.1640353 0.2577589 0.07804113
1.963258 0.8818065 0.8137919 0.1640602 0.2600779 0.07807861
2.266907 0.7147138 0.8104105 0.2004241 0.2678418 0.07407982
1.946221 1.102157 0.7056449 0.151423 0.2441875 0.0662764
1.919123 1.001559 0.8334024 0.1546844 0.2583861 0.08432297
1.842168 1.268655 0.706992 0.1361263 0.2405063 0.06965495
2.171678 0.8898018 0.7438544 0.1803571 0.253342 0.06758127
2.088123 0.7851649 0.806451 0.1799177 0.2636971 0.07492864
1.977384 0.9099727 0.7677353 0.1640588 0.2556576 0.07172693
1.856116 1.15272 0.6561526 0.1412547 0.2368114 0.05947282
1.803118 1.234247 0.6977147 0.1351791 0.2414248 0.06781303
2.328747 0.7277225 0.747618 0.2049856 0.2622792 0.06536544
2.106127 0.7923939 0.8086237 0.1800881 0.26198 0.07501454
2.094729 0.7815993 0.7864884 0.180372 0.2613397 0.07160491
2.106689 0.8504332 0.7483108 0.1769443 0.255102 0.06745827
2.019704 1.209276 0.6771117 0.1526916 0.2398106 0.06405025
2.023607 1.062004 0.7221731 0.1583717 0.2444169 0.06737737
2.011984 0.9429285 0.7308127 0.1652055 0.2518865 0.06707644
2.203333 0.6196364 0.8498169 0.2018634 0.2773869 0.07822606
1.799299 1.261391 0.7166795 0.133489 0.2416056 0.07102256
1.78946 1.183663 0.7496695 0.1355518 0.2458274 0.07475675
1.933914 1.222554 0.6865571 0.1444493 0.2390451 0.06552481
1.962281 0.9699865 0.760728 0.1597353 0.2531773 0.07199689
1.800279 1.376565 0.675717 0.1306554 0.2401747 0.067824
1.937325 1.246648 0.6315075 0.1430166 0.2320236 0.05732132
1.712388 1.326465 0.7042509 0.1253174 0.241122 0.07077343
1.689083 1.661327 0.5847355 0.1134266 0.2311483 0.05860982
2.200288 0.8516173 0.7700118 0.1865097 0.2590763 0.07111965
1.873796 1.297879 0.6783647 0.1378347 0.2389095 0.06612511
1.94392 1.213744 0.7011175 0.1463024 0.2417709 0.06790065
2.133824 0.7085116 0.9111034 0.1886576 0.2749798 0.0890345
2.200047 0.634014 0.8789147 0.2014807 0.2798075 0.08311841
2.145247 0.8016881 0.8350335 0.1832318 0.2638588 0.0792052
2.026393 1.052115 0.6929922 0.1600239 0.2439807 0.06332226
1.702244 1.536543 0.6358123 0.1180927 0.2355935 0.0644837
1.952399 0.8789329 0.7678255 0.1618273 0.2542693 0.07055576
2.018254 0.8812766 0.7947591 0.1694599 0.2598277 0.07544656
2.048621 1.016712 0.7622448 0.1638658 0.2512691 0.07310925
1.843184 1.383623 0.6319497 0.1332301 0.2354774 0.06090313
2.195668 0.8276429 0.7545146 0.1861965 0.2569015 0.06795489
2.271313 0.4317893 0.9313537 0.2235157 0.2981202 0.08667101
2.032696 0.764771 0.8252947 0.1747256 0.2634108 0.07662373
2.096519 0.8927998 0.7876636 0.1767472 0.2609586 0.0751539
2.076269 1.099295 0.6537539 0.1621378 0.2397553 0.05854332
2.054383 0.9476648 0.7362576 0.1658972 0.2481279 0.06704165
1.972272 1.013198 0.7385679 0.1581719 0.2497612 0.06950557
1.874378 1.132975 0.7550357 0.1456201 0.2496058 0.07503428
1.872425 1.414889 0.6134611 0.1327161 0.2310361 0.05817436
2.032106 0.8250989 0.788548 0.1726135 0.2599592 0.07293722
2.053032 1.016417 0.7089842 0.1635006 0.2454799 0.06475656
1.91549 1.0747 0.7967332 0.1511541 0.2534239 0.08005319
1.942585 1.024776 0.7832929 0.1540192 0.250862 0.07602119
2.042135 1.027552 0.7650193 0.1632581 0.2519107 0.07394214
1.806298 1.295722 0.6430141 0.1334916 0.2369288 0.06094953
2.171362 0.7233042 0.8401575 0.1904114 0.2681259 0.07827718
2.149134 0.6760715 0.8670856 0.1927908 0.2746572 0.08179612
2.069164 0.7920205 0.8088033 0.1766546 0.2612986 0.07481246
1.821129 1.287607 0.6741949 0.1327489 0.2359474 0.064689
1.851986 1.144269 0.7189294 0.1421377 0.2443043 0.06914819
2.00541 1.007029 0.7857741 0.1606655 0.2530345 0.07643005
2.273057 0.4923946 0.9173441 0.2145775 0.2858503 0.08411757
1.999997 1.062597 0.7266353 0.1562153 0.2448361 0.06815243
1.882947 1.218591 0.6773848 0.1406345 0.2380086 0.06398812
2.013092 0.9696462 0.7617891 0.1638597 0.2535446 0.07226135
1.759298 1.408948 0.6458299 0.1251675 0.235227 0.06336263
1.994997 0.9506167 0.7793173 0.1613009 0.2518098 0.07353157
1.789222 1.490953 0.6371801 0.1260958 0.2372374 0.06426125
2.12083 0.9417014 0.7259272 0.1707991 0.2461259 0.06511626
2.172953 0.7235691 0.8063091 0.1927587 0.2690787 0.07416414
1.972459 1.053654 0.7457013 0.1561354 0.2493812 0.07152104
1.712639 1.431986 0.6994923 0.1230813 0.2435493 0.07327961
1.79136 1.333141 0.6584749 0.1303453 0.2362955 0.06359571
2.114389 0.7773066 0.8030064 0.1832495 0.2644297 0.07435651
2.168799 0.7554126 0.7967978 0.1876826 0.2626187 0.07244844
1.984911 1.04789 0.7574167 0.1574182 0.2500921 0.07302771
2.087033 0.9330399 0.7730152 0.1714676 0.2546584 0.07287048
1.726308 1.475675 0.6300075 0.120925 0.234065 0.06225909
2.189277 0.7431291 0.7683778 0.1908606 0.262077 0.0683735
2.069797 0.9666517 0.7646288 0.1689745 0.2541534 0.07265903
1.835775 1.148685 0.7826157 0.1426101 0.2522104 0.07991407
1.82827 1.400394 0.6255541 0.1299311 0.2316421 0.05958132
2.006815 1.093858 0.679149 0.1569117 0.2422667 0.06216546
1.924445 1.110488 0.779648 0.1498651 0.2506898 0.07802921
1.960786 0.9916339 0.8053427 0.1572131 0.2536826 0.07872405
2.22406 0.6857009 0.791262 0.1968585 0.2659563 0.07037039
2.156419 0.7481002 0.8055123 0.1880985 0.2652857 0.07396493
1.889106 1.170518 0.6819081 0.1436662 0.240306 0.06398659
2.005199 0.8839801 0.8210102 0.1678314 0.2614243 0.07951463
1.791701 1.460344 0.6611143 0.1278638 0.2401117 0.06759121
1.812332 1.257301 0.7286568 0.1338249 0.2415645 0.07261222
2.043932 1.016278 0.7642667 0.1632981 0.2508268 0.0731993
1.814136 1.233898 0.7228693 0.1359449 0.2434733 0.07172657
1.961896 1.084212 0.7152393 0.1533583 0.2450512 0.06725215
1.816213 1.312822 0.6637602 0.1339319 0.2392752 0.06459673
1.85129 1.277253 0.6927509 0.1379866 0.2426109 0.06853502
2.343493 0.5423517 0.8461388 0.2206642 0.282174 0.07607911
2.128954 0.7916496 0.844007 0.1819727 0.2641641 0.0801174
2.178293 0.6882046 0.9310904 0.1960926 0.2811262 0.09279103
1.909177 1.180022 0.6868748 0.1464581 0.2426409 0.06528165
1.95249 1.036983 0.7394154 0.1541225 0.2469431 0.06960143
2.001455 1.099749 0.7122258 0.1556923 0.2443751 0.06709737
1.754332 1.33685 0.6669807 0.1262418 0.2345984 0.06442344
2.074236 0.9457988 0.7307187 0.1689887 0.2497332 0.06662943
2.000768 0.9584581 0.8141198 0.1628543 0.2567717 0.0797149
2.227848 0.7001254 0.7758959 0.1988525 0.2671967 0.06908662
2.125261 0.7567393 0.8236172 0.185508 0.2672409 0.07707845
2.035741 1.009774 0.7644164 0.1616882 0.2493032 0.07272901
1.825011 1.344081 0.6380188 0.1329951 0.2353942 0.06090141
2.267532 0.6820719 0.771895 0.2030199 0.2674181 0.06814269
2.10594 0.8160369 0.7956398 0.1773931 0.2576974 0.07300869
2.046356 0.8779713 0.7435142 0.1696699 0.2519612 0.06684618
1.908711 1.18234 0.7108557 0.1440403 0.2413148 0.06829825
2.008561 1.001353 0.7589086 0.1616339 0.2518282 0.07236767
2.02619 0.894491 0.7515756 0.169016 0.2550802 0.0690576
2.237427 0.6773127 0.8142513 0.2000339 0.2696673 0.07374787
2.110518 0.9266595 0.7965072 0.1756159 0.2601703 0.07727638
2.26998 0.5717368 0.8893964 0.2087941 0.279286 0.08199254
2.102422 0.7907133 0.8319318 0.1818746 0.2668068 0.07920038
1.986574 0.9616739 0.7520288 0.1614566 0.2518682 0.07034418
2.231105 0.6520273 0.8628456 0.2017321 0.2756361 0.08060925
2.052799 0.8152339 0.8897222 0.1745203 0.2670674 0.08790416
2.218085 0.6663956 0.827165 0.2004801 0.2734785 0.07595038
1.971487 0.9997852 0.7379757 0.1584749 0.2498387 0.06911157
2.169968 0.8850059 0.7413115 0.182345 0.255935 0.06769181
2.059878 1.016728 0.7549023 0.1648906 0.2506044 0.07192268
2.399804 0.6322487 0.7374924 0.2186122 0.2673816 0.06245492
2.160829 0.7944689 0.8117615 0.1827456 0.2587304 0.07459088
1.914717 1.17601 0.6883269 0.1468735 0.2426749 0.06540642
2.024658 1.000524 0.7617336 0.1632672 0.2524337 0.07284573
2.04107 0.8777101 0.8250933 0.1703179 0.2605959 0.07963666
2.147249 0.6359425 0.8494755 0.1940836 0.2739413 0.07788542
2.097081 0.8956753 0.7785269 0.1722056 0.2532393 0.07216409
1.881281 1.085775 0.7359738 0.1464496 0.2460279 0.07029542
1.990349 0.9131291 0.7929694 0.1657203 0.2586163 0.07584642
2.064073 0.8476667 0.7426028 0.173898 0.2552169 0.06666754
1.973299 0.8229115 0.8587413 0.1671053 0.2644766 0.08333059
1.943117 1.134036 0.6674446 0.14938 0.2393266 0.06101938
1.920598 1.093219 0.7147727 0.1484796 0.242698 0.06687969
1.841488 1.281904 0.7229469 0.1355955 0.2418006 0.07249024
1.974403 0.9506925 0.7641056 0.1608453 0.2529799 0.0718843
2.046486 0.9252146 0.836604 0.1677029 0.2588527 0.08230925
1.873874 1.166016 0.7504404 0.1455163 0.2508291 0.07559943
2.093782 0.8690655 0.745036 0.1770943 0.2571071 0.06794469
1.946863 1.006959 0.7954788 0.1556313 0.2531295 0.07773244
2.066615 0.9599137 0.7688805 0.1682654 0.2536344 0.07293278
2.127694 0.7328892 0.8943309 0.1882171 0.2751881 0.08776637
1.845423 1.140482 0.7305464 0.1429263 0.246642 0.07106181
1.858744 1.052934 0.8099588 0.147429 0.2552264 0.08183792
2.382039 0.343586 0.9276637 0.2407683 0.3033432 0.08373931
2.594345 0.2195504 0.8990634 0.2773643 0.3167682 0.07814969
2.384481 0.4848669 0.8535841 0.2295429 0.2875073 0.07620162
2.086742 0.8962546 0.8012476 0.1727627 0.2574593 0.07622341
2.094854 0.7456824 0.8486769 0.1841547 0.2705163 0.08080461
2.122144 0.7567816 0.8743642 0.1842753 0.2692921 0.08430795
1.907558 1.218903 0.685287 0.1428634 0.2387637 0.0651146
2.112924 0.8668338 0.7615229 0.1767497 0.2557762 0.06976129
2.005989 0.8835099 0.8202474 0.1678005 0.2608869 0.07919306
2.258961 0.7526048 0.7810869 0.1972714 0.2638413 0.07064244
1.903537 1.142962 0.7338088 0.1460368 0.2456132 0.07147562
1.804129 1.344844 0.6490218 0.1301621 0.2338199 0.06199366
2.087897 0.7599691 0.7902368 0.1828775 0.2657994 0.07250006
1.935208 1.107775 0.7186854 0.1513579 0.2472445 0.06890134
2.29856 0.5852441 0.8838037 0.2122388 0.2807946 0.0822053
2.359266 0.4479633 0.8699132 0.2304639 0.2917746 0.07783028
2.251383 0.7114405 0.8406884 0.1990258 0.2698543 0.07835656
1.781816 1.269597 0.6607536 0.1316889 0.2365164 0.06256182
1.798192 1.163555 0.7181569 0.1356081 0.2403415 0.06850208
1.761974 1.23277 0.7398549 0.1326824 0.2461473 0.07473549
2.053738 0.9087721 0.7379488 0.1706256 0.2539431 0.06750392
2.000837 1.024639 0.7420058 0.159386 0.2493713 0.07025208
2.123209 0.9422303 0.7878696 0.1741188 0.2562924 0.07560841
2.380858 0.4704776 0.8450627 0.2291873 0.2860767 0.07424924
2.122616 0.7541533 0.8208402 0.1859749 0.2679647 0.07680256
2.084579 0.7587238 0.8317249 0.1811201 0.266263 0.07789232
2.016092 1.081493 0.680878 0.1585753 0.242979 0.06219672
2.083359 0.8063457 0.8340806 0.1776016 0.2636599 0.07923591
2.056636 0.9528924 0.7605385 0.1678307 0.2532127 0.07153151
1.922234 1.198248 0.6560952 0.1449317 0.2368629 0.06047048
1.8459 1.313355 0.6179807 0.1347363 0.2324476 0.05709492
1.955264 1.074852 0.7445204 0.1536975 0.2482314 0.07160162
1.882591 1.370276 0.6353475 0.1368582 0.2361429 0.06123798
2.048459 1.023431 0.7026241 0.1632265 0.2456432 0.06419887
1.845936 1.348069 0.680776 0.1356262 0.2418051 0.06825536
2.062007 0.9629252 0.7452568 0.1680595 0.252099 0.06953751
1.833665 1.29399 0.705643 0.1342974 0.2399064 0.06996343
1.692238 1.490079 0.6235601 0.1190579 0.2351935 0.06186987
1.94166 0.8973391 0.7872325 0.1613424 0.2573794 0.07438956
2.361513 0.4285964 0.8916762 0.2312207 0.2935635 0.08029242
2.257731 0.6000237 0.8703602 0.2084306 0.2801114 0.0807801
2.167225 0.8926501 0.7453923 0.18003 0.2539028 0.06802348
2.054068 0.758631 0.8360364 0.1790924 0.2679258 0.07895663
1.938133 1.17247 0.6543945 0.1462673 0.2356349 0.05943456
2.149932 0.7626865 0.8403225 0.1871961 0.2678223 0.07957989
2.189425 0.6461076 0.8957211 0.1996312 0.2802223 0.08592811
1.997395 1.107065 0.7008913 0.1561625 0.2446806 0.06580213
2.011724 0.890997 0.7941793 0.1662869 0.2563309 0.07486771
2.063793 0.99501 0.705767 0.1649156 0.2452101 0.06377043
1.888447 1.213448 0.6991014 0.142782 0.2421915 0.0676382
1.907351 1.032904 0.731329 0.1524256 0.2490118 0.0688719
1.712415 1.497016 0.6358265 0.1197782 0.2352534 0.06367779
1.884219 1.006115 0.7171468 0.1513042 0.2481093 0.06617824
1.95138 0.8612584 0.8557026 0.1644923 0.264511 0.08421766
2.172028 0.7414254 0.8424758 0.1895894 0.2676295 0.07905786
1.846824 1.092857 0.7795736 0.1451579 0.2518661 0.07777103
1.997982 1.106035 0.738163 0.1538456 0.2448261 0.07089066
2.050601 0.9902371 0.7696014 0.1652761 0.2523793 0.07357458
2.030766 0.9475509 0.736679 0.1658386 0.2507673 0.06764509
2.138669 0.7425835 0.7937482 0.1869775 0.2647121 0.07213587
1.978643 0.869303 0.8209843 0.1648699 0.2593216 0.07844817
1.837446 1.339875 0.6604195 0.1336919 0.2368924 0.06413804
1.874171 1.229259 0.6962343 0.1404841 0.240456 0.06718864
2.127619 0.900626 0.7729568 0.1762407 0.2554694 0.07212947
2.161291 0.7607395 0.7491947 0.1882665 0.2611417 0.06631147
2.067755 0.8901884 0.8280542 0.1721983 0.2609975 0.08058328
2.083504 0.7615193 0.8643394 0.1820345 0.2704888 0.08343409
1.988359 1.019558 0.8048381 0.1596471 0.2560896 0.08028523
2.077476 0.7864371 0.8052361 0.1793101 0.2639385 0.07482994
1.923511 1.139615 0.7334597 0.1489208 0.2474037 0.07172166
1.881531 1.267734 0.7056741 0.1374293 0.2375209 0.06873249
1.888712 1.108945 0.7514522 0.1457812 0.2460687 0.07294306
2.016809 1.05651 0.6401758 0.1605141 0.2411557 0.05618194
1.642234 1.544476 0.6149106 0.1141811 0.2350097 0.06165575
2.324001 0.4591308 0.8620622 0.2257456 0.2898747 0.07683056
1.860669 1.356155 0.6912547 0.1347874 0.2400536 0.06952216
1.894074 1.047381 0.827041 0.1494335 0.2545682 0.08382092
2.002862 1.057917 0.7727032 0.1588646 0.2520201 0.07587921
1.962184 0.9960606 0.7404764 0.1593187 0.2522541 0.06985979
2.019957 0.8940543 0.7671351 0.1674225 0.2551869 0.07116894
1.992976 0.9364095 0.7895253 0.1607182 0.2513691 0.07436438
2.268792 0.5874624 0.8799524 0.2090115 0.2797007 0.08145563
1.905491 1.096796 0.7509921 0.1470251 0.2448725 0.07218669
2.169128 0.8479278 0.7483366 0.1829247 0.2557784 0.06749783
1.897775 1.19107 0.7163781 0.1450583 0.245241 0.07016337
1.80975 1.303954 0.7107483 0.1323927 0.2403745 0.07097227
2.077264 1.042216 0.6976076 0.16531 0.2457053 0.0640244
1.968635 0.9204152 0.8386349 0.1613331 0.2587048 0.08236697
2.064023 0.8897294 0.8092934 0.1715149 0.2587136 0.07739622
1.806371 1.267506 0.6927546 0.1339658 0.2406802 0.06782643
1.995971 0.9424771 0.8055519 0.1642774 0.2586327 0.0785903
1.982706 1.141918 0.7400329 0.1533289 0.2476372 0.07271373
2.045753 0.9886343 0.7672927 0.1657382 0.2533939 0.073462
2.004476 0.8952756 0.7589396 0.166802 0.2554167 0.07015927
1.794646 1.416578 0.6408482 0.1288201 0.2365914 0.06303462
1.977902 1.167155 0.7606694 0.1512387 0.2474311 0.07610371
1.98416 0.9745965 0.7497513 0.1611687 0.2522346 0.0704999
2.005447 1.213224 0.6620029 0.1505932 0.2374367 0.06170777
1.903556 1.196086 0.6821248 0.1429816 0.2384256 0.06416505
1.937142 1.243736 0.6772198 0.14447 0.2393974 0.06490494
2.095894 0.7563061 0.820594 0.181249 0.2641738 0.07588189
2.046562 0.8934336 0.76954 0.1689144 0.2545445 0.07137985
2.066259 0.9703539 0.6982137 0.1661155 0.2448149 0.06211911
1.892659 1.206947 0.678079 0.1430076 0.2398697 0.06415967
2.264292 0.5915713 0.783867 0.2098611 0.2745366 0.06828406
2.064575 0.8203822 0.8707152 0.1762523 0.2674421 0.08567533
1.910825 1.113589 0.7543982 0.1473868 0.2466055 0.0736429
2.072349 0.8534716 0.7765648 0.1743893 0.2580502 0.07184713
2.338224 0.6933009 0.8176723 0.2074537 0.2685528 0.074484
1.989833 1.103624 0.7006647 0.1559388 0.2450278 0.06576147
1.827636 1.298793 0.6625147 0.1344193 0.2373368 0.06363435
1.888164 1.177109 0.6985079 0.1436675 0.241589 0.06652908
1.932958 0.8044727 0.8741925 0.1653208 0.2673343 0.08551686
1.934835 1.095694 0.6956153 0.1503741 0.2425936 0.0644427
2.074421 0.755488 0.7779042 0.1808557 0.2632859 0.07020212
2.105703 0.759875 0.8388152 0.1836628 0.2683145 0.07945771
2.17886 0.7007475 0.7856355 0.1941298 0.2674279 0.0703727
1.793958 1.197042 0.6476625 0.1342216 0.2343342 0.05886311
1.892894 1.129399 0.7018887 0.1461505 0.2429134 0.06610047
1.860774 0.9363036 0.8039543 0.1534593 0.2586629 0.07818052
2.017897 1.035216 0.7018524 0.1587103 0.2430452 0.0638505
2.450692 0.3861407 0.8759136 0.2405544 0.2913766 0.076114
2.058818 0.9016682 0.7783678 0.1708935 0.2565125 0.0731209
2.33109 0.4215784 0.8971504 0.2300229 0.2959522 0.08122285
1.818972 1.355861 0.6972935 0.131956 0.2406117 0.07043013
1.955569 0.9994013 0.7469844 0.1561073 0.248302 0.06983475
1.734551 1.494678 0.6345469 0.1206255 0.233557 0.06307307
1.870151 1.280285 0.6674452 0.1385824 0.2384827 0.064139
1.787453 1.301129 0.687502 0.1321469 0.2410176 0.06791862
1.974904 1.111077 0.7530844 0.1540066 0.2485892 0.07379495
2.315543 0.6012412 0.7772801 0.2142146 0.2738127 0.06761514
1.995291 1.065113 0.7435648 0.1565708 0.2472661 0.07098149
1.966055 0.9931337 0.7273655 0.1574881 0.2474139 0.06693453
2.249895 0.714249 0.8425675 0.1981853 0.2691558 0.0785308
2.235382 0.5457152 0.9019947 0.210278 0.2860698 0.08437512
1.789368 1.368217 0.6960481 0.1312441 0.2435925 0.07123134
1.94449 1.108905 0.7077171 0.1506365 0.2437242 0.06663254
1.863572 1.274023 0.6378237 0.1372416 0.2344291 0.05931755
2.135206 1.02783 0.669986 0.1707003 0.2441109 0.05988141
1.82585 1.095263 0.7682311 0.1426318 0.2496357 0.07571843
1.988138 1.066982 0.7061028 0.1577444 0.2473235 0.06615204
2.136025 0.7222861 0.8392609 0.1886353 0.2701044 0.07863722
1.970464 0.983394 0.7902361 0.1584987 0.2535021 0.07648936
1.945147 1.110452 0.7352898 0.1499307 0.2444072 0.07039965
2.121782 0.8168438 0.7701682 0.1815425 0.2600239 0.07031629
2.176608 0.8237512 0.7871453 0.1841125 0.25844 0.07232202
1.928497 1.172626 0.7228864 0.1466908 0.2436407 0.07020338
2.164408 0.7869312 0.7742233 0.1869314 0.2613629 0.07020089
2.008089 0.7793039 0.8379397 0.1738039 0.26677 0.07957627
1.789083 1.346094 0.6754709 0.1302291 0.2388332 0.06677584
2.110944 0.7660846 0.8299042 0.1848283 0.2689101 0.07861164
2.096883 0.9144944 0.741496 0.1738407 0.2536378 0.06800637
1.949507 1.099693 0.714227 0.1515711 0.2442713 0.06731255
1.854337 1.429341 0.6524619 0.1321336 0.2365928 0.06487021
2.065965 0.8693748 0.7991178 0.1731626 0.2591486 0.07549135
1.964254 1.059759 0.766506 0.1547671 0.2495099 0.07438853
1.968472 1.08648 0.685876 0.1548428 0.2436474 0.06310639
1.965841 0.8807949 0.780325 0.1630985 0.2558025 0.0726305
2.162078 0.6217359 0.8858965 0.1975056 0.2791844 0.08344437
2.116875 0.9043608 0.7570779 0.1747806 0.2535071 0.06972835
2.111913 0.8972276 0.7767244 0.1754611 0.2566343 0.07284415
1.886579 1.267199 0.685771 0.1409369 0.2413262 0.0669401
1.909208 1.240305 0.6963085 0.1435839 0.2421066 0.06786649
2.385444 0.4042925 0.8909757 0.2376436 0.2980712 0.08027483
2.055924 0.8086287 0.8310173 0.1766496 0.2658372 0.07947385
1.956964 1.240242 0.7105837 0.1469817 0.243794 0.07035098
2.060062 0.9094718 0.7017769 0.1701929 0.2490121 0.06185902
1.820231 1.214944 0.7026384 0.1367248 0.2414828 0.06806916
1.993591 1.017599 0.7357661 0.1591039 0.248175 0.06883321
2.158328 0.908904 0.7825499 0.1773188 0.2543472 0.07334554
1.8413 1.381751 0.6708751 0.1316925 0.2359838 0.06620278
2.263101 0.74386 0.7742427 0.1975253 0.2629807 0.06934649
1.884911 1.307284 0.6473246 0.1362179 0.2321199 0.06066745
2.012737 0.9971082 0.7739057 0.1639726 0.255745 0.07516483
2.154674 0.8813296 0.7423611 0.1787229 0.2523059 0.06690045
1.802769 1.410716 0.6306685 0.1282172 0.2328956 0.06072243
1.995685 1.06714 0.7259549 0.1576432 0.2471447 0.0686122
1.996158 1.050797 0.6462698 0.1577307 0.2398254 0.05657798
1.744333 1.418765 0.6570925 0.1243223 0.2364579 0.06526331
2.106731 0.8616916 0.7777689 0.1765286 0.256706 0.07182176
1.774232 1.35329 0.6515343 0.1277944 0.2345241 0.06271734
2.188222 0.8488031 0.7369457 0.1848216 0.2553369 0.06599233
1.896176 1.251494 0.6407995 0.1404318 0.2343048 0.05912872
1.718978 1.249712 0.8046918 0.1290541 0.2513853 0.0858693
2.264386 0.5989028 0.8405165 0.2078998 0.2764209 0.07604341
1.945614 1.041919 0.7161429 0.1536608 0.2451897 0.06625793
2.274554 0.7930996 0.7497232 0.1949489 0.2578767 0.06656987
2.04644 1.017431 0.7078445 0.1628476 0.2450408 0.06452018
1.813407 1.234245 0.7336226 0.1367218 0.2454376 0.07362707
2.059686 1.077745 0.7445247 0.1613082 0.2478108 0.07163757
2.131142 0.7101026 0.815463 0.1871003 0.2659633 0.07411436
2.173751 0.692489 0.7685642 0.1932799 0.2652175 0.06751254
2.148126 0.8010931 0.7957895 0.1842493 0.2621171 0.07363406
1.946425 1.077003 0.7184046 0.1533451 0.2464641 0.06773606
1.880513 1.157188 0.7713738 0.1457128 0.2518388 0.07861572
2.155105 0.8414067 0.8525726 0.1832743 0.2657368 0.0834037
1.87755 1.142089 0.763814 0.1453917 0.2504021 0.07678451
1.97856 0.9961387 0.7677261 0.1584074 0.2510628 0.07322325
1.905621 1.191672 0.6845373 0.1454823 0.2417849 0.06504325
2.036414 0.9085889 0.7399112 0.1673769 0.2514186 0.06721052
1.844462 1.183436 0.7343143 0.1405775 0.2455759 0.07248197
1.755524 1.338462 0.6501791 0.1276407 0.2359557 0.06256605
1.915282 1.236138 0.6808641 0.1429849 0.2387081 0.06493668
1.940133 1.000883 0.7354231 0.1542272 0.2466792 0.06805472
1.902864 1.211225 0.709167 0.1433237 0.2422033 0.06897375
2.29418 0.7190863 0.760369 0.2029678 0.26441 0.06714716
1.655691 1.374414 0.667641 0.1188072 0.2367106 0.06588069
2.013416 1.100725 0.6507768 0.1567344 0.23941 0.058195
1.970437 1.090111 0.7111438 0.1535908 0.2437735 0.06649027
2.198579 0.6999933 0.7860926 0.1959614 0.2676766 0.07048409
2.074738 0.8960891 0.8365318 0.1723381 0.2611729 0.0819692
2.223238 0.5637729 0.8681736 0.2078563 0.2825618 0.07980069
2.061103 0.8891866 0.8279137 0.1723561 0.2617228 0.08064231
1.859872 1.209326 0.6730085 0.1403328 0.2393809 0.06347185
1.876739 1.28762 0.6579547 0.1386559 0.2365028 0.06248457
1.803117 1.360098 0.6652643 0.1280858 0.2322321 0.06407226
2.233059 0.7403613 0.7645529 0.1968451 0.2644992 0.06830729
1.857971 1.241005 0.6782352 0.1401844 0.2419958 0.06553405
1.927351 1.121218 0.7024913 0.1494332 0.2433197 0.06603572
1.978183 0.9738663 0.7377697 0.159998 0.2502062 0.06846678
1.841291 1.201112 0.6919881 0.1393649 0.241498 0.06628944
2.003673 1.087403 0.7202264 0.1568641 0.2459441 0.06818407
1.755402 1.369869 0.6858585 0.1272005 0.2402025 0.06907228
2.200507 0.6419191 0.8217459 0.1998837 0.2734705 0.07442122
1.811961 1.192476 0.7450017 0.1382253 0.2473321 0.07465295
1.722468 1.449548 0.6483445 0.121612 0.2353079 0.06442808
1.749474 1.558242 0.5980394 0.1209995 0.2322299 0.05888749
1.831263 1.324964 0.6654944 0.1337157 0.2372933 0.06458257
2.140528 0.7534056 0.7435111 0.1889175 0.2633302 0.06575996
1.841767 1.35941 0.6762784 0.1326218 0.2368453 0.06667017
1.81237 1.209088 0.6968373 0.1369089 0.2416672 0.06712684
1.966094 1.132714 0.7371386 0.1524892 0.2477047 0.07210382
1.951237 1.113863 0.6942347 0.1511251 0.2423814 0.06464397
1.990832 1.061378 0.7704601 0.1569647 0.2507989 0.07543154
2.035942 0.8681015 0.7762296 0.1682571 0.253571 0.07113226
1.960744 1.14846 0.6696026 0.1498769 0.2390795 0.0615925
2.173925 0.8095756 0.8018 0.1870981 0.2637067 0.07503762
2.076709 0.9759881 0.7331564 0.1690792 0.2513962 0.0681551
2.016405 1.00018 0.7573705 0.1629273 0.252386 0.07220953
1.83422 1.266163 0.6552113 0.1342441 0.2334493 0.06110054
2.166253 0.6456198 0.8815084 0.1950275 0.2755402 0.08282165
2.180577 0.7206609 0.8259341 0.1937422 0.2706413 0.07694004
1.952739 1.113326 0.7209588 0.1520423 0.2455977 0.06876123
1.982007 0.9611142 0.7600028 0.1628081 0.2550628 0.07209239
2.000812 1.008462 0.7502229 0.1607674 0.2510727 0.07123491
2.102318 1.04916 0.6756628 0.164945 0.2408569 0.06042545
2.25176 0.5911255 0.8724918 0.2083343 0.2807487 0.08091877
2.07354 0.6831644 0.7949413 0.1850988 0.268125 0.07116275
1.936682 1.071283 0.7229492 0.1535202 0.2484248 0.06868562
2.121038 0.9932744 0.7464462 0.1693133 0.2479759 0.06952997
2.204258 0.8353786 0.7676549 0.1867055 0.2579695 0.07008681
2.166795 0.8463923 0.7098576 0.1817476 0.251031 0.06166516
2.355122 0.6216095 0.7772334 0.2159459 0.2720491 0.06788119
1.930418 0.9986675 0.7724353 0.1562843 0.254302 0.07469517
1.927018 1.133363 0.7485553 0.1492961 0.2483258 0.07380588
1.973172 1.120947 0.6969993 0.1511736 0.2402235 0.06468691
1.946604 1.072793 0.7128288 0.1540754 0.2467919 0.06694125
1.88874 1.205422 0.6841668 0.1422623 0.2390788 0.06469329
2.339683 0.4860455 0.8077212 0.2252333 0.284008 0.06977205
2.122328 0.7945605 0.8234015 0.1818259 0.2635563 0.077371
2.029467 1.115388 0.6826589 0.1574838 0.2417162 0.06299602
1.879182 1.199171 0.7054434 0.1424937 0.2425174 0.0681962
2.001573 0.9285043 0.7207044 0.1634363 0.2487311 0.06468503
2.04852 0.9181673 0.8075708 0.1683081 0.2572458 0.0777624
1.780826 1.289859 0.7489225 0.1322654 0.2470907 0.07780944
2.136353 0.8408636 0.8116675 0.18153 0.2625352 0.0770838
1.871999 1.227667 0.6621869 0.1413057 0.2396812 0.06254924
1.986436 1.138636 0.7104505 0.1517157 0.2418578 0.06728394
2.120464 0.7854052 0.8112717 0.1833587 0.2646413 0.07571971
2.020903 1.107845 0.6881043 0.1572753 0.2431012 0.0639004
2.007203 1.14314 0.7164181 0.1528062 0.2413633 0.06799495
1.84986 1.067876 0.8146659 0.1469362 0.256442 0.08324048
1.992239 1.002686 0.7134782 0.158142 0.2448335 0.06491217
1.832625 1.389244 0.6325054 0.1315366 0.2336011 0.06065011
1.879945 0.9276075 0.8057411 0.1553354 0.2588867 0.07819085
1.844625 1.149714 0.7455031 0.1423812 0.2475083 0.0735606
1.861257 1.197583 0.6847079 0.1406197 0.2396325 0.06472746
2.023562 0.9197492 0.7516082 0.1679963 0.2552284 0.06984944
1.860743 1.332539 0.6909065 0.1362058 0.2406718 0.06900971
2.011607 1.097956 0.7623378 0.1584042 0.2518413 0.07563876
1.978378 0.8480468 0.7416607 0.1667372 0.2551292 0.06653058
1.69899 1.558934 0.5925042 0.1177545 0.2326907 0.05830579
1.755861 1.277606 0.7084574 0.1306773 0.2429284 0.070668
2.005675 0.7447949 0.8784551 0.1767757 0.2736176 0.0856506
2.178786 0.679733 0.8246217 0.1946024 0.27044 0.07536366
1.88205 1.126021 0.7384176 0.1460921 0.2474116 0.07198501
2.104666 0.7661925 0.8722165 0.1816083 0.2680566 0.08409312
2.367766 0.5535231 0.8039215 0.2227802 0.2790659 0.07046183
1.916777 1.038726 0.7467144 0.1512135 0.2474734 0.07073037
1.784498 1.415809 0.6259187 0.1273948 0.2330714 0.06015073
1.769749 1.349948 0.7154562 0.1291209 0.2433227 0.07354454
1.89531 1.010116 0.7704249 0.1523627 0.2530141 0.07446496
2.114419 0.7628267 0.8167345 0.1830977 0.2649265 0.07585166
1.902416 1.227506 0.660794 0.1425928 0.2374435 0.06184154
2.127289 0.9473442 0.7619857 0.1727476 0.2514791 0.07109691
1.845366 1.248039 0.7230292 0.1384256 0.2448222 0.072483
2.413802 0.2600955 0.9191116 0.2517969 0.3105228 0.08083266
1.931046 1.077386 0.7740293 0.1519548 0.2515472 0.07659742
1.969225 0.8933937 0.8192921 0.1621103 0.2574361 0.07859431
2.053266 1.072065 0.6593243 0.1611415 0.2409969 0.05897871
1.80014 1.202961 0.7030428 0.1372598 0.2443708 0.06847982
2.011766 0.8263044 0.8063985 0.1707496 0.2613871 0.07567864
2.114194 0.7590595 0.7777093 0.1850234 0.2644799 0.07055824
1.966649 1.164959 0.670533 0.1509013 0.2407285 0.06240851
1.907162 1.167657 0.6936467 0.1458415 0.2419789 0.06576033
2.065974 0.793326 0.8371806 0.1766989 0.2639339 0.07920127
2.118648 0.9415961 0.7542844 0.1731961 0.2525112 0.07020722
1.85194 1.350377 0.6466287 0.1335738 0.2345689 0.06205573
1.902018 1.184599 0.6976839 0.143647 0.240504 0.06638446
1.854594 1.242311 0.6473856 0.1375473 0.2350326 0.05997405
1.88987 1.185004 0.6786519 0.144187 0.2410249 0.06397838
2.005492 0.913233 0.8565649 0.1650272 0.2607176 0.08512081
2.502072 0.379218 0.8515286 0.2489926 0.2939784 0.07348182
1.794162 1.307331 0.7076095 0.132455 0.2428725 0.07129006
1.96228 0.9640636 0.7463817 0.1584714 0.2496402 0.06912322
1.888379 1.1898 0.691117 0.1428456 0.2400995 0.06550091
1.85592 1.253584 0.6578711 0.1387226 0.2377059 0.06204363
1.944618 1.070873 0.7385669 0.1535121 0.2484359 0.07072018
2.054838 0.9948532 0.6988955 0.166549 0.2479484 0.06344375
2.129057 0.8348003 0.7681159 0.1803606 0.258147 0.07019064
1.945221 1.001385 0.7987482 0.1559591 0.2544302 0.07846259
1.796411 1.296291 0.6603148 0.1319798 0.2362758 0.06299462
1.719886 1.166941 0.7315214 0.1321753 0.2467539 0.07200809
1.922311 1.084355 0.748476 0.1501192 0.2474106 0.07218739
1.769655 1.432228 0.6724849 0.1238526 0.2342945 0.0671291
2.076368 0.8830743 0.7834032 0.1738062 0.2583266 0.07367064
1.837261 1.369262 0.6513828 0.1315767 0.2344738 0.06306689
1.94914 0.9757876 0.8100843 0.1594774 0.2587283 0.08022128
1.896453 1.181903 0.6791252 0.1434799 0.2388771 0.06350833
1.916013 1.158978 0.6988802 0.1455161 0.2405701 0.06597155
1.808672 1.206438 0.6818774 0.1370394 0.241149 0.06498981
2.068993 0.9221077 0.742018 0.1691495 0.2509152 0.06776444
1.899935 1.142452 0.6632758 0.1456748 0.2387931 0.06057147
1.835535 1.253546 0.7141683 0.1375257 0.2438621 0.07111859
1.996245 0.8535006 0.8585717 0.1674505 0.2633784 0.08411338
1.757738 1.374186 0.7034461 0.1278277 0.2419894 0.07192491
2.148193 0.7049495 0.8322653 0.1918263 0.2718991 0.07754576
1.758977 1.246249 0.7057763 0.1308665 0.2410134 0.06910062
2.025571 0.9174833 0.7593792 0.1654593 0.2513216 0.0698616
1.778915 1.315779 0.6457648 0.1295193 0.234045 0.06102711
2.253356 0.5521902 0.8793203 0.2115647 0.2840913 0.08115799
2.39747 0.5474527 0.8353185 0.2253658 0.2811492 0.07467653
2.355062 0.5379901 0.8638891 0.2223942 0.2842852 0.07869232
2.036983 0.9782697 0.7389864 0.1673382 0.2545058 0.06971822
1.994159 1.069077 0.6758408 0.1562865 0.2417826 0.06112387
1.930699 1.070788 0.7623676 0.1526642 0.2515567 0.07481613
2.170274 0.5901946 0.8729279 0.2013833 0.2817588 0.08121913
1.685586 1.569371 0.598322 0.115985 0.2320667 0.05912221
1.779905 1.275211 0.6465457 0.1317653 0.236085 0.06075258
2.268906 0.682768 0.8357568 0.2029552 0.2718328 0.07723421
2.088269 0.7442359 0.8129863 0.1829639 0.2667013 0.07510311
1.743731 1.335267 0.6743394 0.1265707 0.2375176 0.06607695
2.092254 0.8883352 0.7902857 0.1712769 0.2528666 0.07335548
2.417838 0.367031 0.9666349 0.2410646 0.3021494 0.08940874
2.074879 0.9270474 0.7827841 0.1712273 0.2564632 0.07444796
2.122404 0.7513776 0.7981406 0.1861931 0.2663412 0.0733464
1.99426 0.9525967 0.7564615 0.1627407 0.2526918 0.07083429
2.184972 0.8831795 0.7317989 0.1817323 0.2523015 0.06562382
1.976966 1.074111 0.7753111 0.1528633 0.2465687 0.07531511
2.019533 0.9692615 0.7823481 0.1635704 0.2533949 0.07487321
1.997639 0.8837058 0.7724311 0.1668201 0.2570664 0.07198072
1.852212 1.214284 0.6752897 0.1395234 0.2396218 0.06397198
2.181215 0.6015577 0.8883455 0.2015661 0.2819424 0.08369545
2.098981 0.9522592 0.7287311 0.170988 0.2498008 0.06655761
1.933502 1.073611 0.7283461 0.1501427 0.244098 0.06850321
2.013763 0.9087128 0.7625746 0.1649692 0.2521023 0.07022727
1.950014 1.076897 0.7244227 0.152215 0.2448598 0.06818832
2.234742 0.7056549 0.838573 0.1983468 0.2707574 0.07813241
2.067381 0.7346126 0.8630071 0.183296 0.2735641 0.08311821
1.849354 1.178019 0.68236 0.1390243 0.2368828 0.06331838
1.906878 1.150697 0.6867817 0.1468412 0.2421831 0.06449312
2.092494 1.050787 0.7196873 0.1660832 0.247389 0.06746919
1.970355 1.155604 0.6599782 0.1521425 0.240607 0.06077575
2.277021 0.4775099 0.8703181 0.2189956 0.2881814 0.07819021
1.785709 1.390933 0.6283151 0.1283799 0.234464 0.06040572
2.218763 0.7635649 0.7998263 0.1933414 0.265224 0.07372018
1.832121 1.197915 0.7461704 0.1391391 0.2468316 0.07487969
1.652766 1.656911 0.5762351 0.1111331 0.230617 0.05730886
1.989446 0.9563299 0.7270809 0.1598196 0.2464194 0.06573962
1.945624 1.136982 0.7046684 0.1501514 0.2437603 0.06689928
2.071658 0.8544841 0.8752719 0.1766178 0.2690899 0.08802024
1.98136 1.126144 0.7222409 0.1540266 0.2461457 0.06946315
1.99509 1.025827 0.7073741 0.1577855 0.2440476 0.06448193
1.965198 0.9725575 0.8069723 0.1604783 0.2579755 0.07953888
2.153593 0.915302 0.7479159 0.1764358 0.2516005 0.06846958
2.036595 0.8720046 0.8959408 0.1710201 0.2671027 0.09097591
1.758957 1.458392 0.6452605 0.1247214 0.2366241 0.06448641
2.111026 0.890624 0.7720234 0.175471 0.256037 0.07187932
1.822932 1.317137 0.6977652 0.1340855 0.2412656 0.06969819
1.936614 1.051743 0.7201007 0.1514463 0.2429117 0.06641444
2.205554 0.7399282 0.7688266 0.1932693 0.2633336 0.0686011
2.49513 0.2895172 0.9617243 0.2557705 0.3086392 0.08706402
1.871843 1.312769 0.6375007 0.1374264 0.2345016 0.05989701
1.903028 1.111653 0.7432947 0.1482847 0.2483967 0.07256203
2.282581 0.5398746 0.8585741 0.2162211 0.2847736 0.0781717
1.993995 0.8470591 0.8722222 0.1668786 0.2632658 0.08567678
2.045724 0.8661601 0.7935553 0.1717666 0.2594724 0.07481787
1.747654 1.321924 0.6363033 0.1266571 0.2330907 0.05979647
1.980822 1.195985 0.6425739 0.1498792 0.2362298 0.05854004
1.945759 0.8110777 0.8726675 0.1675221 0.2695285 0.08618316
1.92081 1.211573 0.7004448 0.1467979 0.2446885 0.06833012
1.9443 1.090076 0.7286172 0.1520294 0.2465393 0.0695119
2.333191 0.6222565 0.8109861 0.2124638 0.2723476 0.07210136
1.787012 1.387717 0.6493992 0.1272325 0.2329943 0.06270452
1.992005 0.9827998 0.8295343 0.1610798 0.2575656 0.08285134
2.014885 0.8906105 0.7838637 0.1685206 0.2582806 0.0739091
2.242325 0.7891741 0.8165546 0.1926691 0.2638187 0.07640109
1.94789 1.072436 0.7486954 0.1521985 0.2467019 0.07168727
1.916995 1.14207 0.6765098 0.1472493 0.2402896 0.06256359
2.202272 0.6483806 0.8595518 0.1996342 0.2762249 0.08023789
2.0233 1.032405 0.7330379 0.1623451 0.2501474 0.06934253
1.81539 1.375068 0.6307622 0.1327587 0.2376002 0.06099467
2.388934 0.5312187 0.8423276 0.2270452 0.2841569 0.07562637
1.915473 1.111116 0.7658365 0.1487949 0.2495036 0.0759203
1.891433 1.228301 0.6715393 0.1391953 0.2337845 0.06241848
1.914682 1.273843 0.6445522 0.1412882 0.2348154 0.06015666
1.995704 1.031738 0.7802729 0.1594957 0.2530292 0.07636752
1.903152 1.11612 0.7442628 0.1468778 0.2459692 0.07217235
1.838469 1.265787 0.6663486 0.1366893 0.2382424 0.063597
2.048798 0.9552689 0.738213 0.1668685 0.250673 0.06804647
2.204152 0.6502935 0.8031532 0.1987852 0.2702996 0.07161535
2.110616 0.9373205 0.7519739 0.1744788 0.2546817 0.07022546
2.222723 0.6134755 0.8931994 0.2039207 0.280625 0.08445603
2.192144 0.7326409 0.865962 0.1928287 0.2713053 0.0828393
2.164438 0.8039657 0.7740902 0.1862859 0.2611637 0.07065518
1.961284 1.113379 0.6985881 0.1514344 0.2421294 0.06516014
2.074935 0.7469225 0.8369285 0.1807951 0.2672353 0.07847555
1.958865 1.178654 0.6629504 0.148981 0.2384444 0.0612339
2.126339 0.839883 0.7477933 0.1781324 0.2537363 0.06679812
1.883503 1.202687 0.7542804 0.1427625 0.2470309 0.07614338
2.231312 0.6284928 0.8838646 0.204846 0.2806302 0.0837608
1.955263 1.106004 0.7030707 0.1512093 0.2424275 0.06561238
1.940728 1.102355 0.6987925 0.1521776 0.2455773 0.06569997
2.125662 0.8289177 0.8526568 0.180937 0.2657308 0.08304992
1.839747 1.066062 0.7762957 0.146252 0.253367 0.07697026
2.001587 0.9213556 0.8229549 0.1653343 0.2598136 0.08057457
1.947794 1.127373 0.7424283 0.1508413 0.2474526 0.07261691
1.947497 1.078142 0.7625781 0.1524266 0.2487914 0.07426274
1.954882 1.01357 0.8396421 0.155151 0.2546117 0.08435547
2.102688 0.8707766 0.7543578 0.1765912 0.2561611 0.06899278
1.69252 1.399859 0.667214 0.1215971 0.238193 0.06666167
1.957251 1.101193 0.6855609 0.151822 0.2412719 0.06295882
1.887448 1.037514 0.7768552 0.1498314 0.2517917 0.07585349
2.01586 1.038518 0.7334573 0.1593643 0.2469097 0.06884984
1.950244 1.106458 0.7231824 0.1515222 0.2451303 0.06885259
2.010532 0.9404107 0.8059901 0.165065 0.2579276 0.07841018
2.059066 1.079392 0.671061 0.1613852 0.241623 0.06068764
1.999742 0.9975675 0.7686454 0.158976 0.2491642 0.07288547
1.830634 1.355034 0.6440453 0.1325077 0.2346997 0.06173161
2.220232 0.7355664 0.7798089 0.1944657 0.2636395 0.06987181
2.064544 0.8736883 0.7193332 0.173224 0.2531407 0.06399143
1.932042 1.03766 0.7598715 0.1537836 0.2507879 0.07325579
1.743026 1.411412 0.6460917 0.123108 0.2323313 0.06261628
2.168934 0.729464 0.8065645 0.1910839 0.2674067 0.07401131
1.957241 1.003049 0.7857102 0.1570985 0.2532839 0.07635397
1.778802 1.186356 0.7126554 0.1359246 0.2446003 0.06937987
2.264034 0.8292185 0.7270441 0.1916194 0.2545176 0.06410627
1.868874 1.116757 0.7512568 0.1451893 0.2482896 0.07371261
1.95685 0.9433797 0.8207414 0.1603887 0.2585424 0.08062258
2.112966 0.9027459 0.7550786 0.1756543 0.2551145 0.06978709
2.025168 1.006887 0.7406032 0.1618904 0.2486974 0.06933636
2.03869 0.895542 0.7207971 0.1701252 0.253103 0.06478984
1.885574 1.118916 0.7272968 0.1471463 0.2475331 0.0703402
2.095561 0.8184728 0.7674294 0.179875 0.2608596 0.0702162
2.217909 0.6592368 0.8686939 0.198491 0.2733064 0.08104611
2.024636 1.022955 0.7734735 0.1620896 0.2529016 0.07523214
1.981629 1.055443 0.7179262 0.1529423 0.2399974 0.0656219
2.18887 0.883809 0.7566533 0.1836963 0.2569339 0.06987144
2.649087 0.1710941 0.9188039 0.288487 0.3232638 0.07998672
2.240312 0.7353471 0.8121262 0.1977945 0.2686796 0.07521479
1.719778 1.366982 0.65795 0.124818 0.2377082 0.06457008
1.799643 1.219161 0.6435525 0.1352379 0.2358522 0.05907221
2.129116 0.7787613 0.8140744 0.1856947 0.2668846 0.07639866
1.91474 1.110123 0.7364368 0.1498674 0.2482371 0.07145392
2.110196 0.8349925 0.7072105 0.1794002 0.2537823 0.06158493
1.841934 1.152849 0.7283492 0.1401219 0.2430393 0.07027542
2.008975 1.067004 0.7699115 0.1595342 0.2528496 0.07602757
2.164796 0.7883606 0.7881813 0.1867991 0.2627861 0.07243984
1.796998 1.410509 0.6707746 0.1301681 0.2411063 0.06806732
1.959629 0.947158 0.8811729 0.1610675 0.2643736 0.09094321
2.034551 1.116249 0.720854 0.1568135 0.2436541 0.06848062
2.047267 1.069805 0.7436175 0.1605786 0.2474526 0.07117414
1.98937 0.9697475 0.7359706 0.163235 0.2530381 0.06867192
2.313534 0.6055455 0.7837637 0.2138725 0.2741374 0.06859222
2.035001 1.086582 0.7515618 0.1604662 0.2504491 0.07345624
2.287861 0.6954347 0.8590417 0.2035209 0.2722937 0.08080224
1.973956 1.042458 0.7475413 0.1571518 0.2502375 0.07162514
2.011951 0.9629312 0.7767963 0.1653209 0.2569044 0.07489127
2.197317 0.8219586 0.8384742 0.1887848 0.2669721 0.08121177
2.344612 0.3893782 0.9184981 0.2335022 0.2992452 0.08343362
2.080873 0.8370229 0.8127697 0.1756428 0.2604761 0.07656129
1.919107 1.01427 0.7608491 0.1544637 0.2526954 0.07320724
1.708645 1.245462 0.7129913 0.1285118 0.2443524 0.07089308
2.307695 0.5243245 0.8645693 0.2193623 0.2856045 0.07854793
2.123187 0.9450723 0.7210224 0.1737882 0.2502716 0.06550908
2.330698 0.5949475 0.8278165 0.2131125 0.273917 0.07368307
1.914089 1.107064 0.7131143 0.1487384 0.2443579 0.06735589
1.768749 1.456952 0.62665 0.1247647 0.2347438 0.06165764
2.028932 1.052858 0.7337184 0.160486 0.2478563 0.0694933
1.708289 1.454377 0.6895952 0.1219234 0.2423736 0.07206648
2.105404 0.6315465 0.9247173 0.1906527 0.2795311 0.08906058
1.9138 1.112579 0.7991847 0.1483574 0.2515499 0.08111947
1.894119 1.301992 0.648942 0.1382995 0.2339902 0.06111075
2.043792 1.071742 0.7137907 0.1610105 0.245573 0.06676164
2.301371 0.5813928 0.8304682 0.2116317 0.2753883 0.07390517
1.986559 0.8210121 0.7853963 0.1701552 0.2620583 0.07293536
2.035253 1.046835 0.6772028 0.1623771 0.2449056 0.0613711
2.516995 0.3428889 0.868315 0.2557864 0.3008769 0.07569764
1.694025 1.497221 0.6147718 0.1188996 0.2342018 0.06059837
1.784594 1.362203 0.6539313 0.1275793 0.2333201 0.06292319
2.26912 0.6471903 0.8280921 0.207237 0.2755574 0.07585211
2.026169 0.882439 0.8344719 0.1687904 0.2608571 0.08110413
2.054148 0.9450256 0.7275543 0.1701385 0.2535984 0.06703184
1.942682 1.201335 0.6628977 0.1466777 0.2379644 0.06163619
2.135832 0.8010402 0.8182033 0.1821736 0.2624187 0.07665807
1.985565 0.948417 0.7989514 0.1613938 0.2548769 0.07688289
2.258519 0.5707312 0.8471459 0.210046 0.2795588 0.07660305
1.905303 1.050602 0.765748 0.1508794 0.2505722 0.07434055
1.875215 1.264835 0.6327664 0.1393003 0.2342656 0.05826414
1.983703 0.8847431 0.8479869 0.1658399 0.2628596 0.08351845
1.922166 1.152591 0.7644859 0.1488138 0.2506083 0.07715653
2.273336 0.5687046 0.8584458 0.2115928 0.2804739 0.07817126
1.718083 1.397282 0.7009736 0.1215294 0.2386705 0.0715596
1.831269 1.405376 0.5860122 0.1310356 0.22928 0.05399646
2.110064 0.70759 0.827509 0.1878336 0.2708245 0.07676084
2.164194 0.7679933 0.8345862 0.1880567 0.26742 0.07897087
1.928227 0.9281515 0.8259036 0.1578265 0.2578222 0.08065225
1.968857 1.11308 0.7072341 0.1529649 0.2447015 0.06690565
2.039206 0.973929 0.8071804 0.1656656 0.2566652 0.07924975
2.06476 1.030532 0.7438905 0.1649427 0.2501036 0.07076478
2.033726 0.9792741 0.7127233 0.1645854 0.2479502 0.06480645
2.066179 1.013806 0.7190362 0.1655444 0.2477869 0.06650044
1.962183 1.049257 0.7221996 0.1558937 0.247979 0.06792621
2.133456 0.8619886 0.7927619 0.179923 0.2599701 0.07462017
2.33016 0.555745 0.8602936 0.218352 0.2823149 0.07841835
2.098375 1.076429 0.6896871 0.1650437 0.2434727 0.0633202
2.001303 1.061436 0.704338 0.158214 0.2457521 0.0654218
2.120911 0.8112486 0.8032668 0.1813304 0.2622904 0.0749766
1.870297 1.411673 0.6317521 0.1336477 0.2339773 0.06108738
1.930495 1.103961 0.7104886 0.1511182 0.245658 0.06721104
2.429817 0.4802887 0.804368 0.2355521 0.285474 0.06942405
1.806832 1.250325 0.6738899 0.1358193 0.2406821 0.06479428
2.122077 0.8666284 0.8249642 0.1794148 0.2636657 0.08005616
1.82915 1.246607 0.7255019 0.138102 0.2458483 0.07292878
1.76308 1.262324 0.7024639 0.1311358 0.2417268 0.06924182
2.17284 0.5693586 0.8790637 0.2030386 0.2833267 0.08158901
2.076054 0.9519099 0.696644 0.1701175 0.2483523 0.06214826
2.122337 0.8746014 0.8071196 0.1793249 0.2619422 0.07735916
2.056976 0.926149 0.7607571 0.1680845 0.2521164 0.07051346
1.80358 1.157818 0.731456 0.1382255 0.2460354 0.07166422
1.97495 0.9606831 0.7653726 0.1599949 0.2522967 0.07221267
2.388708 0.5218275 0.8833783 0.2266612 0.2864153 0.08108321
2.127906 0.6646612 0.8493095 0.191766 0.2741976 0.07894009
2.150257 0.9158319 0.7497025 0.1759405 0.2512547 0.06861367
1.921258 1.255928 0.6441156 0.1431887 0.2354831 0.05978605
2.147393 0.7410992 0.740321 0.1890847 0.2622233 0.06482059
2.146031 0.874811 0.7966696 0.1803548 0.2598118 0.07547885
2.046925 0.903848 0.7680023 0.1700446 0.2559947 0.07171115
2.104553 0.9501762 0.7239858 0.1719614 0.2502763 0.06602706
2.032063 0.7809382 0.8848806 0.1745063 0.2680942 0.08630831
2.016868 0.9298782 0.7676797 0.1668048 0.2562021 0.07250888
2.048632 0.8259742 0.7712532 0.1757723 0.2613504 0.07104018
1.81125 1.350544 0.6386279 0.130828 0.2336134 0.06071764
1.867995 1.162819 0.6705451 0.1404954 0.2356957 0.0612842
2.223271 0.7237367 0.757097 0.1961631 0.2633375 0.06661149
1.966118 1.135858 0.7660126 0.1520325 0.2490462 0.07641636
1.903396 0.9558042 0.8203483 0.1550707 0.2576221 0.08075827
2.252997 0.5728338 0.8754591 0.209039 0.2812258 0.08077513
1.932627 1.197093 0.7044329 0.146446 0.2423033 0.0679891
2.075764 0.7667764 0.8459018 0.1796536 0.2669304 0.08027384
