3.414081 0.1831614 3.602686 0.781184 0.8889042 1.40828
2.859282 1.088901 2.438637 0.5318269 0.7774105 1.053096
3.441349 0.08771001 4.806223 0.8428443 0.9927571 2.187977
5.172659 -1.27273 6.297535 1.935412 1.546358 2.420952
2.926487 1.430589 1.770346 0.5437438 0.7927136 0.7823233
2.364286 2.026655 1.256676 0.4218045 0.8368077 0.5930483
4.361052 -0.5980954 5.152691 1.302298 1.183594 2.041525
3.772253 0.1990576 3.017875 0.8613131 0.8627151 1.094055
3.873355 0.1398526 3.944774 0.9558687 0.9765483 1.71074
2.770858 1.409838 1.89935 0.5124788 0.79566 0.8538097
1.854555 2.987276 0.7979721 0.355368 1.071919 0.4413854
2.212043 2.173921 1.522094 0.468202 1.071183 0.9612466
3.072281 0.5869438 3.390789 0.6565114 0.8657424 1.499543
3.824242 -0.1506345 4.748903 0.9763789 1.010439 1.95487
3.264152 0.7027953 3.065507 0.6153115 0.7557068 1.199953
2.473901 1.542792 2.231504 0.5014482 0.9318206 1.248964
2.144805 2.559833 1.048385 0.5257995 1.296667 0.7484834
2.895709 0.9970578 2.459677 0.6001679 0.8575684 1.142052
2.85106 1.146838 2.101738 0.5600036 0.8129364 0.928258
3.091343 0.9996788 2.076833 0.5846771 0.7517208 0.8073362
3.706576 -0.07117153 4.261761 0.9564929 1.015737 1.783589
2.597798 1.581163 1.59602 0.5104691 0.8576246 0.7665587
2.586927 1.544061 1.869868 0.519423 0.8953655 0.9671039
2.57772 1.567947 1.876544 0.4667213 0.8094777 0.884334
2.464558 1.827385 1.643765 0.5198262 0.9904569 0.951892
3.934498 -0.3930081 5.029461 1.085403 1.090939 2.021295
2.419023 1.65258 2.031707 0.511438 0.9851145 1.197971
4.233526 -0.5352674 5.663916 1.255804 1.193992 2.407585
3.265004 0.6332759 3.217845 0.6341625 0.7800115 1.290127
3.365291 0.8260766 2.3375 0.7005431 0.8248259 0.9741034
3.015046 0.868732 2.834657 0.5819683 0.7913491 1.206776
2.9954 1.444944 1.734194 0.5826439 0.8318612 0.802067
3.118062 0.7265785 2.624992 0.6214587 0.7872135 1.038958
3.718535 0.1227932 3.730825 0.8882131 0.9312166 1.502701
2.838518 1.313329 2.196546 0.5164 0.7855511 0.9904648
2.60392 1.43008 2.326116 0.484817 0.8352047 1.156017
2.820515 1.180989 2.5136 0.5654024 0.8651788 1.247253
3.187522 0.6685449 3.207941 0.6689435 0.8534615 1.42194
3.987574 -0.6613296 6.551115 1.250341 1.287988 2.952454
3.471477 0.2315316 4.212415 0.94108 1.106005 2.201289
3.340152 0.6547261 2.962848 0.6412551 0.760782 1.138745
2.619803 1.626924 1.630824 0.4486567 0.7538264 0.6993828
3.389859 0.5894042 3.085419 0.725503 0.8555336 1.320085
2.820655 0.8024834 3.537452 0.6125397 0.9234678 1.824142
3.451321 0.2850187 4.075244 0.8534055 1.001368 1.948044
3.238301 0.6921046 3.015134 0.6276412 0.7775203 1.209175
2.82553 1.445454 1.663294 0.5228414 0.7843859 0.7196818
3.9562 -0.1945857 4.284986 1.066838 1.053846 1.750449
4.544065 -0.7967912 6.415839 1.458297 1.311267 2.718847
3.296577 0.8657744 2.408001 0.6094512 0.7334765 0.9112667
2.760588 1.431509 1.8857 0.5292721 0.8307497 0.887875
3.006533 0.8887209 3.253649 0.6240569 0.8809927 1.608379
2.37539 1.867971 1.414952 0.4577812 0.8879298 0.7151037
2.616454 1.553485 2.120446 0.4637826 0.8025151 1.01259
5.549864 -1.630669 7.805898 2.391095 1.868692 3.221023
1.860928 3.099844 0.9016487 0.5097329 1.609467 0.7549787
1.940822 2.860437 1.046491 0.4138233 1.207921 0.6880363
3.327694 0.4510405 3.321712 0.7520352 0.8980054 1.43851
3.393495 0.4620489 3.324247 0.7727694 0.9077564 1.463856
4.040523 -0.2880933 4.303533 1.124599 1.085107 1.731872
2.430095 1.910524 1.525146 0.505915 0.9861278 0.8733303
2.736432 1.763761 1.515802 0.5319305 0.8840478 0.7654934
2.787286 1.403171 1.957567 0.4962798 0.7673923 0.8546108
3.25636 0.4080387 3.894611 0.7929915 0.9949689 1.924351
3.403485 0.0270041 5.221994 0.8814284 1.061697 2.533652
3.169121 0.8371513 2.755853 0.581873 0.7415263 1.082715
2.611974 1.937921 1.466507 0.5329646 0.9681064 0.8210015
1.96947 2.667943 1.141718 0.4072801 1.127423 0.7162754
3.661089 0.346119 2.715841 0.7543866 0.7699593 0.9085061
2.987667 1.268883 2.17344 0.5620469 0.8035552 0.9883112
3.189338 0.9250684 2.911713 0.5960938 0.7767875 1.248261
3.79665 -0.3058312 4.862653 1.047389 1.094676 2.038781
2.806212 1.43867 1.92611 0.5345074 0.8296214 0.9116562
3.645078 0.3053764 2.94017 0.8040207 0.8378705 1.076796
2.714354 1.141849 2.666851 0.4711615 0.7389684 1.131528
3.173631 0.7340063 3.262381 0.6753289 0.8792658 1.53137
3.382133 0.4946855 2.990426 0.7711637 0.8970717 1.279195
2.340798 2.130546 1.558919 0.4455005 0.9552176 0.8834226
3.518356 0.4525325 3.381849 0.8045358 0.9136667 1.501404
2.988163 0.9940709 2.502332 0.6597351 0.919564 1.249626
3.195726 0.8108006 2.867808 0.6257873 0.796578 1.210332
3.286908 0.7308702 2.747144 0.6794867 0.8267583 1.15789
3.52383 0.4058588 3.42948 0.8592669 0.9744741 1.597675
3.033585 1.010382 2.489108 0.6467591 0.8889779 1.207565
2.084914 2.461663 1.237104 0.6348987 1.619205 1.137684
1.916163 3.108642 0.7670155 0.477998 1.43554 0.5580488
2.71913 1.560082 1.752576 0.4649219 0.7517923 0.7556696
2.35617 1.901205 1.64198 0.4681911 0.9494578 0.9194644
2.726935 1.645434 1.529228 0.4758672 0.765041 0.6583929
3.423779 0.7531678 2.406028 0.6898466 0.7891803 0.9424703
2.709155 1.487657 1.91087 0.5052414 0.8218522 0.9051389
4.524838 -0.6945904 4.454861 1.440752 1.241057 1.677393
4.76162 -0.9987224 6.469376 1.74053 1.512173 2.868711
2.723192 1.685257 1.471964 0.4477146 0.7188002 0.5935871
3.159811 0.7732365 2.958011 0.5964944 0.7653275 1.197029
4.470941 -0.5637378 4.713825 1.288486 1.124116 1.748751
3.204647 0.999016 2.173052 0.6146568 0.7704856 0.8772934
3.95595 -0.3791782 6.527729 1.22486 1.290462 3.413366
2.92944 1.471259 1.517774 0.4689543 0.6636125 0.5474188
2.643855 1.67804 1.497751 0.4805806 0.8008351 0.6735941
2.590947 1.650193 2.069262 0.4802201 0.8604755 1.071393
2.192999 1.831446 2.069102 0.4734463 1.056467 1.342376
5.158363 -1.583623 8.085717 2.091535 1.752604 3.245144
4.80689 -1.097839 6.416684 1.710412 1.465194 2.59249
3.073062 0.9517258 2.536088 0.6194726 0.8285821 1.130322
2.619365 1.485969 1.897779 0.5430976 0.9162958 0.9978221
4.185004 -0.3321885 4.779546 1.110482 1.042303 1.863788
3.104663 0.8274906 2.608564 0.6603127 0.8604142 1.167044
2.633325 1.62592 1.753774 0.4864287 0.8269525 0.8373273
3.211909 0.6721784 2.714346 0.6392004 0.7814297 1.051787
2.35825 2.26096 1.131221 0.4444273 0.929849 0.5891205
2.63227 1.693307 1.654824 0.5199531 0.8969708 0.8564645
3.305956 0.9596446 2.021196 0.6085188 0.7208234 0.7398522
2.388955 2.018513 1.498776 0.4768591 0.9678692 0.8472881
5.077561 -1.099274 5.812036 1.936482 1.563971 2.438643
2.5299 1.458356 2.285374 0.5540661 0.9958935 1.355544
2.771492 1.212677 2.505909 0.5163581 0.8033899 1.160507
3.09398 0.76582 3.37624 0.6359441 0.8578124 1.579699
4.129452 -0.5691354 6.055405 1.273525 1.258002 2.737953
3.636676 0.3213587 3.502097 0.8302415 0.8997386 1.46298
2.647143 1.3551 2.500543 0.5682615 0.9668093 1.440493
2.680434 1.803482 1.426505 0.4644582 0.7813424 0.6315398
2.676 1.408575 2.202027 0.4930962 0.8136103 1.047881
2.292521 2.237106 1.277606 0.541573 1.186579 0.865268
2.457838 1.61888 2.114844 0.4695669 0.8859737 1.128557
3.895037 -0.01518143 4.151787 0.979456 0.9875744 1.717344
3.503927 0.07496049 4.368866 0.887091 1.013726 1.968304
4.222179 -0.5201751 4.573671 1.221189 1.126464 1.72536
3.194085 0.6861983 3.58036 0.7572141 0.9964013 1.923701
3.235332 0.8672497 2.379644 0.6223209 0.7642971 0.9349737
3.020487 0.996692 2.339614 0.5951413 0.8040149 1.00451
5.045622 -0.9875152 5.21902 1.719711 1.359489 1.929869
4.445316 -0.4303414 3.990397 1.291534 1.11626 1.500088
3.145459 1.154233 1.733116 0.5722143 0.7214881 0.6464864
2.691091 1.303955 2.286883 0.5584746 0.9073149 1.197166
3.362808 0.8120449 2.04099 0.64228 0.7288926 0.7188457
3.047668 1.047539 2.309405 0.6681473 0.9089982 1.13376
3.485261 0.5111184 2.983591 0.722229 0.809083 1.156825
4.855317 -0.899654 6.445515 1.596388 1.345574 2.663268
3.956059 -0.1100835 4.71578 1.001775 1.005476 1.970743
2.689165 1.450013 1.843003 0.5085527 0.8201153 0.8563129
4.515035 -0.8536958 5.631505 1.496715 1.333998 2.256483
4.996957 -1.22687 6.130267 1.86888 1.540864 2.391664
3.197795 0.5023819 4.059048 0.7248907 0.9386679 1.979488
3.498316 0.6656464 2.366936 0.7319897 0.8050402 0.907769
2.172713 2.272703 1.468817 0.5324404 1.274503 1.100596
5.167549 -1.285431 5.882315 2.001283 1.593183 2.259642
3.13394 0.5500899 3.447646 0.6953934 0.9001501 1.573569
2.39583 2.007583 1.266332 0.4880195 0.9562077 0.6810916
2.967915 1.213523 2.14465 0.6562418 0.9384588 1.116793
2.700787 1.575882 1.839734 0.4503189 0.7398252 0.7906359
2.934285 0.9965173 2.750089 0.5453244 0.7759257 1.186616
2.22769 1.968243 1.724887 0.4769584 1.051729 1.085717
3.543819 0.2920086 3.732471 0.8482535 0.9524745 1.655477
2.852138 0.9354516 3.355967 0.6525512 0.992978 1.913665
3.189434 0.6579709 2.641884 0.6246551 0.7620587 0.9857445
2.469327 1.595418 2.134528 0.4029274 0.7407287 0.9470339
2.775683 1.453453 1.752216 0.430864 0.6576475 0.6480215
2.355446 1.837527 1.774665 0.5243 1.062385 1.119926
2.508632 1.45696 2.315092 0.4858486 0.8766253 1.212968
3.579756 -0.1447687 4.619559 0.9238327 1.019417 1.909041
2.54342 1.608238 1.895307 0.466034 0.8282905 0.9205879
3.106185 0.7303769 3.58355 0.7057807 0.9587676 1.879146
2.93955 0.5443378 3.835337 0.6870488 0.9688465 1.935624
2.098189 2.688493 0.9712156 0.35335 0.9001457 0.4757906
3.468224 0.5794596 2.898792 0.6827689 0.7689724 1.088307
3.510492 0.2603171 4.083007 0.8611121 0.9889381 1.904524
2.847299 1.155986 2.166938 0.4947159 0.7158656 0.8506577
1.46289 4.838037 0.4622622 0.4763631 2.416259 0.4340323
3.026668 1.099285 2.275711 0.5821643 0.7980316 0.9939487
4.002702 -0.3684255 5.958724 1.10474 1.122309 2.635926
4.265689 -0.2688421 4.18771 1.20299 1.098432 1.709896
3.084193 1.188219 1.841761 0.5947993 0.7836323 0.7651429
3.953779 0.19422 3.339663 0.936503 0.9131794 1.318207
2.934946 1.079475 2.579493 0.5381558 0.7713604 1.117929
2.494328 1.765909 1.463019 0.4623536 0.8328075 0.6891074
3.426279 0.1612657 4.801215 0.9323779 1.124457 2.568003
3.288715 0.5023111 3.36725 0.7352176 0.896311 1.490571
3.016354 0.9515138 2.765667 0.5911965 0.8155557 1.239565
3.353233 0.703313 2.977609 0.7353112 0.8897183 1.366709
2.357462 1.99968 1.376869 0.4699359 0.9485056 0.7485597
2.999987 0.8694932 2.675558 0.618717 0.8430027 1.197654
3.043545 0.8070836 3.119379 0.6607405 0.904653 1.528542
3.183247 0.3720716 4.4703 0.7964803 1.041807 2.36528
2.714995 1.190249 2.862707 0.5648782 0.9210685 1.560329
4.356531 -0.72617 5.59604 1.345164 1.234793 2.210335
3.280219 0.2777516 4.546177 0.7686815 0.9597877 2.137787
3.008272 1.11223 2.312657 0.5938038 0.82441 1.050125
4.113143 -0.3135326 4.541664 1.099054 1.043542 1.762341
2.994844 0.9016928 2.877985 0.5560399 0.7645239 1.198915
3.092949 0.703481 2.799513 0.636512 0.8207229 1.164465
3.306636 0.6843329 2.596263 0.7109261 0.8472326 1.08565
3.823246 0.2192145 3.321674 0.8157697 0.8129718 1.171774
3.210996 0.4828907 3.993272 0.7186472 0.9207723 1.88767
3.941253 -0.3453922 5.597787 1.118027 1.147433 2.509904
2.402223 1.830956 1.815829 0.4124864 0.8135465 0.8854372
4.278217 -0.4074687 4.219864 1.170432 1.052792 1.537185
2.865368 1.037782 2.562624 0.5586414 0.8152625 1.156198
2.432739 1.879708 1.480075 0.4414697 0.8426997 0.7183673
2.898045 1.094472 2.482276 0.5838302 0.8518897 1.182399
2.588572 1.868916 1.551328 0.5112282 0.9264222 0.8347434
2.097927 2.739987 0.9458588 0.3626543 0.9304972 0.4747084
3.167392 0.5042687 4.094819 0.6935959 0.905191 1.930241
2.480018 1.902483 1.338559 0.405918 0.749153 0.5686952
3.096112 0.6777384 3.278273 0.6947834 0.9236819 1.589348
6.210793 -2.505195 9.503659 3.713635 2.860819 4.061247
2.737469 1.190687 2.70853 0.5643031 0.9038049 1.430803
2.671998 1.594713 1.79767 0.4126441 0.6817726 0.7117893
2.467749 1.769016 1.836449 0.5438441 1.041375 1.137305
3.325418 0.1981901 4.776219 0.8039918 0.9896706 2.267093
3.033115 1.024597 2.252299 0.6250635 0.8437422 1.013969
3.144241 1.038992 2.361762 0.5378612 0.6969871 0.8944271
2.641075 1.517259 1.967804 0.5468832 0.9270837 1.060933
2.881915 1.333556 1.917454 0.5595923 0.8238492 0.8787714
3.759654 -0.207668 5.136728 0.9398401 0.9935582 2.068714
3.494071 0.4301593 3.312529 0.7603068 0.8578814 1.355995
2.617197 1.533841 1.910997 0.4978544 0.8467969 0.9382198
2.352434 2.218813 1.183371 0.4649139 0.9706814 0.6466767
3.616732 0.06077312 3.539219 0.8509032 0.8997596 1.313265
2.526111 1.831581 1.462816 0.4791803 0.8737784 0.7321845
4.436382 -0.530325 5.438981 1.337237 1.208642 2.320343
3.229299 0.7660837 2.646924 0.698917 0.8695878 1.177424
3.70009 0.3343289 3.259985 0.8361981 0.8794949 1.308006
5.403338 -1.338274 5.865934 1.945944 1.467505 1.983388
2.461645 1.955585 1.526075 0.4659972 0.9036298 0.8049903
3.379217 0.5851589 2.611247 0.7150741 0.8195129 1.018391
3.108677 0.8346759 2.548879 0.6399824 0.8297061 1.09818
3.388311 0.2018108 4.054504 0.8356852 0.9868921 1.838119
2.702583 1.409862 1.997232 0.5287682 0.8535477 0.975362
3.94176 -0.01583198 3.720594 0.9501127 0.9249131 1.391157
3.193493 0.8201144 2.582685 0.628071 0.7889272 1.056481
3.31104 0.3742095 3.431836 0.6890865 0.8139203 1.313328
2.67318 1.749829 1.440497 0.4870853 0.8126093 0.658663
3.692914 0.1212853 3.726041 0.8774161 0.9250136 1.488749
3.181792 0.7689059 2.8159 0.6105121 0.7713365 1.131256
3.665134 -0.06616184 4.330568 0.9116568 0.977317 1.752718
4.62098 -0.6125789 4.530644 1.323634 1.107195 1.587924
2.837595 1.278738 2.423509 0.5877631 0.9085952 1.279221
2.951073 1.034365 2.533419 0.5980695 0.8484522 1.186078
3.826198 0.02705849 3.908069 0.88699 0.8961628 1.46468
3.438236 0.0585066 4.801047 0.8285687 0.971062 2.105453
2.78086 1.423716 2.047723 0.5447007 0.8637548 1.023597
3.056896 1.045722 2.386308 0.583374 0.7887051 1.026831
3.705337 0.1303848 3.567615 0.9037225 0.9469328 1.4481
4.780349 -0.5399649 4.076991 1.322904 1.052696 1.364254
3.491944 0.5158499 3.0303 0.7818358 0.8846196 1.294444
2.882547 1.0448 2.393632 0.6060504 0.8756012 1.14327
3.51849 0.5004656 3.246735 0.7953128 0.9026507 1.434744
3.596367 0.1400652 5.023472 0.8813295 1.005095 2.394274
2.637596 1.231129 2.89508 0.6261408 1.071372 1.860212
2.439745 1.738581 1.422461 0.4677736 0.8516942 0.6774494
3.101655 1.058069 2.292181 0.59419 0.7866192 0.9745357
2.718844 1.320026 2.147531 0.5001962 0.791088 0.9686465
2.548672 2.096803 1.256567 0.4545151 0.8571995 0.6129031
3.123108 0.6456307 2.75072 0.6341274 0.7985468 1.085945
3.044405 0.7038324 2.77037 0.6070986 0.7913971 1.107877
2.979321 0.4671579 3.917832 0.6787804 0.933884 1.858894
2.636461 1.567028 1.587865 0.4159322 0.678258 0.6053175
2.377276 1.988643 1.711713 0.4523542 0.9345518 0.9588657
3.066107 0.8978928 3.015118 0.6874767 0.946931 1.577596
2.992318 1.143229 2.239266 0.533793 0.741576 0.9182967
3.323615 0.7290421 2.561819 0.7152142 0.8530059 1.09257
2.933605 1.020863 2.38607 0.5316967 0.7402007 0.9547814
2.840122 1.157989 2.3504 0.5367345 0.7965743 1.047831
3.609579 0.1723695 3.806187 0.7902044 0.8520017 1.439252
4.092649 -0.064428 3.480011 0.9618254 0.8842002 1.187539
3.112415 0.9140947 2.5616 0.6752252 0.8920303 1.218401
2.393158 2.333188 1.188993 0.388103 0.8130115 0.5477864
2.450038 2.156349 1.343965 0.4815709 0.968262 0.7488684
2.302903 2.102994 1.427428 0.4024552 0.8585974 0.7165112
2.901339 1.020782 2.806258 0.625461 0.91949 1.453406
3.519982 0.5339244 2.945847 0.756154 0.8431269 1.196999
2.599088 1.537667 1.897787 0.4795891 0.8194681 0.900973
3.320166 0.6767505 3.024797 0.7194746 0.8765685 1.360533
3.054399 0.9235866 2.624879 0.6311631 0.8512379 1.201442
3.326844 0.5526213 3.313418 0.7751534 0.9442189 1.573603
3.309168 0.8270075 2.59629 0.6886694 0.8393729 1.131012
3.082064 1.025745 2.62137 0.624732 0.8518317 1.239023
3.653521 0.2055313 3.771018 0.8209262 0.8802237 1.494603
2.45074 2.011582 1.31427 0.4112342 0.7891901 0.591435
2.903079 1.466472 1.798503 0.519517 0.7731894 0.7866211
2.660083 1.398726 2.229836 0.5770491 0.9680717 1.263759
2.761459 1.269467 2.276343 0.5104315 0.7938192 1.032441
2.378796 1.831066 1.743887 0.4880115 0.975296 1.009569
2.841944 1.382982 1.747159 0.5055794 0.7459273 0.7170287
2.985531 1.206508 2.257619 0.5920323 0.8419645 1.066154
3.96209 -0.07626848 4.489828 1.015459 1.013074 1.889703
3.428733 0.1833732 4.536029 0.8121206 0.956946 2.032875
4.388806 -0.4307556 4.527258 1.165306 1.027054 1.625508
2.584494 1.875657 1.405779 0.5103984 0.9107632 0.727584
2.263342 2.151445 1.359575 0.4520271 0.9866604 0.7743014
3.35945 0.9094034 2.158317 0.6436688 0.7541753 0.8269596
3.517903 0.3344444 3.69998 0.8549027 0.9739824 1.710208
2.907059 1.036771 2.467296 0.5281614 0.7519262 1.020621
3.594321 0.093582 4.797614 0.9436504 1.072211 2.369482
3.557606 0.5402133 2.754808 0.7411925 0.8056218 1.050547
2.39421 1.990122 1.441793 0.5167376 1.033321 0.8595962
2.766287 1.322441 1.986083 0.518812 0.7962832 0.8847419
3.072805 1.018386 2.413471 0.5608263 0.7473502 0.9776963
3.42981 0.329875 3.406592 0.7973197 0.9141681 1.438153
2.7863 1.660771 1.567144 0.5460565 0.8715952 0.7731865
3.769845 -0.08161601 4.477615 1.025603 1.083589 2.021033
3.26254 0.5644957 3.397579 0.7477646 0.9332617 1.612739
2.877901 1.153446 2.147301 0.5279398 0.7583419 0.8903955
2.45401 1.311777 2.590617 0.5408593 0.9905898 1.528088
3.329383 0.4110402 3.46541 0.6902339 0.8168113 1.357156
3.860168 -0.3219324 5.73828 1.060574 1.112134 2.53239
4.58744 -0.7574382 5.782798 1.447218 1.270729 2.344849
3.295418 0.5949143 3.134746 0.6838229 0.8280229 1.300424
4.539969 -1.072159 7.783556 1.677057 1.564946 3.648217
2.040789 2.659889 1.021602 0.4614766 1.217962 0.6802208
2.750013 1.168298 2.669319 0.5756551 0.9122291 1.410601
2.923548 1.245752 2.23956 0.5556261 0.8116659 1.029264
2.238015 2.140914 1.385409 0.4189263 0.9220253 0.7399979
3.111432 0.8927974 2.858179 0.6570473 0.8801472 1.371556
3.362894 0.5221561 3.327338 0.7451617 0.8902156 1.473239
3.291526 0.6388421 3.163485 0.7075394 0.8703695 1.411012
2.565135 1.698154 1.566238 0.446315 0.7774657 0.6953797
3.384855 0.6762306 2.599744 0.6738988 0.7764695 0.9912029
2.929928 1.427811 1.796665 0.57394 0.8411763 0.8453497
2.699224 1.650165 1.707065 0.5221191 0.872771 0.8604896
2.930063 1.498795 1.58397 0.5416317 0.7867163 0.686645
2.008792 2.931521 1.116509 0.442602 1.283661 0.7858074
2.776492 1.45392 1.623353 0.4952924 0.7519984 0.6705941
2.739383 1.500428 1.915651 0.5333549 0.8612932 0.9513195
4.051902 -0.3730302 4.442212 1.058645 1.008361 1.596431
2.869167 0.7865194 3.718889 0.6170134 0.9194764 1.925385
3.806561 0.09625203 4.1078 0.9787871 1.022861 1.851224
3.512403 0.231367 3.886536 0.8463332 0.9595628 1.716113
2.331904 2.145279 1.417686 0.5152168 1.104885 0.9127132
1.95055 2.81878 0.9706729 0.4692571 1.344665 0.7041567
3.525279 0.4008706 3.3419 0.8365395 0.9420122 1.492422
2.324351 2.145243 1.424202 0.4303263 0.9153928 0.7589726
5.074257 -0.8778168 4.806746 1.652082 1.279344 1.725271
3.024069 1.002565 2.748462 0.6123932 0.8540885 1.309809
3.650631 0.043924 4.748386 0.9750469 1.085453 2.318405
3.207564 0.6709046 3.253274 0.7104777 0.9088478 1.546003
2.675197 1.402742 2.189435 0.5339223 0.8836105 1.127995
3.754674 -0.3728196 7.158817 1.117972 1.25155 3.72654
2.861081 1.029728 2.887782 0.6034192 0.9057743 1.490421
2.419124 1.926491 1.445741 0.4827026 0.9404747 0.7831041
2.781045 1.50774 1.770655 0.5606056 0.8822591 0.8849835
2.47633 1.597397 1.818765 0.4523093 0.819348 0.8662016
3.4036 0.2089483 3.948323 0.7925608 0.9234105 1.666605
2.89487 1.353545 2.12065 0.5402426 0.8105455 0.9875001
2.921779 1.243366 2.053889 0.558025 0.8037749 0.9156373
2.496917 1.741847 1.786615 0.5344724 0.997756 1.049719
2.424318 2.180962 1.238384 0.4317568 0.8693222 0.6118623
3.049009 0.8851419 2.30196 0.5793459 0.7518127 0.8863725
5.521887 -1.530796 6.540659 2.284698 1.745683 2.492978
2.623654 1.889543 1.451287 0.5050212 0.8958301 0.7458841
2.566064 1.75425 1.88731 0.5269223 0.9690731 1.093291
3.490022 0.3851756 3.571344 0.7453148 0.845489 1.445103
3.320568 0.8300327 2.307929 0.6226152 0.7346025 0.855438
3.70312 0.1819975 3.460448 0.8685346 0.9075672 1.364407
3.290289 0.7423681 2.684684 0.6796708 0.8254081 1.129036
3.286829 0.5415119 3.236417 0.669084 0.8078004 1.295052
3.135636 0.6174436 3.24212 0.7140527 0.9267241 1.537174
3.262016 0.5311273 3.06831 0.66089 0.7943968 1.183598
3.470389 0.06207923 5.014057 0.8631112 1.011954 2.320359
3.268049 0.7916465 2.39103 0.6513671 0.7829885 0.937742
2.15413 2.484096 1.181184 0.3722422 0.9057719 0.6064269
3.819982 0.002535472 4.23326 1.036815 1.079353 1.945853
2.970049 0.9274869 2.407029 0.6073508 0.8280459 1.046994
3.315132 0.8889637 2.316195 0.6430677 0.7713198 0.9188601
3.549251 0.4754697 2.693984 0.7683232 0.8287251 1.022973
2.984952 1.044686 2.63615 0.6317143 0.8967972 1.321047
2.337376 1.91188 1.537007 0.4558587 0.9223772 0.8249582
2.666678 1.698375 1.603764 0.5247763 0.8868408 0.8135075
2.899687 0.8278306 2.592239 0.5762162 0.7984586 1.074979
3.846356 0.1795037 3.607425 0.8895296 0.8995028 1.426001
2.457512 2.033918 1.311552 0.4637541 0.8999815 0.6737217
2.87952 1.286494 2.143915 0.5533779 0.8221266 0.9963514
2.088632 2.449009 1.30792 0.60242 1.541337 1.157654
2.64806 1.623705 1.629987 0.4587927 0.7614108 0.7046264
2.469884 2.011108 1.2913 0.5614391 1.073592 0.7813749
4.012716 0.06842759 3.570459 0.9092288 0.8653587 1.282287
3.70636 0.7330626 2.116613 0.7261432 0.7433344 0.7459488
3.537393 0.1283421 4.504812 0.8544515 0.9711922 2.001317
2.880734 1.378488 1.964704 0.5195005 0.7744831 0.8624363
4.101164 -0.08540134 3.8191 0.9920432 0.925567 1.391225
2.66438 1.394169 2.098393 0.5790562 0.9586359 1.159978
2.876961 1.247923 2.244083 0.5526509 0.8220222 1.045911
2.286627 2.210543 1.337501 0.4834315 1.058093 0.8147812
2.731772 1.233029 2.747566 0.6050981 0.9875894 1.608245
3.113951 0.808614 3.590422 0.6720827 0.9197943 1.85175
3.190571 0.7679289 2.827527 0.6425173 0.8124951 1.193783
2.806555 1.357996 2.016549 0.5221735 0.7993987 0.9135926
3.799262 -0.04339887 4.017327 1.000169 1.030193 1.694145
2.850311 1.112472 2.610389 0.569335 0.8539724 1.266435
3.32308 0.0749681 5.430572 0.902424 1.131334 2.907508
3.521205 0.57704 2.994266 0.7585376 0.8542029 1.259779
2.862951 1.240516 2.041833 0.4711778 0.6802516 0.7669608
3.198571 0.7553055 2.763712 0.5857107 0.72651 1.031962
2.890034 1.43142 1.782607 0.5071606 0.747474 0.7453527
2.269767 2.267748 1.327421 0.4538044 1.015701 0.778673
13.98101 -6.426761 7.260904 0.00658207 0.00230964 0.5929066
4.616037 -0.6516698 4.736938 1.350726 1.139706 1.700265
5.197657 -1.40137 7.094415 2.081509 1.694208 2.908867
3.798691 0.2097797 3.479028 0.8896721 0.9098154 1.394022
2.865951 1.136176 2.114546 0.5886899 0.8508424 0.9746296
2.522148 1.470963 2.112777 0.4913335 0.8710601 1.079885
3.362781 0.5411326 3.018525 0.7067459 0.827319 1.215316
4.33162 -0.3750564 4.062814 1.130621 0.9942832 1.400258
4.688175 -0.6897467 4.70745 1.441708 1.202455 1.747827
2.755926 1.438758 1.850682 0.4963738 0.7754265 0.8110353
2.593848 1.532802 2.109794 0.525212 0.9197337 1.149276
3.53183 0.6738403 2.660135 0.679238 0.7514033 0.9897778
2.141128 2.667917 0.9793647 0.3516419 0.8714608 0.4650557
3.343055 0.5927416 3.184849 0.7075628 0.8490806 1.362575
1.95062 2.675669 1.205817 0.4164174 1.181539 0.8023046
3.499918 0.5831825 2.671979 0.7156659 0.7910041 1.009691
2.343154 2.010743 1.379326 0.4290557 0.8717091 0.6913306
3.269969 0.6978723 3.179281 0.6794326 0.8483815 1.414986
2.233376 2.222772 1.349941 0.4502484 1.012628 0.7895073
2.087865 2.221198 1.53491 0.523068 1.293714 1.174601
3.0845 1.055119 2.180875 0.5706145 0.7514377 0.8758681
3.13315 0.8307252 2.801314 0.6415766 0.8365078 1.242365
2.968135 0.8991761 2.778853 0.6730248 0.9458639 1.424624
2.977381 1.243938 2.006836 0.5652465 0.7942327 0.8778911
2.814285 1.223297 2.625495 0.6056596 0.9478984 1.455048
2.788798 1.137087 2.420847 0.5941481 0.907331 1.232345
3.486337 0.5003901 3.116491 0.77278 0.876307 1.319386
3.258633 0.7141548 2.929285 0.6741198 0.8344169 1.260458
4.050637 -0.06496726 4.075468 1.082665 1.049934 1.74842
4.106521 -0.03241398 3.849825 0.9694922 0.9071347 1.413945
3.780894 -0.05753816 4.913872 0.9658255 1.026771 2.176621
2.963535 0.7974144 3.156837 0.6121474 0.8569697 1.464184
2.754484 1.575748 1.546887 0.4782744 0.7480358 0.6445656
2.725513 1.250577 2.657909 0.5757561 0.9382954 1.473938
8.102826 -3.947082 13.74035 3.163961 2.212546 3.346763
3.315956 0.3808546 3.82168 0.7838047 0.9562403 1.783275
2.522342 1.615681 1.828018 0.4530282 0.8084682 0.8619854
2.506427 1.78025 1.700708 0.4916569 0.911977 0.9086823
3.172733 0.6627402 3.112615 0.7060112 0.9042164 1.447707
2.875231 1.374991 1.852704 0.539387 0.7977301 0.8239899
4.711938 -1.023907 5.073099 1.541789 1.293457 1.724416
2.790465 1.218277 2.530843 0.566714 0.8844803 1.295705
2.426901 2.043734 1.315983 0.4740807 0.9313579 0.6979033
2.760148 1.396641 2.047995 0.481221 0.7551216 0.8883366
2.744048 1.231161 2.202374 0.5342948 0.8279689 1.024923
2.630209 1.545588 1.918435 0.4820844 0.8185908 0.9151662
3.486083 0.4989835 3.061629 0.7154217 0.8007137 1.173469
3.050282 0.7118752 2.908511 0.6247395 0.8237591 1.231792
3.27839 0.7862314 2.831808 0.707016 0.8788238 1.302825
3.339444 0.6830479 2.829307 0.6696319 0.796103 1.136306
2.566232 1.655765 1.932305 0.4533747 0.8115625 0.9330703
3.343347 0.4166759 3.33289 0.7844024 0.9306959 1.475457
2.293534 2.02992 1.552146 0.408672 0.8683272 0.7953912
5.844107 -1.273384 4.228937 2.286661 1.547282 1.407206
3.813902 0.1871718 3.734287 0.9440798 0.9761069 1.62501
3.28661 0.697885 2.77778 0.6876247 0.8342826 1.170844
2.791877 1.017767 2.971078 0.6032582 0.9308662 1.579733
2.845866 1.373906 1.968533 0.547188 0.8278067 0.921467
2.158505 2.479967 1.16855 0.5173259 1.268402 0.8360792
2.402725 1.865158 1.841092 0.4595965 0.9208838 1.020523
3.589188 0.3233401 3.207119 0.8008564 0.8642746 1.254664
2.612157 1.074583 2.677603 0.5696889 0.934192 1.414823
2.577712 1.782749 1.445021 0.5143883 0.9014889 0.7354789
3.777108 0.2943422 3.405907 0.861308 0.8899963 1.377574
3.068318 0.7151123 4.020967 0.7308515 1.025133 2.309264
2.82802 1.548098 1.71153 0.5639575 0.8755714 0.8484841
2.941415 1.229581 2.318272 0.5810171 0.8476064 1.116812
2.513587 1.875787 1.383714 0.4285595 0.7815536 0.6156532
3.525367 0.3597576 3.219413 0.8027481 0.8899227 1.321386
2.801258 0.9770104 2.863139 0.5839479 0.8817781 1.410685
4.277065 -0.240722 3.729883 1.157082 1.031609 1.394109
2.414957 1.721842 1.976694 0.4932971 0.9628849 1.144014
2.467087 1.772847 1.669378 0.4741025 0.8894376 0.8669105
2.919174 0.7746413 3.506245 0.6490155 0.9403112 1.81901
2.381782 1.916624 1.61692 0.5111935 1.029659 0.9790634
3.603402 0.4062829 3.34083 0.8064123 0.8828058 1.397385
2.975013 1.029142 2.379537 0.6085684 0.8459877 1.090774
2.663271 1.341627 1.936666 0.5018823 0.8021095 0.869322
2.841054 1.328914 1.976314 0.4901806 0.7303107 0.8107435
3.285121 0.7904353 2.501797 0.6657324 0.8043058 1.020982
3.212963 0.5414036 3.469003 0.6943394 0.8747657 1.536575
3.355859 0.740745 3.217366 0.7139215 0.8776487 1.504833
2.889381 1.241764 2.386585 0.5839611 0.876206 1.201401
3.199682 0.7195026 3.319475 0.7086367 0.9192526 1.630868
2.766037 1.365319 2.124264 0.5727168 0.9059439 1.10553
3.446974 0.3169078 3.920113 0.8126909 0.9480364 1.775899
3.216019 0.7548378 2.850516 0.67951 0.8561607 1.267709
3.210661 0.6903545 3.380506 0.7756383 1.008147 1.814273
3.478891 0.2580285 3.727886 0.8345915 0.9516723 1.63198
2.88978 1.276633 2.002279 0.5082161 0.7375615 0.8211764
3.315164 0.4440042 3.676647 0.7388747 0.8985846 1.634164
4.195828 -0.1525258 3.932128 1.114315 1.026725 1.556368
2.023713 2.909492 0.9345514 0.4530393 1.264172 0.6287
2.416996 2.042467 1.388806 0.4528535 0.8999678 0.7203254
2.787171 1.447229 2.007698 0.5011525 0.7887626 0.9157285
2.469551 1.988993 1.237399 0.4180535 0.7829951 0.5439645
2.638933 1.314611 2.150636 0.4954979 0.8084646 0.9912764
2.794071 1.089337 2.547447 0.5678388 0.8612817 1.230232
3.981984 -0.309178 4.627444 1.044466 1.024741 1.77407
2.694322 1.391197 2.11224 0.5007748 0.8134254 0.9937319
3.079844 0.6348869 3.535573 0.7089548 0.9555122 1.78415
3.619612 0.2405265 3.959155 0.8968743 0.9928178 1.824431
3.140741 1.043434 2.353472 0.5884787 0.7699162 0.9833309
3.812457 -0.01859643 3.972991 0.9500251 0.9701751 1.589874
2.868379 1.205197 2.203875 0.5947935 0.8796068 1.081131
3.16918 0.9259644 2.506039 0.6288458 0.8084386 1.077656
2.807831 1.308546 2.136506 0.5368842 0.8249343 1.004954
3.626521 0.5745353 2.743854 0.7783423 0.8374542 1.102662
2.461063 1.811129 1.677949 0.5354829 1.02318 1.006703
2.627671 1.572556 1.718293 0.5116968 0.8610463 0.8434155
3.419799 0.4151766 3.281504 0.7816158 0.9031444 1.405158
2.286058 2.504596 0.9534928 0.4156967 0.9260848 0.4793419
2.953831 1.022858 2.669213 0.5725942 0.8149993 1.21378
3.717511 -0.007054401 4.23965 0.9328595 0.9893648 1.774743
2.357039 2.117813 1.374376 0.4486193 0.9331693 0.7417649
3.507418 0.2627093 3.747274 0.8326627 0.9413554 1.625834
6.476221 -2.087065 7.117855 3.302795 2.276321 2.697949
3.084479 0.9991874 2.234002 0.6297762 0.8284674 0.9762141
2.997505 0.9375552 2.964766 0.5843222 0.8172267 1.346631
2.894799 1.015449 2.930627 0.5669545 0.8331079 1.384392
2.432731 1.847261 1.576624 0.4562429 0.8748178 0.8023072
2.830131 1.324452 2.092106 0.5686936 0.8663059 1.027577
2.427696 1.944827 1.519334 0.4697462 0.9213436 0.8154154
2.370267 1.887818 1.569155 0.4725868 0.9420071 0.8621545
3.620447 0.03091426 4.294653 0.883307 0.9650552 1.792215
3.732836 -0.03503286 4.456368 0.9540429 1.015382 1.921516
3.078217 0.8617423 2.648335 0.5882366 0.7745858 1.086341
3.178674 1.052627 2.086637 0.5745511 0.7244699 0.7960413
2.365982 1.889424 1.746707 0.4840658 0.9870826 1.029491
2.473637 2.037886 1.630783 0.4502746 0.8952454 0.8689916
3.078453 1.068688 2.634615 0.6449445 0.8912722 1.320279
2.659462 1.485282 1.835656 0.5444303 0.8978444 0.9376598
4.012487 -0.09085935 3.992094 1.04237 1.009318 1.607504
3.123814 0.7535415 2.993917 0.6880527 0.9029977 1.421885
3.41393 0.6814018 2.503453 0.6353001 0.7176596 0.8780311
2.345826 1.806707 1.824861 0.5722634 1.16609 1.268131
3.630624 0.2325902 3.998964 0.8040847 0.8761945 1.618084
3.169553 0.8995875 2.393359 0.6498885 0.8260825 1.029476
2.609565 1.549065 1.840299 0.5022045 0.8551202 0.9071467
3.743977 0.1936542 3.693859 0.8697862 0.9099386 1.49857
2.882721 0.9438186 2.661916 0.554695 0.7935043 1.147919
3.661819 -0.01495754 4.214607 0.9481367 1.023328 1.818121
2.865226 1.126106 2.416837 0.6170922 0.9150409 1.236091
3.518631 0.6626964 2.858862 0.7104166 0.8007001 1.149244
2.585749 1.722581 1.902449 0.4976422 0.8984491 1.019161
2.054645 2.53927 1.098407 0.4580883 1.181648 0.7227223
2.876898 1.090278 2.478806 0.5665073 0.829247 1.145966
3.970938 -0.08633941 4.24899 1.048638 1.038705 1.801093
2.199495 2.237396 1.427912 0.4704428 1.09184 0.9110254
4.237192 -0.2127544 3.866443 1.117987 1.010982 1.451681
2.480319 1.871244 1.547316 0.5587856 1.061335 0.9516863
3.017832 0.9076374 2.748407 0.7414535 1.029304 1.532657
2.539435 1.928237 1.40904 0.4502209 0.8249016 0.6654227
3.380682 0.7927196 2.738582 0.6496186 0.7722559 1.102073
3.03937 0.9091795 2.578702 0.618117 0.8307218 1.140013
2.439564 1.489678 2.560395 0.4865407 0.9231826 1.446643
4.228107 -0.4520696 4.982879 1.137097 1.054416 1.866081
3.776389 -0.1585648 4.346974 0.983123 1.019452 1.756295
3.299599 0.4477615 3.240574 0.7267289 0.869004 1.347187
2.514055 1.251192 2.896022 0.5708489 1.026223 1.788982
3.551686 0.3649704 3.452904 0.7674896 0.8499366 1.381561
2.201187 2.206283 1.134548 0.4025055 0.88698 0.5623276
2.178503 2.683908 1.036255 0.5459091 1.362698 0.7723189
3.532058 0.2682608 3.629032 0.8365149 0.9352853 1.555645
3.311003 0.5747705 2.905805 0.6818672 0.8088752 1.147662
2.94904 0.6837524 3.508127 0.6867233 0.9737675 1.830619
3.658852 0.05288564 4.615851 0.8978304 0.9828687 2.016616
2.811428 1.417664 2.119653 0.5392253 0.8463103 1.042847
2.435724 1.601369 1.836636 0.4514116 0.8326177 0.8896722
3.963402 -0.1780939 4.647851 1.035637 1.031022 1.915978
3.791026 0.2525433 3.732764 0.8484699 0.8799442 1.503881
2.591081 1.731015 1.932646 0.4663265 0.8402059 0.9723885
3.217342 0.750756 2.99213 0.6760553 0.8584815 1.351389
3.046057 1.202314 2.183763 0.5522496 0.7592745 0.9222195
2.50628 1.94474 1.548439 0.38941 0.7293163 0.6602443
2.261313 2.303076 1.20565 0.4243086 0.9438053 0.6454358
3.145315 0.5507267 3.893594 0.7191299 0.9499095 1.940155
2.116259 2.650891 1.026354 0.4054584 1.030621 0.581887
3.017766 1.133897 2.192764 0.6198536 0.8562464 1.026322
2.821882 1.231111 2.289126 0.5163622 0.7801969 1.014276
4.289619 -0.4124721 4.52663 1.232775 1.124082 1.79995
2.152457 2.465213 1.190758 0.3743624 0.9047746 0.6098687
3.182534 0.7524937 2.25236 0.6344393 0.7689264 0.8413523
2.346232 1.982071 1.517642 0.4558267 0.9350795 0.8296653
5.100669 -1.191799 6.940812 1.908896 1.565268 2.931919
2.88855 1.294756 2.314712 0.5746741 0.8668603 1.15788
3.064559 0.8359734 3.446476 0.6300435 0.8720053 1.684764
3.5545 0.4581621 3.2502 0.790383 0.8797552 1.373668
3.184017 0.7788532 2.901664 0.7096533 0.9147387 1.39875
3.760175 0.1331164 4.249527 0.8851199 0.9361895 1.793941
3.888076 -0.04634235 4.128323 1.006363 1.015036 1.725605
4.430614 -0.1981611 3.26137 1.138106 0.956126 1.103149
2.418469 1.840417 1.624259 0.4334885 0.8375928 0.7968771
4.73563 -0.9232897 5.748881 1.686889 1.449119 2.445182
2.944359 1.247505 2.022091 0.5567863 0.7927561 0.8855435
2.086108 2.95256 0.8864104 0.4853808 1.318438 0.6144364
2.557265 1.462072 2.234007 0.5031901 0.8858959 1.172715
3.161782 0.8290889 2.820812 0.622132 0.8028862 1.20467
2.74516 1.600072 1.748456 0.5420798 0.882424 0.8869227
2.416903 1.857398 1.429469 0.4261277 0.8086279 0.6599397
3.265939 0.6623995 3.204425 0.7343278 0.920172 1.531254
2.722602 1.658424 1.638155 0.5069029 0.8317747 0.7793339
2.405997 1.958217 1.622255 0.3957342 0.7880649 0.7577153
3.530801 0.5950808 2.672335 0.7332781 0.8074533 1.037777
2.724457 1.123824 2.669332 0.572303 0.9064112 1.385328
3.051498 0.9971599 2.348574 0.6123374 0.8215396 1.032643
3.274131 0.6064418 2.773309 0.7113228 0.855519 1.158057
2.082154 2.452672 1.444962 0.4033468 1.041808 0.8831873
2.352743 2.17807 1.147131 0.4197589 0.857301 0.5493041
2.663887 1.318202 2.025177 0.5225498 0.8393639 0.9562168
3.530704 0.3902182 3.028162 0.8002185 0.8790235 1.219524
3.274484 0.680973 2.542731 0.6933173 0.8295999 1.0335
3.003955 1.144501 2.071398 0.5567145 0.7602131 0.8512024
3.907603 -0.04665797 3.595723 0.983259 0.9622139 1.364583
1.735071 3.380719 0.7985194 0.652826 2.316534 0.9190502
2.362947 2.004276 1.426715 0.4390031 0.8885293 0.7334622
2.318217 2.323976 1.290531 0.4741345 1.049038 0.7776582
4.231663 -0.3057727 4.738219 1.087509 1.005348 1.797943
2.634737 1.349716 2.010942 0.5412911 0.8863988 1.007186
3.779859 -0.05361277 4.656564 0.9805964 1.037546 2.060533
2.628378 1.492313 2.056414 0.5523994 0.9436371 1.135063
2.574489 1.679962 1.60684 0.5490387 0.9599216 0.8791701
3.398821 0.3518676 4.062208 0.8467538 1.015656 2.019153
4.095497 -0.6048821 7.085277 1.248839 1.264725 3.298993
2.535061 2.121251 1.10268 0.419387 0.7750509 0.4726707
3.002438 0.9688923 2.603838 0.6250688 0.8648166 1.225719
3.644147 0.1386126 4.122286 0.8700432 0.9467212 1.747651
2.517491 1.610168 2.013311 0.5524721 1.012271 1.209834
2.759398 1.497604 1.835933 0.5599146 0.8927157 0.9352172
3.999041 -0.143506 4.538824 1.064026 1.053225 1.936208
5.028111 -0.8247103 5.517951 1.717472 1.3775 2.316355
2.529855 1.479949 2.211238 0.5334922 0.9550794 1.251701
3.891617 0.01051378 4.255722 0.9578463 0.9695933 1.758362
2.961071 1.137256 2.096181 0.5942943 0.8295956 0.9412726
3.137497 0.5769364 3.409245 0.6888437 0.8915661 1.55074
2.666795 1.589929 1.688442 0.544084 0.9041261 0.8678682
2.712779 1.62458 1.788172 0.5293901 0.8804932 0.9135298
3.037964 0.8575676 2.643732 0.6437724 0.8651087 1.207411
2.552063 1.380639 2.466205 0.531002 0.9385797 1.381742
2.780333 1.472574 1.665152 0.5148485 0.7904724 0.7303635
2.532508 1.666635 1.737416 0.4715525 0.8419557 0.8486592
3.062806 0.7438896 3.549449 0.7247895 1.002481 1.95118
3.085128 0.9012962 2.653546 0.5831179 0.7702279 1.094245
2.330463 2.413363 1.157653 0.474901 1.051307 0.6853586
3.083092 0.8889988 2.755866 0.6391984 0.8562979 1.272214
3.147645 0.7723944 3.081635 0.6544837 0.8557573 1.406759
2.921843 1.324224 2.233177 0.6224964 0.9340162 1.202782
4.278835 -0.3892581 4.48523 1.144312 1.035975 1.650241
4.440136 -0.519276 4.243406 1.364462 1.192735 1.660216
3.466811 0.721759 2.924278 0.6874918 0.796739 1.20284
4.028327 -0.08609398 4.146113 1.069905 1.041947 1.751835
3.54121 0.08224242 3.905223 0.8858993 0.9822151 1.651437
2.385895 1.814489 1.637589 0.4062124 0.7891265 0.7568086
3.111855 0.8726002 2.735916 0.6554283 0.8669043 1.269058
3.218051 0.4851739 3.876991 0.7453511 0.9517284 1.883048
2.209398 2.199132 1.357179 0.5095444 1.160384 0.9101983
3.299245 0.9662189 2.195164 0.6646858 0.8099713 0.9261353
2.917383 0.9698399 2.796275 0.5722078 0.8209028 1.271884
3.031512 0.9353323 2.375044 0.5914945 0.7867538 0.9815838
2.990021 0.7166616 3.879925 0.6855433 0.9782987 2.107796
2.452744 2.102304 1.347234 0.523564 1.04476 0.8096471
2.716703 1.723749 1.325767 0.4927041 0.7898021 0.5751681
3.795125 -0.1415479 4.328187 0.9482112 0.9736106 1.677073
2.421721 1.897175 1.618297 0.4778968 0.9385119 0.8921606
2.604393 1.686984 1.540902 0.4978987 0.8524944 0.7440852
4.694657 -0.7635296 5.442253 1.578591 1.352541 2.303196
3.061314 0.8124179 2.828669 0.6229471 0.8301848 1.242534
2.74313 1.544699 1.651126 0.4873048 0.7682905 0.7123273
3.221926 0.654891 3.474576 0.6896272 0.8824377 1.620242
3.892826 -0.001059431 3.479334 0.8905949 0.8629647 1.192155
3.482329 0.365634 3.061709 0.7657283 0.8477051 1.178082
3.774498 0.01857817 4.327779 0.9257957 0.9695901 1.803624
4.733499 -1.01728 6.794654 1.56998 1.363526 2.702095
4.417341 -0.4383601 4.347542 1.274382 1.11931 1.672199
2.668091 1.718614 1.627148 0.4552849 0.7698813 0.7231548
3.252261 0.8354901 2.759226 0.681137 0.8558003 1.249427
2.477922 1.788807 1.701475 0.4911715 0.9256629 0.9249225
3.926523 0.003370252 4.159839 1.001988 1.00558 1.768444
4.794885 -0.6986344 4.689692 1.548117 1.268441 1.829457
2.344686 2.190648 1.354721 0.5603327 1.198673 0.936655
2.202332 2.421436 1.078634 0.4222864 0.9816531 0.5900046
2.586543 1.683321 1.630228 0.4667506 0.8103217 0.7587288
1.974641 3.013502 0.8561223 0.6372517 1.853039 0.8236423
2.309948 2.096855 1.388181 0.4338781 0.9159363 0.7356297
3.009459 1.094246 2.228965 0.5548995 0.7584671 0.9193464
3.715913 -0.1356505 6.066987 0.9567972 1.060352 2.840254
3.930574 0.05714059 3.703711 0.932654 0.9155994 1.417397
2.204612 2.54349 0.9955674 0.3937334 0.9294028 0.5081727
2.666109 1.604444 1.601023 0.5516878 0.9127452 0.8228634
2.988561 0.9404385 2.705768 0.620302 0.8627955 1.271723
2.468939 1.757806 1.746434 0.5264604 0.9951444 1.021491
2.754088 1.01836 3.095848 0.5895441 0.9276329 1.655699
2.225431 2.445398 1.160792 0.4802432 1.127099 0.7376334
2.396676 1.860439 1.543274 0.4823095 0.942286 0.8430184
2.686328 1.450603 2.052908 0.49972 0.8191633 0.9746591
3.102067 1.037386 2.579489 0.6446493 0.8754494 1.25385
2.386342 1.678194 2.225482 0.5561157 1.115558 1.521825
3.68934 -0.08358873 5.034168 0.9531367 1.041678 2.25398
2.807135 0.9941382 3.307229 0.6272797 0.9765685 1.8782
3.960945 -0.05303318 3.648616 0.9832078 0.9484661 1.363027
3.751261 -0.1192643 4.507395 0.9919089 1.048333 1.93665
4.265363 -0.3466323 4.270309 1.194031 1.086456 1.665109
2.30904 1.839692 1.899169 0.4370367 0.9092025 1.043186
4.514236 -0.5078554 4.415296 1.343068 1.157537 1.705974
2.697356 1.410586 1.851093 0.4625548 0.7273481 0.7539641
3.030511 0.8876952 2.790619 0.5876997 0.7973055 1.202013
4.713788 -0.9921276 6.351426 1.7028 1.490641 2.773819
2.191805 2.455272 1.076736 0.4258753 0.9979668 0.5963543
2.680081 1.285662 2.102273 0.5153937 0.8215937 0.9739035
2.693573 1.488495 2.047065 0.4644167 0.7632058 0.9138407
2.788127 0.9922591 2.807159 0.5586217 0.8446463 1.324143
3.054474 0.8688247 2.448929 0.6509483 0.8597822 1.092146
3.79649 0.1029575 4.180221 0.9625197 1.01088 1.876341
4.265415 -0.2654917 4.895204 1.06637 0.9801749 1.854912
3.390442 0.3305969 3.654813 0.7649286 0.8955643 1.544576
3.372365 0.3617407 3.929 0.7216696 0.8564954 1.632991
3.639484 0.2443568 3.233336 0.8858934 0.9428594 1.337467
2.938974 0.6870148 3.22612 0.6968091 0.9800997 1.661407
3.569006 0.5643151 2.664881 0.7977103 0.8695864 1.099305
2.342467 1.848693 1.838781 0.4167762 0.8502401 0.9406648
2.559013 1.580808 2.041805 0.4679758 0.8310758 1.006859
3.547685 0.4339101 2.939895 0.7935072 0.8676972 1.180641
3.67452 0.2575455 3.298318 0.837509 0.8809799 1.287998
3.084359 0.9660349 2.43869 0.6070969 0.8039247 1.048411
2.216709 2.466811 1.156014 0.5685788 1.346435 0.8732849
3.268856 0.6091164 3.14111 0.6790319 0.8319354 1.318992
2.4289 1.652792 1.637134 0.403342 0.733148 0.6854257
2.596924 1.362302 2.053525 0.4854697 0.8059413 0.941666
7.208941 -2.248949 5.360807 3.726318 2.271102 1.642359
3.266362 0.5471986 3.362635 0.6983601 0.8596701 1.452547
3.080839 1.092158 2.071401 0.5777151 0.760919 0.8393136
2.606484 1.776676 1.631571 0.497567 0.8822147 0.8378299
2.15236 2.146938 1.558361 0.4430518 1.035808 0.9540995
3.597882 0.3885956 3.770601 0.8543279 0.9607197 1.769246
2.97405 1.117192 2.144326 0.6502568 0.9070629 1.050622
5.087802 -0.9886026 6.13007 1.83849 1.483118 2.630725
4.191948 -0.03395513 3.715921 1.091615 1.007306 1.505297
3.680464 -0.06908563 4.94833 0.9874771 1.084562 2.31458
2.670584 1.302293 2.157925 0.4744778 0.7609306 0.9358485
3.457233 0.6425755 2.723371 0.66498 0.7493199 1.002714
2.993611 1.030209 2.403867 0.6219005 0.861635 1.125194
2.340199 1.904544 1.561296 0.4902657 0.9960703 0.9077164
2.681584 1.389633 2.049002 0.5834733 0.9541558 1.119278
3.561783 0.006340921 4.527214 0.8896445 0.9952604 1.953826
2.772923 1.357623 2.318265 0.5158705 0.8202829 1.114918
2.287253 2.198459 1.375714 0.4320345 0.9454541 0.7551511
3.152894 0.714011 3.208322 0.742151 0.9750927 1.65445
2.272997 2.011147 1.851907 0.4383689 0.962962 1.085096
2.761557 1.594856 1.665973 0.4976478 0.7946442 0.7540094
2.329477 2.396225 1.164648 0.4223767 0.9282258 0.6103865
2.741391 1.338266 2.198994 0.5252683 0.8351805 1.059298
2.619319 1.58291 1.96588 0.5006188 0.8659414 1.001822
2.773605 1.267017 2.10919 0.5375673 0.8244119 0.9756524
2.861305 1.263122 2.12309 0.5423004 0.805674 0.9612472
3.106469 0.9134196 2.39898 0.5734259 0.7394565 0.9295306
2.557905 1.744696 1.814181 0.4744634 0.861391 0.9246648
2.7336 1.200644 2.495741 0.5593025 0.8858098 1.269914
3.051375 0.8753168 2.573035 0.6036301 0.8013801 1.086791
2.554482 1.679324 1.729168 0.4634996 0.8226519 0.8273266
4.676623 -1.097932 6.21203 1.745147 1.538858 2.618561
3.053602 0.8411622 2.661067 0.6071365 0.8043632 1.123259
3.400423 0.4936929 3.408885 0.7559904 0.8922752 1.503556
2.809834 1.101936 2.626738 0.5766585 0.8773877 1.306416
2.993997 1.079567 2.12558 0.6159038 0.8424602 0.9558926
3.700739 0.0508464 3.964131 0.9273872 0.98357 1.662862
2.934284 1.118428 2.570426 0.5676328 0.8226657 1.196838
2.423838 1.95142 1.358437 0.5137789 0.9934107 0.7661047
2.558727 1.6093 1.935797 0.570122 1.021021 1.162639
2.815918 1.057087 3.099577 0.6002751 0.9309506 1.681855
5.266205 -1.774287 7.587623 2.284306 1.886723 2.882674
4.221525 -0.1055985 3.673755 1.040529 0.9379074 1.327401
2.657912 1.534117 1.992962 0.5551674 0.9415745 1.097662
2.228383 1.973602 1.35298 0.406076 0.8535829 0.6580173
2.194209 2.335988 1.252285 0.4926898 1.153819 0.8248701
1.697956 3.614096 0.7006563 0.4612302 1.721245 0.5749034
6.180698 -2.094866 8.035161 3.047362 2.221162 3.089419
2.302619 1.688849 2.006523 0.488439 0.9960689 1.19981
2.790969 1.228395 2.543512 0.5485875 0.8562545 1.26448
2.451241 1.895217 1.565924 0.4798646 0.9259026 0.8462841
3.939084 0.147391 3.429384 0.9059652 0.8828155 1.290783
3.778801 0.09411989 3.510422 0.8472793 0.8547749 1.253356
5.225757 -0.921913 4.659191 1.709464 1.279238 1.609445
3.692827 0.1369429 3.684579 0.8877735 0.9371529 1.4965
2.929437 1.184672 2.251498 0.5180076 0.7393109 0.9277122
3.492774 0.2548177 3.652223 0.8898395 1.013645 1.695023
2.0941 2.399085 1.060055 0.4444417 1.07552 0.6302109
3.19699 0.6148829 3.279384 0.6612971 0.8352533 1.403066
3.104921 0.7014258 3.311191 0.7096354 0.9476342 1.665397
3.774139 0.04695162 3.379305 0.939089 0.9498644 1.299641
2.851821 0.9518082 3.37974 0.60689 0.9233433 1.804484
2.995464 0.9099396 2.790671 0.6299161 0.8747033 1.328361
3.817593 0.3809233 2.693797 0.8546567 0.8472154 1.003454
7.914894 -3.321716 7.95899 5.286079 3.428541 2.489565
4.463442 -0.658818 5.637269 1.394715 1.258242 2.37473
2.39778 1.835844 1.715851 0.4382193 0.8616318 0.8752168
2.155394 2.335458 1.362643 0.5382704 1.301196 1.026553
4.509397 -0.5411346 4.519838 1.345119 1.162398 1.733872
3.507582 0.2873156 3.519959 0.8003637 0.8951884 1.442168
4.212096 -0.3584862 4.302234 1.174786 1.082196 1.663589
2.729027 1.222257 2.060214 0.5529467 0.8513464 0.9666561
4.792223 -0.7104781 5.218513 1.500802 1.243537 2.049289
4.050524 -0.1453045 3.798539 1.046354 0.9913717 1.442059
6.716557 -2.505528 8.460819 4.029811 2.84258 3.431476
3.536296 0.2010632 3.785799 0.8786272 0.9838486 1.677333
2.295244 2.184847 1.423859 0.6072027 1.337781 1.107938
3.433201 0.3367719 3.488153 0.7824845 0.8986612 1.461453
2.48118 1.834582 1.671434 0.477614 0.9065234 0.892045
2.983063 0.9085016 2.84067 0.6200274 0.8657792 1.342939
1.618455 3.811188 0.7020223 0.5944559 2.40805 0.7845765
3.254916 0.7052314 3.182301 0.7047718 0.8878889 1.484505
2.606132 1.584747 1.795104 0.4963603 0.8497983 0.8800515
3.200457 0.8327377 2.238478 0.5836088 0.7075407 0.7918864
2.481868 1.622589 2.038637 0.521931 0.9737074 1.184587
2.168183 2.214068 1.271098 0.4032293 0.9216507 0.6698777
4.009023 0.09380264 3.724867 0.9653459 0.936747 1.490673
2.901081 0.8306491 3.19524 0.6934086 1.011604 1.776784
2.402068 1.801247 1.832014 0.4797517 0.9467901 1.035284
2.717233 1.662829 1.605335 0.4656693 0.7618754 0.699154
3.502183 0.772464 2.221585 0.7010592 0.774265 0.8397825
2.100716 2.708141 1.04407 0.5292913 1.383921 0.7920664
3.644217 0.07544067 4.02687 0.9196345 0.9965192 1.740217
2.052019 2.710749 0.8955775 0.4709436 1.224417 0.583277
1.924068 2.904664 0.9014281 0.5157155 1.509385 0.7187178
3.112038 1.236457 1.917785 0.6210937 0.8289356 0.8630843
2.559882 1.780004 1.585932 0.5118765 0.9202898 0.8426664
3.263034 0.5916588 3.082473 0.7501942 0.9245574 1.424702
2.913008 0.8090823 3.219043 0.618472 0.8872578 1.558321
2.873653 1.186215 2.289873 0.5752839 0.8503606 1.092308
3.708388 0.1872185 3.402991 0.8575487 0.890334 1.309485
2.958213 0.8410347 2.766392 0.6169303 0.8544051 1.256035
2.159566 2.671516 0.8952422 0.5644982 1.384178 0.6590261
2.85052 1.331408 1.871984 0.5272098 0.778809 0.8068211
2.616834 1.626426 1.729653 0.4932171 0.8445174 0.8419846
2.47403 1.803736 1.645745 0.5020524 0.9490565 0.9135716
2.635407 1.5147 2.140835 0.5282215 0.9100901 1.156424
3.427984 0.2150887 4.442799 0.8605694 1.021976 2.151745
3.625266 0.1691579 3.959532 0.8632986 0.9413669 1.67329
2.634129 1.77651 1.373125 0.4398227 0.7402473 0.5691243
3.180655 0.7250522 3.013365 0.6869652 0.8809929 1.386092
2.280436 2.034176 1.552689 0.5405225 1.167969 1.066735
2.310046 2.265568 1.285522 0.4991063 1.0946 0.8070312
3.221988 0.7200165 2.728928 0.6572742 0.8130181 1.126239
3.744603 -0.01543544 4.421254 0.996993 1.062476 2.009041
2.503577 1.758316 1.843498 0.4793107 0.8969242 0.9838376
2.525684 1.510648 2.107543 0.5125125 0.9181071 1.143004
3.7368 -0.03014716 5.203602 1.023407 1.122494 2.606624
3.083097 0.6847422 3.785904 0.7074762 0.9695885 2.003196
4.142382 -0.22127 4.28935 1.069125 1.001152 1.638933
2.794783 1.309829 1.926005 0.5096763 0.7667232 0.8184215
3.907811 -0.01589433 4.436824 1.032639 1.054259 2.0026
2.879384 0.8044263 3.097116 0.6231473 0.8992698 1.502598
2.8014 0.9619872 3.003963 0.6376771 0.9745479 1.649484
3.122541 0.8267968 2.634495 0.6248625 0.8064475 1.107041
2.449078 1.951044 1.568699 0.4373542 0.8537405 0.7871568
2.747 1.150736 2.535114 0.5711663 0.8949134 1.293548
2.977157 0.9720444 2.330211 0.545161 0.7371147 0.9083929
2.785616 1.428875 1.992228 0.5169542 0.8100583 0.9266054
2.396529 1.799342 1.959279 0.4571519 0.9166758 1.092027
2.680191 1.399867 1.991548 0.5902088 0.9636125 1.093492
3.139313 0.575175 3.101631 0.6968291 0.8892357 1.374234
3.748861 0.01001241 4.351086 0.9470501 1.002444 1.875408
2.357636 2.174518 1.164975 0.4406974 0.9066035 0.5933917
3.562115 0.326641 3.655515 0.8334541 0.9309731 1.601364
2.990484 1.356537 1.977439 0.5498991 0.7859413 0.8760607
2.862242 0.8728245 3.01163 0.580214 0.8455644 1.396463
2.667933 1.441772 2.077532 0.5011614 0.8297518 1.002478
2.382425 1.932739 1.537907 0.5219454 1.04686 0.9378494
2.956513 1.182594 2.417205 0.5909221 0.8558048 1.174008
2.810014 1.476178 1.815223 0.5133616 0.7908921 0.8127012
2.529631 1.637934 1.816095 0.4228289 0.7539603 0.8027139
2.81817 0.950685 2.708333 0.5552008 0.8179045 1.212035
2.601221 1.814537 1.777885 0.5113539 0.9309004 0.9842681
2.084195 2.496329 1.082693 0.3671683 0.912401 0.5497801
2.355834 2.02847 1.580273 0.4947292 1.030889 0.9612851
2.766581 1.297733 2.164785 0.498976 0.7710133 0.9483674
3.465237 0.3019915 3.516585 0.8007131 0.9093212 1.472895
3.37418 0.8156628 2.655386 0.693328 0.829547 1.146268
3.225879 0.516115 3.333063 0.7083778 0.8804389 1.455372
4.041636 -0.1098871 3.950219 1.088504 1.047802 1.634046
2.450005 1.670031 1.838761 0.5023326 0.9432686 1.019725
2.661801 1.678562 1.692461 0.4462604 0.754599 0.7411568
3.613928 0.2753029 3.380818 0.856768 0.9261759 1.410129
2.336157 2.087772 1.293736 0.4070585 0.8346855 0.6161388
3.131018 0.9950106 2.651669 0.6346897 0.8477073 1.239072
2.818193 1.446272 1.687242 0.4931723 0.742166 0.6948562
2.527852 1.744197 1.733954 0.5296907 0.9720782 0.9871339
3.222822 0.8605194 2.64062 0.6111717 0.7664592 1.068725
1.675758 3.747039 0.6432433 0.418276 1.60469 0.4796016
3.835773 -0.01745003 4.419478 0.926705 0.953821 1.796411
2.954541 0.8194013 3.567757 0.6292938 0.9082984 1.822441
3.401715 0.4464371 3.27756 0.7469775 0.8670174 1.360744
2.885268 0.6495001 3.982569 0.5882282 0.8537936 1.852415
2.594912 1.943085 1.246892 0.4003123 0.7023116 0.4917356
3.165166 0.9182017 2.453862 0.6072477 0.7748083 1.002521
3.292586 0.8002027 2.223712 0.6337261 0.7455488 0.8176305
2.705192 1.420605 1.872937 0.5245544 0.8373997 0.8852453
3.262808 0.3731458 4.127845 0.7687285 0.9641749 1.978878
2.964196 1.254353 2.384015 0.5924147 0.8681771 1.192521
4.096781 -0.4142 5.268434 1.194558 1.168726 2.288768
3.191817 0.9905653 2.294389 0.6141197 0.7805134 0.9509277
2.6081 1.61484 2.048328 0.5052581 0.8912327 1.088941
3.316393 0.8145515 2.456286 0.660028 0.7894488 0.9867149
3.901497 0.07284173 3.272995 0.9526144 0.9277146 1.23215
3.573957 0.6166281 2.409757 0.7472612 0.801012 0.9083884
4.150885 -0.382407 5.444719 1.124041 1.081239 2.230505
3.500752 0.4013281 3.255941 0.7942847 0.8933456 1.369321
2.837673 1.399584 1.876079 0.5088634 0.7662106 0.8083539
3.316628 0.7278789 2.651531 0.6838293 0.8184492 1.093686
3.062539 0.8702525 2.583361 0.5648801 0.7411957 1.00755
3.369748 0.2821975 3.549499 0.8251186 0.9678094 1.572893
3.877404 0.1580771 3.443895 0.9359814 0.9341067 1.382609
3.033175 0.8249571 2.75431 0.5921804 0.7923492 1.152701
2.679164 1.299195 2.200429 0.4987984 0.8022331 1.009354
3.514523 0.1444056 4.086177 0.8651615 0.9798881 1.800182
3.663631 0.4929767 2.794017 0.7657904 0.8046577 1.048985
2.961421 1.059883 2.491835 0.5843477 0.8262268 1.139364
3.944786 -0.07224961 3.656814 1.022994 0.9957959 1.427946
2.388833 1.977133 1.150774 0.4140143 0.7912589 0.5027809
4.444395 -0.632209 5.4758 1.408291 1.273379 2.343942
3.968138 -0.03074525 3.328036 1.02375 0.9787066 1.264552
3.447258 0.1613749 4.480473 0.9234489 1.093879 2.287257
3.399841 0.5466258 3.228595 0.7460114 0.877946 1.407294
2.715788 1.552546 1.63888 0.4668777 0.7421214 0.6829531
3.315192 0.5115957 2.987173 0.68173 0.8020784 1.148291
2.851899 1.128882 2.072905 0.5377826 0.7742506 0.8664824
3.358095 0.7562506 2.319492 0.6612042 0.7633045 0.8684118
3.540954 0.2573323 3.278677 0.8334082 0.9115937 1.321615
3.44792 0.2980201 3.492091 0.7655729 0.867635 1.387015
2.920575 0.7817201 2.837422 0.57862 0.8018534 1.192238
3.606245 0.2377544 3.765844 0.8973769 0.9892037 1.703136
3.72398 0.3311317 3.094986 0.8561401 0.8887869 1.236627
2.825641 1.383795 1.876417 0.5404903 0.8178516 0.8594273
3.18998 0.8910893 2.461285 0.6105421 0.7685001 0.9890337
3.077175 1.040446 2.2216 0.6156055 0.8180305 0.9710502
3.497185 0.3666046 3.569171 0.7682817 0.8706342 1.477708
2.920203 1.055764 2.585519 0.6098018 0.8823659 1.271365
3.332975 0.4631567 3.531577 0.7996815 0.9708664 1.693351
2.047926 2.439631 1.249777 0.5460761 1.408162 1.001841
3.218951 0.7744718 2.900325 0.6856129 0.8693168 1.324449
2.735906 1.449451 2.096788 0.4774363 0.76752 0.9376413
2.615957 1.471918 1.730272 0.4622453 0.7579222 0.7355384
3.024954 1.321526 1.695818 0.5696706 0.7770637 0.709069
3.19982 0.3680665 4.25355 0.7584173 0.9729274 2.063874
3.297052 0.888069 2.252463 0.6643834 0.8000361 0.9198602
3.360932 0.5546304 2.778209 0.6540029 0.7501996 0.9958005
4.312026 -0.7693965 6.866008 1.500006 1.450482 3.373526
4.776168 -0.9549425 6.272308 1.66437 1.428884 2.653893
2.997003 0.5879067 3.251357 0.6682878 0.9018856 1.484639
2.518209 1.589557 1.857428 0.4926721 0.8795394 0.9492851
3.439473 0.5248296 2.950023 0.7274211 0.8278626 1.173798
3.318602 0.8174669 2.461618 0.6409793 0.7659765 0.9635696
2.805743 1.330186 1.987761 0.4894585 0.7392352 0.8256496
2.71409 1.866472 1.254043 0.4483677 0.736746 0.5123835
2.78268 1.37638 1.892267 0.4924243 0.7525482 0.7988578
3.031715 0.6443276 3.436504 0.7172309 0.9800832 1.769729
2.803757 1.092743 2.766174 0.5960557 0.9185664 1.457067
3.086547 1.091753 2.013847 0.6320683 0.8321305 0.8850356
2.95216 1.23411 2.305198 0.5624686 0.8165825 1.071366
2.900434 1.127334 2.264294 0.5876482 0.8491605 1.060034
4.138512 -0.3832432 5.008397 1.145283 1.09445 2.02431
4.912408 -1.467982 7.002794 1.937491 1.665549 2.697361
2.989292 1.077242 2.439666 0.6268164 0.8821067 1.190545
1.994134 3.017236 0.8818752 0.569952 1.646577 0.757836
2.615096 1.819952 1.667502 0.4341029 0.7696816 0.7538288
3.364973 0.6821712 2.438518 0.6580142 0.7525896 0.8858903
3.658856 0.4036568 2.970704 0.811748 0.8587152 1.171327
3.204327 0.8783017 2.629348 0.6493733 0.8262507 1.151955
1.910689 2.827417 0.979523 0.3089267 0.8902738 0.4716564
4.555934 -0.8423445 6.348262 1.488469 1.334026 2.662648
3.19404 0.7330796 2.902804 0.6840838 0.8678966 1.304519
4.134631 -0.07878899 3.579958 1.027494 0.9449153 1.310819
3.158968 0.9648696 2.281061 0.568448 0.7192457 0.8613236
2.560714 1.592676 1.819185 0.4261212 0.7404337 0.7830967
2.683019 1.512014 1.750218 0.4995549 0.8103914 0.8026872
2.088593 2.555197 1.160663 0.3069229 0.7738316 0.5078354
2.923014 0.9224922 2.66189 0.5560997 0.7794083 1.118516
2.745119 1.325533 2.071599 0.5605959 0.8807889 1.033102
3.142371 1.177958 2.10954 0.5821603 0.7683769 0.8882345
3.635242 0.2012849 3.766295 0.837003 0.9043921 1.531762
3.318195 0.5642517 2.970954 0.7288094 0.8693935 1.262729
2.744596 1.49786 2.100793 0.5593108 0.9181618 1.1351
3.071455 0.8814614 2.519645 0.6004266 0.7880987 1.040918
4.255408 -0.228455 4.054147 1.188739 1.084384 1.649707
2.746303 1.366907 2.254389 0.559408 0.8998912 1.181966
2.292109 1.971124 1.428924 0.440926 0.9119466 0.7508028
3.006227 1.063385 2.315814 0.5904159 0.8111603 1.020383
3.4256 0.2051569 3.721011 0.7413607 0.8413381 1.400565
2.286761 1.68746 2.268798 0.4319024 0.898927 1.256543
3.570118 0.2578767 3.365868 0.8686173 0.9501465 1.428271
2.528172 1.51411 2.19235 0.5225341 0.9440733 1.235089
2.979582 0.8235289 2.868205 0.5786207 0.792187 1.21063
3.621964 0.57535 2.874038 0.8270598 0.9036458 1.264629
2.139475 2.292956 1.301395 0.4673981 1.113761 0.8320356
3.480013 0.3288778 3.643153 0.7733676 0.8783913 1.501883
3.314779 0.442977 3.468018 0.7350585 0.8849789 1.493655
3.33574 0.5655297 3.010679 0.6682665 0.7901466 1.173532
2.745522 1.306985 2.253522 0.5843903 0.9300771 1.205535
3.07539 0.9865118 2.393755 0.5683256 0.7529457 0.9681571
2.812343 1.259652 2.286916 0.5732412 0.880552 1.149121
2.770356 1.208781 2.601841 0.542905 0.8544164 1.293804
2.529565 1.817133 1.778678 0.5246702 0.9841526 1.039982
3.615761 0.227122 3.801922 0.8415772 0.9202225 1.597683
3.11431 1.089516 2.107005 0.5711976 0.7458103 0.8414123
3.538288 0.4448072 3.071133 0.7821392 0.8639514 1.247755
