2.965003 1.104198 0.7092635 0.1772394 0.1876069 0.05134792
3.070188 1.0602 0.7184324 0.1874873 0.1906392 0.05211057
2.933703 1.015485 0.779619 0.1807929 0.1945653 0.0583914
3.039341 0.9520982 0.7056493 0.1911309 0.1913089 0.04882076
3.039053 1.09221 0.7210845 0.1836682 0.1899377 0.05284065
2.943378 0.9491951 0.7375025 0.184302 0.1926424 0.052206
2.80283 1.232756 0.6671966 0.1597406 0.1810057 0.04796736
3.145941 0.9123761 0.7113998 0.2001973 0.19274 0.0488926
2.968361 1.054413 0.7659099 0.1809644 0.193281 0.05753324
3.009598 0.9716868 0.7652507 0.1882366 0.1948459 0.05596427
2.840091 1.150001 0.7088926 0.168787 0.1883393 0.05237043
3.391706 0.6181225 0.8662319 0.2384434 0.2135897 0.06187116
3.102888 0.9620482 0.7796069 0.1947142 0.1959475 0.05747539
2.863565 1.171969 0.7009254 0.1692041 0.1877125 0.05183174
3.035143 0.8994562 0.7896497 0.1931882 0.1973345 0.05742775
3.291831 0.8026138 0.7914279 0.2186829 0.2029959 0.05666053
2.999807 1.03206 0.7276882 0.1841631 0.1909864 0.05252689
3.048875 1.030069 0.7471773 0.1877244 0.1929694 0.05496605
3.055416 0.9518553 0.7555031 0.1926215 0.1951483 0.05461813
2.877158 1.086281 0.7495552 0.1737849 0.191598 0.05607652
3.223589 0.7491518 0.8641873 0.2184198 0.2094094 0.06424982
2.956782 1.043657 0.7242961 0.1800183 0.1900781 0.05228993
3.074445 0.934897 0.7682851 0.1964726 0.1981245 0.0562537
2.864065 1.169909 0.6686061 0.1703721 0.1868622 0.04834195
2.854176 1.170104 0.7004005 0.1683651 0.1873252 0.05167389
2.854707 1.247487 0.6551404 0.1652636 0.1837346 0.04761305
2.999355 1.138461 0.6764282 0.1782272 0.1856978 0.04828756
3.077784 0.9367415 0.8188772 0.1951985 0.1997162 0.06195451
2.874322 1.1951 0.6799198 0.1681309 0.1854984 0.04964247
3.320684 0.6152488 0.8577419 0.2361831 0.2157049 0.06146098
3.146378 0.8848486 0.8337471 0.2042507 0.2034142 0.06316501
3.112449 0.9422326 0.7425246 0.197153 0.1949205 0.05305811
2.790503 1.168122 0.7127896 0.16552 0.1890269 0.05328761
2.96941 1.168507 0.6811498 0.1751486 0.185608 0.04924604
2.825891 1.040357 0.7514009 0.1733538 0.1930483 0.05574031
3.054943 0.9940647 0.7404234 0.1916932 0.1947239 0.05388902
2.974192 0.9809467 0.7713529 0.1865107 0.1960865 0.05710009
2.78425 1.142279 0.7072667 0.1657347 0.1880523 0.05196562
2.872786 0.9465889 0.8221912 0.1807163 0.1985666 0.06223949
2.829937 1.251994 0.6820712 0.1633964 0.1854791 0.05084833
2.849071 1.217294 0.7236928 0.1662024 0.1889953 0.05544232
3.135772 0.9364352 0.7216254 0.1995087 0.1942086 0.05069266
3.037454 1.030399 0.7235459 0.1872594 0.1917306 0.05228506
2.759449 1.135494 0.7330372 0.1659974 0.1916978 0.05539302
2.923395 0.9888301 0.7372142 0.183081 0.1939318 0.05327191
2.825169 1.291227 0.6739305 0.1610082 0.1842186 0.05040722
3.045014 0.9636522 0.7391788 0.1911768 0.1938233 0.05293986
3.128471 0.9120864 0.7824303 0.2005386 0.1987585 0.05732946
3.352773 0.6181699 0.8295142 0.2371546 0.2128164 0.05802692
2.862092 1.219118 0.6910842 0.1662762 0.1858313 0.0512675
2.968428 0.9614657 0.7721111 0.1875868 0.1969034 0.05692663
2.96742 1.152071 0.6619634 0.1759097 0.1849524 0.04695633
3.062622 0.9816094 0.7298412 0.1921962 0.1934958 0.0522678
2.829131 1.142292 0.6676435 0.1701956 0.1876759 0.04791036
2.885333 1.053201 0.7677384 0.1769807 0.1945131 0.05799371
2.968405 1.063127 0.7308815 0.1805924 0.1906118 0.05339514
2.912503 1.106468 0.7556878 0.1751319 0.1917633 0.05715762
2.557396 1.465813 0.6564364 0.1400904 0.1840071 0.0514363
2.730887 1.337911 0.6543032 0.153687 0.18294 0.04892386
2.971876 0.9464558 0.8114882 0.1868266 0.1977905 0.0609118
2.958578 1.019513 0.7587127 0.1829043 0.1940043 0.05615487
2.982358 1.101882 0.7282746 0.1798994 0.1907588 0.05401828
3.084609 0.8605542 0.7945013 0.2010934 0.2009696 0.05784746
3.02697 0.9669528 0.7306053 0.1910179 0.1944161 0.05228324
2.944077 1.141231 0.6825037 0.1747347 0.1861481 0.04906321
3.099389 0.886008 0.8082586 0.2009008 0.2016832 0.06008556
2.689276 1.302662 0.7001775 0.1523035 0.1856134 0.0537335
3.068204 0.692248 0.9009471 0.210246 0.2120359 0.06715353
3.286758 0.6794467 0.8768924 0.2288711 0.2139769 0.06481004
3.065788 0.9508291 0.749453 0.1945655 0.1960276 0.05418473
3.071747 0.8924361 0.7624328 0.1971977 0.197047 0.05442786
2.876006 1.143958 0.719261 0.172244 0.1903554 0.05380993
2.863492 1.117552 0.7098635 0.1709169 0.1880351 0.05179204
3.244383 0.8217418 0.7981929 0.2148827 0.2031643 0.05780763
3.140422 0.8683193 0.7657234 0.2046543 0.1993999 0.05474746
2.70761 1.489505 0.5865323 0.14528 0.1762894 0.04282548
3.171094 0.6932902 0.8554837 0.2170705 0.2090968 0.0616893
2.794227 1.300213 0.6583096 0.1580498 0.1819782 0.04842993
2.787824 1.261726 0.6797847 0.1600253 0.1847887 0.05064751
2.594304 1.528593 0.5982758 0.1397476 0.179675 0.04523085
3.226968 0.6575193 0.871009 0.2261177 0.214357 0.06367685
3.395722 0.5085888 0.8954453 0.2489494 0.221473 0.06351285
2.980522 1.153297 0.6767206 0.1758338 0.1849613 0.04842733
2.656833 1.391233 0.6572919 0.1477906 0.1835822 0.05026722
2.620849 1.352613 0.6923015 0.1482364 0.1871598 0.05416289
2.855717 1.11112 0.7591021 0.1724275 0.1930898 0.05797116
2.705973 1.360428 0.7017668 0.1521989 0.1869032 0.05522854
2.673016 1.363599 0.6586252 0.1502055 0.1839568 0.04998817
3.153 0.7232016 0.8772803 0.2167141 0.2124761 0.06570329
3.089438 0.9553754 0.7885766 0.1946687 0.197343 0.05863639
3.232623 0.8691146 0.7332256 0.209309 0.196342 0.0509137
2.653837 1.395686 0.6629684 0.1480836 0.1846705 0.05117741
3.223002 0.951248 0.715239 0.2039007 0.1930961 0.05011607
2.962069 1.049449 0.7033761 0.1806238 0.1891391 0.05008444
2.823149 1.133514 0.7250033 0.1688061 0.1900163 0.05412898
2.946967 1.027142 0.7517199 0.1823696 0.1943484 0.05573274
3.351708 0.6657829 0.7916125 0.2325639 0.2078367 0.05446216
2.523064 1.499485 0.6292958 0.1360538 0.1805726 0.04823525
3.231437 0.6958981 0.8056642 0.2217242 0.2071887 0.0564042
2.768809 1.111273 0.7569804 0.1672911 0.1931184 0.05776089
2.833676 1.053309 0.7516079 0.1737792 0.1933366 0.05600292
2.855765 1.155989 0.7098907 0.168919 0.1878022 0.05247249
2.794941 1.197869 0.7496926 0.1645672 0.1915066 0.05844094
3.238243 0.7824455 0.7773305 0.2150329 0.2011054 0.05431321
2.962645 1.05471 0.7048037 0.1798245 0.1882532 0.05008412
2.902644 1.023389 0.7483164 0.1788093 0.1927925 0.05488419
2.918623 1.224069 0.6746227 0.1685513 0.1838603 0.04923697
3.161222 0.8988402 0.7664636 0.2039676 0.1986124 0.05535201
2.938859 1.132445 0.7011415 0.1749422 0.1877494 0.05115945
2.956771 1.18745 0.6845336 0.1744168 0.187006 0.05029698
2.960551 0.9390337 0.8113266 0.1886485 0.2001009 0.06127532
2.831857 1.060446 0.7437505 0.1725692 0.1920519 0.05506138
2.882224 1.128233 0.7859224 0.1738077 0.1953118 0.06182023
3.115749 0.8230246 0.8036817 0.2053104 0.2024134 0.05820211
3.13984 0.8232122 0.7754466 0.2084261 0.202275 0.05533517
3.249569 0.8136414 0.7512014 0.2147861 0.1996469 0.05214094
2.941102 1.194892 0.7192418 0.1728773 0.1890291 0.05450366
2.901994 0.9818846 0.8206795 0.182435 0.1996745 0.06324272
3.207452 0.9204166 0.7425536 0.2038512 0.1948301 0.05257382
2.82125 1.081424 0.7847159 0.1709642 0.1942638 0.06035966
3.005315 0.9279651 0.7803719 0.192305 0.1989095 0.05753096
3.073855 0.9150834 0.7867126 0.1974616 0.1995306 0.05801316
3.139536 0.7897945 0.8156663 0.2092197 0.2043343 0.05905046
2.782168 1.263588 0.6966451 0.1606743 0.1872292 0.05301818
2.960521 1.066575 0.751088 0.181143 0.19337 0.05624319
2.81833 1.134511 0.7194714 0.1677179 0.1885683 0.05318742
2.802046 1.365758 0.637873 0.1565601 0.1812253 0.04723232
3.324786 0.710899 0.8137239 0.2276099 0.2075043 0.05762904
3.00262 0.9839236 0.7482806 0.1868407 0.1935484 0.05425531
2.758325 1.172691 0.7648962 0.1615624 0.1903514 0.05924711
2.856187 1.062547 0.7462509 0.1732462 0.1909068 0.05500826
3.251309 0.7662699 0.748881 0.2185971 0.2014823 0.05125695
2.642406 1.372175 0.6671228 0.1465038 0.1821108 0.05055241
3.191625 0.8973673 0.7105812 0.2059838 0.1949494 0.04896719
2.955526 1.047775 0.761652 0.1824117 0.1951745 0.05740958
2.897743 1.106115 0.722511 0.1745964 0.1902507 0.05337148
3.124143 0.9377293 0.7344113 0.1973781 0.1937666 0.05190457
2.967743 1.019186 0.7809643 0.1843723 0.1963564 0.05905001
2.869472 1.139013 0.7274919 0.1686067 0.1867387 0.05365648
2.640262 1.312754 0.6763041 0.1499954 0.1846773 0.05112159
3.470571 0.5357773 0.8343817 0.2544588 0.2189402 0.05768424
3.481916 0.4629465 0.9032362 0.2617706 0.2267588 0.06421626
2.992424 1.034623 0.726015 0.1842285 0.1918396 0.05265053
3.072016 0.8595143 0.8014934 0.1993655 0.2003137 0.05834804
3.241412 0.7660139 0.7920751 0.2195097 0.2057593 0.0564518
2.936799 1.049272 0.7291134 0.1799934 0.1917378 0.05324951
2.981114 0.9520019 0.7725197 0.1886665 0.1970742 0.05683584
2.895604 1.166068 0.6806836 0.1706418 0.1859394 0.04931986
3.057799 0.9821738 0.7451568 0.1905939 0.1933462 0.05381539
2.848332 1.27326 0.644215 0.1621173 0.1807652 0.04629121
2.844759 1.132847 0.7304808 0.171439 0.1917291 0.05506624
3.038651 0.9153851 0.7966397 0.1957094 0.2006265 0.05931472
2.805625 1.262225 0.6644826 0.1617375 0.1846453 0.04906477
3.096661 0.8405758 0.8263951 0.2034563 0.203832 0.06133624
3.024148 1.113535 0.7253817 0.180524 0.1888085 0.05345946
3.336249 0.6852721 0.8346754 0.2306235 0.2099833 0.05963311
3.062737 0.8732535 0.7973588 0.1982328 0.2001036 0.05822768
2.961905 1.021541 0.7452939 0.183433 0.1937169 0.05477235
2.758765 1.201225 0.6863851 0.1615183 0.1863433 0.05059115
2.735799 1.328985 0.6597203 0.1565514 0.1858303 0.04995827
2.751103 1.252669 0.6815082 0.15774 0.184288 0.05055056
2.96491 1.074581 0.7304433 0.1799557 0.1910632 0.0537723
2.932542 1.100528 0.7484144 0.176518 0.1915802 0.05628101
2.655003 1.309347 0.7272445 0.1511186 0.1883306 0.05738692
2.951379 1.001628 0.7700587 0.1827411 0.1943864 0.05703314
2.928609 1.010206 0.7153013 0.1823243 0.1923128 0.05117159
3.172085 0.9470625 0.7053968 0.2006284 0.1924001 0.04894109
2.999808 1.051105 0.7219971 0.1854902 0.1929868 0.05282733
2.923842 1.004085 0.7314253 0.1822347 0.1932678 0.05286563
2.991239 1.072582 0.7246186 0.1833989 0.1923253 0.053376
3.154687 0.794733 0.8512862 0.209957 0.2064079 0.06338206
2.785998 1.33849 0.6722301 0.1564997 0.1836337 0.05092124
3.341551 0.8039138 0.8043039 0.2219153 0.2035677 0.05809902
2.996746 0.9138545 0.7737857 0.1921855 0.1984061 0.05640334
2.777975 1.195867 0.7087408 0.1630631 0.1878478 0.05311713
2.891805 1.116168 0.7270327 0.1730124 0.1894749 0.05384953
3.095993 0.8751125 0.7889672 0.2009601 0.2004078 0.05752191
2.998135 1.058747 0.731393 0.1819396 0.1900901 0.05325298
3.256751 0.7576731 0.8180468 0.2198808 0.2063704 0.05899841
2.916607 1.127044 0.732066 0.1750613 0.1906755 0.05484028
3.166975 0.7650751 0.8503869 0.2132539 0.2077508 0.06281248
3.002563 1.051767 0.7572829 0.1852148 0.1947773 0.05690584
2.775201 1.162256 0.7022376 0.164259 0.1878894 0.05185338
3.199168 0.8360421 0.8036078 0.2109031 0.2031167 0.05871494
3.32319 0.6017829 0.8658884 0.2366558 0.216124 0.06202467
3.078199 0.9008818 0.7757691 0.1990187 0.1995588 0.0565433
2.906691 1.110095 0.7594747 0.1747454 0.1926403 0.05795152
3.053965 0.9213196 0.7911591 0.1934633 0.1969531 0.05794404
3.292472 0.6811998 0.8519486 0.2276684 0.2108404 0.0614575
2.817074 1.273478 0.6995182 0.1615471 0.1866905 0.05339668
2.694057 1.245506 0.7425326 0.1565035 0.1905188 0.05838014
2.821483 1.139732 0.7142239 0.1692971 0.190192 0.05316025
2.71745 1.306849 0.664226 0.152896 0.1818507 0.04914083
2.991131 0.9833596 0.7557701 0.1880496 0.1957699 0.05547651
3.034209 1.034333 0.7751284 0.186318 0.1942069 0.05822836
2.915202 1.118423 0.6992181 0.1751437 0.1886629 0.05087046
2.943449 1.089764 0.7310472 0.1777953 0.1905857 0.05400239
3.326269 0.6858499 0.8575574 0.2289764 0.210528 0.06212557
2.989722 0.8160966 0.8024457 0.1962614 0.2013593 0.05765988
3.005746 0.9111707 0.8202993 0.1922985 0.200666 0.06172418
2.889038 1.02688 0.7109734 0.1787236 0.1913361 0.05084246
2.850877 1.201973 0.7159066 0.1676399 0.1892238 0.05434942
2.848369 1.14274 0.7145721 0.1700941 0.1892563 0.05300722
2.814913 1.185739 0.6892691 0.1654259 0.1863375 0.05056768
3.093626 0.9787716 0.7557652 0.1937924 0.1949204 0.05518674
3.379537 0.5662992 0.8240901 0.2434888 0.2152406 0.0566846
3.35175 0.677623 0.7893404 0.2329097 0.208364 0.05460867
3.012984 0.9942065 0.743395 0.1878279 0.1938229 0.05401921
3.079897 0.7519961 0.8457762 0.2084889 0.2083758 0.06218756
2.754168 1.151689 0.7809753 0.1645087 0.1942514 0.06155592
2.785745 1.179403 0.7253776 0.1649541 0.1902129 0.0551483
2.950045 1.061966 0.7074079 0.1789292 0.1886876 0.05060911
3.359349 0.6421783 0.8194271 0.2365859 0.2119301 0.05744817
2.90814 1.134199 0.7466718 0.1734842 0.1911049 0.05669143
2.79054 1.264001 0.721845 0.1602256 0.1874875 0.05570498
3.171139 0.8909476 0.7653343 0.2022248 0.19585 0.0544198
2.953538 1.049195 0.7364123 0.1799972 0.1910295 0.05381217
3.019547 0.8831336 0.7630881 0.1958401 0.198979 0.05476286
3.272754 0.7816631 0.7482299 0.2191879 0.2010705 0.05144231
3.352099 0.7424142 0.7890639 0.2276687 0.2052347 0.0554242
3.319292 0.697945 0.810899 0.2297281 0.209361 0.05745834
2.98126 1.062819 0.764718 0.1829324 0.1945515 0.05786046
2.888257 1.09613 0.7479844 0.1748945 0.1924112 0.05632702
3.165412 0.9164509 0.7402698 0.2027831 0.1962348 0.05258299
2.97805 0.9956935 0.7488351 0.1856524 0.1942587 0.05471132
2.875461 1.196247 0.6679101 0.1679312 0.1843618 0.04818769
2.740171 1.206021 0.7327013 0.1598113 0.1887782 0.05606899
3.033694 0.782472 0.8278513 0.2025609 0.2051203 0.06026445
3.416742 0.6760295 0.7828419 0.236723 0.2071933 0.05367038
2.783832 1.260607 0.6682004 0.1607734 0.1849497 0.04945427
2.853054 1.073563 0.7396521 0.1738479 0.1923391 0.05499031
3.259617 0.9348107 0.7588386 0.2047018 0.1938815 0.05427198
3.168022 0.5835314 0.9024308 0.2269894 0.2187195 0.06578729
3.114801 0.9566268 0.7390369 0.1947428 0.1927792 0.05255516
3.001547 1.036679 0.6971267 0.1836228 0.1887273 0.04911218
2.843851 1.098566 0.7477182 0.1723161 0.1927677 0.05646093
2.655832 1.304737 0.7301643 0.1516652 0.189338 0.05794416
2.912951 1.075206 0.7352644 0.1761846 0.1903705 0.05405236
2.947189 1.065954 0.7527392 0.1785681 0.1915418 0.05595837
2.944637 1.034376 0.740655 0.1810733 0.1923644 0.0542276
2.786688 1.220101 0.683711 0.1611519 0.1845366 0.05023572
2.775492 1.151681 0.6966592 0.1637094 0.1863708 0.05073689
3.321573 0.6436977 0.9099823 0.2309242 0.2143022 0.06727546
2.909955 1.015386 0.772276 0.1804105 0.1953753 0.05783622
3.599519 0.5100819 0.8254218 0.2668359 0.2202504 0.05641233
3.179863 0.8167261 0.7914069 0.2096613 0.2017271 0.05667112
2.996773 1.034553 0.7143159 0.1845297 0.1910863 0.05129933
3.140534 0.7613427 0.8332002 0.2122969 0.2074719 0.06087427
2.84477 1.211235 0.7122084 0.1651986 0.1870769 0.05364063
3.045769 1.031232 0.7094181 0.1869303 0.1898036 0.05042312
3.070284 0.8404569 0.8073389 0.1988975 0.1996305 0.05831589
2.868031 1.094687 0.7823314 0.1746681 0.1957422 0.06081483
2.544403 1.54759 0.6221169 0.1362562 0.1810967 0.04827922
3.221132 0.6926722 0.813682 0.2221579 0.2085506 0.05739888
3.140835 0.8391699 0.7453406 0.2054649 0.1978011 0.0517096
3.230251 0.7583551 0.7872154 0.2189606 0.2053897 0.05569776
3.102367 0.839369 0.8029289 0.202981 0.2015135 0.05831947
2.861415 1.11905 0.7129871 0.1730226 0.190345 0.05260211
3.086178 0.8744509 0.7612267 0.2005606 0.1987574 0.05427898
3.268583 0.720353 0.7873275 0.2239231 0.2063331 0.05497425
3.235895 0.7010304 0.8282984 0.2224597 0.2089961 0.05918582
3.194012 0.720743 0.8164259 0.2185628 0.207837 0.05821466
2.837782 1.162386 0.7354921 0.1691187 0.1911581 0.05606555
3.038915 0.9782803 0.7474547 0.1917473 0.1957064 0.05449643
2.712348 1.226806 0.6888914 0.1574645 0.1860639 0.05125956
2.941351 1.00594 0.7801142 0.1836763 0.1969456 0.05883016
3.372833 0.8337576 0.7309677 0.2210854 0.1972307 0.0500943
2.768266 1.118492 0.7505732 0.1657543 0.1913433 0.05681048
2.921291 1.064972 0.7855689 0.1761798 0.1926405 0.05964426
2.837135 1.146706 0.7273798 0.1683775 0.1895494 0.05457258
2.914298 1.158587 0.6941541 0.1719639 0.1867251 0.05071673
3.21121 0.7495636 0.7917726 0.2182343 0.205959 0.05606515
3.091319 0.891348 0.7720835 0.1986513 0.197793 0.05554692
2.916653 1.115037 0.7060213 0.1750512 0.1884525 0.05140465
2.530257 1.704674 0.56767 0.1293603 0.1770756 0.04372966
2.92333 1.085997 0.7381461 0.175331 0.1893777 0.05433886
3.351784 0.7230733 0.7926476 0.2290692 0.2064175 0.05562245
2.895368 1.09238 0.7111988 0.1757376 0.1903403 0.05196247
3.007043 0.9920558 0.7566719 0.1859118 0.1928241 0.05506539
2.857865 1.030987 0.7671985 0.1756788 0.1939526 0.05729291
3.004377 1.018742 0.7365201 0.1864287 0.1933739 0.05373023
3.068601 0.8870637 0.7776366 0.1988538 0.1998665 0.05652523
3.357052 0.5386632 0.8457129 0.2441517 0.2177247 0.05858902
3.13237 0.9473701 0.7234747 0.1974697 0.192899 0.05081831
3.291397 0.6680229 0.809434 0.2275521 0.2081116 0.05626963
2.853056 0.9931971 0.791718 0.1774631 0.1963143 0.05958373
2.999537 0.8841523 0.8308209 0.1931004 0.2015192 0.06235583
2.770066 1.223676 0.6947009 0.1610235 0.1861482 0.05175813
2.970085 1.068395 0.7380601 0.1816022 0.1926297 0.05477025
3.071402 0.8758023 0.8222988 0.1985708 0.2015389 0.0612359
3.030593 0.9499098 0.7643883 0.1910491 0.1956349 0.05558927
3.023781 0.9348773 0.7501622 0.1921366 0.1958016 0.05385207
3.238037 0.6972431 0.8387729 0.2238462 0.2105728 0.06050812
3.076736 0.9561762 0.7496317 0.1937772 0.1946358 0.05398962
3.068816 1.074048 0.7083482 0.1866371 0.1894594 0.05106529
3.394821 0.6968256 0.784787 0.2328978 0.205812 0.05405582
3.309853 0.7712063 0.8427145 0.2221718 0.2067988 0.06194067
2.926567 1.003208 0.7529552 0.180534 0.1924904 0.05482898
2.974135 1.093269 0.716143 0.1800536 0.1900768 0.05240261
3.08661 0.8954048 0.7700591 0.1980888 0.1978676 0.05550626
2.691023 1.373879 0.6599899 0.1515289 0.1848433 0.05049497
2.993085 0.9605951 0.7597277 0.190217 0.1971282 0.05566649
2.66482 1.434672 0.6322343 0.1471441 0.1822802 0.0479976
3.152084 0.7880445 0.8004615 0.2097735 0.2032825 0.05726166
3.009464 1.069548 0.7312854 0.1845092 0.1927721 0.05413287
2.864907 1.170163 0.7414314 0.1687958 0.1899398 0.05662148
2.673185 1.311062 0.6698541 0.1520931 0.1846664 0.05044901
2.958302 0.9282045 0.8144315 0.1896435 0.2012795 0.0616683
2.891299 1.090646 0.7371995 0.1759183 0.1923723 0.05506325
3.184992 0.8935534 0.7690406 0.2052885 0.1982673 0.05539327
2.788025 1.194426 0.6931647 0.1634886 0.1867713 0.05125789
2.797554 1.209268 0.6814444 0.1621781 0.1842479 0.04973098
3.144238 0.9555596 0.7526147 0.1990111 0.196005 0.05462418
3.23994 0.7717308 0.8038961 0.2184908 0.2058523 0.0578208
2.966617 1.008047 0.7202922 0.1849075 0.1928517 0.05175433
2.811151 1.225021 0.6563443 0.1633082 0.183712 0.04737511
3.056794 0.8408037 0.8022631 0.1984952 0.2001278 0.05798746
3.138401 0.8735504 0.8249024 0.2000931 0.1985231 0.06063677
2.75477 1.163683 0.7343586 0.1641658 0.1914915 0.05611312
2.782156 1.287257 0.6953122 0.1589653 0.186101 0.05303445
3.108074 0.9240427 0.837037 0.1979593 0.2010188 0.06386328
2.995047 1.077055 0.7629884 0.1812499 0.1920573 0.05732194
2.902424 1.027225 0.7818922 0.1766932 0.1925177 0.05832272
2.745756 1.352744 0.6653385 0.1554059 0.185131 0.05076629
3.106393 0.9141056 0.7268812 0.1992296 0.1954165 0.0510154
3.194661 0.7528923 0.8707393 0.2158232 0.209371 0.06505477
2.84771 1.084779 0.7299886 0.1735708 0.1919875 0.05410616
3.181941 0.7675029 0.8503398 0.212892 0.206548 0.06258553
2.99361 1.020812 0.7179965 0.1853607 0.1917437 0.05151391
2.781627 1.211177 0.722449 0.1631369 0.1892222 0.05517019
3.155731 0.9013486 0.7108318 0.2044286 0.1959981 0.04931218
3.121092 0.7375949 0.842478 0.2120956 0.2084399 0.06144899
3.117247 0.9075569 0.7923012 0.1994205 0.1987207 0.05820479
3.357352 0.7044822 0.8116426 0.2292304 0.2067018 0.05709552
3.172829 0.7996701 0.8152273 0.2101154 0.2033441 0.05902019
2.838563 1.146136 0.7690198 0.1674674 0.1907835 0.05921223
3.228705 0.7238458 0.8502993 0.2180818 0.2070486 0.06152164
3.226817 0.81703 0.7535615 0.2121353 0.1989511 0.05232394
3.368731 0.5300467 0.8481371 0.2456477 0.2180895 0.05863978
2.767115 1.249926 0.6962489 0.1596612 0.1866885 0.0526385
3.126953 0.8747079 0.7611196 0.2033427 0.1991173 0.05439006
3.115191 0.9378777 0.7159315 0.1959221 0.1916292 0.04962156
2.927154 1.084052 0.7371824 0.1788307 0.1929583 0.0550723
2.929836 1.11743 0.7376967 0.1764691 0.1917246 0.05555569
3.045994 1.041728 0.7286485 0.1871709 0.1919123 0.0530817
3.347053 0.6127957 0.8363027 0.2392692 0.2155624 0.05920492
2.995653 0.9278879 0.7835174 0.191198 0.1984276 0.05771086
2.871194 1.141322 0.7069543 0.1707686 0.1879914 0.05192128
3.078564 0.9900244 0.7498345 0.1914023 0.1933157 0.05443096
3.027156 0.9465385 0.7632449 0.1919254 0.1965985 0.05563583
2.770111 1.216844 0.7262667 0.1631047 0.1903841 0.05595626
2.720169 1.337926 0.6691905 0.1537311 0.1843766 0.05074096
2.95885 0.8919886 0.8213045 0.1910155 0.2020029 0.06171329
2.706834 1.218235 0.7029326 0.1590029 0.1885872 0.05310481
2.969485 1.104787 0.6984961 0.1789872 0.1882894 0.05040072
2.949599 0.9797783 0.7564961 0.1849142 0.1952588 0.05538323
3.29445 0.6855277 0.7906611 0.2290113 0.208794 0.05503169
2.775176 1.372639 0.6600961 0.1549005 0.183167 0.05010738
2.973894 1.04275 0.7497233 0.1821631 0.1929395 0.0555485
3.160725 0.8687338 0.7827442 0.2051111 0.1997183 0.05656613
3.00828 0.9460489 0.7870893 0.1901599 0.1975102 0.05830166
2.948632 1.050924 0.7755289 0.1808856 0.1947338 0.05878514
3.164619 0.7154426 0.8698674 0.2172259 0.2115167 0.06445569
3.125997 0.8578816 0.7592677 0.2036444 0.198772 0.05375469
3.011422 1.020472 0.731342 0.1867641 0.1930359 0.05316355
3.099597 0.8260017 0.8159068 0.2035304 0.2026041 0.05958807
2.957182 0.9839154 0.7484275 0.1845906 0.1938978 0.05430486
2.630462 1.450989 0.6711156 0.1447198 0.1850983 0.05303798
2.954038 1.125844 0.6843547 0.176342 0.1866327 0.04905483
2.722777 1.312851 0.6771764 0.1542389 0.1843305 0.05115459
2.8426 1.18692 0.673743 0.1671581 0.1854265 0.04880657
3.102859 0.9390103 0.7786694 0.1971266 0.1977299 0.05730894
2.994572 1.081254 0.7278026 0.1808257 0.1897349 0.05325362
2.934061 1.132855 0.7135439 0.1752075 0.1889871 0.05268766
3.152875 0.8099953 0.8034148 0.2078251 0.2019925 0.05775354
3.087009 0.9306188 0.7770699 0.1959424 0.197156 0.05682524
3.118878 0.9185463 0.7717599 0.1990986 0.1974201 0.05605632
2.459521 1.652058 0.6102611 0.1290902 0.1823416 0.04877606
2.965703 0.8928754 0.7936044 0.1906514 0.1994452 0.05820733
3.399753 0.6913884 0.8144593 0.2330753 0.2072482 0.05714838
3.00737 0.9883265 0.7755023 0.1890812 0.1973686 0.05805386
2.977797 0.8962636 0.8058544 0.1906628 0.1991207 0.05939814
2.713817 1.283506 0.7111581 0.1556091 0.1876982 0.05503522
2.706233 1.348429 0.6642629 0.1514643 0.1828242 0.05006391
2.836548 1.084553 0.7295094 0.1718158 0.190675 0.05372904
3.010321 1.036173 0.7158048 0.1865769 0.1925949 0.05182588
3.054425 0.9292306 0.7746344 0.1945276 0.1975837 0.05663901
2.77561 1.272037 0.7002079 0.1585943 0.1857486 0.05318724
2.940323 1.091399 0.728506 0.1777595 0.1903864 0.05367986
2.967318 1.027209 0.7777032 0.1846302 0.1967828 0.05900385
3.248689 0.7330454 0.8071382 0.2214104 0.2069326 0.0574105
2.94308 0.9627326 0.7618162 0.1848137 0.1951589 0.05550618
2.989415 1.122719 0.7082008 0.1774292 0.1869937 0.05147895
2.770986 1.296738 0.6867631 0.1563903 0.1833101 0.05159141
2.912589 0.9722434 0.8232692 0.1832075 0.1999434 0.06342993
3.193664 0.7194845 0.8149931 0.219101 0.2084619 0.05823062
2.90304 1.095686 0.7345304 0.1739958 0.1896105 0.05425613
3.236127 0.7360176 0.8126449 0.2200136 0.2067813 0.05799216
3.292547 0.6221784 0.8460758 0.2322829 0.2132662 0.05987239
2.902925 1.071659 0.7536479 0.1772291 0.193704 0.05677037
3.183337 0.8100495 0.7640872 0.2108606 0.2007339 0.05356734
3.001987 0.93879 0.7882539 0.1911501 0.1989002 0.05861726
3.414098 0.5334218 0.8469389 0.2477599 0.2170503 0.0583938
3.025242 1.029358 0.7239336 0.1862145 0.1913185 0.05219333
2.904571 1.177519 0.706887 0.1713128 0.1880147 0.05263424
2.62963 1.332992 0.6371694 0.1471612 0.1800853 0.04641855
3.114075 0.9431299 0.7315677 0.1975597 0.1945795 0.05190666
3.412916 0.6911278 0.8178786 0.2351064 0.2085872 0.05781538
2.917302 1.093989 0.7255467 0.1770713 0.1913253 0.05368003
3.3726 0.6736568 0.7791323 0.2358168 0.208723 0.05356465
2.775289 1.271507 0.6568786 0.1583922 0.1821574 0.04783697
2.853858 1.202508 0.7247363 0.1672794 0.1894874 0.05540644
3.171363 0.7799217 0.8295786 0.2134499 0.2070515 0.06090253
2.998274 0.9893441 0.7327615 0.1857465 0.1917486 0.05237108
3.070431 1.048659 0.732947 0.1892068 0.1928359 0.05382454
2.778242 1.268858 0.6856114 0.1600174 0.185929 0.05160683
3.106069 0.9768606 0.7556155 0.1956627 0.1958935 0.05535095
2.898093 1.138849 0.7341896 0.1736179 0.1914927 0.05559374
2.876129 1.086206 0.7459418 0.1745697 0.1927129 0.05604317
2.829454 1.087802 0.7342761 0.1709112 0.1906232 0.05428467
3.160848 0.7687244 0.82532 0.2120677 0.205814 0.05988888
3.20541 0.7936913 0.8306491 0.213515 0.2053891 0.06096121
2.874103 1.00214 0.7399913 0.1781299 0.1926697 0.0535571
2.913391 1.025108 0.7646587 0.1804741 0.1951203 0.05719597
2.990983 0.8931808 0.8271506 0.1934571 0.202631 0.06248616
2.876726 1.134429 0.7408366 0.1715027 0.1902308 0.05579162
2.980425 0.9771428 0.7523305 0.188081 0.1962134 0.05512094
2.818882 1.258372 0.702544 0.1620911 0.1863494 0.05329912
3.147338 0.6647103 0.8311769 0.2178528 0.2096302 0.05869525
3.173679 0.8386558 0.7700714 0.2066791 0.1986166 0.05434185
3.260122 0.7609312 0.8000615 0.2191745 0.2042065 0.0567108
3.096174 0.8377327 0.7978468 0.2018529 0.2005437 0.05756007
3.034087 0.9044714 0.8478073 0.1957377 0.2035518 0.06519154
2.948582 0.9957757 0.7409258 0.1830369 0.1927693 0.05353578
3.075044 0.8585818 0.7974316 0.199403 0.2002254 0.05795303
3.251101 0.7559272 0.7550073 0.2202696 0.2030702 0.05193789
2.838103 1.073216 0.7169766 0.1719064 0.1895142 0.05197315
3.153809 0.8325121 0.7832342 0.2062369 0.2001472 0.05587057
2.950974 1.041018 0.7124763 0.1797683 0.1890537 0.05077515
3.081014 0.9226849 0.7448081 0.1956077 0.1945828 0.05275047
3.072019 0.8971366 0.779925 0.1985265 0.1998115 0.05698327
2.800316 1.163138 0.7041493 0.164384 0.1862791 0.05166383
2.748752 1.210665 0.7222624 0.1605345 0.1885995 0.05502413
2.902597 1.116086 0.7229145 0.1745263 0.1900045 0.05351345
2.895727 1.096907 0.7405626 0.1758673 0.1922464 0.05547744
3.245218 0.7322735 0.8353979 0.2229779 0.2103121 0.06105427
2.650336 1.499214 0.6203159 0.1431752 0.1804292 0.04728238
3.071 1.004106 0.7361033 0.1909454 0.1932558 0.05336052
3.276603 0.7652336 0.7687791 0.2202596 0.2026791 0.05343221
2.724359 1.310693 0.7065079 0.1547832 0.1867381 0.05478357
2.870515 1.030433 0.7538872 0.1777721 0.194391 0.05597257
3.094224 0.9055244 0.7950187 0.2005041 0.2014094 0.05909392
3.27222 0.8028825 0.7751485 0.2175576 0.2021289 0.05483374
2.762771 1.256988 0.7086295 0.1599332 0.18829 0.05443506
2.847799 1.247884 0.6479108 0.1633473 0.1815225 0.04641596
2.954953 1.048538 0.7274435 0.1818247 0.1921602 0.05311733
3.039278 1.090659 0.7255814 0.1840527 0.1906546 0.05345252
3.127347 0.9675149 0.7644026 0.1969935 0.1960655 0.05608209
2.856451 1.176365 0.6729306 0.1688878 0.1861425 0.04872278
3.133654 0.8663772 0.7648009 0.2027109 0.1976699 0.05419554
3.035803 1.033186 0.7415878 0.1867109 0.1923509 0.05428489
2.997928 0.9971701 0.7881828 0.1880002 0.198044 0.05977365
3.104453 0.8707304 0.7784336 0.2011958 0.1994305 0.05613881
3.066566 0.9172836 0.7621974 0.1976551 0.1988233 0.05539252
2.871726 1.01442 0.7350988 0.1779292 0.1927006 0.05332143
3.118655 0.7749968 0.7698512 0.2085909 0.2018905 0.05357057
3.271029 0.7411983 0.811444 0.2222293 0.2067243 0.05799357
3.177262 0.8832374 0.7685697 0.2060208 0.1993867 0.05542004
2.999505 1.108145 0.6727684 0.1793459 0.1854864 0.04734916
2.944545 1.095977 0.7176856 0.1781041 0.190002 0.05257786
2.760042 1.207395 0.739175 0.1613535 0.18939 0.05688981
3.06552 0.9600425 0.767515 0.1925822 0.19562 0.05615314
2.734694 1.252963 0.6842158 0.1581586 0.1859376 0.05118687
2.999223 0.999882 0.7424588 0.1868362 0.1936594 0.0539761
3.03343 0.9193526 0.7886063 0.1939547 0.1988427 0.05813676
2.999452 1.03934 0.7334447 0.1845417 0.1922768 0.05358493
2.76222 1.191521 0.7426853 0.1620629 0.1898477 0.05709293
2.882425 1.032105 0.7717636 0.1768432 0.1938712 0.05777317
3.122571 0.8240583 0.7911004 0.2063299 0.2022345 0.05690799
3.297621 0.7725446 0.8017532 0.2189859 0.2023211 0.05677669
3.125199 0.9189574 0.7453762 0.1985637 0.1950138 0.05288314
2.878861 1.084392 0.7644229 0.1751282 0.1938388 0.05814759
2.832409 1.261172 0.7238063 0.1646772 0.1899709 0.05649987
2.841661 1.136866 0.697246 0.1690958 0.1874762 0.0507655
3.110614 0.8627039 0.7715643 0.2022581 0.1991757 0.0551665
3.215286 0.8195298 0.7764482 0.2125577 0.2015037 0.05519973
3.228517 0.6679221 0.8606343 0.2255452 0.2134179 0.06265989
3.170668 0.8733288 0.7611254 0.2062122 0.1990032 0.05432609
3.171108 0.9373251 0.7141159 0.2007901 0.1926578 0.04961577
3.046106 0.9938198 0.7548222 0.1904048 0.1951822 0.05551989
3.061591 0.9774839 0.724036 0.190532 0.1917298 0.05127239
3.067655 0.7509169 0.8411429 0.208042 0.2084484 0.06169236
2.854398 1.139764 0.7330527 0.1704581 0.1905609 0.05521775
2.814483 1.257295 0.68871 0.163177 0.1872071 0.05206922
3.007735 0.955385 0.7720105 0.1881037 0.1945183 0.05619776
3.181417 0.8232747 0.7694934 0.2120446 0.2026555 0.05481407
2.755495 1.231328 0.6882184 0.160115 0.1858371 0.05114144
3.11518 0.9040473 0.7899018 0.2009477 0.2002674 0.05827672
2.926958 1.225271 0.6369112 0.1686583 0.1807935 0.04483906
2.933203 1.043561 0.7604905 0.1796024 0.193494 0.05680464
3.267426 0.6704313 0.8822073 0.2283814 0.2148401 0.06531995
2.941399 0.9884977 0.719102 0.1842948 0.1928753 0.05121357
3.140173 0.9885341 0.7358932 0.1950895 0.1925378 0.05286301
3.001352 1.119898 0.7100357 0.1792876 0.1881826 0.05187058
3.324983 0.7768541 0.8176651 0.2232312 0.2056627 0.05925971
2.98651 0.9987241 0.7674285 0.1863107 0.1955932 0.05699514
3.216906 0.7727408 0.8035483 0.2151141 0.2037979 0.0572817
2.894792 1.086226 0.7402469 0.1741551 0.1903391 0.05483114
2.833559 1.083079 0.7555767 0.1717271 0.1924792 0.05684858
2.930351 0.9878319 0.8575678 0.1841898 0.2021397 0.06811855
3.170022 0.7109346 0.8260862 0.2169218 0.2081883 0.05903788
3.008676 1.059383 0.7046951 0.1835241 0.1892795 0.05037028
3.064621 0.8551858 0.806089 0.199602 0.2013429 0.05899523
2.921085 1.051233 0.7568149 0.1798866 0.1947157 0.05689365
2.769549 1.140745 0.7743494 0.1660425 0.1939212 0.06046664
3.182115 0.8997511 0.7693489 0.2054209 0.1987206 0.05565278
2.857039 1.212386 0.7055642 0.1668928 0.1877942 0.05313643
3.237093 0.7755856 0.7637138 0.216992 0.2018651 0.05295019
2.984784 1.108628 0.7179552 0.1790475 0.1888511 0.05258128
3.085267 0.9569551 0.8209592 0.1951947 0.2000406 0.0627474
2.812715 1.280611 0.6835789 0.1615518 0.1860291 0.05166806
3.230478 0.6222968 0.8891171 0.227146 0.214896 0.06460966
2.906739 1.126347 0.7510726 0.1715794 0.1887513 0.05635123
3.072029 0.9630271 0.7940343 0.1927009 0.1971029 0.05934066
2.915702 1.093065 0.7480017 0.1766539 0.192577 0.05632918
2.766144 1.176421 0.7456961 0.1647307 0.1923005 0.05773209
2.844886 1.151133 0.7217816 0.1694064 0.1896945 0.05405123
2.898482 1.103526 0.682931 0.1739374 0.1864399 0.04843541
2.831109 1.241569 0.7166964 0.1644392 0.1886272 0.05505875
2.817827 1.236946 0.6828387 0.1630886 0.1853696 0.05064328
2.653882 1.400997 0.631905 0.1475161 0.1815548 0.04725512
2.89071 1.156674 0.7191707 0.171666 0.189214 0.05377684
2.84584 1.127397 0.6936201 0.1704558 0.1881013 0.05035807
2.853174 1.150072 0.7064849 0.1685146 0.1870926 0.0518491
2.829034 1.168721 0.7087749 0.1664044 0.1871346 0.05243984
3.228361 0.6334229 0.8833165 0.2262318 0.2141689 0.06415394
3.057968 0.9913906 0.7743059 0.1908264 0.1957558 0.05757071
2.9232 1.12891 0.718817 0.1751791 0.189762 0.05331322
3.117887 1.00338 0.6784615 0.192912 0.1883122 0.04656316
3.20924 0.7694826 0.7848273 0.2164203 0.2043116 0.05544232
2.736674 1.315395 0.6616601 0.1542619 0.1828892 0.0493195
2.778103 1.215322 0.7038387 0.1626199 0.1880267 0.05304356
2.922966 1.127076 0.68411 0.1748152 0.186918 0.04910303
3.049586 1.033592 0.7125047 0.1866334 0.1895577 0.05072942
2.812718 1.227067 0.7214975 0.1615592 0.1865445 0.05483603
2.960387 0.9318991 0.8103322 0.1876084 0.198804 0.06069053
3.20362 0.7430149 0.8530564 0.2163212 0.2079597 0.06258829
2.833749 1.169473 0.700527 0.1667363 0.1870499 0.05163631
3.043659 0.9207349 0.7718096 0.1946583 0.1980982 0.05630277
2.799233 1.25084 0.6613336 0.1613704 0.1838777 0.04837469
2.799469 1.28408 0.6219738 0.15879 0.1793796 0.04401215
3.467794 0.462365 0.8262069 0.2597463 0.2214422 0.05547173
2.887356 1.02385 0.7673136 0.1793227 0.1959892 0.057695
3.206038 0.7727238 0.8422685 0.2153129 0.2069968 0.0619916
2.79054 1.280431 0.7042513 0.1602918 0.1876148 0.05425262
3.142168 0.8038635 0.7960612 0.2083477 0.2025397 0.05698903
3.204964 0.7747206 0.8178423 0.2147002 0.2052987 0.05917088
2.914162 1.226789 0.6509568 0.1681065 0.1820715 0.04651837
2.94574 0.9631392 0.7199614 0.1845342 0.1921107 0.05063905
3.086327 0.9334235 0.766514 0.1959833 0.1965351 0.05564497
2.995754 0.9598866 0.7437414 0.1888335 0.1944011 0.05339867
2.744441 1.296857 0.6645482 0.1554283 0.1828906 0.04927785
2.746012 1.239729 0.7120751 0.1580295 0.1866134 0.05406625
2.559655 1.357764 0.6893519 0.1433803 0.1856141 0.05360246
2.907398 1.101155 0.6943854 0.1741849 0.1869048 0.04964524
2.719073 1.148518 0.7618077 0.1630345 0.1936919 0.05926573
2.786796 1.329306 0.6292311 0.157036 0.1806718 0.04569118
3.196649 0.6993446 0.8662539 0.2186738 0.2101161 0.06329393
3.368305 0.7006762 0.8261409 0.2311555 0.2083709 0.0587986
3.066839 0.9688021 0.7812062 0.191607 0.1956467 0.05776306
2.913917 1.129077 0.7069023 0.1738337 0.1881881 0.05174341
3.234464 0.9225938 0.742531 0.2068281 0.1959969 0.05285876
2.914591 1.088589 0.7109379 0.1773153 0.1904465 0.05185427
2.771579 1.174832 0.7193736 0.1635802 0.1886603 0.05399876
2.850258 1.227702 0.6855327 0.1653019 0.1856413 0.05082986
2.922488 1.003848 0.7703944 0.1828464 0.1965555 0.05765095
2.753228 1.24936 0.6872061 0.1582134 0.1848388 0.05118931
2.846248 1.200972 0.7115426 0.1665564 0.1876482 0.05344823
2.63318 1.322495 0.678116 0.1496955 0.1855353 0.05170234
3.11672 0.9048305 0.7883056 0.2003951 0.1993485 0.05788102
3.080736 0.8321636 0.8012 0.2016074 0.2013076 0.05794359
2.887965 0.9927791 0.7753288 0.1811141 0.1967654 0.05794619
2.940683 0.9512219 0.7607548 0.1855903 0.1956745 0.05526695
2.892578 0.9828442 0.79243 0.1801669 0.1963359 0.05943978
3.181009 0.7408844 0.8785073 0.2147161 0.2090917 0.06542015
3.040233 0.9470643 0.7855193 0.1910808 0.1961265 0.05778902
3.013428 1.002566 0.7319631 0.18765 0.1932325 0.05291084
2.872859 1.040961 0.7858347 0.1768239 0.1957989 0.05995476
2.620666 1.34267 0.6966464 0.1486623 0.1875655 0.05455891
3.083178 1.017339 0.7950805 0.1913876 0.1969629 0.06065703
3.569136 0.4771028 0.8903319 0.2673635 0.2255279 0.06305437
2.690197 1.319763 0.6839124 0.1518747 0.1845216 0.05202812
3.186812 0.8158853 0.8091689 0.2094132 0.2020422 0.05852421
3.241711 0.7302007 0.7583289 0.2217706 0.2046842 0.05204639
3.046785 0.8787238 0.7993214 0.1970437 0.2002928 0.0586135
3.002491 1.12135 0.7007623 0.1808758 0.1893213 0.05122349
3.375123 0.6663068 0.8829802 0.2353052 0.214143 0.06509768
3.269821 0.5509687 0.8823729 0.2349558 0.2172727 0.06243776
3.228226 0.9347453 0.7209639 0.2043606 0.1928169 0.05025328
2.736493 1.233634 0.6627165 0.1579124 0.182895 0.04793311
3.104593 0.9151752 0.7633685 0.1972915 0.1958547 0.05475878
2.954578 1.008419 0.7616723 0.1833526 0.1943466 0.05627257
2.924824 1.073273 0.717365 0.1785057 0.1911252 0.05239863
2.903199 1.112746 0.6925893 0.174618 0.1881442 0.04997718
3.213787 0.7644043 0.7556064 0.2151632 0.2008307 0.05171097
2.982317 1.167205 0.6710571 0.177194 0.1867332 0.04851385
3.068194 0.8961657 0.7945482 0.1978492 0.2001367 0.0585231
3.077866 0.8748264 0.7580029 0.1985178 0.1972444 0.05366421
2.880848 1.139614 0.7125182 0.1725034 0.1895652 0.05281835
3.280237 0.8025934 0.7856253 0.21831 0.2028156 0.05600065
2.871942 1.206097 0.7183683 0.1673388 0.1882444 0.05452161
2.841878 1.149479 0.7218764 0.1671872 0.1874891 0.05353985
2.7433 1.207605 0.7053578 0.1609694 0.1883967 0.05316042
2.906127 1.191661 0.7145064 0.1703963 0.1878663 0.05363901
3.129068 0.8649236 0.7852703 0.2015934 0.1982156 0.05636562
3.338607 0.7023189 0.8046522 0.2297131 0.2078095 0.05658291
3.312502 0.6514792 0.8539855 0.2319719 0.212903 0.06136952
2.88432 1.136329 0.7169221 0.1710004 0.1879094 0.05283959
2.803613 1.123721 0.7544943 0.1684471 0.192726 0.05773092
3.54096 0.5916061 0.8484365 0.2527955 0.2152243 0.0597466
2.999388 1.098813 0.7653901 0.1813578 0.1935687 0.05855507
2.898028 1.141594 0.733884 0.1727579 0.1903825 0.05530472
2.971701 1.055784 0.7446879 0.1808979 0.191403 0.05484979
2.814899 1.111433 0.7445982 0.1694628 0.1917165 0.05613024
2.825777 1.184383 0.7231971 0.1656938 0.1884639 0.05460034
2.712222 1.226362 0.7043704 0.1565158 0.1859081 0.05281934
2.858765 1.185214 0.6669053 0.1662714 0.183029 0.04761482
2.909147 1.09842 0.7171095 0.1766493 0.1907189 0.05271927
2.759202 1.216412 0.6891318 0.1611252 0.1867265 0.05124529
3.222581 0.8196715 0.7933362 0.2140976 0.2033998 0.05730671
3.102153 0.8530277 0.8314756 0.2036236 0.2043764 0.06233477
3.017863 1.093985 0.7219436 0.1833191 0.1912834 0.05331144
3.026049 1.037116 0.7047291 0.1848075 0.1887367 0.0498424
2.958211 0.9747044 0.7337875 0.1850357 0.1933929 0.05257601
3.054309 0.8508043 0.7799181 0.1999319 0.200482 0.05599907
2.825746 1.177707 0.7216853 0.165679 0.1880175 0.05420105
3.177481 0.8080281 0.816977 0.2091073 0.2022206 0.05909705
3.143677 1.012165 0.6781181 0.1957868 0.1900757 0.04707128
2.716535 1.152333 0.7170385 0.1604689 0.188103 0.05324819
3.378744 0.6681274 0.8417747 0.2352607 0.2115191 0.06027361
3.033729 0.9935948 0.7881409 0.19 0.1976393 0.05958118
3.389956 0.4604717 0.8978651 0.2545008 0.2259798 0.06340422
3.279534 0.7864372 0.7955502 0.2165688 0.2011646 0.05621722
3.098907 0.8898789 0.7842147 0.1982906 0.1974251 0.05661772
2.636952 1.383121 0.6817825 0.1472476 0.1847216 0.0528592
2.907334 1.099102 0.7334212 0.176222 0.1917995 0.05472084
2.783931 1.139267 0.7519281 0.1642549 0.1895099 0.0569482
2.881258 1.090359 0.7353845 0.1736458 0.1905032 0.0544438
2.957829 1.067878 0.7593031 0.1802323 0.1933058 0.05713751
3.264181 0.6793552 0.8518353 0.2262039 0.2114955 0.06160819
2.873487 1.131697 0.7346546 0.1729406 0.191862 0.05553935
3.062894 1.033897 0.6963086 0.1887615 0.1898458 0.04919079
3.431821 0.687105 0.8345169 0.2366255 0.209601 0.05960519
3.042846 0.9152613 0.8190105 0.1935463 0.1992773 0.06127073
2.955011 1.0506 0.7403749 0.1821001 0.1933685 0.05477298
2.760861 1.252676 0.7144155 0.1588028 0.1870822 0.054642
2.870042 1.131786 0.7295443 0.1726228 0.1913816 0.05488851
3.039102 0.8774169 0.8188421 0.197081 0.2020539 0.06105244
3.199458 0.701563 0.8334659 0.2177566 0.2071477 0.0592838
2.958107 0.9865208 0.732756 0.1855325 0.1939623 0.05279441
3.170692 0.8254063 0.7947984 0.208453 0.2014578 0.05713176
3.053823 0.9750987 0.7941454 0.1934975 0.1994604 0.06020544
2.856297 1.110619 0.7762161 0.1711648 0.1929138 0.05978772
2.863418 1.082909 0.7374662 0.1719411 0.1894893 0.05424068
2.927403 1.084452 0.7307187 0.1780333 0.1917127 0.05412805
3.013716 1.079547 0.7150705 0.1836281 0.1908441 0.05221882
2.997682 1.050832 0.7570449 0.1838437 0.1935106 0.05654319
2.907454 1.136728 0.7024687 0.1735725 0.188231 0.0514517
3.118471 0.9734566 0.7458351 0.1951763 0.1939386 0.05384468
2.851355 1.066155 0.7398296 0.1739782 0.1922533 0.05482002
3.361139 0.6155234 0.8797643 0.2397834 0.2175222 0.06412747
2.843048 1.1623 0.7096722 0.1698238 0.190093 0.05312312
2.963052 1.139781 0.6996076 0.1759187 0.1874902 0.05108557
3.278263 0.7506621 0.8140919 0.2215577 0.2059659 0.05829233
2.923037 1.127625 0.7402642 0.17555 0.1918564 0.05608303
2.854857 1.267792 0.6827459 0.1639957 0.1849595 0.05103461
3.13928 0.9181718 0.7867682 0.2000189 0.197883 0.05767727
3.189248 0.7514446 0.8229449 0.2136 0.2046966 0.05893155
2.990416 0.9198015 0.794538 0.1913367 0.1994566 0.05892755
3.022394 1.087529 0.7396777 0.1812616 0.1893514 0.05449721
3.345323 0.6094133 0.8116553 0.2394712 0.2141649 0.05633437
2.898079 1.147897 0.6804061 0.1724579 0.1864229 0.04898163
3.009529 1.028958 0.7649616 0.1856742 0.1944301 0.05712872
2.636308 1.308339 0.698195 0.1503642 0.1870988 0.05398582
2.748854 1.307221 0.6851281 0.1558059 0.1847007 0.05196722
2.66264 1.218724 0.7341071 0.1551601 0.1894454 0.05667517
2.953755 0.8834374 0.7985241 0.191218 0.2005461 0.05869549
3.28711 0.8011759 0.7894001 0.2173909 0.2016177 0.05605841
2.920451 1.028347 0.7434609 0.1807675 0.1934633 0.05462627
2.735467 1.230853 0.725792 0.1601445 0.1898686 0.05605217
3.128744 0.9388448 0.7719093 0.2003905 0.1989695 0.05692181
3.169589 0.9121029 0.7709784 0.202645 0.1973272 0.05578328
2.843247 1.177353 0.7187354 0.1675439 0.188623 0.05400262
3.227153 0.7233635 0.8039558 0.2187835 0.2054946 0.05655573
3.140397 0.8118653 0.7391075 0.2097761 0.2009414 0.05119155
3.152755 0.7745668 0.8020491 0.2135981 0.2067859 0.05790005
2.88565 1.132926 0.7252714 0.1729207 0.1905319 0.05427967
2.831798 1.028771 0.7485177 0.1758008 0.1947364 0.05551728
3.052585 1.038872 0.7185795 0.1882183 0.1916638 0.05192299
3.052456 0.8552502 0.8458621 0.2007994 0.2060909 0.0644232
2.851231 1.234182 0.710935 0.1650542 0.187394 0.054019
3.10306 0.7614916 0.8794224 0.2080861 0.2085106 0.06596853
3.640264 0.4890958 0.862669 0.2716521 0.2233886 0.06016842
3.181441 0.9659383 0.7472579 0.1983846 0.1927198 0.0534917
3.048417 0.9399145 0.7332201 0.1929964 0.1940495 0.05187193
2.940818 0.9117468 0.7674182 0.1892627 0.1986695 0.05576918
3.33146 0.6713728 0.8506268 0.2298488 0.210133 0.0609218
3.197365 0.7907313 0.8151097 0.2114301 0.2028713 0.05869759
3.123868 0.7797293 0.8244649 0.2084671 0.2046988 0.05975222
3.091336 0.8700169 0.7844002 0.2008767 0.2000177 0.0568107
3.189144 0.8354754 0.7301661 0.2094584 0.1977104 0.05016188
2.673505 1.333602 0.700542 0.1498282 0.1849407 0.05414452
2.755064 1.107276 0.7604357 0.1648543 0.1912101 0.05754527
3.092265 1.037459 0.7295794 0.1903623 0.1921559 0.05314256
3.190774 0.9232208 0.6967367 0.2025179 0.1916205 0.04747051
2.826922 1.150584 0.7134802 0.1676013 0.1881272 0.05278881
3.266067 0.8587644 0.7129003 0.2146009 0.1973791 0.0489034
3.235323 0.8718573 0.736938 0.2105472 0.1975655 0.0515833
2.953367 1.07703 0.7176735 0.180793 0.1916991 0.05260582
3.023433 1.015382 0.7238777 0.1883297 0.1933161 0.05238575
2.942557 1.053541 0.7203808 0.1798352 0.1906119 0.05216062
2.884293 1.18058 0.6595259 0.1700303 0.1846788 0.04711763
2.756686 1.182203 0.7055837 0.1630979 0.1885895 0.05269521
3.189352 0.8745775 0.7819484 0.2076878 0.200538 0.0568025
2.762424 1.191515 0.7234122 0.1623259 0.1890542 0.05488604
2.857361 1.256285 0.6711831 0.1644967 0.1845119 0.04960976
2.89671 1.137979 0.6761875 0.1738405 0.1878515 0.04875365
3.117534 0.7853516 0.7954629 0.2076546 0.2031504 0.05667327
2.997678 0.9429761 0.773548 0.1909248 0.197962 0.05692185
2.847684 1.111918 0.7075003 0.1703756 0.1877426 0.05132527
3.182873 0.8174873 0.7903889 0.2111018 0.202908 0.05686578
3.08945 0.8585274 0.7784186 0.2015826 0.2001709 0.05598773
2.929134 1.061995 0.7476777 0.1787725 0.1926294 0.05563245
3.023331 0.9393273 0.7493825 0.1914578 0.1952667 0.05376248
2.936506 1.128992 0.7267506 0.1752712 0.1895684 0.05410877
3.125933 0.8598248 0.8071929 0.2047832 0.2029248 0.0596416
2.599298 1.562603 0.6053543 0.1372778 0.1784174 0.04617579
3.060061 0.8309361 0.8213462 0.2012837 0.2034853 0.06050098
3.229654 0.7461742 0.84579 0.2174585 0.2069137 0.06163388
3.37183 0.6185033 0.8327969 0.2363392 0.2111611 0.05802746
3.073286 1.021692 0.7352173 0.1891974 0.1918229 0.05329723
2.989937 1.019545 0.7869363 0.1842064 0.1950138 0.05933408
3.134579 0.876214 0.7968544 0.2026901 0.2001331 0.05827321
2.969524 0.9445721 0.7856042 0.1877884 0.1974673 0.05810672
2.847291 1.033003 0.7517824 0.1769292 0.1952374 0.05605202
2.825036 1.165921 0.7307945 0.1671361 0.1895308 0.05523259
3.407356 0.556309 0.8926201 0.24659 0.2197556 0.06424607
3.125617 0.8504682 0.8099314 0.2029986 0.2009381 0.05919448
3.245972 0.6911096 0.7931321 0.2233694 0.2067674 0.05493584
3.263964 0.8767262 0.7000198 0.2113959 0.19433 0.04743009
3.214695 0.7252845 0.802914 0.2201274 0.207443 0.05690809
2.717568 1.262967 0.6815672 0.1549246 0.1836555 0.05059094
2.876235 1.102041 0.6808219 0.1744821 0.1884451 0.04864328
2.898481 1.089657 0.7411072 0.1765002 0.1928476 0.05558024
2.887822 1.123765 0.736413 0.1746543 0.1924251 0.05566887
3.376099 0.6248801 0.8581457 0.2398255 0.215655 0.06174009
3.064563 1.024459 0.7110883 0.1898546 0.191433 0.05081342
2.995451 1.032011 0.7617233 0.1852188 0.1948132 0.05695816
3.050388 0.9872742 0.7573811 0.1913291 0.1955696 0.05569092
2.76511 1.177758 0.7099825 0.1614655 0.1863763 0.0525962
2.736779 1.148412 0.7167772 0.1625664 0.1889599 0.05333981
3.125343 0.9591074 0.7456162 0.196361 0.1940859 0.05353703
2.659542 1.334987 0.7086478 0.1506218 0.1875758 0.0556919
3.130353 0.9688655 0.7393496 0.1976147 0.1951352 0.0533601
2.631409 1.343243 0.685194 0.1492323 0.1865338 0.05305494
3.234291 0.7411297 0.7883865 0.2185068 0.2041784 0.05512019
2.931044 0.9757821 0.7775375 0.1845844 0.197347 0.05796891
2.955973 1.194519 0.6833621 0.1727956 0.1854706 0.04995622
3.322088 0.6392203 0.8213973 0.2343372 0.2122995 0.05765112
3.129236 0.9311118 0.7501101 0.1987384 0.1955794 0.05373196
3.283136 0.7466685 0.8116107 0.2225283 0.2063818 0.05805925
2.91001 1.13463 0.7357364 0.1744112 0.1913674 0.05561289
2.877479 1.17212 0.7051871 0.1689238 0.1866325 0.05201514
2.833329 0.971284 0.7642846 0.1776495 0.1954339 0.05603497
3.045865 0.8447053 0.8504423 0.1990961 0.2044758 0.06417773
3.009911 1.084031 0.7171981 0.183019 0.1904298 0.05237738
3.236301 0.7420518 0.8176879 0.2188142 0.2061097 0.05849862
2.71648 1.360156 0.670201 0.1523883 0.1841469 0.05118247
2.907536 1.091712 0.7265973 0.1751628 0.1899255 0.05343365
2.840939 1.210775 0.7104914 0.1663235 0.1884865 0.05378784
2.908524 1.137155 0.7140718 0.1735221 0.1889459 0.05280375
3.034783 1.016974 0.7246655 0.1862567 0.1904449 0.05183444
3.674847 0.3505854 0.9195569 0.2859586 0.2331183 0.06383993
3.069825 0.8968577 0.8019821 0.1962132 0.1988262 0.05899125
3.19529 0.7581769 0.8133891 0.2115129 0.2016407 0.0573711
2.873123 1.171385 0.7072987 0.1693433 0.1877215 0.05249537
3.132193 0.9640966 0.7270782 0.1995881 0.196072 0.05224598
2.956093 1.053218 0.7298932 0.18108 0.1917426 0.05339308
2.965902 0.974478 0.7521773 0.1867656 0.1953906 0.05480866
3.180991 0.749245 0.8379452 0.2151112 0.2074853 0.06105601
2.796057 1.238955 0.7110779 0.1619561 0.1873548 0.05406481
2.919864 1.121495 0.7494579 0.1756129 0.1922588 0.05698642
2.60192 1.340053 0.6770394 0.1456063 0.1833249 0.05138144
2.930717 1.141629 0.721807 0.1748883 0.1899378 0.05396329
2.720435 1.331266 0.6886257 0.153475 0.1851742 0.05287698
3.281854 0.6967431 0.8134307 0.2265909 0.2088975 0.05756499
2.867494 1.084909 0.7506031 0.1729448 0.1916447 0.05622908
3.296136 0.800646 0.7658638 0.2182349 0.2005734 0.05350805
2.888626 1.213155 0.7117055 0.1686886 0.1880041 0.05381841
2.912187 0.9522492 0.7818322 0.184728 0.1980557 0.0580263
3.213502 0.7876729 0.8154417 0.2162631 0.2065874 0.0595693
3.137912 0.8267618 0.8168909 0.2054126 0.2019791 0.05954479
3.100038 0.7979996 0.8197712 0.2067839 0.205278 0.0599494
2.783618 1.223308 0.7032726 0.1616605 0.1870738 0.05294674
3.237189 0.8776745 0.8010407 0.2094441 0.2005166 0.0588346
3.025876 0.8794612 0.7731205 0.1953897 0.1985486 0.05557567
3.14789 0.8368157 0.8197644 0.2068534 0.2035187 0.06052241
3.272731 0.6931951 0.8262686 0.2237969 0.2072503 0.05833193
2.800091 1.157312 0.7100519 0.1647785 0.1870318 0.05235336
2.95375 0.9621489 0.7493744 0.1861299 0.195066 0.05421079
2.745806 1.290315 0.659981 0.1568834 0.1835679 0.0488011
3.163936 0.8322509 0.7597696 0.2066442 0.1983908 0.05313514
2.569154 1.473095 0.6481792 0.1404871 0.1834477 0.05053248
2.881923 1.041473 0.7453098 0.1763128 0.1922627 0.05488759
3.111719 0.9452402 0.7896643 0.1984321 0.1991295 0.05889803
3.134894 0.9098144 0.7495386 0.1999776 0.19571 0.05324917
3.118076 0.9631339 0.7244731 0.1956258 0.1925633 0.05115831
2.776194 1.408557 0.6531023 0.1543462 0.1835172 0.05002336
2.826887 1.119807 0.734088 0.1679277 0.1888378 0.05451956
3.354901 0.7445688 0.8023716 0.2271655 0.2054251 0.05683646
2.898761 1.119861 0.7295688 0.1733772 0.1899749 0.05433769
3.055032 0.9542709 0.7665912 0.1941995 0.1974187 0.05630662
2.971401 0.943007 0.7644304 0.1892406 0.1974475 0.05587858
3.082636 0.7902042 0.8281717 0.2060858 0.2058733 0.06073285
3.043457 1.06509 0.6936129 0.1845084 0.1877603 0.04908281
3.027708 1.092737 0.7454559 0.1831798 0.1917998 0.0558173
3.140799 0.9244615 0.7400988 0.2004055 0.1956829 0.05261799
3.197703 0.885141 0.7688445 0.2058883 0.1980008 0.05517877
2.875372 1.056869 0.7284361 0.1762423 0.1918721 0.05334419
3.190469 0.7241844 0.8198134 0.2181491 0.2079593 0.05866731
2.735521 1.168619 0.7049196 0.1617056 0.1879988 0.05226378
3.019527 1.024958 0.7384127 0.1853182 0.1914701 0.05359651
3.004379 0.961045 0.8380976 0.189345 0.2003601 0.06475914
2.878427 0.9216565 0.8037844 0.1842822 0.2001679 0.06011588
3.005681 0.9356471 0.7978377 0.1908848 0.198717 0.05946979
3.129083 1.035744 0.7039375 0.1933713 0.1910119 0.05024687
2.99775 0.9936666 0.7492881 0.1857341 0.1928553 0.05436194
2.892386 1.174889 0.689705 0.170807 0.1872499 0.05068253
2.918717 1.113786 0.7118481 0.1765307 0.190562 0.05249518
3.033186 0.9717026 0.758805 0.1904828 0.1954237 0.05547251
2.947185 1.026861 0.7550371 0.1813015 0.1932303 0.05578568
2.9572 1.12118 0.7597355 0.1791521 0.194278 0.05857311
2.957482 1.112035 0.6782906 0.1764025 0.1856301 0.04800426
2.83012 1.026246 0.7708487 0.1740616 0.1941097 0.05761594
2.910877 1.042885 0.8214803 0.1789709 0.197376 0.06416019
2.930658 1.029452 0.7536841 0.1813312 0.1941804 0.05588705
2.84658 1.189137 0.7061422 0.1671519 0.1876329 0.05268843
3.08874 0.9126477 0.7835016 0.1972675 0.1980271 0.05725839
3.30821 0.7420366 0.7884407 0.2248211 0.2055773 0.05547907
2.823023 1.249047 0.6881466 0.1634071 0.1866194 0.05174517
3.068526 1.01162 0.7562563 0.1901078 0.1941643 0.05580788
2.919624 1.079509 0.7038632 0.1771279 0.1889234 0.05060547
3.026459 0.9497217 0.7962495 0.1919415 0.1989036 0.05970276
2.973881 1.030587 0.7360075 0.1842206 0.1935402 0.05397921
3.219108 0.7164297 0.8378432 0.2207544 0.2094888 0.06068781
3.025252 0.8232458 0.8135922 0.1990346 0.2027692 0.05931711
2.890663 1.075402 0.7898544 0.1760931 0.1952747 0.06102066
3.203409 0.8520996 0.7264802 0.2103296 0.1979293 0.05019813
3.07224 0.8430309 0.7935204 0.2006351 0.2005594 0.05720984
3.267669 0.7812874 0.7788156 0.2196517 0.2037905 0.05505022
3.024201 0.9800835 0.7849439 0.1889536 0.1963745 0.05859763
2.844626 1.068313 0.7323063 0.1737167 0.1920479 0.05404252
3.009363 1.023884 0.7525294 0.185874 0.1939242 0.0556536
3.139431 0.8803828 0.7805146 0.2043368 0.2004538 0.05676102
2.82618 1.297211 0.6624228 0.1607925 0.183241 0.04908767
2.896346 1.040392 0.7728322 0.1782208 0.1948145 0.05829608
2.967485 0.9100655 0.8083172 0.1903874 0.20039 0.06035004
3.083784 0.9506667 0.7722697 0.1949377 0.1968598 0.0567353
2.906795 1.034437 0.7852202 0.1781069 0.1945297 0.05939948
3.037516 0.8941397 0.8002294 0.1942632 0.1986421 0.0586855
3.462 0.4573465 0.8746097 0.2602202 0.2249219 0.06076955
3.081012 0.8496684 0.7649144 0.2015218 0.1995786 0.05429895
3.16486 0.8831173 0.7718795 0.2045582 0.1986891 0.05555604
2.703315 1.283491 0.6727194 0.155926 0.1859374 0.05052004
2.885808 1.158129 0.6969703 0.1713672 0.1878762 0.05121829
2.947001 1.09344 0.7321223 0.1791293 0.1917598 0.05441765
3.259873 0.7650312 0.8306787 0.2175232 0.2046832 0.06003165
2.948658 1.078383 0.7380086 0.1790284 0.1917911 0.05479789
2.911085 1.208292 0.671501 0.1696154 0.1847701 0.04886325
2.85287 1.1723 0.6886736 0.168113 0.1858953 0.05010977
3.080621 0.8584946 0.7944621 0.1999555 0.2000987 0.05759715
3.009358 1.068181 0.6990577 0.1839624 0.1900183 0.05019785
3.380673 0.6438512 0.7584431 0.2379345 0.2081746 0.0507859
3.220104 0.7851915 0.8222628 0.2170907 0.2070855 0.06028615
3.218887 0.6901176 0.8235727 0.2229166 0.2100239 0.05868522
2.795369 1.046082 0.7341881 0.1710848 0.1915453 0.05363012
2.817906 1.177647 0.747254 0.1660366 0.1904921 0.05748379
2.910692 1.068014 0.7474204 0.1779519 0.1933403 0.05592732
3.001234 0.8897481 0.8243383 0.1948697 0.2031786 0.06225111
2.86832 1.033614 0.7892331 0.1770002 0.1962952 0.06029526
3.158963 0.7660341 0.8652247 0.2139266 0.2099737 0.06499334
2.986065 0.885983 0.7584538 0.1936388 0.1986178 0.05424601
3.102694 0.8574074 0.7402398 0.2034757 0.1989529 0.05190612
3.099113 0.8406404 0.8126887 0.2004529 0.1999011 0.0589847
3.380735 0.7697812 0.7660238 0.2261841 0.2017611 0.05307573
3.245701 0.825691 0.7824925 0.2133033 0.2008183 0.05577738
3.077267 0.8427131 0.801611 0.2012941 0.2015415 0.05827147
2.901651 1.211063 0.7082345 0.1687526 0.187059 0.05322243
3.098034 0.8480061 0.8109191 0.201656 0.2012189 0.05928052
3.2392 0.9452055 0.7428594 0.2064434 0.19613 0.05339907
2.872177 1.185171 0.6977133 0.169417 0.1877884 0.05178378
2.948062 1.075286 0.7430611 0.1798367 0.1927265 0.05545394
2.897645 0.9872762 0.7575319 0.1817005 0.1955678 0.05571175
3.208554 0.7799251 0.8084979 0.2134707 0.2035157 0.05793972
2.987242 1.023176 0.7270153 0.1853707 0.1929058 0.05274296
3.040474 0.9834848 0.755206 0.1898129 0.1944759 0.05514282
3.300915 0.575923 0.8292426 0.2373336 0.2152471 0.05743415
3.018618 0.9831864 0.7596178 0.1900913 0.196418 0.05603592
3.213699 0.7843067 0.8086818 0.2148283 0.2045158 0.05827024
3.235393 0.7669392 0.8261759 0.2185698 0.2073443 0.06032242
2.679084 1.362277 0.6854709 0.1506577 0.1860688 0.05333861
3.127889 0.9605653 0.7658524 0.1965571 0.1954608 0.05593967
2.653137 1.404338 0.6642457 0.147433 0.1843931 0.05138615
3.25764 0.7502984 0.8001643 0.220438 0.2054536 0.05678353
2.709186 1.233976 0.6822345 0.1581105 0.1868794 0.05088773
3.026562 0.9484327 0.7900643 0.191415 0.1977687 0.05871362
3.074675 0.9252882 0.7776365 0.1941182 0.1958912 0.05646124
3.185729 0.8489167 0.7934974 0.2090551 0.2019691 0.05771541
3.012065 1.000405 0.7414512 0.187016 0.1931049 0.05377988
3.00777 0.9793519 0.764446 0.1885793 0.1956105 0.05624696
2.794045 1.125675 0.7327713 0.1668888 0.1900397 0.05478389
3.115987 0.9131675 0.7449542 0.2005416 0.1972138 0.05318207
3.164261 0.8568543 0.7697533 0.2057686 0.1988694 0.05478825
3.141908 0.9193554 0.735141 0.2007965 0.1953419 0.05191516
3.194678 0.8359029 0.796532 0.2103743 0.2023386 0.05778662
2.956964 1.011897 0.7866196 0.1820924 0.1947647 0.05909468
3.022569 0.8952434 0.8021326 0.1944922 0.2001362 0.05929328
3.009106 0.9195387 0.7943366 0.1922811 0.1990748 0.05879838
2.911048 1.08471 0.7275057 0.1770548 0.1914388 0.05371658
2.800379 1.32074 0.6741046 0.1591745 0.1855916 0.05132719
3.158611 0.7521499 0.8006019 0.2119357 0.2036052 0.05643016
2.701367 1.346529 0.6736993 0.1522822 0.1845197 0.05138081
2.818029 1.264012 0.6795758 0.1617705 0.1847675 0.05064446
3.000175 0.730675 0.8472182 0.2036214 0.2081628 0.06167004
2.743134 1.334042 0.6932929 0.1530235 0.1836928 0.05309417
3.046005 0.9317278 0.7299791 0.1948237 0.1956407 0.05173117
2.901845 1.159087 0.7207134 0.1719618 0.1890888 0.05396756
2.798037 1.242835 0.7128783 0.1615678 0.1875649 0.05445597
2.903007 1.102543 0.7328029 0.1745695 0.1902254 0.05432878
3.098654 0.9256154 0.7394407 0.1971775 0.1949929 0.05240292
2.823054 1.17996 0.7083779 0.1652984 0.1868119 0.05254816
3.009956 0.931531 0.7871809 0.190804 0.1974167 0.05793016
3.421786 0.6880456 0.8026167 0.234578 0.2064327 0.05570889
2.876277 1.165023 0.6966813 0.1690993 0.1859364 0.05084029
2.844182 1.198426 0.7027341 0.1667294 0.1875906 0.05251799
3.028067 0.9239427 0.8009637 0.1934229 0.1995714 0.05970905
3.17538 0.7823357 0.8217366 0.2119727 0.2050591 0.0597056
3.151766 0.7583743 0.8056723 0.2112639 0.2039377 0.05716848
3.008793 1.185128 0.7023551 0.1769832 0.1876231 0.05223639
2.872211 1.083181 0.7633741 0.1745605 0.1937752 0.05804443
2.924508 1.063196 0.7475033 0.178673 0.1926604 0.05561394
3.040173 0.9865323 0.7521959 0.188042 0.1924263 0.05440342
2.848876 1.290331 0.7264297 0.1632862 0.1890107 0.05714372
3.197747 0.7886646 0.7946466 0.2131822 0.2031778 0.05663685
3.061908 0.9451345 0.7617992 0.1943929 0.1966891 0.05546951
2.856814 1.077576 0.7591528 0.173514 0.1928272 0.05718706
2.844954 1.094667 0.7066907 0.1729159 0.1903859 0.05155361
3.122741 0.8239072 0.787006 0.2065011 0.2023692 0.05655866
2.783802 1.083023 0.7603294 0.1690778 0.1934205 0.05762596
2.816152 1.130569 0.7454093 0.1669913 0.1895042 0.05604339
2.693514 1.394204 0.6366949 0.149736 0.1818896 0.04774857
3.2549 0.8091689 0.8133934 0.2152792 0.2034315 0.05911266
2.707007 1.30319 0.7265751 0.1560786 0.1912 0.0580556
3.218899 0.7447399 0.8186772 0.2182174 0.2067272 0.05879568
3.074336 0.9243937 0.7619722 0.1961539 0.1969503 0.05508333
2.923645 1.131796 0.7002455 0.175768 0.1891953 0.05132146
3.343008 0.5752512 0.8135163 0.2413159 0.2150813 0.05582494
3.187915 0.8481478 0.7445321 0.2077561 0.1975738 0.05181877
3.01866 0.9983609 0.7453889 0.1896714 0.1958051 0.05478646
2.815721 1.11753 0.7553987 0.1690983 0.1922094 0.05752216
2.898111 1.007205 0.784717 0.1821329 0.1986379 0.05978625
3.374777 0.5828577 0.9028007 0.2418488 0.2188395 0.06585653
3.120879 0.8585625 0.8091348 0.2024069 0.2007705 0.05925214
3.02153 0.8694583 0.8422982 0.1939863 0.2009005 0.06297694
3.024189 1.038628 0.7495347 0.1842641 0.1910132 0.05485918
2.942463 1.100773 0.7502442 0.1773639 0.1918018 0.05650543
2.899674 1.143098 0.7034514 0.1723069 0.1878811 0.0516042
2.845381 1.139518 0.7357914 0.1699471 0.1907907 0.05555864
3.056254 0.9012169 0.7938007 0.1950419 0.1982291 0.05811878
2.891037 1.303609 0.6744991 0.1641555 0.1839256 0.05058543
2.630647 1.383546 0.6970754 0.1455175 0.184376 0.0544795
2.895531 1.184741 0.709823 0.1698062 0.1875424 0.05298268
3.039253 0.8127231 0.8183748 0.2006105 0.203376 0.05969534
2.822114 1.221945 0.6399027 0.1640945 0.1823648 0.04537514
2.746046 1.21114 0.6822788 0.159422 0.1848733 0.05002316
3.118436 0.7899807 0.814942 0.2070449 0.2035608 0.05880714
3.028165 0.9241679 0.8001537 0.1921885 0.1982515 0.05930833
3.219352 0.776323 0.8004008 0.2161328 0.2047199 0.05730009
3.085935 0.9859814 0.7169913 0.192585 0.1920267 0.05076506
3.052931 0.9347267 0.7881016 0.1927901 0.1968421 0.05796219
3.341003 0.6921124 0.8020767 0.2315571 0.2088947 0.05631628
3.004842 1.064455 0.7126349 0.183168 0.1900946 0.05149202
2.646962 1.253432 0.7258287 0.1521294 0.1879739 0.05613525
2.843412 1.171649 0.7299619 0.1673892 0.1890728 0.05520191
3.058514 0.8395341 0.8000802 0.2002321 0.2015307 0.05805467
2.81832 1.13924 0.7053737 0.1682161 0.1884365 0.05181758
2.821189 1.192603 0.7124214 0.1650163 0.187684 0.05345493
3.040364 0.9608224 0.7652431 0.1910211 0.1954044 0.05586838
3.132195 0.7670822 0.8128646 0.2114697 0.206308 0.05868719
3.056036 0.9673138 0.7601855 0.1914118 0.1945465 0.05526843
