0.9306197 1.240194 2.405921 0.09072761 0.4223781 0.5852336
1.086294 0.6530155 3.029957 0.1112719 0.4103127 0.6320477
1.151763 0.4478132 3.114418 0.1227573 0.4161784 0.6125901
1.115805 0.5626956 2.975242 0.1166444 0.4119669 0.599395
1.147242 0.5720785 2.902873 0.1210188 0.4150398 0.5874617
1.076955 0.6788245 2.842645 0.1111383 0.4111181 0.5897266
0.9641048 1.118448 2.210213 0.09476617 0.4077003 0.4916067
1.188198 0.3462618 3.442908 0.1375743 0.4571802 0.7349019
1.320178 -0.05945927 3.723251 0.1603462 0.4646656 0.68506
1.104737 0.6213644 2.982758 0.1176877 0.4250695 0.6347589
1.070014 0.663569 2.964923 0.1172408 0.4412942 0.6649682
0.9722822 1.204715 2.195078 0.09721706 0.4228535 0.5172782
1.005896 0.9686373 2.553141 0.09937044 0.4074957 0.5638011
1.015195 0.8927634 2.696625 0.1015025 0.4103292 0.5937483
1.121166 0.5287103 3.186031 0.1218199 0.4324226 0.6774816
1.147439 0.3431928 3.593611 0.132989 0.4605275 0.7804531
0.8286103 1.813463 1.568654 0.07640872 0.4253692 0.3861543
0.9596083 1.285116 2.011939 0.09079521 0.3998545 0.4479971
1.009125 1.031524 2.417871 0.09892373 0.4056853 0.5345247
0.8812929 1.454342 1.981024 0.07706811 0.3831285 0.4388332
0.9667576 1.242137 2.177994 0.09670008 0.4261672 0.5213031
1.219335 0.276424 3.259147 0.1371254 0.4339936 0.6292672
0.9076935 1.441557 1.925012 0.0837625 0.4017193 0.4419066
1.020569 0.7850191 3.056524 0.1053436 0.4245998 0.6930058
0.9320959 1.29198 2.146602 0.08588683 0.3937158 0.4788399
1.031589 0.9172709 2.690136 0.09875964 0.3931812 0.5717431
1.043182 0.9209879 2.513099 0.09977042 0.3879066 0.5176026
0.9304775 1.229008 2.297519 0.09223321 0.4249368 0.5538743
1.026508 0.6882593 3.326562 0.1085206 0.4346253 0.7637934
1.126841 0.4866679 3.259613 0.1196729 0.4204765 0.6668129
1.111476 0.5834854 3.095439 0.116289 0.4168975 0.6437818
1.020862 1.039374 2.231679 0.09907583 0.3957679 0.4719868
1.003453 1.054248 2.300848 0.09635066 0.3946614 0.4912322
1.18182 0.2674537 3.930308 0.135419 0.4568623 0.8412761
1.019563 0.9130851 2.908176 0.1044311 0.4288204 0.6870947
0.9421529 1.226666 2.248505 0.09029758 0.4083636 0.5183792
1.305753 -0.1995824 4.369791 0.1686523 0.5038683 0.8561362
0.9742277 1.022684 2.66766 0.09231794 0.3967023 0.5888002
0.983668 1.132311 2.299551 0.08832 0.374287 0.4776029
0.893421 1.407655 2.096119 0.08220546 0.4030556 0.4889458
1.036917 0.9111151 2.537052 0.1009841 0.3957143 0.5329879
1.271075 0.005296418 3.943856 0.1580754 0.4846184 0.7953671
1.087774 0.6248522 2.976971 0.1069939 0.3892403 0.5802303
0.9565892 1.173057 2.407392 0.09724894 0.43501 0.592937
0.9256649 1.468875 1.838783 0.08662568 0.4074512 0.4260551
0.998658 1.045523 2.41549 0.09519078 0.3944489 0.5208941
0.9239738 1.225427 2.361277 0.09046448 0.4210023 0.5672471
1.087359 0.7103989 3.14696 0.113118 0.4248407 0.7018596
1.008473 1.011373 2.436586 0.0937871 0.381464 0.503795
0.996082 1.009617 2.361698 0.09630645 0.3956898 0.5022696
1.024485 1.025807 2.310942 0.09811697 0.391732 0.4866034
1.182406 0.4877565 2.863859 0.1219314 0.3981196 0.5351795
0.90702 1.315838 2.26129 0.08668353 0.4157506 0.5423577
0.933541 1.30742 2.076178 0.08549223 0.3908454 0.4584936
1.07342 0.796995 2.62206 0.1066507 0.3974222 0.5366939
0.8988678 1.384217 2.210824 0.09080798 0.4466918 0.5752428
1.248251 0.04522596 3.963356 0.1536378 0.4817606 0.8114688
1.010777 0.9474623 2.63056 0.09707878 0.3956483 0.5649953
1.065088 0.8323029 2.476065 0.1078645 0.4047533 0.5150364
1.000141 1.113738 2.207423 0.09623385 0.3983752 0.4796261
0.9632065 1.144358 2.316367 0.09205815 0.4013659 0.5171461
1.032395 0.8961165 2.497085 0.09810342 0.3830448 0.503513
0.8445914 1.790628 1.548597 0.07564034 0.4091476 0.3648103
0.9194112 1.292026 2.160089 0.09107024 0.4259023 0.5217912
1.151183 0.5149638 2.904473 0.1215877 0.4116196 0.5697537
1.012165 0.9982859 2.438728 0.09696108 0.3930506 0.5177004
1.201378 0.3153651 3.36116 0.1366191 0.4444576 0.683263
0.9283949 1.406293 2.088919 0.09018044 0.4263866 0.5143973
1.096515 0.5888221 3.269945 0.1145683 0.4201489 0.6959882
0.9772499 1.141261 2.318154 0.09522394 0.409494 0.5275013
0.9824354 0.8886568 2.723917 0.1006424 0.4217095 0.6171263
0.9655738 1.3515 1.897041 0.09179812 0.4043144 0.4279541
0.9228609 1.263792 2.177535 0.08922934 0.4128126 0.5073244
1.272401 0.06992436 4.016174 0.156963 0.4852517 0.8409899
0.9150114 1.358145 2.108296 0.08633559 0.4094898 0.4949665
0.9510684 1.2079 2.213611 0.0925519 0.4122893 0.5109752
1.00323 1.01874 2.373317 0.1028346 0.4228501 0.5417005
1.012214 0.8764078 2.823263 0.1027823 0.4190266 0.6384847
0.9252502 1.266199 2.294452 0.08811857 0.4105277 0.5391887
0.9895027 1.092872 2.382036 0.1004442 0.4253434 0.5591939
0.9374151 1.23422 2.095506 0.08926778 0.4006066 0.466059
1.166045 0.3341651 3.645388 0.1343941 0.4583421 0.7884089
1.257268 0.2303054 3.59523 0.1472119 0.4589087 0.7413656
1.02375 0.7696053 3.09801 0.110004 0.4436649 0.7337664
1.074646 0.7226624 2.834892 0.1078284 0.4021112 0.5849402
0.9862914 1.067283 2.595239 0.09422212 0.4023551 0.5847889
1.096305 0.6725299 2.686022 0.1131331 0.4067214 0.5418652
0.9039498 1.370706 2.040185 0.08640445 0.4138459 0.4813549
1.163773 0.3073519 3.549349 0.1358521 0.4611056 0.7581647
1.071783 0.600487 3.420314 0.1181942 0.4500167 0.7927131
1.011406 1.064009 2.350635 0.09307146 0.3794895 0.4873315
0.9965485 1.182372 1.945904 0.09239211 0.3791166 0.3964164
1.111657 0.4619389 3.201705 0.1193813 0.4226091 0.6484012
1.100786 0.6222214 2.852559 0.1121308 0.4015196 0.5664091
1.055871 0.9322646 2.285021 0.09922237 0.3751833 0.446062
1.091173 0.737762 2.87879 0.1106895 0.4089282 0.6092783
1.038942 0.9370873 2.414125 0.1011048 0.3939308 0.502424
0.8749001 1.599555 1.66477 0.0729224 0.3654146 0.3466932
0.9737937 1.123564 2.501865 0.09564607 0.4172066 0.588523
1.026297 0.8710979 2.758024 0.1020399 0.4072781 0.6010738
1.132099 0.4993797 3.157194 0.1233005 0.4308347 0.6594657
1.088291 0.7193309 2.611125 0.1098934 0.3985969 0.5212399
0.972131 1.244636 1.976868 0.08738095 0.3735479 0.4055782
0.9799123 1.133014 2.323087 0.1004194 0.4313262 0.5553156
1.045339 0.8200757 2.596255 0.1030101 0.395167 0.5316052
1.222988 0.1181222 4.091698 0.144362 0.4659652 0.8448019
1.227463 0.1156934 3.748266 0.1473159 0.4680904 0.7577702
1.158332 0.5258118 3.114366 0.1277901 0.4379754 0.6662642
0.943345 1.37561 1.879392 0.08773631 0.3964571 0.4170276
1.091605 0.546025 3.410687 0.1242209 0.4617035 0.795276
1.13578 0.5463076 2.803552 0.1174674 0.4015996 0.5375277
0.9995652 0.9607885 2.500801 0.1018785 0.419177 0.5635905
1.095383 0.5774988 3.332812 0.1264811 0.469921 0.7963795
1.073391 0.6015037 3.26239 0.1154537 0.434872 0.7227691
1.031683 1.054916 2.264406 0.09885967 0.3928001 0.479436
0.9628322 1.22279 2.260882 0.09311142 0.4120737 0.525763
1.001447 0.966402 2.512864 0.09835256 0.4032349 0.5460705
0.8314139 1.706161 1.876497 0.07883112 0.4399082 0.4902213
0.8686923 1.465601 2.042153 0.08376454 0.4278085 0.5082311
0.9413625 1.295203 2.122787 0.08565661 0.3884187 0.4669093
1.286501 -0.03556893 4.127945 0.1654238 0.504894 0.8639967
1.058278 0.8308532 2.636065 0.1070918 0.4088027 0.5627538
0.8829287 1.472855 2.025295 0.08238057 0.4132726 0.4868347
1.10215 0.6642376 2.842956 0.1140682 0.4115331 0.5875591
1.210951 0.09152298 4.397695 0.1440662 0.4740707 0.931933
0.9801296 1.189634 2.190414 0.09682238 0.4160641 0.5060136
1.030227 0.9050892 2.493115 0.1004002 0.3943309 0.5187567
1.046858 0.6978968 3.019353 0.1096789 0.4241014 0.661948
1.072843 0.7241841 2.811097 0.1163136 0.4367368 0.6284251
0.8872426 1.544768 1.754173 0.08609333 0.4270057 0.4264727
1.197311 0.4593671 2.900565 0.1264181 0.4075765 0.5502
1.006012 0.9517168 2.636078 0.09959298 0.4091113 0.5858669
1.165229 0.5520536 2.940326 0.1253911 0.4235576 0.6043244
0.9828079 1.156289 2.209622 0.09010235 0.3813566 0.4647119
0.8718891 1.38428 2.181335 0.08044039 0.4053969 0.5148522
1.243714 0.1365374 3.706615 0.1469097 0.4596082 0.7385968
1.099548 0.550938 3.331993 0.1196808 0.4380823 0.7328854
1.077411 0.7115819 2.745387 0.1115801 0.4126166 0.5730218
1.052271 0.7832122 2.676464 0.1068956 0.4080306 0.5636169
0.8827159 1.467308 2.009479 0.08225727 0.4118135 0.4802085
1.091239 0.6175519 3.010165 0.1183042 0.4336735 0.6541798
1.018763 0.9351881 2.741929 0.1045976 0.4270057 0.6390261
0.9887825 1.009125 2.55696 0.09423786 0.3951075 0.554027
0.8368876 1.48378 2.200615 0.08205696 0.4432053 0.5791456
0.9533155 1.290949 2.203181 0.09248571 0.4188006 0.5268855
1.13069 0.4294335 3.856656 0.1313864 0.4731751 0.9096259
0.9012071 1.438079 2.102953 0.08440463 0.4139371 0.5070119
0.9384258 1.314449 2.036041 0.09003522 0.4096036 0.4690192
1.088546 0.6771567 2.814036 0.1173607 0.4305775 0.6098508
1.10868 0.6122336 2.89011 0.1186396 0.4243182 0.6070261
0.96467 1.158563 2.280751 0.09311418 0.4059178 0.5149999
1.454892 -0.5300418 4.884579 0.2167579 0.5878716 0.9797327
1.098522 0.6308957 2.779139 0.1137427 0.4073925 0.5574426
0.8801928 1.496572 2.09037 0.08146359 0.4140653 0.5089634
0.9385776 1.228473 2.205533 0.08599379 0.3879256 0.4812492
0.9935325 1.110736 2.411178 0.104003 0.4424523 0.5937547
0.8608196 1.520404 2.04556 0.07960748 0.4150319 0.4994042
0.9586738 1.16105 2.14344 0.0936571 0.4067284 0.4776242
0.93572 1.397211 2.01024 0.08695785 0.4031942 0.4632978
0.8921616 1.437681 2.064433 0.08706326 0.4303575 0.5143685
0.9522189 1.248835 2.207654 0.093089 0.4173662 0.5199479
1.110998 0.5877548 2.831402 0.1183017 0.4186892 0.5776836
1.101712 0.6409384 2.881785 0.1133354 0.4080677 0.5876674
0.982257 1.329499 1.947574 0.0928026 0.4013916 0.4367708
0.9965929 1.055173 2.288185 0.1010391 0.4183136 0.5172665
1.09584 0.7061356 3.081145 0.1141972 0.4238155 0.6808088
1.197152 0.2192738 3.726583 0.1409927 0.4634373 0.7790244
1.152206 0.423735 3.20955 0.1270911 0.4328047 0.6555727
1.204456 0.1714329 4.020844 0.148875 0.4922268 0.8950863
0.9670988 1.109893 2.374763 0.09629304 0.4182815 0.5509376
0.9583713 1.216347 2.073958 0.09700792 0.4252539 0.4861598
1.171318 0.5025605 2.923389 0.1244582 0.4140366 0.5751059
0.9894941 1.117928 2.255558 0.09538116 0.4010524 0.4965915
0.8969895 1.376064 2.175209 0.09356824 0.4597947 0.5791957
1.041123 1.03443 2.292814 0.1011989 0.3984147 0.4914964
1.13333 0.4337866 3.282335 0.1207839 0.4186505 0.654621
0.9744255 1.017314 2.606106 0.09830116 0.4224497 0.6082153
1.09019 0.7139952 2.774952 0.1091233 0.398943 0.5631527
0.9762669 1.018855 2.508158 0.09586325 0.4079026 0.560515
1.040678 0.8252603 2.727309 0.1049784 0.4094071 0.58733
0.9486727 1.187461 2.062802 0.08511636 0.3708129 0.4185177
1.076311 0.6720822 3.015929 0.1131587 0.4233391 0.6528228
0.9000828 1.402356 2.190293 0.081407 0.3978837 0.5085706
0.9530251 1.187238 2.30198 0.09190757 0.4087144 0.5283847
1.05527 0.9212982 2.60361 0.1059812 0.4119538 0.57516
0.8882814 1.650802 1.698354 0.08071024 0.4070607 0.398249
1.02567 0.8438585 2.865795 0.1023012 0.4102657 0.6312919
1.043586 0.851679 2.98329 0.1124326 0.4489635 0.7276325
1.069964 0.6108424 3.277539 0.114788 0.4346494 0.7289343
0.9494149 1.138535 2.214948 0.09306691 0.4086422 0.4970299
0.9524145 1.110736 2.384718 0.09487742 0.4188456 0.5546131
0.8183261 1.775744 1.756092 0.08143769 0.465333 0.4819916
1.02171 0.9757166 2.479924 0.1022335 0.4113894 0.5495367
0.9766425 0.9517114 2.747074 0.1007631 0.4309405 0.6499539
0.9277059 1.406183 1.955069 0.08482394 0.3952465 0.4398136
1.080153 0.771453 2.894696 0.1124083 0.4235895 0.6432824
0.9398757 1.308656 2.178148 0.09078424 0.4170645 0.5186136
0.9366408 1.253861 2.227129 0.08874045 0.4051088 0.5114868
0.8883544 1.533001 1.866683 0.08171376 0.4074723 0.4393125
0.9388365 1.235246 2.337909 0.09244943 0.423798 0.5653127
1.126194 0.5346183 3.05451 0.1243045 0.4374678 0.65176
1.021627 0.9790935 2.381968 0.1003309 0.400583 0.5092835
0.9287512 1.331798 2.226147 0.08966946 0.4211754 0.5413712
1.117575 0.6008631 3.089764 0.1216658 0.4364466 0.676628
0.9698748 1.043903 2.391797 0.09329363 0.3976128 0.5184775
0.9798796 1.186922 2.18459 0.09251844 0.3959663 0.47983
1.060393 0.7385121 2.612274 0.1137307 0.427075 0.5623545
0.9768438 1.109388 2.449341 0.09549634 0.4119039 0.5631746
0.9820425 1.049604 2.391716 0.09557509 0.4031128 0.5264294
1.085943 0.9010898 2.188685 0.1024263 0.3713692 0.413888
0.9833018 1.040496 2.490814 0.0998068 0.423972 0.5807724
1.310974 0.01299106 3.629979 0.1595052 0.4671801 0.6907842
0.8667171 1.538417 1.897941 0.08359817 0.4297698 0.472562
1.042251 0.8518302 2.706081 0.1062227 0.4157269 0.5960584
1.073689 0.6180573 3.401154 0.1163283 0.4424524 0.779439
0.9587236 1.227945 2.104164 0.09007103 0.3951363 0.4621134
1.10173 0.5815058 3.269 0.1165755 0.4259197 0.70446
0.9254081 1.381475 1.997498 0.08679346 0.4050126 0.4599915
0.8915816 1.448364 2.074152 0.08355439 0.414501 0.5004837
1.101396 0.5672232 3.155336 0.1139923 0.4117974 0.6466
0.9827442 1.141714 2.246574 0.09499976 0.4039584 0.5007238
0.9840715 1.07139 2.351182 0.09460205 0.3983694 0.512267
1.061187 0.7004877 3.107263 0.1106111 0.4240339 0.6868395
1.022182 0.8359464 3.052245 0.1061082 0.431467 0.7153355
0.984802 1.053504 2.520242 0.09626839 0.4089764 0.5704897
0.8602143 1.705432 1.628433 0.07869846 0.4133658 0.3876792
1.073452 0.7044601 2.845397 0.115451 0.4327453 0.6285736
1.201887 0.2799541 3.375488 0.1326164 0.4283011 0.6525069
0.9715204 1.17488 2.173655 0.08983883 0.3860438 0.4639487
0.9709809 1.236104 2.014495 0.08674179 0.3718461 0.4127757
0.9287621 1.455046 1.88384 0.08852404 0.4154668 0.4459347
0.9261546 1.152707 2.538564 0.09014522 0.4167915 0.603149
0.9667543 1.24858 2.162601 0.09092326 0.3996396 0.4863241
1.048577 0.7643691 2.834125 0.1095871 0.4233527 0.6241966
1.026381 0.9084028 2.686139 0.105709 0.4246505 0.6142766
1.063229 0.801254 2.693977 0.1021717 0.3857671 0.5408651
0.9144486 1.394627 1.982102 0.09231392 0.4395075 0.4963114
1.061986 0.7458991 2.926813 0.1078338 0.4107953 0.6259725
0.962112 1.201794 2.141627 0.08807166 0.3831167 0.4550852
0.8031291 1.855195 1.625898 0.07772204 0.4561279 0.4349556
1.031371 0.7708458 3.046138 0.1103975 0.4407437 0.7139805
1.215391 0.1311827 3.963874 0.1447367 0.4692311 0.822731
0.9544093 1.207573 2.36668 0.100428 0.4532659 0.6098987
1.076283 0.6977746 2.887882 0.1064257 0.3948347 0.5821773
1.03912 0.912675 2.521224 0.1043004 0.4087773 0.546827
1.412937 -0.5181781 4.866773 0.2018898 0.5607848 0.9328027
0.8934012 1.466715 1.935804 0.08021102 0.3927276 0.437125
1.003337 0.9527869 2.732085 0.1050254 0.4372508 0.6551326
1.157736 0.5924593 2.948748 0.1233469 0.4220156 0.6138801
0.9438985 1.307467 2.163424 0.0908441 0.4147723 0.5112021
0.9766442 1.075669 2.354105 0.09653571 0.4109445 0.5297804
1.162878 0.1119086 4.766131 0.1388823 0.4834521 1.064711
0.8598575 1.623388 1.709936 0.07478219 0.3863713 0.3798257
1.129484 0.7242927 2.529669 0.116423 0.4055511 0.5098912
0.7966042 2.010362 1.367229 0.07743065 0.4627178 0.3624761
1.148133 0.409236 3.645722 0.1272583 0.4436638 0.7866991
1.074684 0.6065875 3.308332 0.1169316 0.4416972 0.7484874
1.091676 0.6312805 3.204891 0.1162843 0.431031 0.7078549
0.9772022 1.284599 1.909478 0.09212476 0.3946293 0.4143771
0.9311839 1.209324 2.463449 0.09137572 0.4234476 0.5986408
1.098874 0.6278373 3.008866 0.1183724 0.4314137 0.6532322
0.8593368 1.603355 1.805583 0.08336041 0.4359002 0.4560784
0.9948666 0.9914237 2.564411 0.09877161 0.4116477 0.5761779
1.195663 0.1820111 3.996158 0.1458576 0.4852715 0.8793648
1.057067 0.6260162 3.010153 0.1127979 0.4268147 0.6459995
0.8596184 1.702191 1.490471 0.07509121 0.3869667 0.3255546
1.01939 0.7680337 3.020979 0.1087516 0.4380696 0.7011397
0.9311078 1.194986 2.439892 0.09184412 0.4239869 0.5906016
0.9250284 1.307655 2.271508 0.08841394 0.4157502 0.5449286
0.9203481 1.12141 2.586749 0.09079542 0.4213069 0.6189009
0.9572441 1.021658 2.647839 0.09637825 0.4229607 0.6217468
1.144296 0.3995068 3.437684 0.1269581 0.4394494 0.7207028
0.961467 1.208422 2.130424 0.09430943 0.4122798 0.4862572
1.009364 1.011201 2.340573 0.09925865 0.4025228 0.5054087
0.994151 0.9889617 2.362541 0.09530723 0.3904532 0.4928698
1.103219 0.624416 3.126217 0.1153079 0.4199326 0.666484
0.9729382 1.270264 2.105189 0.09586992 0.4196616 0.4956527
0.9905685 1.152729 2.135767 0.0962794 0.4037175 0.471223
1.005704 0.9359365 2.820905 0.1022157 0.4241872 0.6573258
1.027797 0.71191 3.229473 0.1060402 0.4233273 0.7237754
1.020676 0.9686303 2.594474 0.1023107 0.415063 0.5858703
1.39564 -0.4415148 4.684034 0.1924539 0.5380994 0.8845643
0.8779496 1.622347 1.725916 0.07879638 0.4009829 0.3991971
0.9623968 1.124937 2.600063 0.09899111 0.4413846 0.6532091
0.9650366 1.22552 2.018287 0.09090567 0.3925238 0.4348723
1.1186 0.5647426 3.052929 0.1162032 0.4111966 0.6190157
0.9357118 1.283218 2.066094 0.0899225 0.4084772 0.4729023
0.9329713 1.151626 2.440855 0.09361067 0.4275818 0.5891149
0.9605817 1.152114 2.353109 0.09364851 0.4121607 0.5430001
0.9959257 1.083712 2.359975 0.0958986 0.4003763 0.5190104
0.792306 1.928156 1.515465 0.0715377 0.4269892 0.3768667
1.144978 0.5185501 2.976687 0.1210212 0.4142164 0.5929832
0.9741803 1.222454 2.083811 0.09269827 0.3988378 0.4594377
1.088506 0.7228819 2.760031 0.1146144 0.4213703 0.5914807
0.9478945 1.26682 2.085473 0.09100662 0.4069583 0.4745045
1.106242 0.6335426 2.962358 0.1167327 0.4211184 0.6262982
1.113089 0.7533862 2.722371 0.1150433 0.414876 0.5798097
1.022517 0.9179959 2.614586 0.1051886 0.4228577 0.5928807
0.9211349 1.317258 2.071681 0.0833847 0.3862481 0.4523822
0.981794 0.9672565 2.602429 0.09708972 0.4091812 0.5796277
0.8615329 1.625059 1.747546 0.0780303 0.4053912 0.4093683
0.9452199 1.169004 2.182773 0.09254813 0.4095877 0.4928134
0.8881367 1.551851 1.797676 0.08484176 0.4227299 0.4358881
0.9203965 1.412414 1.998037 0.08876813 0.4207545 0.4814308
0.9581982 1.206131 2.193823 0.08949425 0.3934267 0.4818044
0.8321919 1.734689 1.794609 0.08302323 0.4638031 0.4910482
1.029907 0.7389454 3.031707 0.1107138 0.4397829 0.700307
0.9276002 1.327751 2.225449 0.08922968 0.4188144 0.5372933
1.220062 0.2577501 3.245058 0.1383455 0.436504 0.624167
0.9229177 1.251152 2.387077 0.09018885 0.4237408 0.5826768
0.9813182 1.137717 2.099655 0.09355022 0.3926041 0.4465553
1.096836 0.5552909 3.269224 0.1230912 0.4519063 0.7394044
0.9666653 1.184039 2.277784 0.09412161 0.4118274 0.524909
0.9283369 1.29947 2.07016 0.08728554 0.4008031 0.4671688
1.004024 0.8306272 2.87562 0.1043616 0.4271532 0.655712
0.9977506 1.261459 2.026244 0.09655966 0.4078192 0.4581574
0.9854506 1.148784 2.355016 0.09475964 0.4053369 0.5333608
1.066467 0.7148836 3.033889 0.1117863 0.4258838 0.6726337
1.025678 0.871992 2.703445 0.09881346 0.392556 0.5660438
1.192453 0.1296843 3.938247 0.1449546 0.4795273 0.8333395
0.8734036 1.499154 1.910603 0.08333139 0.4216198 0.4645046
0.9065976 1.539585 1.777741 0.08223438 0.3978815 0.4038327
0.8994785 1.485118 1.766983 0.07783141 0.3728738 0.3721571
0.8279723 1.690452 1.775546 0.07476272 0.4122973 0.4289325
0.9877334 1.038543 2.574581 0.09652548 0.4091618 0.5839017
0.8736232 1.763902 1.578642 0.08638813 0.4526992 0.411455
0.8792254 1.529133 1.6862 0.08042965 0.396876 0.3768177
1.112397 0.571824 3.158168 0.115282 0.4127938 0.6500844
0.960608 1.076361 2.458726 0.0904765 0.3930268 0.535075
1.014873 0.8009967 2.995304 0.1008131 0.4072031 0.651673
1.000986 0.9755042 2.579582 0.0963793 0.3974792 0.5581961
0.8938251 1.446534 2.156728 0.09323362 0.4667058 0.5899128
0.9500683 1.216192 2.202399 0.08539489 0.3785079 0.4669892
1.104462 0.6332058 2.98533 0.1134372 0.4090412 0.613821
0.9154688 1.399428 1.980449 0.08273064 0.3902725 0.4403564
1.029178 1.000947 2.322728 0.09894664 0.3915861 0.4857874
1.131919 0.5562854 2.891494 0.1175455 0.4063776 0.5683393
0.820806 1.850933 1.480154 0.07767445 0.437735 0.3721971
0.9300937 1.370893 2.056044 0.09106801 0.4254336 0.4998063
0.9151913 1.29749 2.123009 0.08048697 0.3740868 0.4495175
1.090607 0.774665 2.689077 0.1066302 0.3904802 0.5401049
1.13617 0.5779846 2.90521 0.1181438 0.4088771 0.5804763
0.9756852 0.9564768 2.784525 0.09829449 0.4211082 0.646371
0.9845067 1.009789 2.461814 0.09587389 0.4017081 0.5370784
0.9177508 1.436588 1.833672 0.08223885 0.3851551 0.3984382
1.178871 0.2720932 3.971329 0.1409823 0.4799266 0.8974488
0.8317765 1.806625 1.594278 0.08018745 0.4467681 0.4135066
1.094984 0.4847353 3.428639 0.1179789 0.4307374 0.7279436
0.9756778 1.135977 2.220483 0.09462669 0.4040112 0.4927258
1.016225 0.8870371 2.5323 0.10003 0.3986165 0.5320747
0.8954872 1.457484 1.928031 0.08589837 0.4200925 0.4639896
1.098168 0.6750917 2.899209 0.1142937 0.4165259 0.6126683
0.9530195 1.128343 2.407878 0.09345754 0.4143372 0.558272
1.06514 0.9262323 2.410027 0.1006103 0.3804825 0.4828836
0.9303735 1.310229 2.05363 0.08412798 0.3847852 0.4453712
0.8774254 1.507002 1.990178 0.08150755 0.4134748 0.4797133
1.043615 0.8864201 2.539363 0.1043974 0.4054292 0.5422807
1.31513 -0.05898317 3.91265 0.1618637 0.4752955 0.7479408
1.021114 0.9675462 2.411562 0.1012708 0.4047838 0.5207968
1.09508 0.5361684 3.329444 0.1213132 0.445592 0.7407422
0.9472935 1.261821 2.136459 0.09371868 0.422066 0.5070575
0.831333 1.774209 1.707364 0.07292053 0.4061214 0.4077456
0.9078524 1.446639 2.048164 0.0835385 0.4050475 0.4810321
1.023828 0.925981 2.497276 0.1014064 0.4033425 0.535406
1.089875 0.7090586 2.647299 0.1096234 0.3969839 0.5261373
1.035556 0.9478653 2.539464 0.1055471 0.419279 0.5724906
0.9569599 1.28879 2.029756 0.09189982 0.4077631 0.4628059
1.218059 0.163037 3.772643 0.1487168 0.4801229 0.8009971
0.9917623 1.006917 2.54796 0.09725878 0.4071804 0.5682356
1.186153 0.3230501 3.400518 0.1327038 0.4373247 0.6835019
1.078793 0.7171722 2.832588 0.1098919 0.4084846 0.5927309
1.045776 0.9075391 2.655486 0.1055383 0.4144793 0.5908007
0.9269877 1.365077 1.928293 0.08709994 0.4012977 0.4343615
1.11449 0.5283833 3.364238 0.1174044 0.4219145 0.7084773
1.126627 0.5724714 3.16851 0.1261277 0.4498427 0.7126855
1.105249 0.6700038 2.785113 0.1148163 0.4122464 0.5748251
1.045093 0.9471288 2.503756 0.1010029 0.3945993 0.5290973
1.050798 0.7914336 2.775773 0.1044209 0.401504 0.5823288
0.9832123 1.184032 2.204375 0.09411496 0.40236 0.4928609
0.9246796 1.439679 1.916501 0.08344752 0.3915902 0.4281936
0.8052807 1.940014 1.474121 0.07222945 0.4227768 0.3609244
1.058929 0.8727555 2.630694 0.1019628 0.3904974 0.5441857
1.196772 0.3411264 3.445482 0.1359593 0.4473326 0.7179403
0.8066089 1.91564 1.616734 0.07524726 0.4455103 0.4247021
0.9323896 1.393239 1.896767 0.08089533 0.3699243 0.3952496
1.03498 0.7083557 3.410747 0.115219 0.4633621 0.8469719
0.9016454 1.36104 2.076098 0.08681294 0.417554 0.4953794
1.203898 0.4339917 3.050943 0.1342173 0.4351993 0.6212356
1.023721 0.8294342 2.930754 0.1060391 0.4269582 0.6712746
1.083812 0.5613353 3.234583 0.1110639 0.4082741 0.6593055
1.038418 0.9323176 2.683899 0.1066573 0.425252 0.6188435
1.133209 0.4457567 3.476534 0.1247983 0.439784 0.7456539
1.029995 0.9009826 2.559572 0.101158 0.3990845 0.5416545
0.9643498 1.086978 2.52833 0.09502069 0.4160597 0.5887672
1.063321 0.7257888 3.049325 0.1094524 0.4187706 0.6681637
1.163249 0.2203067 3.700238 0.1384405 0.4686918 0.7821625
0.903204 1.563402 1.719997 0.08482695 0.4138218 0.4055927
1.049722 0.7405279 3.003891 0.1087114 0.4213775 0.6626932
0.9037538 1.295742 2.184249 0.08927708 0.4265575 0.5311687
1.147252 0.5385452 2.854694 0.119219 0.4045105 0.5526197
1.125323 0.4511171 3.32569 0.1198119 0.4208654 0.6753985
0.9447975 1.174615 2.443758 0.0938266 0.4254117 0.5908984
0.921635 1.200932 2.535554 0.09054098 0.4251247 0.6212496
0.917418 1.397032 2.195911 0.08513073 0.408915 0.5240101
1.202676 0.2289877 3.739585 0.1433474 0.4708479 0.7998261
0.9684391 1.118663 2.351286 0.09068466 0.3913533 0.5101759
0.8645232 1.657225 1.804834 0.0785051 0.4123411 0.4354371
1.011331 1.002193 2.409358 0.09865649 0.4004467 0.5202144
1.11706 0.6874748 2.702093 0.1122441 0.3962325 0.5344262
1.068277 0.8420246 2.699128 0.1093245 0.4165475 0.5931644
0.9447625 1.232726 2.074212 0.08931883 0.3967851 0.4557963
1.02621 0.7800081 2.960162 0.104919 0.4176252 0.6537833
0.9093443 1.374407 2.030491 0.08651268 0.4123583 0.4778647
1.031753 0.9539308 2.409007 0.09715213 0.3815866 0.4886527
1.151717 0.498756 3.048182 0.1231473 0.4195758 0.6136754
0.9857341 1.098335 2.259201 0.09877017 0.4159814 0.5125927
0.9638891 1.223006 2.324792 0.09450359 0.4202674 0.5550829
0.9179958 1.489663 1.786466 0.08781657 0.4162076 0.4208192
0.9257717 1.29946 2.252613 0.09306982 0.4373122 0.5661464
1.180494 0.3722771 3.289478 0.1303708 0.4322671 0.6622406
1.006373 0.8439302 2.857898 0.1003162 0.40882 0.6256141
0.7758952 2.169253 1.271808 0.07567502 0.4780845 0.3465362
1.070776 0.6935702 3.431171 0.1129984 0.4368403 0.800781
1.077968 0.9289525 2.275167 0.1038868 0.3852616 0.4552468
1.221354 0.1318733 3.872366 0.148138 0.47695 0.8114147
1.087253 0.8182538 2.618376 0.1067558 0.3939515 0.5351409
0.8764833 1.446866 1.994422 0.0791364 0.3949847 0.4539904
0.9542346 1.186886 2.302744 0.09342364 0.4156102 0.5377285
0.8113317 1.928986 1.474613 0.07483315 0.4346061 0.3709352
0.9524264 1.202109 2.267804 0.09174583 0.4089976 0.5216094
1.15286 0.4445976 3.089171 0.1246968 0.4224055 0.6149477
0.9218207 1.246218 2.170962 0.08235277 0.3778542 0.4616246
0.944407 1.185297 2.324032 0.09432081 0.4252967 0.5565628
0.9278421 1.241431 2.336126 0.08593631 0.3976875 0.5314787
0.9059884 1.492102 1.821512 0.08529891 0.4115089 0.4269871
0.8553066 1.754359 1.638241 0.07999764 0.4289471 0.4078534
0.9559893 1.159571 2.466397 0.0933026 0.4164279 0.5822582
1.062652 0.6396564 3.180201 0.1206202 0.4621654 0.7547719
0.9560636 1.257824 2.227963 0.08538835 0.3800628 0.4802268
0.9988279 1.029482 2.637494 0.101023 0.4257449 0.6247067
0.8769612 1.608175 1.776955 0.08676917 0.4440912 0.4556795
1.04874 0.7148627 3.249969 0.1073608 0.41977 0.7227507
0.9075307 1.186319 2.493117 0.08950439 0.4250159 0.6072268
0.9130518 1.332905 2.014724 0.09023681 0.4239216 0.4811677
1.133327 0.5161747 3.071805 0.1229932 0.4285837 0.638314
0.9304747 1.228041 2.440253 0.08987971 0.4178766 0.5872444
0.9801311 1.16738 2.144371 0.09306228 0.3950051 0.4649519
0.9346016 1.456156 1.720003 0.08077554 0.3679094 0.3531184
1.003013 0.8864573 2.743319 0.1004121 0.41154 0.6070953
1.193651 0.3564893 3.355558 0.1369421 0.4509389 0.7033132
1.202913 0.3043343 3.222089 0.1368717 0.4404004 0.6369227
0.944476 1.320699 2.153119 0.08383768 0.3812947 0.4691637
0.8962905 1.409513 2.015232 0.0826641 0.4010024 0.4630782
0.9906624 1.133473 2.151636 0.0978998 0.4097733 0.4801455
1.001187 1.037101 2.347139 0.09870958 0.4061973 0.5159237
0.8894159 1.337539 2.356623 0.08769336 0.4355777 0.6013112
1.0288 0.8771726 2.730631 0.1072007 0.4287173 0.6269529
1.111451 0.6234793 2.69036 0.116787 0.4112175 0.5384777
1.054509 0.9208987 2.416923 0.1055108 0.4050861 0.5152848
0.9899234 1.078692 2.326058 0.09761545 0.409345 0.5203845
1.065473 0.7911644 2.800525 0.109506 0.417244 0.6121538
0.8692604 1.545484 1.975168 0.08330004 0.4307731 0.4982716
1.109352 0.5670302 3.180074 0.1167204 0.4200053 0.6662796
1.105043 0.7414231 2.601409 0.1155477 0.4153597 0.5446388
0.9977627 0.9848163 2.532895 0.09744042 0.4031546 0.5549334
1.272536 0.006723355 3.990649 0.1606791 0.4940543 0.8248878
1.083041 0.6775963 2.961621 0.1159385 0.4315238 0.653209
0.8936204 1.424191 2.167755 0.08814235 0.43822 0.5554788
0.9502606 1.264942 2.02506 0.09096847 0.4037983 0.4542026
0.9037707 1.379287 2.023802 0.08494758 0.4068504 0.4695623
0.9087631 1.374614 2.192177 0.0871635 0.4212153 0.5360107
0.9566781 1.211106 2.064387 0.0926051 0.404549 0.4592889
0.945824 1.147272 2.333615 0.08687592 0.3852678 0.5016029
0.9103557 1.494832 1.785978 0.08784475 0.4208388 0.4259905
1.017065 0.8204728 2.75362 0.09883352 0.3934576 0.5707023
0.7992759 1.895759 1.542755 0.0739409 0.4362643 0.3925302
1.151353 0.4961514 3.24198 0.1265447 0.4367721 0.6903518
1.124187 0.5733475 2.752915 0.1188366 0.4120835 0.544991
0.9943632 0.94999 2.467516 0.09835414 0.4038273 0.5319898
0.9473034 1.239894 2.379302 0.0903515 0.4119019 0.5632362
0.937194 1.200497 2.277912 0.08647273 0.3903749 0.5002493
0.9365886 1.337477 1.953013 0.08749755 0.3971056 0.4339931
0.9704956 1.060357 2.51655 0.09823721 0.4256569 0.5946057
0.9672922 1.214351 2.16734 0.09402015 0.4104995 0.495993
1.181417 0.3581218 3.397727 0.135712 0.4528033 0.7186665
1.1263 0.5725223 3.340746 0.12481 0.4485904 0.7592716
1.046396 0.6704321 3.243026 0.115353 0.4514278 0.7636014
1.083236 0.6426885 3.263049 0.1106435 0.4138667 0.6983814
0.9279571 1.358092 2.028108 0.0904001 0.42056 0.4841148
1.015507 0.7681309 3.108239 0.1038427 0.4203292 0.6970575
1.029729 0.9290998 2.398627 0.09922842 0.3885685 0.490302
0.9524977 1.207934 2.233252 0.09178771 0.4084013 0.5114926
0.8846364 1.490116 1.957447 0.07785445 0.388032 0.4402292
1.451188 -0.583915 5.541303 0.2152609 0.5937357 1.133477
1.121827 0.4106014 3.714791 0.122457 0.4382212 0.7975948
1.068795 0.8070766 2.564607 0.102211 0.3803567 0.5012723
1.172794 0.4067853 3.100227 0.1276306 0.4229943 0.6090031
1.064672 0.8028258 2.640562 0.1077024 0.4065844 0.5556965
1.026028 0.8477727 2.748483 0.1029685 0.409513 0.597712
1.055245 0.6648035 3.001221 0.1071636 0.4067425 0.6218796
0.8519506 1.717067 1.79404 0.08089674 0.4382081 0.4628092
1.003051 0.9944536 2.57206 0.09941506 0.4116938 0.5795275
0.9720418 0.9456933 2.826228 0.09899456 0.4266717 0.6659031
1.096079 0.6083493 3.184704 0.1159738 0.4257105 0.6875119
1.014166 0.9599439 2.431034 0.09370883 0.3742813 0.4848631
1.152493 0.172365 4.274742 0.1392688 0.4846173 0.9525458
0.9082225 1.461488 1.929787 0.0855259 0.4126711 0.4570295
1.006505 0.9441631 2.66259 0.1004976 0.4129905 0.5975434
1.035859 0.8298144 2.742503 0.1051049 0.4129846 0.5978134
1.193928 0.4415703 2.855403 0.1293212 0.4171735 0.548183
1.057751 0.7420011 2.840388 0.1064128 0.4045715 0.5934109
1.225584 0.3092457 3.367738 0.1380666 0.4393451 0.6746502
0.9759663 1.308944 2.161267 0.09573351 0.4241229 0.5231793
0.909134 1.341281 2.261855 0.0837739 0.4026939 0.5291752
0.9517837 1.379624 1.878381 0.08711154 0.3901352 0.4106643
0.9464956 1.137632 2.513792 0.09438423 0.4257842 0.6064916
1.187736 0.4410783 3.003065 0.1301178 0.4262554 0.5979355
0.8458278 1.626437 1.857582 0.0819085 0.4400585 0.4787033
1.019865 0.8734714 2.760674 0.100341 0.4028958 0.5959338
0.9708101 1.172646 2.147717 0.08804153 0.3764672 0.4448606
1.075937 0.5272203 3.310115 0.1174893 0.4376419 0.719679
1.078404 0.8039897 2.681412 0.1111809 0.4162007 0.5799539
1.196176 0.2832307 3.255325 0.1354002 0.43752 0.6355132
1.082999 0.6225839 2.7908 0.1119325 0.4061336 0.5566405
1.094192 0.6966601 2.74083 0.1153143 0.4195661 0.5788801
0.9836281 1.086714 2.23765 0.09649725 0.4050069 0.4916629
0.977889 1.039272 2.45597 0.09747237 0.4148341 0.5584832
1.096844 0.6425975 2.963869 0.1126722 0.4094125 0.6110834
0.999016 0.9370759 2.577811 0.1000773 0.4115224 0.5704037
1.130743 0.5570568 3.05134 0.1210827 0.4245137 0.6366404
0.8948402 1.44401 1.937652 0.08751992 0.4276965 0.4738497
1.180864 0.4043778 3.021708 0.1328496 0.4367715 0.6079242
1.050743 0.9123872 2.36983 0.108711 0.4173576 0.5157029
0.9813361 1.126723 2.138848 0.09612942 0.4049751 0.470297
0.9396213 1.296998 2.083468 0.09405922 0.4290163 0.5037719
1.017148 0.9668792 2.509782 0.1007645 0.4072374 0.5510509
1.017348 0.972176 2.456613 0.09797516 0.3941412 0.5205494
1.257217 0.006272939 4.028738 0.156661 0.4878737 0.8250715
1.109279 0.6245945 2.966595 0.1204213 0.4338136 0.644262
1.003721 0.8743143 3.006462 0.1036688 0.4314804 0.7113569
1.029817 0.9322932 2.606527 0.1007056 0.4019388 0.5653098
1.099322 0.6138621 3.263039 0.1199607 0.4425245 0.7385899
0.9304491 1.209176 2.126758 0.0866119 0.3897754 0.4591328
1.091484 0.6918496 2.71136 0.1142405 0.4151613 0.5636831
1.042583 0.8765124 2.715216 0.1061575 0.4178943 0.6070867
1.022781 0.8866554 2.612383 0.09988772 0.396984 0.5503745
1.052644 0.8373497 2.590493 0.1065697 0.4080771 0.5503594
1.031991 0.8253086 2.665022 0.1044878 0.4095392 0.5707938
1.184894 0.3275493 3.40619 0.1350194 0.4470916 0.7026502
1.090353 0.6557071 2.840284 0.1128954 0.4110804 0.5844091
0.8966212 1.447109 1.992072 0.08545269 0.4187919 0.4808615
0.9612571 1.280265 2.091379 0.09272093 0.4107962 0.4825991
1.040002 0.8028891 2.939526 0.1047765 0.4123043 0.6448892
0.9452586 0.99867 2.640114 0.09231218 0.4070486 0.5920715
0.8286987 1.681917 1.88253 0.07607992 0.4232362 0.4725051
1.106482 0.5177927 3.170598 0.1167826 0.4178096 0.6479139
1.068338 0.669277 3.001234 0.1158532 0.4376049 0.6707372
0.8806145 1.559952 1.782186 0.08519053 0.4290744 0.4387028
0.8882268 1.550663 1.754125 0.07820397 0.3859762 0.3866106
1.156829 0.5008257 3.10944 0.1249889 0.4258413 0.6391583
0.9631898 1.097199 2.357889 0.09627029 0.41857 0.5448628
1.172743 0.1700203 4.398604 0.1410439 0.4844484 0.9873887
0.9158669 1.626226 1.599118 0.08308813 0.3996831 0.3618502
0.9165507 1.487617 1.929654 0.08479453 0.407539 0.4536396
1.020209 0.9026 2.63955 0.1008469 0.4044968 0.5713905
0.9573975 1.175622 2.244506 0.08758813 0.3834956 0.4792943
1.089651 0.6755465 2.961751 0.114035 0.42021 0.6342695
0.8467223 1.712427 1.734348 0.08105978 0.4388521 0.4443981
0.9521497 1.168653 2.252528 0.09416378 0.4164953 0.5213721
1.12633 0.4777472 3.498965 0.1272042 0.4549133 0.7881125
1.058138 0.8620494 2.571973 0.1023629 0.3901335 0.5265435
1.253327 0.1606882 3.593294 0.1482621 0.4597139 0.7184399
0.9920496 1.052053 2.4404 0.09158757 0.3825184 0.5132072
1.120129 0.3155814 3.88869 0.1404561 0.5068609 0.9416447
0.9591912 1.073999 2.608898 0.09548831 0.4217155 0.6180982
0.7589674 2.190027 1.443363 0.07544573 0.501386 0.423751
1.10838 0.4743954 3.614951 0.1246577 0.4547544 0.819159
0.9866185 1.122237 2.366754 0.09734117 0.4150911 0.5463134
0.9784607 1.100717 2.227841 0.08877004 0.3732301 0.4530696
0.9674355 1.123707 2.158211 0.09303129 0.3973228 0.4662635
0.9784557 0.9956532 2.87831 0.1007299 0.4372674 0.7081641
1.020089 0.7952084 2.946275 0.1051118 0.4224092 0.6615329
1.060719 0.8273939 2.557536 0.1038205 0.3918882 0.5187412
1.06566 0.7419788 3.014045 0.1108839 0.4245323 0.6722787
0.9644627 1.197797 2.34355 0.09392883 0.4154117 0.5506569
0.7911148 1.781972 1.787965 0.07169328 0.4253037 0.4524522
1.139544 0.4657673 3.282698 0.1239293 0.4305526 0.6829539
1.13289 0.5040676 3.22115 0.1213201 0.4242859 0.666498
0.8053653 1.895972 1.506515 0.07416741 0.4320825 0.3775018
1.194164 0.2259509 3.612405 0.1420466 0.4668619 0.757008
0.9495026 1.109012 2.513804 0.09138104 0.4072617 0.5758382
1.019717 0.9617125 2.652854 0.1043927 0.4257622 0.6167905
1.052976 0.8179738 2.568018 0.1016469 0.3850701 0.5099329
1.113294 0.5594597 2.935868 0.1193558 0.4224361 0.6036962
1.011524 0.9705492 2.524479 0.1029368 0.4202235 0.5737799
1.078341 0.7087003 2.873198 0.1179399 0.4414291 0.6495998
0.9971967 1.051173 2.260833 0.09455857 0.3883042 0.4730709
0.9308847 1.213777 2.399204 0.08732624 0.4024048 0.551916
0.9555509 1.23215 2.26204 0.08745654 0.3895992 0.4992669
1.008646 0.9749919 2.400991 0.09258029 0.3721931 0.4773828
1.021794 0.8367856 2.749642 0.1031478 0.4111369 0.5979722
1.072874 0.7048104 3.028493 0.1113936 0.4208024 0.6612635
1.019839 0.8477384 2.658262 0.1020214 0.4059817 0.5686371
1.062874 0.7513025 2.624395 0.1055859 0.3940158 0.524228
0.9431762 1.248074 2.252769 0.08890095 0.403244 0.5158514
0.9355567 1.376787 1.833785 0.08335915 0.3774293 0.385753
0.8053905 1.781392 1.662934 0.07263185 0.4170966 0.4057265
1.034723 0.7054524 3.003295 0.1094177 0.4285555 0.6660796
0.9101522 1.307378 2.236486 0.08810742 0.4199474 0.5395012
0.7544912 2.214012 1.271896 0.07281751 0.4793561 0.3486243
0.9511192 1.254201 2.189282 0.0929111 0.4173161 0.5156783
0.9283066 1.252684 2.249423 0.09351584 0.4329547 0.5527153
0.9595707 1.178141 2.383349 0.09445524 0.4197412 0.5654813
1.025516 0.8017919 3.084302 0.1076934 0.4350925 0.7232322
0.9068265 1.499157 1.941825 0.08788078 0.4299572 0.4832502
1.172298 0.4618202 3.050109 0.1249037 0.4158025 0.600086
0.8635471 1.705807 1.76215 0.07629123 0.4034546 0.4165079
1.013357 0.8228355 2.819697 0.105082 0.4241503 0.6339532
0.9003311 1.432096 2.032208 0.08663452 0.4226507 0.4954058
0.9725028 1.225104 2.101222 0.09656396 0.4187859 0.4881626
1.037251 0.8957237 2.608691 0.1040118 0.4090248 0.5673113
1.10805 0.6672946 2.808588 0.1130996 0.4046703 0.5695715
0.9663255 1.09385 2.403062 0.09670854 0.4198852 0.558602
0.9963637 0.9274394 2.47837 0.1014673 0.4150175 0.5455718
1.008305 0.95159 2.637863 0.1006982 0.4128898 0.5914849
1.037467 0.8632184 2.632103 0.0997983 0.3894509 0.5414677
0.9867257 1.107738 2.16454 0.09249 0.3851097 0.4513777
1.019706 0.8047232 3.011977 0.1084968 0.4399748 0.7111893
1.272367 0.07576789 3.753831 0.1534403 0.4682982 0.7449279
0.8990564 1.279245 2.435427 0.08974633 0.4373714 0.6198649
0.9918598 1.08605 2.358912 0.09893296 0.4162748 0.5399268
0.9490279 1.084059 2.434485 0.09510045 0.4203046 0.5663619
0.9894018 1.044305 2.487456 0.0927276 0.3892856 0.5333422
1.254299 0.1479728 3.546687 0.1464538 0.4515013 0.689808
1.05098 0.9521114 2.427124 0.1000624 0.3863989 0.4989008
0.9633225 1.231693 2.255307 0.09282501 0.4114269 0.5248483
1.275324 0.001952293 4.330122 0.1620108 0.5040052 0.9348494
1.009601 0.7738461 3.219917 0.1075544 0.4425945 0.7688379
0.994084 0.913301 2.476909 0.101215 0.41365 0.5408053
0.8778305 1.717781 1.5624 0.08162989 0.4183935 0.3732698
0.8743548 1.465201 2.077622 0.08772175 0.4471707 0.5420847
0.8920389 1.442654 2.093273 0.08869188 0.4411226 0.5374306
1.015359 1.042956 2.399748 0.1024702 0.4187923 0.5479344
0.8927831 1.526638 1.896042 0.08265899 0.4107317 0.4507967
1.103699 0.5375513 3.193798 0.1184606 0.4275921 0.6745506
1.044683 0.6828993 3.385504 0.1089942 0.4290944 0.7691058
0.983066 1.012618 2.605123 0.1035712 0.4420355 0.6350177
1.00567 0.8992363 2.638823 0.09885748 0.4017418 0.5667687
1.115116 0.7309395 2.722997 0.1108928 0.3956319 0.5478486
0.9751268 0.9413518 2.977618 0.1022428 0.4435069 0.7370808
1.02718 0.9573955 2.492472 0.1063421 0.4257738 0.5694172
1.033044 0.9513728 2.481054 0.1043613 0.4136646 0.5488231
1.221835 0.2573014 3.50531 0.1394079 0.4454486 0.7043444
1.08987 0.4048344 4.132703 0.1209027 0.4529805 0.9403373
1.014984 0.9462371 2.529658 0.1004302 0.4055019 0.5505763
0.9071284 1.463452 1.946606 0.08719425 0.4224304 0.472768
0.9806347 1.062971 2.534971 0.09585714 0.4104084 0.578532
0.9935147 1.186356 1.997132 0.09127112 0.3775927 0.4084501
1.33679 -0.1595339 4.209606 0.1721838 0.5010805 0.8266293
1.158679 0.5057965 3.126633 0.1267213 0.4325974 0.6557987
1.080699 0.6293513 3.34843 0.1172445 0.4429906 0.768646
1.001725 1.071783 2.483149 0.09672954 0.40457 0.557609
1.009759 1.090823 2.194935 0.1029651 0.4208372 0.4988315
0.9665304 1.111889 2.410012 0.09209311 0.3998204 0.5362885
0.9839296 0.927345 2.538654 0.09945133 0.4133574 0.5598159
1.019668 0.8929402 2.591533 0.1038868 0.4159408 0.572561
0.9240669 1.402847 2.017554 0.08947281 0.4221291 0.4877089
0.958349 1.059694 2.613149 0.09751144 0.4305968 0.6299389
0.8346687 1.734793 1.672454 0.08034537 0.4413628 0.4290203
1.130646 0.5705515 2.947643 0.1195552 0.4170744 0.6014325
0.9941721 1.089544 2.242706 0.09576839 0.3981862 0.4861017
1.212418 0.4295359 2.940452 0.1338629 0.4275116 0.5806266
0.8302524 1.870437 1.467977 0.07251437 0.4040919 0.3414847
0.8939284 1.548492 1.837748 0.08105013 0.4017619 0.426198
1.011754 0.8948201 2.703321 0.103309 0.419947 0.6094665
0.8993247 1.415356 1.940547 0.07989747 0.3831422 0.4229166
0.8144012 1.92778 1.505034 0.06722801 0.38869 0.3412152
0.8437487 1.685807 1.776566 0.0776329 0.4200168 0.4367949
0.9972677 0.8227497 2.910951 0.1058205 0.4374886 0.6812669
1.5394 -0.8380807 5.582964 0.24045 0.6242938 1.052733
0.9213522 1.257425 2.235107 0.08489577 0.3938053 0.5000999
0.97161 1.092753 2.441459 0.09273355 0.3998417 0.5422671
1.103144 0.6384491 2.832333 0.116149 0.4173714 0.5878181
1.051158 0.6417059 3.354145 0.1115731 0.4333887 0.756639
1.178697 0.3907335 3.384487 0.1262844 0.4209014 0.6732744
0.9897368 1.108298 2.275622 0.09505481 0.3991468 0.4982655
0.9788987 1.020398 2.427701 0.09546749 0.4023204 0.5303397
1.002647 0.9600356 2.597746 0.09709742 0.3987879 0.5616644
1.056464 0.7994142 2.676244 0.1060871 0.4037636 0.5601095
0.8589317 1.657773 1.671523 0.08137247 0.4252398 0.4083972
1.107024 0.5460294 3.212176 0.1215662 0.439525 0.701001
0.8917147 1.547464 1.941975 0.08166308 0.4096286 0.464537
0.9896714 1.019441 2.519322 0.09612089 0.4032963 0.5571277
1.007254 1.003482 2.509217 0.0988368 0.4061612 0.5556213
1.015587 0.7903387 2.778207 0.1068722 0.427127 0.6196116
1.142454 0.3948279 3.553253 0.1322012 0.4624543 0.7896724
0.9693347 1.087531 2.316368 0.09136592 0.3902752 0.4949088
0.8904545 1.404022 2.248017 0.08795472 0.4393066 0.5796428
0.9121323 1.270038 2.133785 0.08389059 0.3910335 0.4703309
0.9540879 1.178337 2.178026 0.09603537 0.4227399 0.5086115
0.9998801 0.9345974 2.597714 0.09757687 0.3999018 0.5585754
0.9562601 1.09819 2.473951 0.0938015 0.4135287 0.5713551
1.234957 0.190043 3.653046 0.1438572 0.4551644 0.7372678
0.9695855 1.072342 2.460681 0.09841358 0.4260247 0.5802251
1.270258 0.09859499 3.737633 0.1553313 0.4767637 0.7630225
0.9156058 1.405776 1.921283 0.07930337 0.3715427 0.4047154
0.971715 1.230095 2.290636 0.09043567 0.3969945 0.5158766
0.9895757 1.246161 2.025752 0.08930005 0.3764435 0.420922
0.8269152 1.660961 1.953089 0.08400392 0.4705542 0.546467
0.9327913 1.179837 2.206084 0.08980201 0.4043475 0.4949607
1.049876 0.6464498 3.189106 0.1119817 0.4324638 0.7097893
0.9888071 1.075915 2.494516 0.09962325 0.4240407 0.5881111
1.165178 0.400765 3.482404 0.1295328 0.4413355 0.735704
1.14133 0.6642814 2.60764 0.1178993 0.404348 0.5168842
1.057751 0.7168124 2.924042 0.1075802 0.4094637 0.6172168
0.7877339 1.980419 1.38905 0.07382016 0.4436345 0.3538624
0.9961108 1.098524 2.30059 0.09808619 0.4097425 0.5167434
1.060361 0.6270938 3.287508 0.1129973 0.4326058 0.7321311
1.220116 0.1354837 3.580066 0.1474639 0.4693559 0.7225922
0.8965418 1.593607 1.856657 0.08277123 0.4150754 0.4492956
1.055061 0.6312599 3.248474 0.1119014 0.4302461 0.7193794
1.119924 0.5710982 3.158719 0.1227656 0.4392312 0.6923673
1.01559 0.9610346 2.607414 0.1003773 0.4083727 0.5784383
1.026384 0.8344629 2.763988 0.1018843 0.403757 0.59039
0.9431186 1.27514 2.283787 0.09348672 0.4290038 0.5612316
1.205953 0.2355213 3.414533 0.1389686 0.447064 0.6766841
1.059866 0.7521423 2.818058 0.1119796 0.4269186 0.6220977
0.8870655 1.475932 2.07796 0.08494001 0.4271748 0.5196678
1.007698 1.014455 2.541834 0.104306 0.4323305 0.6030731
1.148062 0.3816289 3.319901 0.1292445 0.4428916 0.6896171
1.060778 0.7171314 3.033754 0.1115659 0.4275087 0.6754009
0.9028691 1.390036 1.946273 0.08024164 0.3815909 0.420999
1.007849 0.9497197 2.513724 0.09631669 0.3903906 0.5266353
1.120017 0.4615615 3.313259 0.1306732 0.4658237 0.747857
0.9281229 1.278945 2.141448 0.08573465 0.3935574 0.4759583
0.9330659 1.380258 1.812354 0.08511236 0.3858737 0.3881845
0.8423027 1.783329 1.6343 0.07754068 0.4250019 0.4046044
1.058399 0.734814 2.997634 0.1061715 0.4064174 0.6363168
1.083818 0.7886216 2.607066 0.1107751 0.4090249 0.5470478
0.9378175 1.245573 2.150391 0.09263555 0.4198558 0.5059551
1.093143 0.6170495 3.235762 0.117391 0.4347204 0.7192193
1.135815 0.5052059 3.011177 0.1216547 0.4199524 0.6063055
1.117772 0.5075876 3.356468 0.1193778 0.4265334 0.7079394
0.9606663 0.9997684 2.43132 0.09525764 0.4081541 0.5360075
1.054971 0.7321388 3.061211 0.1073315 0.4145705 0.6671047
0.9874329 1.060579 2.33937 0.09772969 0.4095174 0.5211998
1.116139 0.6137979 3.101762 0.1195848 0.4300727 0.6731131
1.205517 0.1249434 4.328733 0.1436085 0.4753665 0.9296052
0.954237 1.164004 2.373398 0.09577838 0.4267122 0.5694575
1.122046 0.5562507 3.29194 0.1216647 0.4361673 0.7208855
1.351493 -0.1654761 3.956582 0.1732656 0.4934923 0.7481197
0.9779317 0.9563473 2.680964 0.09670337 0.4102178 0.6009053
1.004147 0.9707515 2.426439 0.09643933 0.3913272 0.5075766
1.006413 0.9271215 2.678487 0.09824892 0.4021717 0.5834883
1.038148 0.8485648 2.758661 0.1074043 0.4236518 0.6215242
1.188513 0.3117876 3.430781 0.1286646 0.4213313 0.6618003
0.9986229 1.09031 2.230765 0.09646887 0.3984384 0.4823749
0.8375817 1.811093 1.561313 0.07039139 0.3855121 0.3486961
0.852977 1.501382 1.995489 0.07984939 0.4168579 0.4850537
0.9980485 1.068455 2.364873 0.09760439 0.4063852 0.5265391
0.9501404 1.060067 2.532406 0.09823594 0.4356495 0.6128217
1.107884 0.6195844 2.849585 0.1149512 0.4091324 0.5751414
0.9442804 1.113541 2.53715 0.08883302 0.3985531 0.5710244
0.9067802 1.315179 2.271528 0.08966569 0.4319472 0.5671292
0.7968894 1.814958 1.740465 0.08120291 0.4815926 0.496039
1.008187 1.074537 2.346418 0.09451337 0.3878405 0.498099
0.9660237 1.052043 2.421 0.09254807 0.3974687 0.5275607
0.929798 1.243492 2.382038 0.08859521 0.4117885 0.5642117
0.8268285 1.855455 1.543217 0.0768128 0.4322714 0.3865439
1.074206 0.7355259 2.745245 0.1095063 0.407663 0.5715783
1.033403 0.7078371 3.301455 0.1067926 0.4249395 0.744916
0.921315 1.234729 2.264137 0.08723327 0.4040204 0.5179794
1.004449 0.9029328 2.856084 0.1011547 0.4182906 0.6521027
0.8130478 1.958328 1.439251 0.08597423 0.5021682 0.4161551
1.06252 0.638637 3.236654 0.1106492 0.4218123 0.7033664
1.195738 0.1777885 3.963769 0.1446476 0.4800288 0.8596153
0.963326 1.238095 2.206615 0.09172648 0.4050387 0.5034722
0.9566128 1.103991 2.469713 0.0961675 0.424937 0.5866221
1.035267 0.8131909 2.685366 0.1026302 0.399562 0.5596071
0.9601787 1.185469 2.423663 0.09391878 0.4187064 0.5769172
1.062531 0.6948241 3.008287 0.1117558 0.4253154 0.6599055
1.086734 0.6454358 2.991518 0.113782 0.4189691 0.6334324
0.9576425 1.124016 2.373641 0.09141001 0.4008909 0.5298314
1.043011 0.8916664 2.624357 0.1035439 0.4049689 0.565722
1.185157 0.2838831 3.267177 0.1349085 0.4405895 0.6433312
0.9705214 0.9082426 2.721497 0.1020198 0.4353698 0.6406413
1.015634 0.9623147 2.524548 0.09980157 0.4035402 0.5490734
0.9275233 1.408813 2.067655 0.0840916 0.3958761 0.4723668
0.8908185 1.402667 2.211697 0.07876828 0.3895897 0.5048778
0.9759033 1.062844 2.551562 0.09357981 0.4016346 0.5697687
0.9031268 1.520137 1.831184 0.07848249 0.381086 0.4007776
0.8887866 1.409136 2.086535 0.08713359 0.4313463 0.5205434
1.007271 0.9570579 2.629461 0.1005743 0.4132194 0.5909117
1.161925 0.3300274 3.804129 0.1360289 0.4693585 0.8517341
0.9272 1.250616 2.109972 0.08848621 0.4035953 0.4755124
1.169668 0.5188131 3.008925 0.1258384 0.422785 0.6130861
0.9762626 1.186785 2.4346 0.09459761 0.4153955 0.5765322
1.200224 0.366894 3.102803 0.133689 0.431437 0.6109395
1.120357 0.5545104 3.293386 0.1240639 0.4458477 0.735907
0.8441035 1.657067 1.816466 0.07978637 0.4305042 0.4578216
0.9394196 1.26011 2.206182 0.09242244 0.4214757 0.5263425
1.004783 1.096746 2.388121 0.0950933 0.3953424 0.5227673
1.007633 1.133263 2.021625 0.09579144 0.3883711 0.4207345
1.095718 0.7010141 2.74703 0.1111115 0.4027704 0.5582559
1.15582 0.599452 2.670131 0.1180006 0.3959785 0.5082793
1.011457 0.9699554 2.701525 0.102905 0.4246838 0.6304551
0.9210064 1.481522 1.862417 0.08578037 0.4071312 0.4331304
1.118009 0.6078181 2.981191 0.1129904 0.4000039 0.5934917
0.7683361 2.028778 1.49515 0.06940573 0.4372979 0.3825903
1.108868 0.5945264 2.872681 0.1201007 0.4282214 0.6036018
1.040221 0.9589073 2.50958 0.1016308 0.4002555 0.5398701
0.8594525 1.563449 1.887136 0.08246109 0.4305762 0.4731378
0.8521915 1.576861 1.985289 0.08253465 0.4396286 0.5145893
1.038764 0.7613061 3.303896 0.1057674 0.4219518 0.7531566
1.140164 0.453115 3.487171 0.1270142 0.4458645 0.7606355
0.9191123 1.296875 2.188368 0.09233762 0.4342081 0.5416215
0.871829 1.488785 2.046096 0.08064706 0.4113789 0.4917147
0.9482805 1.294294 2.026184 0.09178985 0.4112257 0.4658471
1.032995 0.7876135 3.108269 0.1066043 0.4265184 0.7128229
0.9954294 1.023048 2.436363 0.09340816 0.3862717 0.5118756
0.9719613 1.157896 2.153439 0.09355473 0.4001109 0.4719321
1.032118 0.8898143 2.850522 0.1097951 0.4426484 0.6857646
0.916196 1.314212 2.269915 0.09039755 0.430268 0.5636212
0.9213079 1.326953 2.113756 0.08701445 0.4069853 0.4899791
0.9550872 1.132731 2.511685 0.09640233 0.4309328 0.612611
1.195992 0.3279994 3.255969 0.1384888 0.4517079 0.6701775
1.045496 0.8172324 2.685346 0.1059141 0.4094655 0.5742508
0.9100035 1.511343 1.936757 0.08658949 0.4227353 0.4747186
0.9538244 1.059327 2.922436 0.09614835 0.4343317 0.7298066
0.8412782 1.723731 1.776414 0.07491472 0.4107848 0.4305085
0.8188898 1.883873 1.601203 0.07775341 0.4483188 0.4203096
1.0371 0.7724661 3.068826 0.1066315 0.4226013 0.6914717
1.121054 0.4357051 3.470491 0.1267611 0.451828 0.7611888
0.8896648 1.544428 1.907251 0.08684996 0.4368034 0.4841382
1.078573 0.6133534 3.14473 0.1144056 0.4262367 0.6784847
1.049812 0.8447987 2.718105 0.1046315 0.4054811 0.5831906
0.9789412 0.9747794 2.695429 0.09781553 0.417084 0.6188817
0.8110225 1.939067 1.503214 0.07999068 0.4696049 0.4106904
0.9901081 0.9272679 2.789524 0.09772484 0.4093202 0.6235891
1.019944 0.8334251 2.845122 0.104129 0.4185472 0.6349315
0.8219224 1.794584 1.818156 0.07260034 0.4148244 0.4497255
0.8456439 1.704684 1.682071 0.0786909 0.4225344 0.411671
0.8948976 1.541538 1.895534 0.08264889 0.4109592 0.4519162
0.895988 1.397235 2.219467 0.08405855 0.4145393 0.5382474
0.9300973 1.302071 2.17642 0.09112946 0.4231016 0.5251845
1.034519 0.8534365 2.577718 0.1025575 0.4001264 0.5399707
1.040224 1.007046 2.304018 0.1045796 0.4108879 0.5053802
0.9582649 1.326797 2.087546 0.08987543 0.4025937 0.4767531
1.154422 0.4800583 3.12153 0.1252742 0.4269355 0.6389635
0.917505 1.234676 2.234964 0.08849548 0.411355 0.5191289
0.9622567 1.070371 2.421765 0.09326858 0.4038447 0.5385351
1.082065 0.5939002 3.261787 0.1195918 0.4469703 0.7396977
1.066517 0.8921867 2.630818 0.1090597 0.4185849 0.5869657
0.9922515 1.025928 2.377619 0.09800336 0.4071118 0.524026
1.021097 1.098903 2.312316 0.09666381 0.3929759 0.4987713
1.01351 0.9697893 2.431048 0.1008393 0.4069633 0.5292883
0.8250296 1.869778 1.561685 0.08130032 0.4631143 0.420907
0.9608081 1.22435 2.168601 0.08711962 0.3816454 0.4626681
0.8865613 1.380954 2.068357 0.08491767 0.4173567 0.4954488
1.03562 0.773537 2.836764 0.1062107 0.4154571 0.6149685
1.125856 0.5370302 3.093642 0.1242969 0.4383862 0.6634688
0.9190081 1.464942 1.874148 0.08533942 0.4048419 0.4328573
0.9156931 1.345865 2.008623 0.08406638 0.3929207 0.4459942
0.925232 1.301081 2.338713 0.09089234 0.4303002 0.5846812
0.9958559 1.153774 2.227528 0.09348744 0.3919473 0.4824718
1.153685 0.5377094 2.859747 0.1245962 0.4220386 0.5774006
0.9491227 1.226802 2.11554 0.08964822 0.3973164 0.4671447
0.961578 1.103086 2.365108 0.0961075 0.4188943 0.5476328
1.061026 0.630647 3.340728 0.1082277 0.4137551 0.7153252
1.167083 0.406568 3.185187 0.125087 0.4178475 0.6226332
1.027719 0.9186434 2.562627 0.1017184 0.4041905 0.5528609
0.9617425 1.088994 2.531011 0.09315624 0.4087717 0.5797385
1.041627 0.9268518 2.47283 0.101803 0.3965292 0.5193924
1.200625 0.1829211 3.748145 0.1396106 0.455546 0.759925
1.064732 0.6359545 3.086984 0.1119845 0.4228076 0.6633093
1.236608 0.1545855 3.496157 0.1465197 0.4583796 0.6900366
0.969298 1.079355 2.628865 0.09536411 0.4170791 0.6174352
0.8743721 1.478504 1.942578 0.07658347 0.3840007 0.4305442
0.8965234 1.367472 2.218809 0.08569549 0.4198644 0.5415402
0.9835105 1.054538 2.452538 0.09681705 0.4106557 0.5545738
1.014357 0.9524568 2.632946 0.09763545 0.3966121 0.5669826
1.048532 0.7649494 3.007644 0.1135585 0.4446224 0.7068152
0.9996261 0.8399494 2.879391 0.1051591 0.433815 0.6695383
1.123504 0.6088978 2.699589 0.1162377 0.4033039 0.5270062
0.992884 0.927379 2.823363 0.1063481 0.4485864 0.6949641
0.9666748 1.106142 2.597789 0.09351148 0.4114879 0.6053477
0.913145 1.297148 2.41362 0.09482187 0.4576371 0.6444935
0.9675271 1.016111 2.789671 0.1012249 0.4445248 0.6966613
0.969903 1.102299 2.309262 0.09657212 0.4155775 0.5275355
1.095662 0.6763294 2.914644 0.1138449 0.4162478 0.616718
0.9440402 1.2098 2.197312 0.09027742 0.4039096 0.4958314
0.9004959 1.530548 1.756997 0.08407261 0.4090116 0.4088014
1.028009 0.6313871 3.310056 0.1063692 0.4201843 0.719521
1.107448 0.5366443 3.203602 0.1227463 0.4430481 0.701603
1.039296 0.7553642 2.923063 0.1115377 0.4377078 0.6697089
1.06145 0.8517962 2.622464 0.1095125 0.4192306 0.5781116
1.038139 0.8723939 2.518357 0.1038381 0.4037037 0.5319901
0.9756523 1.015523 2.418418 0.09880334 0.4185926 0.5486771
1.002039 0.894611 2.72637 0.1032622 0.4246504 0.6226968
0.9758221 0.9915051 2.473534 0.09683874 0.4088839 0.5471002
1.09714 0.6082315 3.175225 0.1187899 0.4360874 0.700974
0.9273441 1.329325 2.131169 0.0868716 0.4049087 0.4935794
0.9480694 1.222958 2.236447 0.09084983 0.4071281 0.5123218
1.081939 0.9245669 2.408766 0.1086041 0.4062352 0.5146106
1.187134 0.1068208 4.296188 0.1445358 0.4857532 0.9349306
1.036674 0.8667177 2.656156 0.1003682 0.392757 0.5523159
0.8909956 1.389741 2.06991 0.0852622 0.4175383 0.4966771
1.091954 0.5703356 3.000486 0.1153116 0.4174456 0.6150981
1.036866 0.8261758 2.646198 0.1056057 0.411815 0.5691738
1.055632 0.640165 3.095283 0.1122023 0.4285016 0.6762882
0.905574 1.365265 2.233061 0.08688828 0.4218314 0.5481377
0.8596162 1.641613 1.838135 0.08210339 0.4342321 0.4671721
0.9651366 1.202907 2.12178 0.09175454 0.3980117 0.4666592
1.196118 0.2479694 3.529241 0.1381613 0.45159 0.7175863
1.066426 0.8249392 2.551911 0.1016794 0.3803192 0.5015413
0.8851151 1.408155 2.010721 0.08417476 0.4145399 0.4776625
0.8339111 1.647152 1.975148 0.08549801 0.4742361 0.5570291
0.9689038 1.206118 2.262459 0.09171267 0.4012506 0.5104064
1.002725 0.7648793 3.007243 0.1008934 0.4106885 0.6531967
0.9602607 1.070095 2.687504 0.09769029 0.4339309 0.6599648
0.9464599 1.222403 2.409612 0.0926835 0.4221724 0.5826136
0.896186 1.361209 2.300481 0.08255083 0.4053945 0.5459569
1.066294 0.6053007 3.381709 0.1167593 0.4465392 0.7780601
0.8984937 1.306022 2.423908 0.09012014 0.442177 0.6270978
1.11352 0.5093671 3.171738 0.1217666 0.4338404 0.6707262
0.9089164 1.409226 2.034061 0.08403612 0.403098 0.4712739
0.9813365 0.9629319 2.660746 0.09876374 0.4177839 0.606778
0.9397283 1.300881 2.07967 0.08758377 0.3972662 0.4655891
1.043836 0.8346647 2.628954 0.1040339 0.4021904 0.552501
0.8818413 1.565359 1.814354 0.0831944 0.4199705 0.4397016
1.065652 0.713981 2.915716 0.1084063 0.4092926 0.6144239
1.125046 0.4868688 3.184043 0.1213517 0.4261176 0.6561882
0.9933651 0.9529604 2.920005 0.09534448 0.4026072 0.6552624
1.222119 0.2746895 3.390882 0.1347379 0.4273346 0.6516722
0.984821 1.090171 2.372452 0.09136254 0.3855606 0.5043129
1.216143 0.2230055 3.472372 0.1403609 0.448726 0.6910203
1.099615 0.5412374 3.28763 0.119095 0.4341569 0.7114681
1.078339 0.761696 2.738128 0.1076896 0.400311 0.564615
0.8694934 1.583434 1.770842 0.07860749 0.4019109 0.4102565
0.9547615 1.067277 2.653819 0.09324462 0.4135795 0.6179016
1.084417 0.6640284 2.819021 0.110033 0.4020118 0.5676988
1.072024 0.6517914 3.078475 0.1131367 0.4254553 0.6693952
1.16673 0.3885941 3.453465 0.1306938 0.4435331 0.7279041
1.074054 0.6678982 2.904152 0.110643 0.4110787 0.6035259
0.882115 1.63032 1.600938 0.0793989 0.3969721 0.3602717
1.099618 0.5798441 3.357063 0.117263 0.4311742 0.7366246
0.987099 1.012719 2.485245 0.09627462 0.403445 0.5465317
0.9872247 1.052256 2.46054 0.09272305 0.3900849 0.528284
0.9029492 1.459355 1.955939 0.08313999 0.4037512 0.4546525
1.099569 0.6154911 2.971165 0.1194845 0.433682 0.6430169
1.076831 0.7007104 2.906727 0.1161738 0.4351483 0.6478157
0.886149 1.457618 1.887819 0.08318704 0.4087834 0.4397704
1.015755 1.006636 2.473466 0.09366149 0.3790583 0.5102526
0.929345 1.146645 2.459366 0.09020556 0.4131315 0.5745571
0.9271247 1.065189 2.69709 0.09105985 0.417395 0.6364012
0.8697607 1.537705 1.921001 0.08207788 0.4210923 0.4703008
0.9559961 1.154025 2.37497 0.0905461 0.4004206 0.5341318
0.9627251 1.139098 2.330349 0.0877657 0.3810389 0.4937253
0.9436339 1.320331 1.992355 0.09541022 0.4324911 0.4830098
0.9578513 1.185147 2.251749 0.09285723 0.4095997 0.5154288
1.012993 0.8720106 2.936745 0.09798504 0.3999081 0.6396042
0.990509 0.9577523 2.705818 0.1032915 0.4356234 0.6464777
1.087379 0.6710154 3.007514 0.1141068 0.4222689 0.6488432
1.067306 0.9144507 2.320996 0.1017757 0.381166 0.4598977
1.015889 0.9836302 2.336025 0.09713666 0.3880938 0.4822389
1.048822 0.6938099 3.270897 0.1143879 0.4486337 0.7732525
0.8315061 1.958254 1.454314 0.07486365 0.4261254 0.3588058
1.059336 0.7963102 2.689537 0.105158 0.3987964 0.556082
0.9908488 0.9793839 2.522402 0.09546267 0.3963106 0.5414461
1.308012 -0.1338151 4.474396 0.172935 0.5222041 0.9465655
0.9411882 1.127325 2.529242 0.0940434 0.4261365 0.6099378
1.135806 0.3953981 3.672917 0.1307197 0.4619792 0.8224846
1.06023 0.6847714 3.039509 0.1093319 0.4161078 0.6514079
1.153865 0.5831864 2.824641 0.119957 0.4072171 0.5589395
0.9824386 1.171906 2.121571 0.09377755 0.3968143 0.4613097
1.188196 0.2614787 4.0103 0.1398452 0.4714429 0.8879085
1.076293 0.6079411 3.207349 0.1127416 0.421464 0.6864101
1.120983 0.5795856 3.17036 0.1179477 0.4204165 0.6670753
1.140575 0.4144577 3.240816 0.1256961 0.4327176 0.6616489
1.067272 0.7362056 2.998619 0.1165385 0.4460089 0.6993229
1.118646 0.598896 3.147139 0.1173737 0.420201 0.6658475
0.9178902 1.155813 2.433078 0.09162512 0.4255921 0.5849865
1.094298 0.6343321 3.287591 0.115802 0.4301581 0.7306561
1.040443 0.7227356 3.146402 0.1058412 0.4151582 0.6878949
1.201263 0.2959139 3.525683 0.1385219 0.4536671 0.7354545
1.097096 0.6163569 2.78134 0.1133593 0.4057082 0.5529839
1.028194 0.8307189 3.100788 0.1056308 0.4274066 0.7215983
0.8869743 1.607728 1.850762 0.08316271 0.4224621 0.4558026
0.9299046 1.208836 2.22087 0.09001813 0.4099663 0.5099089
1.031326 0.9158611 2.463191 0.1027848 0.4042114 0.5256164
0.9886595 1.125632 2.227718 0.09568065 0.40259 0.4918607
1.088546 0.5478608 3.426944 0.1236579 0.4611939 0.799488
0.9721154 1.062622 2.411431 0.09302258 0.3977337 0.5270877
0.9628646 1.21412 2.110637 0.08919377 0.3883315 0.454576
0.9182557 1.307276 2.385105 0.08927733 0.4270061 0.5943828
0.998531 1.002458 2.491287 0.09551657 0.3943061 0.534132
1.097974 0.6326902 3.147443 0.1161981 0.4272401 0.6870031
1.020204 1.084082 2.24523 0.0980137 0.3959221 0.4823189
1.120676 0.5162985 3.087826 0.1229716 0.4342742 0.6513105
1.095902 0.7177295 2.722177 0.1085713 0.3931001 0.5417942
