1.005107 1.046938 0.6873958 0.0800343 0.2453134 0.06275522
0.9288156 1.23111 0.6681224 0.06972953 0.238925 0.06322779
0.9251839 1.140024 0.7400505 0.07142339 0.2471882 0.07257499
1.04387 0.8766649 0.7690843 0.08754143 0.2576303 0.07146525
1.009241 0.9842391 0.7795573 0.08151468 0.2538783 0.07518769
1.237831 0.2568464 1.003777 0.1286627 0.3151926 0.09267743
1.141486 0.5889752 0.8176057 0.1056643 0.2765836 0.07281083
0.9711704 1.079372 0.7326822 0.07626565 0.2475405 0.07002097
1.084656 0.6894758 0.9112622 0.09754296 0.2792111 0.08949933
0.8709733 1.375 0.6073713 0.06278429 0.2318993 0.05680551
1.083559 0.6367235 0.9054053 0.09778592 0.2774873 0.0861433
0.8959023 1.209263 0.7354346 0.06793961 0.2458292 0.07336462
1.00917 1.000614 0.7175064 0.08148635 0.2492622 0.0663226
1.0364 0.9952792 0.6994671 0.08328085 0.2457259 0.06305383
0.8519084 1.269147 0.7546847 0.06271917 0.2435808 0.07703779
1.022491 0.9698763 0.6910839 0.08325838 0.2472227 0.06167834
1.011737 0.9735131 0.7812078 0.08137411 0.251452 0.07431689
0.9454939 1.270904 0.6650524 0.06998547 0.237434 0.06337661
1.005936 0.9774776 0.7336172 0.08147734 0.2502035 0.06799533
0.9772148 1.055207 0.733924 0.07699786 0.2468446 0.0693209
1.027444 0.757003 0.8169222 0.08954554 0.266163 0.07591666
0.9529574 1.159833 0.7401532 0.07281668 0.245378 0.07260719
0.9269102 1.289651 0.6956579 0.06756141 0.2370063 0.06770766
0.9786816 1.126249 0.7487021 0.07505145 0.2453523 0.07290229
0.9112654 1.280067 0.6577402 0.06693894 0.2348668 0.06196476
0.9852936 1.114753 0.7295316 0.07612334 0.2450655 0.06995739
0.9487938 1.263542 0.7311536 0.07050227 0.2439845 0.07378125
1.005399 0.9099473 0.8468612 0.08380933 0.2635108 0.08447208
0.9986664 0.9598744 0.7451629 0.08138903 0.2519631 0.06942431
1.108924 0.7772703 0.7993514 0.09638498 0.2648905 0.07398241
0.9591881 1.288198 0.6591873 0.07097355 0.2376108 0.06298398
1.084733 0.6840975 0.8354981 0.09699449 0.2716301 0.07717779
0.84707 1.312769 0.6710782 0.06214874 0.2382785 0.06529898
1.047 0.8554045 0.8127824 0.0887075 0.2623709 0.07763492
0.9418671 1.056468 0.7289921 0.07445566 0.2475617 0.06890822
0.9863543 1.062632 0.7619996 0.07666213 0.2466173 0.07329122
1.030572 1.001562 0.7238952 0.0827572 0.2484903 0.06701765
1.026556 0.8276058 0.8256096 0.08725884 0.2633504 0.07876203
0.9199237 1.276356 0.6806 0.06845871 0.2401101 0.066125
0.8756182 1.43841 0.6099486 0.06195447 0.2311616 0.05808824
1.068293 0.8490023 0.778647 0.09023058 0.2583995 0.07196218
0.8177329 1.592324 0.625544 0.05648553 0.2370789 0.06439407
1.097511 0.6079093 0.8581232 0.1004291 0.2772268 0.07883332
0.912201 1.271077 0.7020421 0.06767264 0.2412928 0.06924687
1.015338 0.9767475 0.7792045 0.08211937 0.2533402 0.07469009
0.9206614 1.327748 0.6338462 0.06728115 0.2345674 0.05982382
1.005721 1.125233 0.6743323 0.07761644 0.2403186 0.06188545
1.043132 0.8674462 0.7427812 0.08821102 0.2569231 0.06759494
1.079085 0.780942 0.7934504 0.09302628 0.2621655 0.072657
1.06807 0.7504801 0.8488931 0.09321573 0.268744 0.08056166
0.9752988 1.100632 0.712911 0.07652211 0.2465003 0.06766134
0.9569972 1.23063 0.6650042 0.07202266 0.2393405 0.06291254
1.00715 0.8910255 0.8114204 0.08437281 0.2609185 0.07825345
0.9793942 1.04297 0.7756204 0.077872 0.2520862 0.07586423
0.9513305 1.14132 0.6834445 0.07340772 0.242021 0.06381726
0.9691091 1.018724 0.7651165 0.07815206 0.2539691 0.07425226
0.8395257 1.407885 0.6647198 0.06019189 0.2387666 0.06674539
1.039949 0.9200493 0.7301311 0.08539192 0.2505674 0.06605237
1.114745 0.6694528 0.8327056 0.1003278 0.2728533 0.07663663
0.9721409 1.059188 0.712986 0.07660761 0.2450731 0.06624594
1.090941 0.7488688 0.8147988 0.09564406 0.2676253 0.07578084
0.9278365 1.306225 0.6337983 0.06835885 0.2354577 0.05959867
0.934395 0.954332 0.8092748 0.07594871 0.2562882 0.07889135
1.143966 0.611898 0.8161783 0.1044131 0.2729044 0.07250827
1.056472 0.8177407 0.7800113 0.09001455 0.2596683 0.07151372
0.9908204 1.131793 0.6630596 0.0767052 0.2409578 0.0607933
1.076451 0.8033903 0.7621974 0.09190787 0.2580808 0.06845748
1.075601 0.693675 0.8132744 0.09640233 0.2711632 0.07454063
1.089251 0.7448804 0.7940234 0.09542672 0.2655329 0.07244938
1.009605 0.9723441 0.737423 0.08185254 0.250321 0.06833543
1.004257 1.064361 0.7598238 0.0795781 0.2512813 0.0741665
1.048434 0.9463938 0.7848242 0.08607489 0.2561832 0.07523648
1.068332 0.8070251 0.8153999 0.09200422 0.2646939 0.07695706
0.9822962 1.020043 0.6632615 0.07804943 0.2411708 0.05822694
0.9581261 1.269462 0.6371931 0.06898073 0.2276545 0.05758985
0.9463091 1.294514 0.6537224 0.07002394 0.2378026 0.06248357
1.063389 0.8013164 0.8389024 0.0917222 0.2670114 0.08055724
1.07437 0.8970623 0.7027166 0.08900317 0.2494177 0.06176444
0.9476347 1.258029 0.6934129 0.07112241 0.2426976 0.06810039
0.9979315 0.8937695 0.8266766 0.08305024 0.2607992 0.08045167
1.078808 0.7930098 0.7412364 0.09301481 0.2588408 0.06572294
1.021339 0.9828077 0.7339785 0.08244225 0.2490345 0.06782936
0.9743612 0.9428656 0.7231745 0.07987964 0.250515 0.0657505
0.9781078 1.07975 0.7144835 0.07696905 0.2462075 0.06726999
0.9792103 0.8762076 0.8541792 0.08159953 0.2622245 0.08395516
1.00229 0.7905321 0.8852959 0.08678277 0.2709153 0.08749794
1.054276 0.8424251 0.7770554 0.08853587 0.2567989 0.07124579
1.027188 0.9702719 0.7355246 0.08326932 0.2501155 0.06801417
1.04134 0.8653111 0.7965507 0.08732861 0.2587703 0.0749073
1.001876 0.8712221 0.8322244 0.08411696 0.2620224 0.08066247
1.07501 0.6600102 0.8323584 0.09643744 0.2715006 0.07594874
0.9930455 1.116383 0.7139652 0.07650313 0.2436793 0.06769417
1.006322 1.173795 0.6837098 0.07696725 0.2416909 0.06456172
0.9773046 1.00352 0.7787731 0.0787487 0.253983 0.07564505
1.060747 0.7594334 0.8408794 0.09346984 0.2712754 0.08045154
0.8958633 1.393655 0.6684893 0.06470845 0.2397234 0.06713721
1.140855 0.7765666 0.8038129 0.09868684 0.2643019 0.07446287
1.062741 0.8255749 0.7354258 0.09010547 0.2552574 0.06515139
0.8917573 1.378002 0.6837349 0.06438042 0.2394061 0.06873512
0.9909912 1.172768 0.6816607 0.07485909 0.2383848 0.06354218
1.103698 0.5567858 0.9172382 0.1022634 0.2832517 0.08617138
0.8909554 1.461006 0.6388119 0.06270573 0.2345916 0.06322068
0.8898614 1.354589 0.6489991 0.06433766 0.2356868 0.06271909
0.9600677 1.015278 0.7551242 0.07660422 0.2500154 0.07181573
1.068205 0.6746821 0.8748223 0.09598192 0.2757011 0.08306487
0.9673197 1.09909 0.6883718 0.07551325 0.2428811 0.06360398
0.8443551 1.377764 0.7134235 0.06134145 0.2437087 0.07400744
0.98865 0.93638 0.7229634 0.08157744 0.252252 0.06597082
1.035055 0.8667749 0.8302565 0.08761689 0.2641225 0.08083887
0.974222 0.9521142 0.7998451 0.07979827 0.2572686 0.07775492
1.080614 0.7090004 0.8210238 0.09564749 0.2690179 0.07558903
1.061967 0.9071793 0.7332838 0.08767675 0.2521168 0.06650488
1.028984 0.9832707 0.7532876 0.0829621 0.2505331 0.07073854
0.9689509 0.8993522 0.8443379 0.08049869 0.2617663 0.08326709
1.049282 0.8019957 0.8617859 0.08990453 0.2667918 0.08358503
1.049589 0.9297818 0.7770181 0.0865283 0.2561434 0.0737331
0.8807116 1.375369 0.637695 0.06280284 0.2321398 0.06080026
1.02079 1.112956 0.6603204 0.07904241 0.2392938 0.0596178
1.027289 0.8418812 0.7762318 0.08680855 0.2586425 0.07159356
1.112977 0.706657 0.7953503 0.09865461 0.2672573 0.0717944
0.8934025 1.237209 0.7070395 0.06683386 0.2421874 0.06938463
1.00295 1.140958 0.6853991 0.07755307 0.2425236 0.06415225
0.92555 1.314997 0.6550575 0.06820329 0.2378687 0.06308529
1.045646 0.7972927 0.859501 0.08978099 0.2670233 0.08317557
0.9651824 1.165148 0.6879134 0.07369668 0.241399 0.06487595
0.9279955 1.114495 0.7606423 0.0728893 0.2518596 0.07586124
1.031707 0.8222454 0.7655829 0.08743727 0.2570692 0.06917862
0.8399073 1.444437 0.6539065 0.06018827 0.2392566 0.06602648
0.955003 1.101946 0.7531263 0.07352536 0.2450711 0.07270616
0.9789339 1.218101 0.6622697 0.07349331 0.237558 0.06185865
0.903089 1.394641 0.6665642 0.06370953 0.2333109 0.06530079
1.012094 1.049455 0.6955448 0.08060998 0.246702 0.06422423
1.010749 1.009039 0.7139229 0.08066651 0.2462089 0.06538586
1.051119 0.9304041 0.7450269 0.08694206 0.2545216 0.06917341
1.037442 0.878652 0.7564722 0.08750288 0.2581196 0.06998451
1.079366 0.8673681 0.7317838 0.09083946 0.2549417 0.06579806
0.9155789 1.186669 0.7179338 0.06943744 0.2431475 0.06975287
1.07829 0.8002774 0.8339126 0.09235415 0.2643606 0.07911504
0.9761775 1.171713 0.7306601 0.07398198 0.2431372 0.07107351
1.008071 0.8854981 0.8186363 0.08448254 0.261554 0.07925008
1.0421 0.9317615 0.6910416 0.08620321 0.249487 0.0611933
0.9729437 1.13539 0.7338775 0.07509739 0.2464331 0.07143671
0.9913939 1.026028 0.7965084 0.07904815 0.2537373 0.07866388
0.7822025 1.606633 0.6691314 0.05422522 0.2436671 0.07264266
1.021483 0.9081656 0.7769333 0.08405338 0.2545773 0.07269341
0.9995283 0.8993099 0.7810596 0.08264858 0.2557002 0.07322682
1.045937 0.9721081 0.7506229 0.08534364 0.2532666 0.07077297
1.005297 1.077698 0.6789562 0.07905701 0.2429013 0.06190206
0.9779082 1.041361 0.7353266 0.07806381 0.2498475 0.06987944
1.086394 0.6888896 0.8386839 0.09759361 0.273538 0.07825069
0.9888796 0.8828272 0.7916876 0.08251007 0.2582892 0.07477475
0.9136998 1.229296 0.7340485 0.06873903 0.2450184 0.07351458
0.9912466 1.177238 0.7058437 0.07552639 0.2423006 0.06762875
0.9829113 1.150344 0.6649583 0.07499218 0.2380055 0.06077976
1.067457 0.9004234 0.7537944 0.08896646 0.2554151 0.06960075
1.001532 0.9788627 0.6916321 0.08131532 0.2469357 0.06191104
1.060978 0.823769 0.7517428 0.09075691 0.2588543 0.0679157
1.061276 0.912257 0.7733558 0.08783835 0.2559228 0.07265838
0.9649849 1.062351 0.7845301 0.07547887 0.2493961 0.07691336
1.085241 0.7444285 0.8140161 0.09587627 0.2691547 0.07583706
0.937445 1.264357 0.7222406 0.07030018 0.2450194 0.07272485
0.8500575 1.448963 0.6595779 0.05966192 0.2350471 0.06592237
1.305471 0.2925476 0.8643869 0.1364816 0.3083917 0.0748981
1.163956 0.6282167 0.7448873 0.1061197 0.2676781 0.06320947
0.9675913 1.126649 0.698199 0.07452772 0.2420669 0.06539984
1.117998 0.8687921 0.719141 0.09470696 0.2555208 0.06433617
1.089174 0.8622772 0.7550682 0.09121717 0.2549626 0.0685577
0.9103737 1.236003 0.6431314 0.06797754 0.23526 0.05925682
0.8860501 1.491786 0.6286861 0.06197312 0.2335307 0.06212138
1.017226 0.9724607 0.7567206 0.08248228 0.2521797 0.07134111
1.146333 0.6034699 0.7868387 0.106132 0.2747981 0.06905841
0.9909405 1.074782 0.7015147 0.07738865 0.2432167 0.06481883
0.9912429 1.038708 0.7611284 0.07851231 0.2492591 0.07300303
0.8748866 1.481375 0.626624 0.06116532 0.2331796 0.06164864
0.819956 1.681854 0.5739766 0.05554289 0.2328864 0.05774805
1.189857 0.4669452 0.9448573 0.1150241 0.2944297 0.08892264
1.041039 0.8527474 0.8026963 0.08734321 0.259056 0.07544476
0.9871615 1.00492 0.8155286 0.07919202 0.2558695 0.08123469
0.9331345 1.279949 0.686822 0.06924641 0.240703 0.06726671
1.030261 0.6692662 0.8856856 0.09255534 0.2758818 0.08427556
0.9739004 1.140732 0.684488 0.07485929 0.2412279 0.06378588
1.11395 0.4449976 0.9183031 0.1095024 0.2969962 0.08513969
0.884404 1.470036 0.6133914 0.06186231 0.2312686 0.05923701
1.226547 0.428958 0.8799635 0.1208394 0.2944987 0.07899009
0.8992742 1.141272 0.7078481 0.06924522 0.2438321 0.06746393
0.9362099 1.369954 0.669459 0.06642136 0.2333715 0.06517023
1.108013 0.7091701 0.7439366 0.09838718 0.2635866 0.06463752
0.9412103 1.083366 0.7433133 0.07368136 0.2475785 0.07152083
1.033986 0.8869759 0.7129967 0.08682881 0.2535332 0.06364461
0.9626484 1.177211 0.6742462 0.07353207 0.240575 0.06313886
0.9484508 1.174666 0.6943647 0.07172097 0.2397714 0.06553899
1.130563 0.5760194 0.8375658 0.1059414 0.2812008 0.07593354
0.9159064 1.284099 0.7185034 0.06819596 0.2449795 0.07284851
1.060486 0.8996674 0.7881154 0.08778183 0.2563589 0.07428736
0.9270188 1.228087 0.7039882 0.06977548 0.2423207 0.06868199
0.8851378 1.375924 0.7173365 0.06396212 0.2428589 0.07434176
1.08703 0.778095 0.7558473 0.09379544 0.2595984 0.06728023
0.9839379 1.086533 0.7320311 0.07742806 0.2484772 0.0703643
1.04597 0.8935253 0.7699346 0.08748702 0.2574112 0.07197329
0.8842473 1.33259 0.6615208 0.06446288 0.2371559 0.06420519
0.9479818 1.253619 0.6715223 0.07076681 0.2390572 0.06420461
0.8615707 1.522283 0.641734 0.06029708 0.237697 0.06557535
1.018231 0.9617628 0.7352012 0.08256883 0.2499107 0.0677147
0.9687925 1.016198 0.7653394 0.07738024 0.2512978 0.07354666
1.197345 0.5255393 0.845483 0.1134399 0.2834496 0.07570133
1.078779 0.6511058 0.8750523 0.09733529 0.2757357 0.08217998
1.136112 0.7248105 0.7545435 0.100882 0.2653068 0.06679631
1.022043 1.058945 0.7083614 0.08067167 0.2452266 0.06569022
0.9845729 1.006586 0.774057 0.07919407 0.253185 0.07487751
0.9974446 0.9229305 0.7687251 0.08139588 0.2523484 0.07151192
0.8849838 1.329029 0.6689829 0.06522035 0.2399266 0.06572025
0.9694212 1.173354 0.6905419 0.0743686 0.2428702 0.06569721
0.9981753 1.011189 0.7786479 0.07995557 0.2524596 0.07540073
1.086546 0.7749581 0.8143636 0.0931688 0.2625302 0.07534863
1.080717 0.941569 0.779935 0.08875646 0.2555867 0.07428046
0.8911418 1.281732 0.6683939 0.06593514 0.2389877 0.06450934
1.213632 0.2224302 1.026173 0.1281013 0.3208992 0.09542523
1.001615 1.198876 0.6687292 0.07557196 0.2378857 0.06228289
1.006901 1.028986 0.7518028 0.07987903 0.2486908 0.07139901
0.9417544 1.175804 0.6906948 0.07134009 0.2398881 0.06510168
0.9743886 1.001647 0.7018041 0.07817838 0.2461712 0.06364467
0.9006443 1.386142 0.6628534 0.06517974 0.2388458 0.06594052
1.001417 0.9568699 0.7803088 0.08245234 0.2572551 0.07523334
1.072736 0.8357248 0.7845425 0.09048575 0.2584663 0.07242442
0.877509 1.387096 0.6726909 0.06248408 0.2365809 0.06688333
1.056702 0.6962828 0.9196831 0.09289519 0.2731532 0.08914161
1.001628 1.07348 0.714255 0.07871737 0.2453315 0.06684267
1.004213 0.962103 0.7845816 0.08163679 0.2546058 0.07532629
1.077398 0.907963 0.6908874 0.08927823 0.2495942 0.06068524
0.9740679 1.139083 0.7427226 0.07427428 0.2441366 0.07213264
0.8607688 1.535524 0.6221491 0.06003494 0.2359915 0.06272338
1.059 0.8122227 0.7332352 0.09069344 0.257065 0.06487144
0.9771262 1.163827 0.7161308 0.07476725 0.2441023 0.06918282
1.210286 0.3087143 0.9121415 0.1243784 0.3066077 0.0810827
0.8930788 1.293374 0.6437299 0.06603037 0.2360105 0.06067328
1.113393 0.719873 0.7845068 0.09786561 0.2647545 0.07029497
1.057426 0.6736697 0.8599252 0.09486688 0.2741788 0.08068288
0.9309435 1.075888 0.7800534 0.07326052 0.251966 0.07748447
0.8928775 1.400891 0.6776574 0.06430209 0.2399967 0.06859182
0.9271432 1.17677 0.7354599 0.07103126 0.2467923 0.07280118
1.018267 0.9743055 0.78395 0.08233556 0.2535672 0.07534255
0.9977023 1.015379 0.7497808 0.07900356 0.2473817 0.07044126
0.9726065 1.123201 0.7675468 0.07495332 0.2478275 0.07599125
0.9934191 1.107664 0.793543 0.07689361 0.2501494 0.07974235
1.121733 0.6801833 0.8175077 0.1013828 0.2731992 0.0750861
0.9188568 1.31759 0.6815617 0.06748141 0.2398412 0.0672041
0.9402444 1.086207 0.7768988 0.07352108 0.2505316 0.07695769
1.076885 0.7389991 0.8700486 0.09392284 0.2695824 0.08319149
1.040667 0.7900142 0.7839572 0.08879411 0.2590455 0.07102148
1.059739 0.7083291 0.8762907 0.09355947 0.2721442 0.08357376
1.067942 0.786307 0.8454142 0.09232163 0.2673824 0.08098481
0.9094267 1.300889 0.6462108 0.06639205 0.2345563 0.0609649
0.9533628 1.107276 0.740516 0.07447144 0.2484663 0.07207754
0.9930803 0.9861123 0.7554496 0.08056132 0.2526888 0.07164832
1.109354 0.7625834 0.8073798 0.09568422 0.2629654 0.07413072
0.8872085 1.345793 0.6871432 0.06418839 0.2386245 0.06834995
0.9641687 1.121985 0.7160302 0.07457314 0.2442637 0.0681115
0.9158339 1.254442 0.6800216 0.06759183 0.2369647 0.06486151
1.08221 0.7949959 0.7818376 0.09364084 0.26324 0.0719138
0.9265461 1.342283 0.6597642 0.06681396 0.2348303 0.06363409
1.210437 0.3097123 0.9341545 0.1236558 0.3063073 0.08386935
0.9667804 1.082668 0.7102598 0.07587066 0.2455772 0.06668568
1.009412 0.8990827 0.7864001 0.08441523 0.259172 0.07477027
0.9115758 1.383236 0.6575459 0.06528164 0.235119 0.06422402
0.8797879 1.531834 0.579611 0.06045916 0.2271346 0.05493713
0.8802996 1.432672 0.6744153 0.06267118 0.2390551 0.0686262
1.006229 1.015427 0.7839595 0.08091618 0.2540041 0.07662082
1.152015 0.6883737 0.789788 0.1023348 0.2666189 0.07036642
1.202941 0.4476945 0.8493767 0.1180211 0.2916423 0.07520028
0.9368729 1.315298 0.6469562 0.06850091 0.2349771 0.06134367
1.012617 0.9755002 0.707379 0.08139376 0.2459979 0.06367565
0.9058837 1.393894 0.6629256 0.06611392 0.2413797 0.06670179
0.9914933 0.927392 0.7940825 0.08133719 0.2558897 0.07583738
0.973881 1.263649 0.6693486 0.07287627 0.240352 0.06447
0.9083359 1.49789 0.6291707 0.0640389 0.2368314 0.06316872
0.8706577 1.499327 0.6183385 0.06051734 0.23204 0.06059761
1.024572 1.001889 0.7666888 0.08128655 0.2488449 0.07269686
1.042632 0.9828263 0.7440393 0.08390958 0.2495627 0.06932612
1.026786 0.9634469 0.791524 0.08438819 0.2576756 0.07699551
1.146481 0.4620422 0.9072156 0.1099203 0.2889337 0.08239874
1.074465 0.7571274 0.7985545 0.09252255 0.2615142 0.0724798
1.045262 0.9031007 0.7712951 0.08597783 0.2533337 0.07143878
1.20157 0.5696765 0.8156342 0.1122993 0.2787798 0.07244102
1.162594 0.6536026 0.8156537 0.1054939 0.2732957 0.07401128
0.9285661 1.09535 0.7894458 0.07346634 0.2549573 0.08011866
1.236361 0.3757941 0.8806218 0.1247294 0.3005136 0.07842142
0.9183079 1.169936 0.7425805 0.07082023 0.2487555 0.07410717
1.052072 0.7722863 0.8375274 0.09155126 0.2679304 0.07957547
1.066353 0.8540875 0.7981484 0.09017398 0.2611877 0.07545749
1.050964 0.8386173 0.7268631 0.08838114 0.2530019 0.06396286
1.028932 1.012473 0.6856649 0.08250507 0.2452955 0.06169989
0.9940941 0.8990853 0.8028695 0.08328165 0.2606322 0.07727953
1.022824 0.8519057 0.8052344 0.08634962 0.2605393 0.07604874
1.105798 0.7135832 0.838118 0.09745513 0.2690166 0.07791198
0.9279114 1.226331 0.7231253 0.06939093 0.2429087 0.07149021
0.9358304 1.161981 0.7264229 0.07185843 0.2459652 0.07101361
0.9326673 1.045081 0.7833568 0.0739691 0.2518354 0.07685363
1.088261 0.8233088 0.7406984 0.092746 0.2569367 0.06610157
0.9934294 1.046546 0.7277252 0.0789623 0.2488129 0.06883301
0.8999724 1.239332 0.7594031 0.06751997 0.2470653 0.07787421
0.9624719 0.9266056 0.8435922 0.07966013 0.2619374 0.0841184
0.9026323 1.439597 0.6381111 0.06436056 0.2358489 0.06292498
0.8803767 1.32182 0.7194999 0.06480644 0.2442339 0.07367748
0.9349074 1.353644 0.6423005 0.06846404 0.2369938 0.06193608
0.9582401 0.9629195 0.8437263 0.07814658 0.2601277 0.0849276
0.9468413 1.113233 0.7175785 0.07364895 0.2453638 0.06834869
0.9566774 1.057835 0.76974 0.07538036 0.2500008 0.07495193
0.9264859 1.248485 0.7068124 0.06896566 0.2410053 0.06925457
0.9103771 1.265036 0.6540817 0.06699158 0.2340205 0.06097795
1.103095 0.6721059 0.8215741 0.09977665 0.2736321 0.07548322
0.9538811 1.144141 0.7612322 0.07314814 0.2471727 0.07552755
0.9253466 1.231702 0.6779864 0.06912135 0.2390024 0.06461133
0.9924314 0.7728549 0.8967341 0.08578118 0.2707081 0.0884301
1.049039 0.8773418 0.7437013 0.08732093 0.2532081 0.06716686
0.9808781 1.074993 0.7717451 0.07639376 0.248105 0.07524589
0.9946309 0.8710002 0.7932057 0.08317626 0.2581456 0.07451211
1.027412 0.9329641 0.8238707 0.08400128 0.2575503 0.08044566
0.9426713 1.233547 0.7300591 0.07065159 0.2442886 0.07294594
1.02197 0.9894921 0.7488947 0.08287653 0.2520364 0.0706939
0.9512257 1.035745 0.7331248 0.07527017 0.2470222 0.06875493
1.168867 0.5337535 0.8306863 0.1092636 0.2784058 0.07297036
1.135944 0.507036 0.8836907 0.1081082 0.2867434 0.08062114
1.060021 0.8989352 0.726333 0.08842479 0.2532239 0.06554839
0.993625 0.8589212 0.7591334 0.08369628 0.2568779 0.0694434
1.050879 0.852822 0.7909811 0.08848386 0.2592004 0.0739553
0.9506964 1.089144 0.7397428 0.073668 0.2451609 0.07063591
1.081834 0.8381487 0.7590526 0.09232571 0.2594521 0.06940578
1.078466 0.7827625 0.7692571 0.09275373 0.2597535 0.0691035
0.8821044 1.456227 0.6391947 0.06239161 0.2344575 0.06300203
1.117143 0.6952656 0.7601109 0.09897673 0.2635277 0.06618106
0.9780586 0.8345163 0.8349236 0.0826535 0.2628064 0.08011174
1.256521 0.2116467 0.9341158 0.134338 0.3188549 0.08260748
1.057009 0.7792853 0.8134419 0.09117257 0.264252 0.07577953
0.9613107 1.13632 0.7016579 0.07379695 0.241987 0.06605862
0.972718 1.118688 0.7633938 0.07618827 0.2515358 0.07626919
0.9045895 1.259438 0.6651132 0.0669685 0.236771 0.06297557
0.9755657 1.200474 0.7073722 0.07460509 0.2446036 0.06894011
1.146727 0.6524043 0.8218105 0.1039527 0.2734479 0.07480114
0.9332434 1.23779 0.7209671 0.07024887 0.2438376 0.0715194
0.9552885 1.268454 0.6581122 0.07002486 0.2343973 0.06176043
1.016376 0.8736491 0.7978405 0.08482733 0.2584151 0.075331
1.145206 0.6838675 0.8090226 0.1024648 0.2699639 0.07340606
1.086944 0.8133653 0.8000965 0.09240142 0.2605544 0.07421067
0.9899678 0.9714211 0.7929656 0.07999461 0.2539641 0.07654655
0.9742207 1.10342 0.7265045 0.07592945 0.2460686 0.06943638
0.858596 1.35087 0.7014048 0.06188996 0.2395858 0.07072588
1.056303 0.9351499 0.7125651 0.08697531 0.2501502 0.06408555
1.149373 0.6681358 0.8386626 0.1032609 0.2726836 0.07731591
0.9382386 1.272812 0.7073547 0.06960023 0.2416938 0.07008756
1.06418 0.9999657 0.7262031 0.08615977 0.2503077 0.06761634
0.8073952 1.636046 0.6421378 0.05451513 0.2361941 0.0673405
0.9219002 1.153105 0.7534465 0.07094648 0.2481061 0.07497206
1.073734 0.5692176 0.9023721 0.0985932 0.2795046 0.08361703
1.091426 0.689841 0.8128088 0.09778978 0.2708682 0.07428639
0.96619 1.072603 0.6723144 0.07588691 0.2419272 0.06076091
0.9737425 0.9059337 0.7737095 0.08059118 0.2555897 0.0724251
0.8940821 1.468263 0.6159929 0.06308544 0.2333447 0.05997929
1.032913 0.9019517 0.7618724 0.08630244 0.2569404 0.07106835
0.9100868 1.350512 0.6717182 0.06625642 0.238448 0.06621842
1.113303 0.6470273 0.8952405 0.09988883 0.275333 0.08458011
0.9778745 0.929074 0.8144911 0.0804191 0.2583944 0.07930343
1.128714 0.6612178 0.7979259 0.1013469 0.2691269 0.07106237
1.013836 0.8121687 0.8498876 0.08674438 0.2660011 0.082131
0.9135679 1.149173 0.7359321 0.06948369 0.243505 0.07132913
1.034516 0.9595976 0.7461459 0.08504446 0.2541082 0.07000714
1.195081 0.3884174 0.9475787 0.1192281 0.3021202 0.08794796
0.9868718 1.006219 0.7545804 0.07848737 0.2486928 0.07117899
0.9558213 1.13688 0.740153 0.07311349 0.244357 0.07174681
0.9140591 1.210005 0.7451119 0.06947972 0.2476452 0.07526359
1.028871 0.9288842 0.7512794 0.08489956 0.2538536 0.06972943
0.9621735 1.168717 0.7541692 0.07378245 0.2479637 0.07543217
0.9198312 1.270459 0.6997436 0.06833243 0.2416734 0.06904705
1.062507 0.8868039 0.7839594 0.08863441 0.2573263 0.07355703
1.090129 0.780047 0.7916106 0.09423148 0.2630217 0.07265052
0.9228929 1.233432 0.7068399 0.06959112 0.243824 0.06963938
0.9088467 1.17368 0.7116165 0.06915929 0.2424159 0.06835586
1.046044 0.8506319 0.784274 0.08833217 0.2594641 0.07309278
0.9511754 1.076391 0.6914833 0.07530172 0.2455487 0.06403881
0.9923132 1.032157 0.7593944 0.07806713 0.2473058 0.0721498
1.06155 0.9591141 0.7676521 0.08669802 0.2537852 0.07269278
0.9037403 1.266222 0.7232385 0.06705344 0.2424317 0.07224734
1.057191 0.7290344 0.8523358 0.09216232 0.2678595 0.08007006
0.9568698 1.31116 0.6972336 0.07023201 0.2409888 0.06951943
1.177778 0.5060473 0.7908423 0.1128747 0.2819838 0.06794188
0.9774541 1.10221 0.7065656 0.07650846 0.2454886 0.06664711
1.03903 0.8811291 0.7775545 0.0866267 0.256833 0.07250342
1.037048 0.777993 0.7985495 0.08888344 0.2611673 0.07305124
1.049663 0.8005944 0.8044428 0.09042264 0.2636544 0.0750528
1.109124 0.6041077 0.8472585 0.1023637 0.2785284 0.07755443
0.9359277 1.310977 0.648992 0.0682435 0.2347144 0.06152579
0.9470407 1.120716 0.7264094 0.0735898 0.2460037 0.06982875
1.068558 1.02254 0.6916748 0.08530007 0.2444507 0.06243339
0.9450437 1.168172 0.6531764 0.07240856 0.2389862 0.05988012
0.9913628 1.123304 0.6911164 0.07677364 0.2421948 0.0643642
1.109295 0.5179183 0.8711749 0.104979 0.2845801 0.07892951
1.079585 0.701997 0.8096894 0.09557465 0.2678087 0.07358708
0.964261 1.149362 0.7491612 0.07432596 0.2478432 0.07419952
0.9459716 1.15564 0.6976073 0.07248022 0.2424852 0.06615672
0.9221962 1.117016 0.7359804 0.07127923 0.245753 0.07103571
0.8886784 1.335816 0.656672 0.06411438 0.2344796 0.06303997
1.043099 0.8919792 0.8385629 0.0875725 0.2637114 0.0827248
0.8872555 1.353196 0.6406972 0.06436267 0.2353174 0.06147376
0.9675058 1.024152 0.7812604 0.07752646 0.2534467 0.07639731
0.9147332 1.227653 0.7034639 0.06885397 0.2427818 0.06879408
0.998619 1.11711 0.6828303 0.0766952 0.2393442 0.06256125
0.9752973 1.115178 0.6942495 0.07608532 0.2439126 0.06495751
1.065914 0.8272422 0.799258 0.09116699 0.2628706 0.07511236
1.04568 0.9646137 0.7174077 0.08458225 0.247707 0.06499419
1.035836 0.7559839 0.7975966 0.08969267 0.262845 0.07261367
0.9507707 1.123443 0.7574847 0.07325184 0.24708 0.0744475
0.895807 1.222544 0.7489748 0.06783444 0.2476085 0.07610189
1.01289 0.8233748 0.8295911 0.08645862 0.2642335 0.0792994
1.160777 0.7109375 0.7524122 0.1032742 0.2647981 0.06597343
0.9711701 1.036351 0.779558 0.07764511 0.2534609 0.07655358
0.9425741 1.104406 0.7256328 0.07318288 0.2451531 0.06914967
1.110984 0.4871886 0.9091656 0.1070712 0.2916176 0.0843192
1.13495 0.6816852 0.8238728 0.1017588 0.2713102 0.07548605
1.074338 0.7591993 0.8285393 0.09344903 0.2664594 0.07755338
1.096518 0.8422076 0.7529157 0.09232269 0.2554961 0.06786042
0.999588 1.100384 0.7077453 0.07737916 0.2428396 0.06617481
1.097043 0.56428 0.9429735 0.1018533 0.2858353 0.09056857
0.9816817 0.9786763 0.8352375 0.07996095 0.2597317 0.08410999
0.9439445 1.243789 0.6868254 0.07022319 0.2393503 0.0661313
0.9772081 1.256779 0.7332605 0.07271723 0.2443423 0.07403015
1.08755 0.8085613 0.75964 0.09289765 0.2585386 0.06842535
1.032826 0.9381563 0.7963662 0.0849638 0.2573747 0.07685424
0.9495045 1.261696 0.7281952 0.07022588 0.2424989 0.07296352
0.8572989 1.571384 0.5747346 0.05874073 0.2289093 0.05534907
1.053422 1.002666 0.7170318 0.08424079 0.2466778 0.06572223
1.013192 1.145825 0.6561134 0.07672076 0.235129 0.05896019
1.042416 1.014015 0.6982273 0.08412915 0.2482289 0.06397122
0.9820357 1.056859 0.727439 0.07726242 0.2462718 0.06841323
0.960984 1.058996 0.7722533 0.07568159 0.2503106 0.07543799
0.9407463 1.173497 0.7409747 0.07293814 0.2500576 0.0742884
1.134973 0.4912541 0.918261 0.1083852 0.2896529 0.0852048
1.024589 0.9056799 0.7683259 0.08410898 0.2528797 0.07105155
1.204 0.4822869 0.8180086 0.116651 0.2863908 0.07136539
1.045007 0.9152852 0.79062 0.08681515 0.258428 0.07565227
1.025189 0.9194965 0.7821276 0.08492375 0.2569805 0.07424583
0.9994804 0.9037691 0.7995926 0.08212499 0.2557483 0.07582679
1.190313 0.4262727 0.8607248 0.1160915 0.2899892 0.07549779
0.9326411 1.297333 0.6626045 0.06916395 0.2393255 0.06407226
0.9193645 1.404749 0.6575914 0.06589615 0.2372175 0.06523961
0.9922467 1.025742 0.6972348 0.0791688 0.2456411 0.06355954
1.003441 0.9020752 0.8279144 0.08392919 0.2628317 0.08145134
1.054801 0.856687 0.7556414 0.08894482 0.2569725 0.06898243
0.970154 1.042898 0.7743974 0.07670054 0.2502851 0.07518502
0.9228986 1.183322 0.705336 0.06961463 0.2407176 0.06742466
0.9126493 1.289833 0.6386797 0.06778384 0.236814 0.06015911
1.022511 1.08807 0.7230089 0.07920321 0.2431751 0.06786754
0.7838016 1.721304 0.5496754 0.05252552 0.2310257 0.0546939
1.019732 1.083403 0.6729426 0.07935008 0.2402127 0.06073396
0.9579215 1.038674 0.703843 0.07677115 0.2478661 0.06520209
1.099884 0.7982836 0.7275334 0.09522047 0.2590462 0.06420443
1.164347 0.5186461 0.8489249 0.1106881 0.2843316 0.07607358
0.9174989 1.336789 0.6303099 0.06659351 0.2327052 0.05909933
1.004857 1.05719 0.7618934 0.07886024 0.2485706 0.07356656
0.9886548 1.077759 0.7111682 0.07698465 0.2436078 0.06625758
0.9278062 1.418923 0.6152956 0.0653934 0.2300098 0.0582574
0.9772063 1.069112 0.7150059 0.07696174 0.245402 0.06680664
0.9360524 1.151176 0.6876687 0.0723905 0.2430943 0.06478982
1.052412 1.02543 0.7256966 0.08421029 0.2490413 0.06802455
1.029199 1.01366 0.7050441 0.08235577 0.2467091 0.06452761
0.9878967 1.185549 0.6729921 0.07504917 0.2394063 0.06288809
1.062988 0.6612515 0.8057532 0.09601285 0.2712025 0.07248014
0.995498 0.9413229 0.7798997 0.08213177 0.2569748 0.07463594
0.9126205 1.353058 0.6703325 0.06562696 0.2363146 0.06570301
0.9948611 1.020065 0.7446341 0.07951784 0.2494897 0.07038288
1.114649 0.6741288 0.8759295 0.09989585 0.2750423 0.08302831
1.100638 0.8569594 0.7278456 0.09214837 0.2526806 0.0645231
0.8612159 1.356259 0.6513244 0.06203743 0.2336511 0.06240972
0.9873175 1.014985 0.7720756 0.07885806 0.2518711 0.07458403
0.9997025 0.8684744 0.8148129 0.08306967 0.2581237 0.07731034
0.9217721 1.262788 0.6648333 0.06795196 0.2362216 0.06293427
0.9432913 1.219098 0.7126929 0.07163612 0.2446067 0.07016621
0.9905273 0.9405488 0.7868776 0.08066882 0.2543585 0.07496209
1.03916 0.9334975 0.7628718 0.08510945 0.2530947 0.0711873
0.9658984 1.088394 0.7510688 0.07523047 0.2472764 0.07264375
1.038427 0.9678301 0.7142783 0.08449832 0.2496206 0.06515849
1.008888 1.04355 0.7774015 0.08014817 0.2520095 0.07609432
0.9474088 1.182812 0.6789493 0.07241637 0.241264 0.06400782
1.023346 0.9902176 0.7417041 0.08288256 0.2515749 0.06973392
0.9490735 1.087166 0.6983511 0.07371748 0.2421608 0.06448532
0.984068 0.9849608 0.8073943 0.08078832 0.2598663 0.08044133
1.061116 0.7889473 0.8436471 0.09180348 0.2674425 0.08083396
0.9568508 1.162122 0.7031592 0.07272919 0.2408374 0.0665923
0.9666263 1.133777 0.7553073 0.07371733 0.244806 0.07384418
0.9277639 1.194641 0.6804474 0.07013689 0.2394374 0.06408934
1.047953 0.9438674 0.7390104 0.08584685 0.2524394 0.06835295
0.9850525 0.9400216 0.7710612 0.08136252 0.2565143 0.07330986
1.006912 1.097114 0.7141211 0.07782044 0.2426858 0.06687576
1.175752 0.3499983 0.9927085 0.1186808 0.3075834 0.09356925
1.016247 0.9786866 0.7525245 0.08147433 0.249148 0.0702358
1.067547 0.918089 0.7818624 0.08853813 0.257378 0.074296
0.9343573 1.076913 0.7979322 0.07261461 0.2501226 0.07948267
1.043207 0.8927403 0.743959 0.08716807 0.2553299 0.06815657
0.8599662 1.431757 0.6753087 0.06162336 0.2412153 0.06934164
1.024571 1.031803 0.7523313 0.08144164 0.2495962 0.07180262
0.9455054 1.068046 0.7297681 0.07413797 0.2460984 0.06896556
1.072333 0.6212701 0.8347485 0.09856905 0.2772715 0.07628691
0.9870723 1.178399 0.7010659 0.07424243 0.2390626 0.06631977
1.021715 0.9770254 0.7392889 0.08290988 0.2513119 0.06899825
1.1067 0.6397032 0.8779478 0.1003868 0.2772587 0.08257156
1.018175 0.8483475 0.7832165 0.08614928 0.2597906 0.07295983
0.957025 1.092587 0.7167536 0.07465035 0.2448592 0.06757956
0.99283 1.061685 0.7603788 0.07876036 0.2514208 0.07419406
0.968539 1.064617 0.7676824 0.0761956 0.2498116 0.07483177
0.9686283 1.072061 0.7017466 0.07551706 0.2423505 0.06455034
1.063875 0.7959942 0.8026106 0.09205682 0.2649365 0.07505463
1.026395 1.049187 0.6724301 0.0809259 0.2413243 0.06005072
0.9833242 1.198673 0.6514334 0.0733374 0.2341648 0.05935581
1.002307 1.043995 0.727346 0.07924553 0.2467035 0.06814546
1.058108 0.7385233 0.7906477 0.09272361 0.2649662 0.07167376
0.9688411 0.9474132 0.7476313 0.07939911 0.2525802 0.0694623
1.076167 0.7593484 0.8403781 0.09437909 0.2697757 0.07997779
1.145738 0.647608 0.7785665 0.1028249 0.2671878 0.06784701
0.8955253 1.141595 0.7338221 0.06867075 0.2447765 0.07109747
0.9201392 1.181812 0.7034178 0.06973484 0.2409484 0.06709329
1.144571 0.5578392 0.8192345 0.1089455 0.2838714 0.07357425
0.9281134 1.128919 0.7392446 0.07141891 0.2456594 0.07178129
1.038098 1.024491 0.7325888 0.08164525 0.2451559 0.0680116
0.8337793 1.668603 0.5943244 0.05555866 0.2307258 0.05994614
1.024533 0.8605112 0.7881563 0.08577483 0.2575592 0.07338815
0.9894516 1.176042 0.6951529 0.0748968 0.240196 0.06577326
0.9624319 1.086404 0.7361924 0.07480577 0.2454092 0.07013931
1.043537 0.9788949 0.7215163 0.08499262 0.2505113 0.06650518
0.964284 1.201615 0.6803115 0.07249828 0.2387447 0.06412724
1.111351 0.7381712 0.758167 0.09755883 0.2626836 0.06704376
0.8670612 1.516092 0.6397735 0.06029183 0.2343458 0.06422524
1.039401 0.8584818 0.8373768 0.08762071 0.2631461 0.08127314
0.9990285 1.139223 0.7232612 0.07645843 0.2435145 0.0693931
0.9785532 1.223371 0.6606891 0.07311411 0.2366891 0.06160077
0.8972046 1.215852 0.6852739 0.06641036 0.236577 0.06467176
0.9226313 1.254239 0.7053533 0.06785097 0.2385717 0.068663
1.093286 0.75682 0.8101914 0.09447225 0.2629589 0.07421676
1.023457 0.9198566 0.7788319 0.08454066 0.2562847 0.07369929
0.9443144 1.078292 0.7586158 0.07424992 0.2496896 0.07395581
1.040489 0.8490447 0.7672731 0.08750551 0.2567631 0.07018541
0.9295183 1.195803 0.6941493 0.07034054 0.2414302 0.06644831
0.9465256 1.118538 0.7107301 0.07291814 0.2424762 0.06688917
0.9329866 1.2286 0.7235465 0.069487 0.2416402 0.07122508
0.9012645 1.244332 0.6901149 0.06737371 0.2410153 0.06699454
0.974064 1.137472 0.6800251 0.07505112 0.2410641 0.06306489
0.9280156 1.264151 0.6846575 0.06886694 0.2394682 0.06630635
1.051937 0.8741062 0.7373881 0.08792127 0.254018 0.06650744
0.9608182 1.138727 0.7225976 0.07421571 0.2457851 0.06983969
1.138219 0.6146157 0.8180762 0.1033344 0.2719884 0.07271011
0.989223 1.042703 0.7426431 0.07926947 0.2512129 0.07115624
0.8609928 1.513999 0.6091638 0.0597302 0.2312238 0.05940186
1.056453 0.8326974 0.8204338 0.08890722 0.2599004 0.07726273
1.00467 0.9823436 0.8083048 0.08098358 0.2555366 0.07946589
0.9868145 1.071544 0.7491728 0.07733387 0.2473217 0.07184671
1.009072 0.9634791 0.7957216 0.08176117 0.2549041 0.07698983
0.9539095 1.139791 0.7588021 0.07387856 0.2493417 0.07564386
1.008197 0.8892197 0.8375821 0.08352142 0.2601116 0.08158559
0.9326031 1.353607 0.6486282 0.06757116 0.2358666 0.06264876
0.9961882 0.8556747 0.83994 0.08304077 0.2599803 0.08065609
1.139318 0.5943111 0.8764971 0.1041547 0.2776202 0.08079155
1.174491 0.5321186 0.8477425 0.1117491 0.2850927 0.07658889
1.019004 1.051101 0.7017539 0.08047033 0.2446049 0.06454045
0.9539888 1.19144 0.6964328 0.07140007 0.2383374 0.06587998
0.9933213 1.043339 0.735225 0.07874898 0.2481273 0.06950794
1.04485 0.6952011 0.824604 0.09135192 0.2647693 0.07449399
1.113841 0.5798939 0.8341522 0.1036535 0.2790206 0.07512995
1.165348 0.4787244 0.9484858 0.1127318 0.2955084 0.09023814
1.024996 1.094376 0.6776169 0.08032978 0.2426972 0.0620603
0.909358 1.399816 0.6339903 0.06463142 0.2323906 0.06083708
1.033145 0.9597048 0.7719584 0.08441893 0.2549603 0.07368185
1.030977 0.9159093 0.7170089 0.08546134 0.2515398 0.06446073
0.9995526 0.8270493 0.8439352 0.08629321 0.2688777 0.08261615
1.04658 0.7800289 0.7991762 0.08972926 0.2611067 0.07313675
0.8874272 1.324345 0.6677016 0.06496562 0.2386564 0.06525279
1.049357 0.7971815 0.813362 0.09051921 0.2649366 0.07650594
1.215911 0.3325416 0.8451406 0.1243022 0.3007243 0.07243982
0.9246565 1.094544 0.7191809 0.07183184 0.2447057 0.06800651
0.9229563 1.208354 0.7528794 0.06994009 0.2473567 0.0762173
1.045364 0.9205281 0.7700998 0.08666793 0.2564186 0.07257493
0.9522751 1.188277 0.7164969 0.07264942 0.2446881 0.06998429
1.099133 0.7517522 0.7344549 0.09663317 0.2620604 0.06440336
1.026846 1.079991 0.7057401 0.08049394 0.2444526 0.06572784
1.090175 0.8321775 0.7437149 0.09253366 0.2565891 0.06667164
0.9963268 1.053003 0.7458646 0.07882605 0.2490535 0.07142252
0.9029718 1.224593 0.7524011 0.06862193 0.2491638 0.07709193
1.020007 0.7523478 0.8175981 0.08877426 0.2657509 0.07577984
0.9914973 0.9851598 0.7643914 0.08060094 0.2537924 0.07305732
0.9877659 1.039375 0.6869864 0.07863341 0.2450056 0.06247538
0.9713844 1.007212 0.7561125 0.07746609 0.2494821 0.07157663
0.90336 1.261364 0.6951533 0.06670221 0.2390485 0.06755481
0.9745581 1.251637 0.6772242 0.07232731 0.2381465 0.06472441
0.8557789 1.553251 0.5891447 0.05855741 0.2285727 0.05685498
1.013707 0.8735521 0.8413836 0.08549652 0.2646177 0.08279312
0.9382559 1.317913 0.6647504 0.06926395 0.239526 0.06483957
0.9948964 0.8511609 0.8126617 0.08465072 0.2634983 0.0778007
1.039563 1.004687 0.7439276 0.08346323 0.2500029 0.0700222
1.011409 0.9244434 0.7501719 0.08230253 0.2499103 0.06854348
0.9983738 0.9683421 0.7910721 0.08150026 0.2563908 0.07681752
0.9795924 1.097404 0.7323456 0.07615964 0.2451897 0.06978004
0.9203135 1.398528 0.609284 0.06493587 0.227926 0.05660289
0.994454 0.899621 0.7926995 0.08337948 0.2601488 0.07583195
0.9958043 1.013864 0.7325591 0.07982954 0.2494003 0.06867918
1.128021 0.472653 0.9311126 0.1077722 0.290057 0.0862398
1.02819 0.798637 0.8101241 0.08825935 0.2630768 0.07560718
1.093111 0.6702009 0.825767 0.09857264 0.272847 0.07575414
1.098497 0.7618549 0.842194 0.09506579 0.2662544 0.07941337
1.094293 0.4089018 0.9698017 0.1070882 0.2979326 0.09064399
0.9982044 1.126773 0.7236261 0.07753995 0.2465937 0.06985007
1.117375 0.7377813 0.8076084 0.09745658 0.2651011 0.07388178
0.9890197 1.146957 0.7530904 0.07679598 0.2500063 0.07523154
1.195048 0.5099952 0.885466 0.1148711 0.2900461 0.08176986
1.053742 0.7891202 0.8075075 0.09072073 0.2635921 0.07514809
1.172137 0.6831012 0.8216866 0.105009 0.2708779 0.07514314
0.9580666 1.211085 0.7055283 0.07272242 0.2438643 0.06888547
1.014724 0.8490304 0.8419301 0.08592033 0.2643554 0.08191108
1.001309 0.9177374 0.8737955 0.08323107 0.2650045 0.08891552
1.074624 0.9139721 0.7541367 0.0891632 0.2551586 0.07001564
1.064088 0.8489932 0.8112947 0.08990396 0.2613075 0.07698734
1.029682 0.8811289 0.7480311 0.08607217 0.2550137 0.0682495
0.9751467 1.058184 0.7394604 0.07725675 0.2490594 0.07068567
0.9634278 1.336758 0.6412383 0.07045427 0.2358745 0.06124827
0.9091627 1.190254 0.7090863 0.06888407 0.2426178 0.06856195
0.9874081 1.047711 0.7492848 0.07810015 0.2486273 0.07155781
1.095749 0.7182261 0.8417222 0.09641865 0.2693674 0.07870938
0.9681693 1.042025 0.7772377 0.07676803 0.2513686 0.07585278
1.099641 0.6627893 0.840634 0.0993246 0.2741138 0.07771653
0.9634195 1.195607 0.652856 0.07319195 0.2387095 0.06042877
0.9450282 1.240171 0.7285776 0.07078286 0.2444173 0.07294279
0.8753485 1.518803 0.5842534 0.06120053 0.2309124 0.05609727
0.9196228 1.290119 0.7182121 0.06772176 0.2422399 0.07220603
0.892337 1.254302 0.7116664 0.06613958 0.2408851 0.07004463
1.087064 0.798671 0.7851156 0.09247935 0.258855 0.0714144
1.053452 0.9708301 0.7494063 0.08625939 0.2539002 0.07070775
0.9432772 1.074512 0.8189403 0.0748155 0.2571726 0.08434348
0.9486953 1.142322 0.7152247 0.07342554 0.2453094 0.06873518
0.983136 1.13396 0.7068337 0.07515077 0.2413621 0.06655679
1.083764 0.638776 0.8556257 0.0986644 0.2766566 0.07945994
1.066652 0.6978376 0.8327743 0.09555178 0.2725783 0.0775373
1.047462 1.023253 0.6921951 0.08284997 0.242993 0.06231217
0.9612785 1.269757 0.6448431 0.07151216 0.2367944 0.06056113
0.9466823 1.280203 0.6979028 0.07108464 0.2445315 0.06968483
0.996875 0.9896646 0.7426871 0.08039108 0.2497353 0.06928921
1.015378 0.9191523 0.7886582 0.08288923 0.2535748 0.07425939
0.9644779 1.066433 0.7355895 0.07591939 0.2479909 0.07021717
0.9722703 1.263373 0.669336 0.07339269 0.2416594 0.06464262
1.085341 0.7813514 0.7872909 0.09282623 0.2597465 0.07136
0.9286998 1.096418 0.7439808 0.07197392 0.2461865 0.07168994
0.8530437 1.504574 0.6539019 0.06017185 0.2386787 0.06703525
1.002177 0.9526633 0.7670161 0.08203892 0.2542484 0.0725704
1.110615 0.6988706 0.8510773 0.09880925 0.2720005 0.07982627
1.029157 0.8131038 0.7930043 0.08762134 0.2606104 0.07332708
0.9144551 1.383684 0.654114 0.06535089 0.2348712 0.0637891
1.082388 0.5298865 0.9398039 0.103099 0.2918296 0.09022871
0.9493635 1.015391 0.7438145 0.07637672 0.2509985 0.07052393
1.055825 0.8860588 0.7649471 0.08831905 0.256782 0.07097412
0.9210812 1.122035 0.7531723 0.07115687 0.2475384 0.07397537
0.9320162 1.357693 0.6459206 0.06757523 0.2356471 0.06227532
1.044195 0.8509447 0.7716463 0.0886387 0.2593622 0.0713418
1.042592 0.8581774 0.7785741 0.08672919 0.2549115 0.07144988
0.8982154 1.29788 0.7289643 0.06623912 0.2437449 0.07424337
0.9442221 1.057826 0.7585782 0.07427401 0.24869 0.07312891
0.9918102 1.123389 0.698685 0.07658125 0.2425577 0.06549715
1.06951 0.8572791 0.7805994 0.09041935 0.2593833 0.07272809
1.342916 0.1145218 0.9749072 0.1496178 0.3339444 0.08690903
1.044143 0.8886287 0.7414285 0.08746944 0.2556617 0.06779846
1.034907 0.9861623 0.7288287 0.08240019 0.2456564 0.06655974
1.068839 0.6805291 0.8656683 0.09554849 0.273645 0.08150584
0.997735 0.8112971 0.8467428 0.08498549 0.2645287 0.08129803
0.9322908 1.196087 0.6909851 0.0701285 0.2390971 0.0654055
0.9553803 1.212524 0.7304429 0.0722541 0.245031 0.07258594
0.9822532 1.148858 0.7043345 0.07564761 0.2433863 0.06699506
1.036921 0.964827 0.6952251 0.0844187 0.2476716 0.06222046
0.9381173 1.130117 0.6999906 0.07240204 0.2430699 0.06596532
0.9549904 1.179981 0.6681408 0.07187352 0.2367527 0.06161263
0.975747 1.195205 0.6695603 0.07391221 0.2393431 0.0627026
0.9555264 1.167497 0.7273386 0.0725831 0.2431554 0.07051553
1.033897 0.8972289 0.7593406 0.08608171 0.2552261 0.07014678
0.9606335 1.14837 0.6870963 0.07295745 0.2390368 0.06384063
1.105012 0.8876983 0.7339831 0.09191424 0.2527414 0.0661252
0.9285476 1.23294 0.6712839 0.0697318 0.2395963 0.06385821
1.101915 0.6551092 0.8392819 0.09864079 0.2710829 0.07653988
1.05521 0.7775401 0.7912277 0.09091091 0.2617459 0.07218723
0.9910685 0.967316 0.8103996 0.08051914 0.2568798 0.07959939
0.8374387 1.584669 0.6360661 0.05808329 0.2391636 0.06631254
0.9764032 1.123355 0.7080898 0.07650433 0.2471593 0.06778654
0.9485362 1.159689 0.7433349 0.07246684 0.245315 0.07298119
0.9202799 1.214779 0.7206422 0.06903068 0.2422929 0.07062995
1.098613 0.7109387 0.8253856 0.09657732 0.2675246 0.07586893
1.067612 0.7297524 0.8114507 0.09377408 0.2669188 0.07452455
1.120297 0.7077514 0.8629133 0.09910617 0.2714367 0.08152743
0.9043807 1.333605 0.6904139 0.0660253 0.2401495 0.06885647
0.9675887 1.14828 0.7244996 0.07520289 0.247678 0.07073473
1.031842 0.9558829 0.7566255 0.08415133 0.2525649 0.07090039
1.001444 1.017325 0.7934086 0.07897555 0.2501106 0.07701624
1.00225 1.018533 0.7116254 0.0802082 0.247132 0.06552929
0.9826943 0.9449056 0.8092003 0.08005201 0.2562787 0.07855434
1.013215 0.9629127 0.7760238 0.08191317 0.2521421 0.0735434
1.093005 0.5064641 0.8986795 0.1039562 0.287529 0.08271368
1.12576 0.7685648 0.7226841 0.09759142 0.2579754 0.06260787
0.9334599 1.203928 0.6850423 0.06972754 0.2371727 0.06436217
1.004227 1.010058 0.6949822 0.08086196 0.2473475 0.0632927
1.049674 0.8720228 0.7922345 0.08837009 0.2597804 0.07479377
0.9608543 0.9984307 0.7674188 0.07669678 0.2501562 0.07299442
1.000255 1.050878 0.7318744 0.07948413 0.2488456 0.0694345
0.9420338 1.224912 0.7416797 0.07075618 0.2450185 0.07446027
1.061766 1.001877 0.6940036 0.08440922 0.2431181 0.06200741
0.9498731 1.152539 0.6811078 0.07322601 0.2423358 0.06386932
0.9930612 0.9732961 0.7937014 0.08093184 0.2564987 0.07736917
0.9667161 0.8572073 0.8330163 0.08160907 0.2633537 0.08073839
0.9567922 1.115261 0.6713198 0.07403163 0.2400171 0.06118573
1.035219 0.9926393 0.7169951 0.08372208 0.2491033 0.06599552
1.216334 0.380482 0.9154442 0.1207288 0.2978257 0.08239148
0.991123 1.060701 0.7333611 0.07810076 0.2474662 0.06958832
0.9541106 1.019811 0.7534416 0.07599651 0.2496316 0.07162458
1.045873 1.005567 0.7416531 0.08429893 0.2510544 0.07001708
0.9171619 1.321044 0.6564507 0.06711744 0.2365576 0.06309631
1.094637 0.7741409 0.7848468 0.09403748 0.260511 0.07102486
0.9943755 0.8901866 0.8545028 0.08318763 0.2639511 0.08494047
1.086964 0.7865883 0.7368897 0.09406124 0.2593759 0.06513444
1.023971 0.8620029 0.7460022 0.08640095 0.2566714 0.06784534
0.9975993 1.096736 0.7102492 0.07798201 0.2453435 0.06698186
1.126371 0.7117487 0.7643898 0.1007392 0.2672869 0.06801386
0.9081366 1.275829 0.6993138 0.06792557 0.2431514 0.06939787
1.050668 0.9796421 0.7911687 0.08506475 0.2546973 0.07672593
1.018131 1.035977 0.7003053 0.08122238 0.2460454 0.06426381
0.851932 1.624967 0.5908569 0.05797077 0.2327718 0.05924746
1.011119 0.8853846 0.7870371 0.08345091 0.2548784 0.07337251
0.9523417 1.039635 0.7350051 0.07477893 0.2451954 0.06864322
0.8971814 1.438176 0.6974095 0.0649436 0.2449032 0.07337072
0.8948496 1.223219 0.7353033 0.06761807 0.2459543 0.07378556
0.9254492 1.379537 0.6459705 0.06648754 0.2344424 0.06241894
0.8797435 1.519156 0.6061915 0.06018969 0.2285943 0.05860867
0.9879146 0.9444068 0.8331054 0.07987278 0.2558171 0.08161441
1.029816 0.9639161 0.7521185 0.08417287 0.252827 0.0705351
0.9746542 1.085862 0.7288466 0.07699307 0.2486213 0.06987339
0.9060402 1.515747 0.6376573 0.06332786 0.2365225 0.06459199
0.9149685 1.372583 0.6665758 0.06581318 0.2368022 0.06567371
0.9222147 1.180579 0.7208987 0.0708263 0.2457257 0.07054433
0.9668166 1.223476 0.6495098 0.07247106 0.2368755 0.06024148
0.899899 1.445537 0.6725499 0.0641125 0.2385092 0.06830012
0.9371346 1.252737 0.7131867 0.06975919 0.241678 0.07035879
0.9632342 1.147832 0.7219332 0.07426694 0.2455236 0.06988158
0.9866333 1.121641 0.6806151 0.07646556 0.2417891 0.06293276
1.09319 0.8269692 0.7651958 0.09310021 0.2589813 0.06976842
1.09399 0.6610125 0.8151085 0.09798087 0.2694208 0.07323846
0.9996836 0.8991914 0.8280477 0.08355409 0.2622456 0.08117582
1.070736 0.7646748 0.8439634 0.09198791 0.2644 0.07924884
1.092424 0.7952408 0.7649575 0.09429328 0.2610424 0.06923577
0.9509137 0.9390958 0.8724631 0.07810369 0.2627874 0.08886268
0.9287143 1.250103 0.6975304 0.06923832 0.2400436 0.06770341
0.8918836 1.283985 0.6761037 0.065329 0.2361936 0.06478976
0.9751146 1.070964 0.7472146 0.07629151 0.2476187 0.07179721
1.02413 0.8570369 0.7947629 0.08531558 0.2568304 0.07401675
1.092102 0.7245413 0.7934577 0.0965024 0.2669904 0.07205633
1.06185 0.8161859 0.860052 0.09022433 0.2650886 0.08341607
0.9615332 1.08957 0.764109 0.07531909 0.2500968 0.07518546
1.078664 0.839486 0.8123944 0.09221769 0.2642354 0.07756704
0.9351398 1.279234 0.6866645 0.06915816 0.2397025 0.06697867
0.9871014 1.185265 0.727992 0.07481021 0.2437344 0.07121898
0.9984972 1.19062 0.6546822 0.07629403 0.2399554 0.06080245
0.9927909 1.177594 0.6639879 0.07483007 0.2366237 0.06099427
0.9673584 1.075234 0.7173438 0.07616002 0.2464623 0.06759363
0.9160477 1.445223 0.5969065 0.06425871 0.2281107 0.0558787
1.054628 0.6263129 0.9187221 0.09468136 0.2760397 0.08701605
1.263218 0.1990573 1.012029 0.1351772 0.3242833 0.09335821
1.17257 0.5509735 0.8585009 0.1097822 0.2815463 0.07779146
1.015772 1.05272 0.6774069 0.08023495 0.2429232 0.06115312
1.045984 0.8577352 0.8040964 0.0887677 0.2624824 0.07662317
0.9568133 1.280497 0.6474871 0.07007124 0.2336646 0.06043999
1.002042 1.201027 0.6560015 0.07552114 0.2368366 0.0604911
0.9663694 1.053696 0.772764 0.07700614 0.2531348 0.07607819
1.057293 0.8437916 0.7499222 0.08946887 0.2566591 0.06777511
1.053269 0.775017 0.8279681 0.09093018 0.2654261 0.07783509
1.033817 0.9362348 0.7316594 0.08568142 0.2535857 0.06732381
0.8949105 1.261599 0.7060811 0.06663904 0.2416867 0.06961172
1.042807 0.9123354 0.6954771 0.08612848 0.2490198 0.06121248
0.9228169 1.364209 0.669823 0.06646901 0.2368479 0.06593497
0.974413 0.9868422 0.8172206 0.07865799 0.2559976 0.0807766
0.9399262 1.144724 0.6758422 0.0725674 0.2416295 0.06282058
0.9860725 1.090905 0.6874185 0.07675872 0.241812 0.06306722
0.9982202 1.021788 0.7387331 0.08001815 0.250407 0.06996076
1.052465 0.7743124 0.7993789 0.09122691 0.2641268 0.07373036
1.038192 0.841015 0.8105473 0.08777356 0.2612614 0.07666112
0.8496262 1.393615 0.7140325 0.06127954 0.2427271 0.07417334
1.071504 0.8568086 0.7872183 0.09001613 0.2584223 0.07339222
1.056151 0.7614078 0.8050834 0.09133767 0.263552 0.07395389
1.034062 0.8824598 0.745924 0.08624896 0.2543321 0.06785747
1.072084 0.5879714 0.8923716 0.09916195 0.2817286 0.08359832
1.028153 1.00671 0.734686 0.08249636 0.2491387 0.06865293
0.9512461 1.112084 0.7655069 0.07428947 0.2504851 0.07608545
1.109343 0.8436931 0.7753711 0.09421509 0.2595872 0.07168567
1.01423 0.8555359 0.7885499 0.08473272 0.2568836 0.07313996
1.215891 0.4057268 0.9541687 0.1195818 0.2983602 0.08855563
0.8741503 1.394591 0.6264073 0.06313647 0.2346089 0.06012564
1.063264 0.8381369 0.7574111 0.09043916 0.2586393 0.06904929
0.9659224 0.8848411 0.863947 0.08067321 0.2639174 0.08605439
0.9486446 1.206859 0.6847063 0.07175508 0.240894 0.06529873
1.049171 0.9671653 0.6985987 0.08580949 0.2492891 0.06304298
0.9839627 0.9556851 0.7538444 0.08017958 0.2524616 0.07055685
1.246316 0.3397439 0.8500732 0.1271854 0.3008225 0.07333649
1.049015 0.9196282 0.7885203 0.08646886 0.2563749 0.07498978
0.9999928 1.035377 0.785512 0.08026127 0.2548352 0.07767921
0.9925642 1.053615 0.6868119 0.07705407 0.2390965 0.06150284
0.9405458 1.15203 0.7197557 0.07199856 0.2433824 0.06911967
0.9510865 1.23312 0.7028313 0.07105479 0.2407582 0.06829052
1.090168 0.6963646 0.8153912 0.09650976 0.2677955 0.0740965
0.9637083 0.9611317 0.7980871 0.07785051 0.2539607 0.07694916
1.028205 0.8186453 0.7735838 0.08737766 0.2587941 0.07057636
0.8946691 1.377538 0.6507182 0.0641845 0.2349194 0.06319372
0.8903795 1.32451 0.6795993 0.06512367 0.2386306 0.06673917
1.086834 0.7236384 0.8591967 0.09586784 0.2712534 0.08160261
1.083258 0.799195 0.7372414 0.09366023 0.2595353 0.06553988
0.9666908 1.073196 0.7277526 0.0756538 0.2462171 0.06894262
0.9721045 1.08073 0.7714687 0.07692618 0.2523505 0.07642757
1.040927 0.882629 0.7784955 0.08675214 0.257068 0.0727694
1.059715 0.7392276 0.8609371 0.09314602 0.2712176 0.08241656
1.021888 0.9607768 0.752027 0.08351883 0.2532946 0.07065032
0.837501 1.473797 0.663815 0.05861868 0.2362982 0.0673002
0.9242008 1.223007 0.7104345 0.06895388 0.2405706 0.06903851
1.127142 0.5240384 0.8563531 0.1062108 0.282349 0.07673193
1.130138 0.6005604 0.8774337 0.1040987 0.2800594 0.0817301
1.013928 0.901312 0.8301826 0.08453034 0.2619086 0.08146645
0.9883943 0.9422426 0.7622756 0.08109489 0.2540786 0.07162289
1.085747 0.511416 0.9194704 0.1036616 0.2907343 0.086533
1.041425 0.9391037 0.7713871 0.08562323 0.2551189 0.07296939
1.179394 0.5844294 0.7959438 0.1099509 0.2767698 0.06998343
0.9865635 1.108619 0.7137904 0.07722996 0.2461979 0.06789149
1.04131 0.8254025 0.8272688 0.08902261 0.2646873 0.07920357
1.147206 0.484005 0.8664595 0.1101008 0.2874706 0.07778832
0.9812416 1.173285 0.7090642 0.07300391 0.236974 0.06678758
1.187804 0.5965338 0.7759044 0.1108527 0.2758346 0.06767769
0.9258276 1.287592 0.6461406 0.06766075 0.2335331 0.06039419
1.139401 0.6945926 0.8107865 0.1014895 0.2687176 0.07359399
0.9860504 0.7996721 0.7960828 0.08504905 0.2636279 0.07399027
0.9867459 1.157179 0.6610301 0.07550461 0.2386948 0.06056561
0.9811869 0.9467249 0.7354742 0.08043037 0.2518997 0.06776297
0.984428 1.000648 0.7576298 0.07940292 0.2525091 0.07238312
0.910373 1.332265 0.6808361 0.06681679 0.2404875 0.06758846
1.111635 0.6178994 0.8525586 0.1003831 0.2732939 0.07752733
1.071754 0.7799378 0.7938006 0.09229825 0.2620524 0.0726868
1.086577 0.7735794 0.8315525 0.09448111 0.2673742 0.07869806
0.8419801 1.478312 0.6169257 0.05942731 0.2335181 0.06024647
1.153598 0.5938679 0.7802981 0.1070961 0.274765 0.06795096
1.028789 0.9425778 0.724129 0.08348025 0.2482176 0.06540467
0.9851056 1.200134 0.7541733 0.07467229 0.2470402 0.07608485
0.9345485 1.266733 0.6796134 0.06936364 0.2384369 0.06533938
1.166628 0.6507307 0.8471487 0.1055687 0.2747604 0.07832829
0.9713041 1.166819 0.6930028 0.07393487 0.2407175 0.06536778
1.017935 1.072274 0.6948953 0.07951657 0.242648 0.06380052
1.001201 0.9085058 0.8187516 0.08221787 0.2573232 0.07895141
0.9057279 1.401727 0.6413081 0.06447675 0.2330224 0.06191489
1.047902 0.8052093 0.7726059 0.0897414 0.2600498 0.07030106
0.9144861 1.216799 0.692297 0.06872849 0.2406342 0.06649832
0.8978597 1.225701 0.7241217 0.06777035 0.2450044 0.07207968
1.006762 1.020298 0.7461108 0.08065246 0.2503618 0.07081329
1.044274 0.7438701 0.8422624 0.09111451 0.2676649 0.0791346
0.9957885 0.9314807 0.7992573 0.08106801 0.2546474 0.07637685
0.9137609 1.345809 0.6753724 0.06648954 0.2384964 0.06664379
1.035246 0.807727 0.828652 0.08868918 0.2646294 0.07879518
1.1416 0.5919872 0.8836899 0.1044486 0.2783731 0.08184706
0.9620448 1.205601 0.6941647 0.07250882 0.2404325 0.0663649
1.181427 0.5100658 0.8475506 0.1125249 0.2843503 0.07556552
0.9871603 1.038522 0.7254217 0.07788492 0.2460291 0.06764155
0.9165422 1.393719 0.6519978 0.06604347 0.2374184 0.06431018
0.9654114 1.125468 0.7204012 0.07451584 0.2444143 0.06882906
0.9550065 1.006167 0.7793365 0.07646428 0.2519742 0.07520172
0.9267404 1.279282 0.6957237 0.06949218 0.2438046 0.06917005
1.016286 0.8803693 0.7678564 0.08515725 0.2571107 0.07123693
1.104481 0.7744512 0.7904277 0.09516837 0.2619133 0.07208704
0.8724032 1.32986 0.640424 0.06417523 0.2369772 0.06125635
1.143901 0.7264993 0.7762045 0.1007256 0.2648785 0.06948153
1.082128 0.7821764 0.8458221 0.09402451 0.268572 0.08118912
1.049402 0.7206832 0.7679946 0.09261607 0.2644326 0.06814662
0.8395019 1.530901 0.6817212 0.05944214 0.2449284 0.07326503
0.9570369 1.248906 0.6627962 0.0712678 0.2368087 0.06237009
0.9709191 1.02138 0.7373432 0.07591648 0.2432732 0.06798903
0.8993586 1.279739 0.6839653 0.06706945 0.2414528 0.0670186
0.9937262 1.025044 0.7892421 0.07815688 0.2496928 0.07661371
1.016293 0.9879055 0.6989609 0.08271564 0.2489261 0.06351503
0.8956114 1.412838 0.6508723 0.06353619 0.2348001 0.06396564
0.9683818 0.9985608 0.7931683 0.07692014 0.250656 0.07650425
0.9595463 1.059375 0.7102754 0.07499384 0.2433033 0.06558452
1.004009 0.9058689 0.7765699 0.08366376 0.2576533 0.07329158
1.181262 0.5086246 0.8337603 0.1135444 0.2862616 0.07424041
0.9335605 1.194683 0.6608569 0.07090477 0.238874 0.06142032
0.8456704 1.354212 0.6886315 0.06157182 0.2408406 0.06928843
1.064107 0.862694 0.767142 0.08891638 0.2555774 0.07028799
1.001579 0.8986622 0.7753646 0.08323881 0.2564782 0.0726374
0.8639975 1.407441 0.6499318 0.0612578 0.2339388 0.06349527
0.9681842 1.17423 0.6806352 0.0739101 0.2410894 0.06405349
1.006161 1.103568 0.7532023 0.07879819 0.249958 0.0740642
1.170255 0.5696479 0.8524051 0.1083329 0.2783917 0.07693933
1.029728 0.7284336 0.8262882 0.09050667 0.2680897 0.07667006
1.024092 0.9749408 0.75544 0.08248739 0.2501437 0.07069876
1.154152 0.452493 0.9155101 0.1117634 0.2924348 0.08398379
1.00186 0.9470236 0.7269136 0.0819316 0.2505322 0.0663588
0.9891266 1.177179 0.659749 0.07463286 0.2359106 0.06022427
0.8857912 1.410025 0.6438229 0.06362568 0.2360813 0.06312101
0.9161961 1.157626 0.8012503 0.07068173 0.2528297 0.08307848
1.080766 0.6341696 0.837541 0.09775489 0.2731565 0.07609593
0.9965057 0.9565335 0.8443175 0.08112018 0.2593663 0.08458332
0.8807515 1.346102 0.661574 0.06384536 0.2360885 0.06418967
1.056018 0.8286888 0.781295 0.08850659 0.256045 0.0712141
1.11314 0.804877 0.7662503 0.09550991 0.2603812 0.0696004
1.011738 0.9924991 0.7582222 0.08169315 0.2519503 0.0720107
1.151051 0.6065465 0.8264076 0.1060957 0.2768752 0.07463388
0.9173412 1.268041 0.6926047 0.06769061 0.2389363 0.06732748
1.14839 0.3916349 0.9260233 0.1139178 0.2986872 0.08439188
0.9649609 0.9191552 0.7873444 0.07911718 0.2546458 0.07435984
1.062225 0.9085011 0.7396522 0.08862176 0.2546167 0.06778739
0.8885027 1.459503 0.6330614 0.06173792 0.2299989 0.06125629
1.085348 0.8408907 0.7460865 0.09158186 0.2556514 0.06701899
0.9163739 1.388879 0.6170946 0.06487837 0.2291801 0.05772387
1.0505 0.6885368 0.8994289 0.09317739 0.2744239 0.08657701
0.8998206 1.219824 0.7352259 0.06676063 0.2415577 0.07263943
0.9811547 0.9110598 0.8553827 0.08085307 0.2610226 0.08500072
0.9395307 1.238287 0.6656355 0.0706879 0.2396865 0.06323077
1.048808 0.8129658 0.8426349 0.08873159 0.262584 0.08032964
1.119924 0.677321 0.8032006 0.1004781 0.2701173 0.07249982
1.025841 0.7958276 0.8135577 0.08866986 0.2654279 0.07659323
1.01055 1.000478 0.7438606 0.08138033 0.2506574 0.07005686
0.9489196 1.056798 0.8008228 0.07471391 0.2524321 0.07985645
1.020016 1.099367 0.6816714 0.08004512 0.243894 0.06299611
0.9605608 1.212806 0.645698 0.07221537 0.2361514 0.05931273
1.216605 0.3746586 0.8236448 0.1226831 0.295919 0.07033042
1.168211 0.5021557 0.8788383 0.1114925 0.2872409 0.0799715
0.9601774 1.137875 0.7460001 0.07411782 0.2474277 0.07337046
0.9097583 1.249684 0.7017805 0.06686693 0.2372114 0.067637
0.8590714 1.470469 0.6336079 0.06092382 0.2354887 0.0627519
1.004048 1.021252 0.7304672 0.08007231 0.2479485 0.06822605
0.9536713 1.149673 0.7159412 0.07395287 0.2459666 0.06913313
1.209909 0.4256516 0.8862107 0.1194062 0.295531 0.07993062
0.9610483 1.098244 0.7127954 0.07483465 0.2445668 0.06717072
0.966957 0.9241172 0.7828392 0.07925596 0.2546455 0.07394297
0.8890551 1.487032 0.6087694 0.06252844 0.2332082 0.05934521
0.9311465 1.169249 0.6880775 0.07063041 0.2395245 0.06450877
0.9900132 0.9896053 0.7018588 0.0800862 0.2478053 0.0637104
1.033056 1.025135 0.7479147 0.08220936 0.2492024 0.07093963
1.066752 0.8221777 0.8379795 0.09133933 0.2658835 0.08085708
1.127417 0.6713069 0.8060193 0.1017129 0.2716008 0.07298477
1.031973 0.8380201 0.7906854 0.08772938 0.2610409 0.07388582
1.160784 0.6360735 0.852527 0.1062037 0.2777791 0.07923222
0.9495183 1.128035 0.7042121 0.07386355 0.245733 0.06714088
1.070526 0.9062839 0.7367322 0.08877168 0.2527075 0.06693175
1.001507 1.09571 0.7772814 0.0776421 0.2481611 0.07653721
1.00712 0.9085989 0.7254253 0.08357591 0.2526596 0.06563037
1.005702 1.071896 0.7040718 0.07895979 0.2443178 0.0652832
0.9782697 1.113549 0.7202026 0.07592202 0.245048 0.06863573
1.012248 0.848064 0.7939775 0.08539732 0.2594756 0.07422025
0.9716787 1.183487 0.6751231 0.07414374 0.2407553 0.06343573
0.9776685 1.116046 0.7390923 0.07602057 0.2474952 0.071847
0.9825601 0.9108212 0.7790013 0.08126671 0.2561978 0.07341879
0.9815432 1.176546 0.6618546 0.07422266 0.2370791 0.06078429
0.9390952 1.052295 0.7960519 0.07402854 0.2520677 0.07894736
0.8570473 1.412982 0.6332374 0.0614608 0.2355763 0.06173579
1.240488 0.3248066 0.9304922 0.1266502 0.3063113 0.08402967
1.087185 0.7716956 0.814098 0.09383758 0.2638604 0.07547684
1.01508 0.9527707 0.7746425 0.08263437 0.2534922 0.0734227
0.9975764 1.146641 0.6683292 0.0765656 0.2389778 0.06124643
1.093998 0.8314231 0.7461451 0.09188625 0.2537607 0.0663181
1.015786 1.014315 0.73781 0.08088688 0.2480276 0.0690432
1.05861 0.8233849 0.7457565 0.09021628 0.2574665 0.066871
1.032397 0.7819983 0.8160788 0.08958021 0.2660784 0.07663208
1.022211 0.783169 0.8517058 0.08825488 0.2673575 0.08171988
0.9671593 0.9300373 0.803898 0.07912077 0.2560763 0.07728405
1.023228 0.9746068 0.7949745 0.0832714 0.2562167 0.07749366
0.9368004 1.32203 0.7132427 0.06795382 0.2399736 0.07170617
1.032007 0.8462134 0.7648985 0.08767783 0.2591417 0.07033368
1.185449 0.6120919 0.8050286 0.1087753 0.2738816 0.07138819
0.9777644 1.038706 0.7145059 0.0767558 0.243619 0.06565342
0.9985843 1.161095 0.63953 0.07541585 0.2333047 0.05679371
0.9576988 1.121421 0.7274147 0.07421935 0.2462257 0.07015579
0.9262518 1.277421 0.6533675 0.06862023 0.236844 0.06182893
0.9872154 0.8793108 0.7626861 0.08238284 0.2558402 0.07029687
1.003386 0.8287013 0.8011383 0.08524517 0.2611114 0.07495235
0.910637 1.095447 0.7418918 0.07092808 0.246674 0.07140765
0.8911623 1.272405 0.7021142 0.06672063 0.2439061 0.06995501
0.8978003 1.241461 0.7287524 0.06751386 0.2451676 0.07313285
0.9446889 1.303433 0.6701481 0.0695412 0.238502 0.06502613
0.9108772 1.287612 0.6340289 0.067125 0.2342357 0.0589535
0.9475345 1.100263 0.7099681 0.07377778 0.2447242 0.06693281
0.9017931 1.192924 0.7659258 0.06805847 0.2463803 0.07733348
1.15704 0.6465831 0.7951081 0.1041887 0.2688143 0.07012832
0.9989197 0.9924736 0.8072194 0.08015901 0.2542611 0.07919229
0.9468928 1.219058 0.7381349 0.07123612 0.2452168 0.07395035
1.009291 0.9014135 0.7904836 0.08341328 0.2563762 0.07469277
1.024513 0.8954913 0.7627511 0.08577497 0.2572953 0.07108601
0.9612938 1.006983 0.7930599 0.0774999 0.2552765 0.07798564
1.125458 0.6798605 0.7999308 0.1010776 0.2703684 0.07223881
1.054449 0.7905813 0.7833741 0.09042908 0.2607528 0.0714112
0.9285837 1.286562 0.7032347 0.06868935 0.2411032 0.06965807
0.9734878 1.00191 0.7531765 0.07876908 0.2527865 0.07184547
0.9948883 1.038222 0.7379883 0.0787875 0.2477446 0.06963046
0.960977 1.225321 0.7268775 0.07196792 0.2431874 0.07199749
0.8972245 1.313629 0.657951 0.06518119 0.2350481 0.06287249
0.9037541 1.446698 0.614573 0.06318914 0.2293403 0.0585166
0.9643652 1.142801 0.7393329 0.07486119 0.2485123 0.07285027
0.9756441 0.9766356 0.7069405 0.07909429 0.2477697 0.06396552
0.9642716 1.166515 0.7182838 0.07369847 0.2442519 0.06959611
1.041335 0.8978708 0.7676824 0.08653408 0.2561204 0.07152784
0.981806 1.065475 0.7564321 0.0767963 0.2476173 0.07281427
0.9431974 1.186751 0.6977604 0.07184089 0.2427256 0.06696838
