2.791193 2.519971 1.597901 0.3622056 0.7215123 0.6829701
2.871921 2.24826 2.184379 0.3405894 0.6454221 0.8867953
3.097411 1.834609 2.802253 0.3457678 0.5704528 1.036824
3.212128 1.702344 2.854325 0.3882493 0.604206 1.112155
3.609412 0.880878 5.888386 0.4630941 0.6048655 2.289531
3.03448 1.972667 2.538967 0.3278435 0.5623037 0.9184035
2.587967 2.78164 1.715846 0.3748476 0.8586325 0.8665411
3.09834 1.725376 3.078231 0.3590043 0.5869394 1.183196
2.775656 2.365979 2.138273 0.3543928 0.7111795 0.9492112
3.055819 1.844754 2.797734 0.3290883 0.5508871 1.000571
2.388842 3.453486 0.9873543 0.376445 1.003017 0.502642
3.168526 1.820979 2.765105 0.3715018 0.5978816 1.069498
2.526074 2.8723 1.622702 0.3562175 0.8445955 0.79263
2.718065 2.668742 1.57623 0.3651618 0.7721715 0.7147157
3.701462 1.018905 4.549827 0.4122743 0.5141677 1.471718
2.813472 2.288986 2.200071 0.3331053 0.6491485 0.8969947
2.821905 2.354274 1.997411 0.3772261 0.7382263 0.9115389
2.797487 2.306215 2.258177 0.3069987 0.604986 0.8623242
2.664508 2.705653 1.595948 0.3006568 0.6507489 0.609223
3.128057 1.849364 2.531597 0.348071 0.5640637 0.912606
3.176176 1.79689 2.599874 0.3743894 0.5927246 0.9838325
2.833068 2.164239 2.360187 0.3293546 0.6271562 0.9439276
3.307859 1.445119 3.411559 0.3526252 0.5130734 1.129331
3.129224 1.617115 3.510246 0.3431585 0.5508168 1.282833
3.330568 1.321363 3.915538 0.3688716 0.5309744 1.351207
3.057739 1.885948 2.795845 0.3689371 0.6261354 1.139902
3.072787 2.077899 2.201769 0.3602751 0.6142193 0.8503908
2.961276 2.004102 2.672754 0.3267007 0.5819186 1.009381
2.857219 2.321119 2.005139 0.3483989 0.6678044 0.8296646
3.470612 1.245394 4.326629 0.3805762 0.5245496 1.483079
3.620285 1.129348 4.419257 0.4044629 0.5244991 1.48606
3.376406 1.587079 2.939162 0.3221752 0.4613346 0.8679505
3.021082 2.086229 2.219919 0.3249641 0.5638648 0.7891334
2.703313 2.653259 1.654828 0.3521526 0.7481899 0.7318845
3.081516 1.935043 2.403338 0.3331762 0.5530145 0.8441389
2.813811 2.231368 2.352828 0.2729939 0.5265201 0.7889171
2.349585 3.3369 1.134121 0.3261944 0.8766265 0.5219434
2.902142 2.191579 2.297188 0.3237058 0.6013307 0.8756458
2.626105 2.576024 1.85026 0.3468099 0.756322 0.8455106
3.328853 1.421179 3.552128 0.3565504 0.5160395 1.187789
2.657513 2.708306 1.62621 0.312259 0.6790956 0.6485577
2.497712 3.118281 1.218661 0.3945676 0.9656346 0.6383345
3.408652 1.381993 3.680886 0.3854793 0.5452585 1.303246
3.383105 1.454929 3.497412 0.3515604 0.5027292 1.142839
2.746959 2.485049 1.896191 0.3769235 0.7746093 0.8958354
2.964485 2.090419 2.28307 0.380052 0.6786269 0.9805115
2.853039 2.30358 1.983709 0.3313807 0.6317612 0.7753382
2.666355 2.495903 1.893271 0.3318112 0.7017362 0.8092415
3.06204 1.761715 3.044893 0.3275772 0.5435658 1.084972
2.913545 2.197587 2.257985 0.3342485 0.619275 0.8846754
3.143455 1.626008 3.320446 0.3365259 0.533982 1.165303
2.413666 3.14318 1.40853 0.3480263 0.8967435 0.69697
2.799151 2.368766 1.929362 0.3372416 0.6647102 0.790078
3.38477 1.338893 3.725031 0.4057103 0.5749902 1.383393
2.958366 2.20211 2.037232 0.3673036 0.6634105 0.8399828
3.113801 1.848368 2.53 0.3391176 0.5509176 0.8898621
2.275144 3.516842 1.133104 0.3930494 1.126346 0.6539819
2.692194 2.417838 2.049074 0.3102333 0.6437779 0.8164955
3.797096 0.8889642 5.014543 0.4502281 0.5438279 1.693129
2.762792 2.240162 2.329573 0.3055561 0.6046866 0.8961931
2.926993 2.180598 2.175183 0.3061672 0.5579516 0.7632686
3.158102 1.590933 3.604697 0.3730523 0.5941507 1.424152
3.576791 1.078155 4.687827 0.4186113 0.5502477 1.655781
3.590804 0.898961 6.060487 0.4304617 0.5664831 2.225608
3.297583 1.559218 3.064001 0.3634924 0.5368883 1.057368
2.808385 2.126327 2.564212 0.309358 0.5931524 0.9814951
2.947702 2.017809 2.405101 0.3861705 0.6873136 1.053431
3.175945 1.677214 2.949557 0.3924965 0.6174853 1.178381
2.658071 2.764092 1.427241 0.3360116 0.730634 0.5986511
2.644386 2.586577 1.817865 0.3949589 0.8580304 0.9393907
3.247932 1.602367 3.024222 0.3371294 0.5072207 0.9873299
2.889663 2.324827 2.001895 0.3736998 0.7096251 0.8795689
3.701838 0.8873402 4.958716 0.4266385 0.5267953 1.617933
3.624162 1.056326 4.613042 0.4238382 0.5465886 1.60641
2.939143 2.095218 2.365115 0.3483899 0.629416 0.9477978
3.943039 0.5897506 6.722037 0.4736313 0.5466445 2.223297
2.544447 2.982623 1.374236 0.3497515 0.8272287 0.6361545
2.28296 3.635262 0.9283775 0.3089893 0.8800871 0.4018395
2.671183 2.703535 1.608357 0.3336763 0.7225782 0.6822726
2.554453 2.918294 1.591303 0.4103096 0.9719591 0.8889222
2.729389 2.433425 1.97782 0.3427835 0.7025255 0.8543544
3.015229 1.985442 2.677232 0.3466947 0.6052122 1.051314
3.788088 0.8702292 5.050784 0.4435165 0.5349981 1.670351
3.585792 0.9809938 5.199368 0.4541792 0.5964684 1.990837
2.701315 2.459453 1.963683 0.31643 0.6566266 0.7907157
2.483818 2.904557 1.481111 0.3470342 0.834966 0.7046459
3.427655 1.241093 4.305563 0.4092773 0.5734675 1.613013
2.728792 2.324823 2.14302 0.3216152 0.6495177 0.8703382
3.037647 2.000533 2.449607 0.3637611 0.6261558 0.9807961
2.939193 2.082078 2.375852 0.3698388 0.667955 1.011034
3.650947 1.142564 4.126391 0.3907986 0.4971954 1.299378
2.973087 2.020234 2.39095 0.2919391 0.5107559 0.7796235
3.332225 1.501317 3.153912 0.3643642 0.5277533 1.067208
3.469112 1.193618 4.18984 0.3909499 0.5316907 1.431133
3.013915 2.06755 2.067373 0.3698825 0.6372086 0.8193246
2.528126 2.937334 1.49595 0.4004385 0.954249 0.8107929
3.23776 1.682405 3.038145 0.36851 0.5699327 1.127254
2.975354 2.204821 1.94575 0.3674546 0.6559229 0.7867585
3.291625 1.586887 3.201146 0.3381552 0.5046957 1.050615
3.426446 1.441817 3.403903 0.3898073 0.5493136 1.206704
2.792412 2.358161 2.158686 0.3330964 0.6621479 0.8931142
3.602128 1.036746 4.897509 0.3997194 0.5188971 1.628484
3.532802 1.138692 4.597594 0.4401474 0.5933964 1.770347
2.961242 2.035259 2.456881 0.3170684 0.562728 0.8865642
3.381662 1.276123 4.322141 0.4047418 0.5787751 1.644737
2.912144 2.271101 1.91764 0.3142733 0.5789111 0.6835815
3.200249 1.659075 3.101576 0.3555059 0.5543625 1.120893
3.230625 1.715576 3.090397 0.3736921 0.5849535 1.183661
2.457202 3.187318 1.222441 0.3782603 0.9531248 0.6276343
3.764536 0.9413427 4.870791 0.4587985 0.563122 1.717767
2.74584 2.679115 1.48699 0.3439576 0.7147764 0.6178872
2.905575 2.131648 2.162926 0.3302809 0.6012856 0.8168431
2.542641 2.739968 1.66519 0.2900168 0.664431 0.6503623
2.969384 1.944541 2.679537 0.3927992 0.693567 1.204704
2.652766 2.722401 1.719668 0.3759253 0.8305888 0.8449018
2.861416 2.210997 2.211819 0.3553302 0.6712478 0.9347444
3.347457 1.568553 2.925688 0.3735488 0.5417142 1.011555
2.83494 2.241389 2.255075 0.3799674 0.7330009 1.04413
3.189399 1.681786 3.246645 0.3805715 0.6042239 1.293073
2.141309 4.026473 0.803342 0.3782109 1.214207 0.448323
2.712298 2.648316 1.617855 0.3392853 0.7160609 0.6834961
3.355912 1.485876 3.36224 0.3905362 0.5668731 1.23519
2.700864 2.713487 1.584235 0.3217375 0.6881576 0.6380387
3.255805 1.534996 3.455352 0.3644569 0.5519337 1.250014
3.016355 1.991397 2.554858 0.3577947 0.6227113 1.025182
2.773876 2.481899 1.778872 0.3492617 0.7045149 0.7578586
2.33047 3.393525 1.183381 0.3771332 1.036808 0.6422687
2.899674 2.113805 2.298911 0.2992178 0.5459531 0.7965075
3.044196 1.99032 2.569607 0.368604 0.6356224 1.052304
3.407899 1.292922 4.014451 0.3739708 0.524614 1.368472
2.937573 2.042209 2.512794 0.3299977 0.5928057 0.9569326
2.434101 3.087667 1.491471 0.350534 0.8915981 0.7441906
3.097125 1.830619 2.739025 0.323341 0.5306203 0.940038
2.372576 3.367381 1.220092 0.2843078 0.7624337 0.4909355
2.740399 2.493189 1.859743 0.3060588 0.6257809 0.7069028
2.726463 2.509222 1.926098 0.3670504 0.764824 0.8994846
3.022761 1.832709 3.090854 0.3355111 0.5750335 1.17428
3.04922 1.829968 2.92277 0.3617886 0.6111494 1.167952
2.853526 2.109879 2.568422 0.3139788 0.5903554 0.9784996
2.769582 2.331637 2.277197 0.2676819 0.5323085 0.7643991
2.668002 2.629559 1.699907 0.3197429 0.686852 0.6952702
2.718813 2.670978 1.572652 0.3895266 0.8236442 0.7594482
2.941719 2.070936 2.447238 0.3750507 0.6786068 1.064007
2.966026 1.995553 2.636173 0.3668908 0.6534148 1.115948
2.801456 2.255412 2.293385 0.3756769 0.7372683 1.070965
2.913332 2.120747 2.214416 0.3208763 0.5826869 0.8140557
2.618251 2.884341 1.415192 0.3473455 0.7852257 0.6303839
2.798807 2.383008 1.949156 0.3472007 0.6854342 0.8215314
2.779459 2.389514 1.994735 0.2828521 0.560985 0.6909377
2.362091 3.484007 0.9719267 0.2885947 0.7753457 0.379861
3.23872 1.471772 3.622806 0.3451063 0.520369 1.235841
2.976913 2.060152 2.212273 0.3017712 0.5262272 0.7325283
2.651664 2.645114 1.703826 0.3341258 0.7239184 0.7324654
2.908926 2.121709 2.528699 0.3385642 0.6269558 1.021723
2.832313 2.341185 1.887774 0.3389639 0.6528403 0.7556998
3.46397 1.23407 4.090237 0.3748883 0.5115651 1.347616
3.454207 1.233537 4.259646 0.4184286 0.5804729 1.609797
3.536742 1.342257 3.198658 0.364511 0.479561 0.9600965
2.635242 2.71399 1.622321 0.328297 0.7219095 0.6872418
2.715182 2.557322 1.680302 0.3289532 0.6823178 0.6836929
2.578357 3.018278 1.201141 0.3632523 0.8418948 0.5530731
2.711529 2.541845 1.830809 0.3290666 0.6877717 0.7611914
2.628187 2.713116 1.657064 0.3109529 0.6883578 0.6733181
2.573583 2.662328 1.868122 0.2895461 0.6537259 0.7350198
2.911186 2.275688 2.013898 0.3710672 0.6921387 0.8645915
3.501505 1.291664 3.675619 0.36779 0.4941695 1.15862
3.160864 1.723537 3.025019 0.3352218 0.5333492 1.052427
2.941832 2.109669 2.365507 0.3362926 0.6077368 0.9149412
2.867706 2.139012 2.088591 0.3265521 0.6001594 0.7821395
2.598824 2.826319 1.478745 0.344021 0.7787384 0.6611724
2.158372 3.905874 0.9122073 0.3373098 1.062151 0.4589004
2.745598 2.352382 2.165666 0.3459547 0.7010854 0.9505856
3.364644 1.50383 3.258215 0.3514973 0.5054072 1.062349
2.97529 2.038005 2.368979 0.3202205 0.5636242 0.8511434
2.869558 2.267579 2.322518 0.3667909 0.7042219 1.037136
2.920192 2.09398 2.367845 0.2980219 0.5386655 0.8124074
2.518008 2.781982 1.771421 0.3537527 0.8357351 0.8752846
3.071252 1.960343 2.211807 0.3398132 0.5641158 0.7827594
2.687218 2.737212 1.539982 0.3261794 0.7038325 0.631278
2.685126 2.563468 1.796646 0.270609 0.5705818 0.6190487
3.174335 1.684108 3.372794 0.3981902 0.6399695 1.433018
3.604265 1.004897 4.801885 0.4188214 0.5400552 1.642699
2.808127 2.50359 1.701276 0.3165388 0.626988 0.6390357
2.452482 3.334868 1.063393 0.3070221 0.7819338 0.4322366
3.399809 1.368104 3.717005 0.378182 0.5350272 1.290781
2.708405 2.599822 1.694181 0.3624659 0.7635081 0.7706237
3.081646 1.845189 2.663879 0.37689 0.6254259 1.073418
3.130322 1.742287 3.204307 0.3852352 0.6301759 1.333088
2.746142 2.451407 1.749101 0.3235036 0.6518202 0.6882111
3.111884 1.948084 2.357891 0.3458618 0.5698529 0.8517025
2.52231 3.029253 1.336966 0.362099 0.8688233 0.6437823
3.21722 1.751341 2.91895 0.3517027 0.5514165 1.046005
3.409387 1.204701 4.483718 0.3699621 0.5168868 1.512526
3.30314 1.415434 3.721675 0.3416476 0.5004049 1.217638
2.84165 2.402144 1.887126 0.3270732 0.6349488 0.7329468
3.033495 1.832335 2.933521 0.3682004 0.6264506 1.202783
2.304119 3.485281 1.112683 0.304209 0.8505591 0.4856061
2.848891 2.362406 1.946505 0.3287485 0.634157 0.7603515
2.987251 1.901139 2.743421 0.2857423 0.4915643 0.8757872
2.450963 3.165562 1.232717 0.2817401 0.7048808 0.4699444
3.318658 1.494216 3.657343 0.3765441 0.5594074 1.348367
3.452445 1.256391 4.379438 0.3759807 0.5223364 1.50006
2.624326 2.758776 1.567077 0.422411 0.9430834 0.8599225
2.598629 2.779159 1.558016 0.3195405 0.7189085 0.6502987
2.774089 2.361808 2.064875 0.313566 0.6249189 0.8022021
3.114706 1.81448 2.807268 0.3554911 0.581723 1.058798
2.810952 2.236891 2.347427 0.3263519 0.6347418 0.9474438
3.187229 1.638069 3.081667 0.3474632 0.5405469 1.082166
3.107338 1.934402 2.501574 0.3290337 0.5445 0.8720272
3.436901 1.461557 3.347961 0.3636247 0.5098131 1.100883
3.403369 1.354693 3.85631 0.3847444 0.5447606 1.3681
2.846292 2.345596 2.022857 0.2886769 0.5543342 0.6945235
2.867024 2.170284 2.35906 0.350949 0.6613184 0.9934822
2.881049 2.149673 2.322828 0.369482 0.6895664 1.017604
2.871275 2.295947 2.028947 0.3428687 0.6506533 0.8196321
2.731213 2.556305 1.718402 0.344164 0.7127497 0.73339
3.377274 1.345483 4.102352 0.3684977 0.5290943 1.430441
3.19391 1.738211 2.78221 0.3630291 0.5691711 1.019536
2.939736 2.102337 2.266667 0.3331652 0.5991856 0.8595456
3.214629 1.601081 3.501453 0.3566131 0.5552977 1.287093
2.737431 2.485966 1.919447 0.2717149 0.55691 0.6549532
2.481038 2.994475 1.392861 0.3887508 0.9480893 0.739034
2.96495 2.05563 2.391847 0.3655768 0.6511686 0.9932845
3.071195 1.740055 3.081487 0.3713357 0.6159284 1.245578
2.990055 1.967779 2.608853 0.3420357 0.5972038 1.005169
3.087704 1.983931 2.281054 0.3228926 0.5360248 0.7709358
2.886208 2.022831 2.579403 0.3718641 0.6832046 1.137707
3.250259 1.578051 3.021854 0.3471962 0.5206558 1.011101
2.850695 2.290158 2.336729 0.3465234 0.6725778 0.9972885
3.228729 1.678485 2.993376 0.3387546 0.5218512 1.013626
2.668269 2.501437 1.942707 0.2926436 0.6187878 0.735329
2.580965 2.881651 1.409185 0.3270647 0.7482145 0.597772
3.270143 1.542066 3.207168 0.349519 0.520955 1.080336
2.587831 2.897091 1.437884 0.2785322 0.6380635 0.5226448
3.191156 1.654117 3.09694 0.3728026 0.5833854 1.176718
3.379923 1.522814 3.213535 0.4071469 0.588571 1.221598
3.573761 1.18466 4.213075 0.4006664 0.528453 1.429864
3.384271 1.395878 3.704433 0.3946446 0.5649896 1.363227
3.631701 1.184329 4.161309 0.4026588 0.5210856 1.388057
2.869938 2.204864 2.259527 0.3500428 0.6597296 0.9417739
2.004054 4.506146 0.6734243 0.342463 1.245175 0.3548801
2.682035 2.63605 1.604595 0.3552011 0.7565153 0.7157612
2.607686 2.767325 1.558933 0.3936249 0.8841529 0.8006649
2.607955 2.749997 1.593383 0.3604833 0.8083316 0.7524342
3.120729 1.875495 2.559941 0.3302584 0.5377121 0.8805591
2.859206 2.207233 2.061149 0.3693154 0.6927646 0.889131
2.821925 2.288011 2.047471 0.3301298 0.6365041 0.8103417
3.000902 2.03145 2.495616 0.3445292 0.6051824 0.9700138
2.445218 3.209812 1.176375 0.2375548 0.5948411 0.3745602
3.135772 1.897254 2.317786 0.3623904 0.5853383 0.8550443
2.907997 2.114914 2.286732 0.3825115 0.7010741 1.015638
2.917383 2.075107 2.333955 0.3198286 0.5772723 0.8562141
3.849417 0.8051402 5.372008 0.4624326 0.5492227 1.818423
2.904596 2.272763 2.100929 0.3319008 0.6208247 0.8143431
3.160276 1.707908 2.888905 0.3292547 0.5189022 0.9692498
2.794622 2.525793 1.735745 0.3537552 0.7125116 0.7430564
3.228534 1.542642 3.475065 0.3966752 0.6097844 1.392086
3.073469 1.860054 2.817185 0.3384234 0.5670137 1.040626
3.217878 1.623092 3.199227 0.3618161 0.55917 1.167965
3.360824 1.395069 3.82351 0.3914572 0.5664842 1.418664
2.652793 2.657922 1.529811 0.2832456 0.6060911 0.5426587
3.019963 1.946014 2.656475 0.3668547 0.6343729 1.090282
2.668666 2.79272 1.452335 0.3106294 0.6748569 0.5618597
2.424252 3.136665 1.313576 0.4031584 1.028208 0.7386214
2.798419 2.219745 2.499321 0.3420793 0.673141 1.082431
3.054264 1.912401 2.591106 0.3226436 0.5433092 0.9063746
3.878698 0.7172094 6.220576 0.4935851 0.5878344 2.27097
3.324527 1.621714 2.783109 0.3695487 0.5419797 0.9597427
2.462922 3.124636 1.297906 0.2783776 0.6911467 0.4908383
3.653699 0.8662047 5.629636 0.4036302 0.5103914 1.814785
3.566695 1.006137 5.343952 0.4290598 0.5690706 1.97102
3.158333 1.739299 2.787943 0.3132116 0.4931432 0.8847487
2.998023 2.001752 2.322321 0.3319312 0.5725142 0.8413547
3.139074 1.685456 3.16104 0.319896 0.5110744 1.060408
3.049995 1.885819 2.775773 0.3783339 0.6439576 1.162918
2.609464 2.65816 1.703158 0.3389229 0.7500467 0.7589774
2.951579 2.108071 2.206114 0.3250577 0.5792223 0.8037386
2.958092 1.994749 2.738255 0.3580109 0.640954 1.142844
3.201323 1.841606 2.57221 0.3575915 0.5663834 0.9329274
3.134316 1.693574 3.123564 0.3543761 0.5694227 1.164803
2.548206 3.002161 1.39454 0.3440124 0.8166435 0.6375438
3.375324 1.394398 3.432148 0.3716078 0.5260533 1.158222
3.499531 1.313009 3.755669 0.3823395 0.5190736 1.253911
3.308396 1.339486 3.951795 0.4115039 0.6029365 1.557692
3.029094 2.060565 2.227579 0.333194 0.5732728 0.8040354
3.19759 1.75786 2.889656 0.3532863 0.5577708 1.04639
3.115294 1.842404 2.558934 0.3183215 0.5151984 0.8427177
3.192227 1.647844 3.203996 0.3487798 0.5460598 1.146369
2.943933 2.20763 2.077981 0.3271703 0.5943729 0.7708241
3.553693 1.151085 4.618899 0.3966387 0.529653 1.590619
3.128494 1.924609 2.407582 0.3375373 0.5509943 0.8429094
2.232423 3.514689 1.156907 0.3100566 0.904513 0.5382603
2.745635 2.336367 2.174406 0.3332319 0.6725491 0.9165667
3.269845 1.719167 2.822193 0.3541346 0.5397612 0.98126
3.172999 1.768244 3.061634 0.3661625 0.5896533 1.185536
3.321476 1.511665 3.236679 0.3747071 0.548828 1.146951
2.701976 2.669288 1.554024 0.3720421 0.7895813 0.7182018
3.217763 1.551508 3.586415 0.4051345 0.6299246 1.49617
3.091473 1.799238 2.843995 0.3745745 0.6177762 1.140238
3.153654 1.706528 3.302943 0.3379688 0.5441912 1.190774
3.612645 1.096386 4.713745 0.4098032 0.5346495 1.625828
3.429281 1.25734 4.195697 0.3721678 0.5175302 1.412385
3.059383 1.913131 2.77327 0.3825831 0.6530677 1.179567
3.251911 1.535332 3.66434 0.3933287 0.603801 1.467813
2.455141 3.046798 1.353963 0.2963707 0.7328344 0.5511265
3.119007 1.761705 2.895726 0.3575346 0.5800198 1.090692
2.739781 2.516454 1.716594 0.3310256 0.6765214 0.696591
3.104172 1.864827 2.563083 0.3700081 0.6083933 0.9988561
3.225341 1.619943 3.155711 0.3478368 0.5339792 1.097093
3.270693 1.560429 3.328615 0.3793939 0.573099 1.245877
3.001479 2.021246 2.417202 0.3243533 0.5655525 0.8742786
3.260262 1.629157 3.01639 0.3699307 0.560488 1.092175
2.923556 2.176423 2.163037 0.3144818 0.5733645 0.7791307
2.589579 2.782392 1.706993 0.3265105 0.7443396 0.7463822
3.189136 1.642706 3.322027 0.3677203 0.5795103 1.268384
3.530762 1.271305 3.793588 0.3894254 0.5204877 1.262596
3.13254 1.849693 2.711408 0.351904 0.5744716 1.00684
1.983214 4.523295 0.6203264 0.298291 1.091326 0.2833525
2.512586 2.917717 1.469142 0.3085658 0.732608 0.6116765
3.113013 1.771819 2.83684 0.3379504 0.5478451 1.006583
3.285553 1.462599 3.403153 0.3938329 0.5827261 1.284087
3.213904 1.589478 3.333404 0.3266898 0.5019739 1.096221
2.974096 2.120142 2.281047 0.3563211 0.6366745 0.9189535
2.926968 2.149503 2.371786 0.3438526 0.631031 0.953441
3.073402 1.805442 2.884023 0.3826221 0.6378228 1.198064
3.130309 1.673809 3.001735 0.3203098 0.5080654 0.9898063
3.208617 1.695331 3.049368 0.347501 0.5429652 1.07999
2.610628 2.529297 2.094959 0.335827 0.7383389 0.9536171
2.99983 1.887385 2.768828 0.3080352 0.5283528 0.9503106
2.737867 2.553878 1.741711 0.3019569 0.6225615 0.6514609
2.908729 2.234491 1.959233 0.3529765 0.6494638 0.7857351
3.316863 1.425998 3.658954 0.3672098 0.5374369 1.28353
3.174349 1.764099 2.758965 0.3482733 0.5506231 0.977934
3.249289 1.656488 3.039427 0.3892757 0.5977659 1.179776
3.092226 1.75264 3.069626 0.3675142 0.6059644 1.220198
2.996331 2.002244 2.772427 0.3676444 0.6524011 1.180825
3.193972 1.666217 3.176167 0.3657274 0.5742292 1.193526
3.259045 1.563691 3.056946 0.3480318 0.5191232 1.019076
2.439798 3.161946 1.446978 0.3262036 0.8348924 0.6674883
2.94732 2.199344 1.844489 0.3176559 0.5653324 0.6374155
2.729103 2.475018 1.993522 0.294512 0.6061847 0.7422859
2.834362 2.269223 2.218609 0.3132192 0.6035971 0.8439619
3.567195 1.14902 4.384838 0.3693582 0.4847055 1.364313
2.858339 2.344947 1.759732 0.3164095 0.5975371 0.6374663
3.42576 1.487522 3.326619 0.3728202 0.5279797 1.136547
2.642467 2.530024 2.035697 0.3303885 0.7166362 0.8974703
3.569695 1.102053 4.475456 0.4001929 0.5245264 1.499739
2.793535 2.530817 1.809616 0.3595952 0.7283406 0.796036
3.233075 1.532431 3.39683 0.3813003 0.5810557 1.289011
2.786567 2.471782 1.771115 0.3233461 0.6450095 0.6899289
3.290521 1.583 3.033774 0.3533207 0.5243303 1.023608
2.791071 2.377487 1.996107 0.3407738 0.675743 0.8330402
3.051647 1.987469 2.180496 0.3842798 0.6469452 0.8827931
3.393472 1.403623 3.741016 0.3656417 0.521491 1.274368
4.01925 0.5792436 6.122406 0.4490251 0.498055 1.798231
2.930529 2.23494 2.0844 0.3414928 0.6280275 0.8169428
3.019657 1.928397 2.636711 0.3470594 0.5960463 1.01462
2.986287 2.16867 2.035023 0.3204591 0.566061 0.7157965
2.730408 2.440641 1.899725 0.3347624 0.6835984 0.793718
2.695601 2.584877 1.634816 0.3243866 0.6800373 0.6596815
3.445116 1.218097 4.501122 0.3652893 0.506141 1.491871
3.517418 1.222693 4.309559 0.3941974 0.5341998 1.497277
2.562941 2.873511 1.496975 0.3772555 0.8751727 0.7489426
3.396954 1.391281 3.368908 0.3658122 0.5119034 1.101059
2.659556 2.605288 1.808289 0.3046134 0.656599 0.7146628
2.708928 2.617087 1.755405 0.3256577 0.6884062 0.7224905
2.816945 2.395558 1.846165 0.327883 0.6397857 0.7201701
2.954427 1.898311 2.817269 0.3383649 0.5950078 1.09307
3.44348 1.428066 3.655722 0.3701257 0.5208035 1.241935
3.149358 1.788925 2.884099 0.3460178 0.5578557 1.046106
3.940953 0.74157 4.929262 0.4591198 0.5187135 1.514641
2.825066 2.366519 1.931885 0.3061288 0.5935134 0.7047577
2.631225 2.691264 1.772257 0.4179202 0.9301339 0.9816715
3.319905 1.334721 4.082965 0.3751888 0.5470809 1.467267
2.900196 2.14659 2.401203 0.3691073 0.6857975 1.050876
3.095053 1.855007 2.658048 0.3018893 0.4946693 0.8471372
2.635324 2.691872 1.689579 0.3421551 0.7526716 0.7515084
3.046556 1.923201 2.531063 0.3334989 0.5630714 0.9136113
2.620615 2.679272 1.706613 0.3592892 0.7955888 0.8050539
3.072723 1.78736 2.776148 0.3225623 0.5291107 0.9487058
2.616338 2.699424 1.681128 0.3182078 0.7053939 0.700644
2.855665 2.191788 2.150712 0.3116041 0.5837849 0.7883165
3.653227 0.9306035 5.238539 0.4227727 0.5374542 1.784282
3.027553 2.009692 2.206626 0.3273877 0.5569869 0.7725264
3.432197 1.308248 3.905692 0.3876631 0.5403827 1.367747
2.379628 3.343071 1.126123 0.3875692 1.029069 0.6060341
3.17381 1.73893 2.845619 0.3791747 0.6012245 1.105846
2.193485 3.818005 0.8756654 0.311503 0.9477281 0.3958139
3.650029 0.9982626 4.941724 0.4363301 0.5586087 1.758424
3.155985 1.763499 3.064048 0.3566229 0.5759215 1.157665
3.251601 1.661903 2.993349 0.3744167 0.5724803 1.108994
3.173915 1.699653 3.004914 0.3576956 0.5652513 1.105158
3.317525 1.560494 3.191728 0.3443955 0.5069023 1.04763
2.681077 2.646629 1.601578 0.3120018 0.6630121 0.6251099
3.05642 2.03114 2.139985 0.3570965 0.6033118 0.8068455
2.960538 1.959199 2.66126 0.4014458 0.7127893 1.228415
3.07816 1.982825 2.486826 0.3248469 0.5483657 0.874314
3.038305 1.940973 2.847088 0.3373727 0.5823462 1.08504
3.034226 2.134405 2.202653 0.3463142 0.6051373 0.8391939
3.234037 1.678415 2.818846 0.3507997 0.5353484 0.9674533
2.85037 2.228137 2.198106 0.3205118 0.6084988 0.8422861
3.212933 1.68073 3.019969 0.3424042 0.5308712 1.04129
3.690031 0.9489101 5.139477 0.413141 0.5190303 1.69076
3.431188 1.299476 3.822119 0.4105473 0.5717334 1.409358
2.994959 2.023463 2.423877 0.3847787 0.6761642 1.047356
3.364837 1.499233 3.251721 0.3900595 0.5633346 1.1814
2.93624 2.165569 2.192116 0.3841215 0.7004528 0.9654025
2.72071 2.507902 1.760664 0.3707937 0.7652372 0.8105357
2.802577 2.352704 1.943986 0.4001976 0.7865943 0.9408169
3.574804 1.124243 4.260106 0.4175611 0.5463261 1.479638
2.626089 2.739577 1.743511 0.3843756 0.8628734 0.8906764
2.853084 2.308744 2.068686 0.2871184 0.5470198 0.7041771
2.779656 2.302792 2.083453 0.3839526 0.7585855 0.9845027
2.379005 3.355266 1.174452 0.3868007 1.03453 0.6385224
2.69338 2.572639 1.76105 0.3110762 0.6554951 0.6931316
3.130664 1.857073 2.562639 0.3683543 0.5987586 0.9816828
3.462467 1.109851 5.241245 0.4419391 0.6160157 2.136003
2.822523 2.305049 1.932152 0.3017317 0.5777915 0.6876515
3.038574 2.033602 2.326827 0.3728652 0.6425842 0.9486846
2.657148 2.705069 1.644114 0.3332968 0.7280249 0.705236
3.030503 1.910419 2.661866 0.3109298 0.5276277 0.9067744
3.056436 1.909436 2.631947 0.3377748 0.5697738 0.9669881
2.982742 2.06032 2.291445 0.3254276 0.5702172 0.8263345
2.947014 2.129094 2.273977 0.3261584 0.5884445 0.8477356
3.151352 1.84132 2.615126 0.3502227 0.5643839 0.9475633
3.354616 1.395377 3.917126 0.376716 0.5472634 1.411152
3.090668 1.66161 3.567534 0.3472529 0.5714021 1.362062
2.108746 4.093814 0.8309387 0.3904894 1.291539 0.49132
2.767097 2.36547 2.047015 0.3568762 0.7152653 0.9082239
2.763553 2.593787 1.591488 0.3232086 0.659251 0.6195653
2.869974 2.165529 2.307128 0.3068229 0.5730186 0.8394509
3.48354 1.263652 3.983205 0.3909588 0.5331948 1.369996
2.948063 1.914662 2.940483 0.3698466 0.6603184 1.277198
3.238067 1.584347 3.328163 0.3956956 0.6077157 1.323739
2.28555 3.527596 1.075648 0.3309899 0.9388018 0.5132423
3.016421 2.125435 2.069632 0.324493 0.5636698 0.7271007
3.307633 1.564523 3.355516 0.3553224 0.5301315 1.164504
2.798057 2.347626 2.053117 0.3636178 0.7186085 0.9163635
3.031193 1.953902 2.469963 0.3393471 0.5787319 0.9140316
2.743618 2.500525 1.813041 0.3945807 0.8112036 0.890196
1.971196 4.537441 0.7216407 0.3347711 1.247782 0.3822387
3.418689 1.319541 3.867548 0.3936933 0.5516821 1.382046
3.417565 1.334599 3.807433 0.3878561 0.5441169 1.342453
3.009804 1.99575 2.476559 0.3611464 0.6277391 0.9959488
3.196127 1.860471 2.594616 0.3677151 0.5861419 0.9749525
3.020365 1.893373 2.548967 0.3429712 0.5813649 0.9492484
2.574141 2.885723 1.4892 0.3823046 0.8863215 0.7542371
3.245141 1.678273 2.950193 0.3842628 0.590204 1.125528
3.195513 1.687773 2.914917 0.3670964 0.5722519 1.077094
3.155356 1.725231 3.058292 0.3868714 0.6218648 1.244133
2.849137 2.46029 1.785429 0.3094142 0.601911 0.6507303
4.197633 0.4235336 6.645817 0.531842 0.5640874 2.14123
2.840423 2.484475 1.742866 0.3039459 0.5936278 0.6230149
3.66718 0.986932 4.589396 0.4311337 0.5415624 1.552987
3.081869 1.81449 2.745863 0.3525717 0.581842 1.032513
2.727903 2.617974 1.548093 0.3052994 0.6313254 0.5740156
3.077798 1.813524 2.897817 0.3656152 0.609151 1.1515
3.19831 1.65919 3.22521 0.3765793 0.5921309 1.253803
2.79278 2.439652 1.928707 0.3245419 0.6482594 0.7664512
2.758037 2.312613 2.113413 0.3482672 0.6944167 0.9160341
2.775506 2.441851 1.859624 0.3228594 0.6461795 0.7321423
2.651928 2.686999 1.701122 0.3515294 0.7690578 0.7744791
2.967153 2.289741 1.900468 0.3245325 0.5883714 0.6869062
2.854968 2.211508 2.247602 0.3140354 0.5935405 0.8424274
3.294686 1.564937 2.959349 0.3481957 0.511485 0.9665562
2.923277 2.044877 2.334885 0.3379531 0.6061843 0.8992093
2.85235 2.148199 2.33832 0.3561219 0.6721818 1.001038
2.555226 2.855207 1.521957 0.3333754 0.7726469 0.675295
2.794261 2.441054 1.823388 0.3531656 0.7019218 0.7771562
3.127655 1.759372 3.23966 0.393667 0.6483824 1.391461
2.96664 1.984867 2.499536 0.3351364 0.5879481 0.9410825
3.039287 1.89447 2.880157 0.3973235 0.6837861 1.28913
3.281388 1.649959 3.100622 0.3691807 0.5603309 1.130933
3.244299 1.558241 3.229519 0.3650156 0.5524369 1.158013
3.140071 1.705352 3.184309 0.345267 0.5563516 1.166244
4.014051 0.604068 6.104831 0.4919803 0.5529263 2.012322
2.80064 2.425147 1.796281 0.322197 0.6349952 0.6925696
2.856706 2.242531 2.35809 0.3481707 0.6687947 1.003806
3.217192 1.621267 3.27844 0.3591551 0.5561876 1.194589
3.093534 1.907561 2.478639 0.3329632 0.5497787 0.8696612
2.832478 2.457512 1.722637 0.3741312 0.7325263 0.7593969
2.476019 3.067979 1.293813 0.3057649 0.7492658 0.5336048
3.48724 1.075436 5.325836 0.4304198 0.5921679 2.076862
3.33143 1.440611 3.586327 0.4198036 0.6158832 1.44083
2.947855 2.122329 2.235142 0.3382809 0.6080808 0.8577566
2.747324 2.484401 1.792611 0.315657 0.6418763 0.6965661
3.380629 1.396174 3.742951 0.3862698 0.5539315 1.353297
3.227797 1.806366 2.469086 0.3543424 0.5481961 0.8574123
2.988529 2.065526 2.209511 0.2974647 0.5172551 0.7196889
3.120472 1.82035 2.804073 0.3357206 0.5473806 0.9950188
2.746943 2.497861 1.871398 0.278746 0.5681536 0.6470667
2.623631 2.849462 1.475269 0.3307381 0.7438187 0.6285402
2.718274 2.504561 1.8854 0.3128465 0.6488828 0.7449947
2.929662 2.0932 2.306409 0.371376 0.6723617 0.9835114
2.925963 2.129953 2.215147 0.3558518 0.6465987 0.9032209
3.005677 2.027344 2.28502 0.3158866 0.5444144 0.7859966
3.308208 1.444171 3.543254 0.3820873 0.561638 1.294947
3.167615 1.772325 2.886867 0.3824863 0.6136352 1.15123
3.27125 1.552345 3.097923 0.3589798 0.5341374 1.064296
2.887206 2.168261 2.496073 0.3069225 0.5751208 0.9227044
2.929559 2.04095 2.536297 0.3416056 0.6172331 1.007936
3.840133 0.9214936 4.794848 0.4499942 0.5364902 1.59488
2.818903 2.130684 2.57103 0.297496 0.567907 0.942557
2.490028 2.990646 1.357946 0.3073736 0.7407361 0.5612802
3.46286 1.161569 4.706682 0.3934974 0.5421695 1.668031
3.361207 1.366354 3.811974 0.366992 0.5256981 1.304988
2.691393 2.65529 1.647122 0.3061062 0.6503309 0.6325521
3.43709 1.331267 3.788939 0.3615342 0.5010691 1.226742
3.752663 0.8200184 5.3489 0.4332626 0.527133 1.741324
3.193946 1.626638 3.258382 0.3744496 0.5859276 1.251042
2.513187 2.873539 1.630065 0.3707751 0.8864741 0.83733
2.891274 2.161308 2.295156 0.3531141 0.6564424 0.9553746
3.203924 1.601214 3.243439 0.3299461 0.5085173 1.076976
3.378243 1.499058 3.424039 0.3592234 0.5185715 1.156954
3.208501 1.69152 3.056513 0.3567348 0.5570927 1.109355
2.657126 2.64292 1.746441 0.3395884 0.7360891 0.7662219
3.625662 0.9271193 5.471369 0.4069807 0.5228607 1.825758
3.026274 1.954339 2.557275 0.3646653 0.6276772 1.032908
3.311852 1.434607 3.714377 0.4077531 0.6032431 1.469758
3.307276 1.517223 3.630698 0.3464568 0.5159792 1.235379
2.903059 2.17195 2.263655 0.3342005 0.6183327 0.886106
2.688202 2.560915 1.82068 0.2660701 0.5580225 0.6125494
3.023553 2.021901 2.421572 0.3527686 0.6115034 0.9457154
3.39574 1.406096 3.487615 0.3992415 0.5666361 1.275269
2.919869 1.968256 2.885585 0.3747181 0.6815877 1.29115
2.920681 2.268149 1.95155 0.3912162 0.7240794 0.8718567
3.399301 1.397335 3.783998 0.390529 0.5578432 1.380168
2.773778 2.489816 1.831424 0.3687859 0.7478002 0.8306981
3.321905 1.440322 3.516419 0.362752 0.5279838 1.204172
2.776247 2.468857 1.884484 0.3949859 0.8006969 0.920254
3.894923 0.8238005 4.784148 0.4622542 0.5343847 1.542796
2.518882 3.120994 1.212868 0.2816806 0.6790224 0.4469301
3.050947 1.703118 3.56509 0.3547716 0.5978734 1.430271
3.058803 1.984853 2.287294 0.3287717 0.552326 0.7974478
3.126218 1.802618 2.773578 0.356996 0.5794668 1.038769
2.870537 2.152738 2.348861 0.3072787 0.5733377 0.8574702
2.960649 2.06535 2.632188 0.3554371 0.6424237 1.095863
3.112691 1.649853 3.525766 0.3517133 0.5725385 1.344521
2.586231 2.852195 1.452925 0.3441599 0.7855533 0.652231
3.672742 0.9947498 4.638019 0.3822479 0.4767616 1.385536
2.944961 2.063658 2.742727 0.3203088 0.5828162 1.043298
2.935357 2.300593 1.912905 0.3652681 0.6744307 0.7931092
3.110295 1.743463 3.114761 0.3628805 0.5943968 1.216872
3.752185 1.070724 4.165865 0.4290389 0.5270024 1.372403
3.468633 1.30461 3.785942 0.3885484 0.5327806 1.297951
2.515629 3.103123 1.275703 0.4088648 0.9957873 0.6946044
3.356074 1.528419 3.381446 0.3677889 0.537553 1.185915
2.980849 2.152154 2.025835 0.3342613 0.5904269 0.7429988
2.906466 2.1256 2.309593 0.3454497 0.6338404 0.9291524
2.880112 2.157966 2.523411 0.3662908 0.6919994 1.124575
2.672479 2.656041 1.718019 0.3045283 0.6562939 0.6712281
2.848211 2.344228 2.00596 0.3245382 0.6248534 0.7752973
2.881518 2.307192 1.969417 0.3841441 0.727419 0.8845379
2.850383 2.338185 1.892696 0.3593837 0.6880283 0.7982549
3.0302 1.952016 2.563569 0.3488251 0.5984231 0.9872928
3.02114 1.950615 2.400464 0.3317524 0.5642543 0.8611827
3.196016 1.515233 3.523995 0.3613214 0.5566087 1.286464
3.497559 1.225012 4.006397 0.3886649 0.5238035 1.344577
3.683443 0.8457949 5.787712 0.4442711 0.5610346 2.054839
3.010729 2.022325 2.396871 0.3421279 0.5946354 0.9091687
3.248681 1.528153 3.759707 0.3952932 0.6086599 1.523734
2.957732 2.270192 1.932711 0.3453952 0.6293148 0.7503869
2.817672 2.422811 1.731504 0.3275476 0.6387533 0.6677433
3.285777 1.566148 3.103863 0.3714801 0.553534 1.108896
2.668941 2.591181 1.800872 0.3819878 0.821631 0.8898109
2.955122 2.03988 2.287481 0.3568924 0.6306029 0.9115089
2.862987 2.161769 2.206709 0.3448208 0.6439853 0.8953107
3.026249 2.11893 2.063991 0.2699753 0.4637412 0.5981361
2.817008 2.404165 1.834404 0.2869542 0.5579166 0.6235115
2.912153 2.176595 2.304618 0.3285365 0.6069202 0.8873993
2.827892 2.268082 2.185576 0.3528309 0.682312 0.9369098
2.892004 2.203988 2.123034 0.3294472 0.6105268 0.8112842
2.735175 2.368334 2.053194 0.3533092 0.7174103 0.91438
3.063781 1.773854 3.128449 0.3687156 0.6187375 1.277119
3.210382 1.670537 3.03378 0.3707203 0.576811 1.137274
3.255222 1.640701 3.064775 0.3643872 0.5551916 1.10378
3.116679 1.742503 2.972442 0.3485383 0.5648867 1.093949
3.511625 1.319961 3.671042 0.3952014 0.5348656 1.259796
2.62194 2.721156 1.616516 0.3756099 0.8337784 0.7899727
2.787225 2.562144 1.64755 0.3263013 0.658253 0.64498
2.725633 2.446225 1.825893 0.361341 0.7392773 0.8206812
3.166789 1.643854 2.994368 0.3176474 0.4932896 0.9538614
3.096957 1.770893 3.122946 0.3282143 0.5408769 1.112414
2.675819 2.583726 1.792677 0.2890774 0.6139245 0.6617854
3.555309 1.247286 3.830424 0.4099701 0.5440697 1.330739
2.666903 2.651936 1.583526 0.3065671 0.655308 0.6101952
3.081987 1.87803 2.594041 0.3233572 0.5344188 0.889501
3.325977 1.48114 3.22916 0.3647248 0.5287499 1.096473
3.546597 1.230658 3.772208 0.3805503 0.5011403 1.19832
3.211894 1.618997 3.077793 0.3620564 0.5571205 1.110898
2.604893 2.824003 1.449068 0.3222674 0.7249527 0.6017467
3.628978 0.9785983 5.245949 0.4190851 0.5410693 1.821202
3.334433 1.530641 3.407935 0.418746 0.6206024 1.382472
2.624716 2.872218 1.32146 0.3419285 0.7617719 0.5652317
2.930069 2.178386 2.074873 0.3540432 0.6426384 0.8306353
2.85634 2.157003 2.433991 0.3283288 0.6205463 0.9671216
3.482698 1.282559 3.696019 0.3975407 0.5394303 1.272491
2.663825 2.697062 1.636225 0.3145402 0.682017 0.6569791
2.625426 2.577941 1.917679 0.3556259 0.7790656 0.906805
2.854736 2.275317 2.088626 0.3090215 0.5869847 0.7648668
2.816654 2.435944 1.876175 0.3406023 0.6725684 0.77018
3.062766 1.923332 2.562883 0.3279667 0.5507964 0.9062646
3.514767 1.196645 4.038409 0.3921899 0.5239184 1.350832
2.986876 2.092504 2.299687 0.3417991 0.6045606 0.8813317
2.876353 2.219532 2.156207 0.3048004 0.5689868 0.7693998
3.301143 1.519156 3.465636 0.3494095 0.5186038 1.175518
3.615583 1.043128 4.529937 0.4240828 0.5453726 1.562844
3.60483 1.151212 4.214753 0.3966862 0.5145108 1.382284
2.513278 3.049119 1.365477 0.4197044 1.01982 0.7727652
3.111029 1.816803 2.802425 0.3885822 0.6394895 1.162815
3.504725 1.190664 4.535802 0.3859142 0.5249248 1.554864
2.750682 2.338732 2.244563 0.2963732 0.5973177 0.8447159
3.053373 1.804138 2.867921 0.3205097 0.5331976 0.9942398
2.802047 2.285843 2.131672 0.3346387 0.6526831 0.8703279
3.662996 1.207893 3.641986 0.4097753 0.518239 1.181396
2.869824 2.142527 2.448037 0.3776406 0.7121613 1.117987
3.095254 1.846785 2.723119 0.3434156 0.5671397 0.9990191
2.575829 2.668996 1.868672 0.3498996 0.7942026 0.8923912
2.562145 2.89587 1.469426 0.3396088 0.7891098 0.660431
3.272556 1.595597 3.064383 0.3608473 0.5413438 1.071038
3.114859 1.827221 3.03304 0.349406 0.5787684 1.154554
3.345598 1.249954 4.410775 0.376228 0.5406289 1.565661
3.608201 1.087644 4.57056 0.4221361 0.5490398 1.605738
3.124949 1.861199 2.470081 0.3394796 0.5492245 0.8630553
2.657889 2.753442 1.594294 0.3812556 0.8389651 0.7803244
2.828937 2.22067 2.400991 0.3524121 0.6823867 1.046204
3.725012 1.019474 4.327142 0.4384415 0.541199 1.458394
2.770269 2.345279 2.141544 0.3776001 0.7576417 1.013957
2.903165 2.100052 2.490375 0.3182881 0.5842584 0.9335721
3.79409 0.8602271 5.437979 0.4208288 0.5094401 1.733329
3.251041 1.591162 3.464703 0.3772207 0.5803796 1.328088
3.168596 1.695458 2.874595 0.3168198 0.4944042 0.9155669
3.247895 1.625122 3.082504 0.3492767 0.5315401 1.063249
3.05204 1.939944 2.505008 0.3013219 0.5061379 0.8113617
3.168804 1.742238 2.969361 0.3275797 0.5201635 1.006067
3.081474 1.805842 2.928057 0.3375839 0.5594756 1.069422
2.929193 2.003044 2.655602 0.3293962 0.5924897 1.019089
3.501374 1.225747 4.407162 0.4123616 0.564815 1.626876
2.459131 3.148631 1.282357 0.4078688 1.026297 0.7169672
2.693093 2.641821 1.571613 0.347262 0.7346876 0.6780581
2.421867 3.165547 1.311785 0.3014611 0.7700106 0.5510718
3.474013 1.242012 4.147603 0.3886519 0.5319639 1.428044
2.875208 2.178004 2.220521 0.3304987 0.6159263 0.8621315
3.0443 1.861292 2.852245 0.3199144 0.5404704 1.005434
2.851748 2.314779 2.107815 0.2978844 0.570976 0.7511252
3.116403 1.706937 3.122249 0.3338994 0.5393274 1.102952
3.359382 1.463971 3.533565 0.3548194 0.5126642 1.179963
3.400819 1.292938 4.501064 0.38364 0.5487219 1.640815
3.66531 1.019072 4.718421 0.4011927 0.5069768 1.514535
3.156446 1.719778 3.143861 0.3513394 0.563494 1.163309
2.50107 2.866972 1.661097 0.3496335 0.8384426 0.8086609
3.234582 1.687416 2.969919 0.3786543 0.58568 1.128274
3.234403 1.430834 3.915641 0.360617 0.5465486 1.414441
3.176162 1.708013 2.893424 0.3334562 0.5231569 0.9789185
2.715512 2.573685 1.792335 0.3519647 0.7385537 0.7957594
2.714542 2.429612 1.920046 0.3348995 0.6879077 0.8096282
2.573502 2.80464 1.6309 0.4203132 0.9700571 0.9224396
2.865924 2.235545 2.030909 0.3095198 0.5792116 0.7317063
3.312459 1.612707 2.919172 0.3353194 0.4927883 0.9211298
2.890793 2.142703 2.399469 0.3164624 0.5871272 0.900067
3.413049 1.298867 4.028572 0.4032787 0.5681126 1.490587
3.608599 1.089542 4.698004 0.4297413 0.5617386 1.699029
2.71316 2.644369 1.555203 0.3582812 0.7514006 0.6843226
3.186158 1.79762 2.666756 0.3600854 0.5698242 0.975277
3.171287 1.737516 2.905661 0.364882 0.5798666 1.093516
3.020634 1.710858 3.512578 0.3824605 0.6535071 1.538989
2.60496 2.811383 1.496741 0.3583519 0.8087823 0.6972581
2.824764 2.22403 2.312786 0.3201509 0.6167303 0.9055651
3.47757 1.273527 3.891959 0.3914787 0.5341703 1.337141
2.914378 2.23568 1.971356 0.3473769 0.6376692 0.7764712
2.232326 3.817853 0.9018861 0.3502536 1.052842 0.4550665
2.581348 2.838022 1.527196 0.3940036 0.9048059 0.7955282
3.196364 1.719892 2.954344 0.3451111 0.541347 1.038647
2.924723 2.167019 2.195529 0.3632442 0.6647942 0.9185026
2.427564 3.37783 1.064759 0.3558831 0.9250517 0.509046
2.573755 2.938886 1.475668 0.2872721 0.668512 0.5609835
2.65853 2.59111 1.793667 0.3708143 0.8000396 0.8626034
2.806873 2.485817 1.680569 0.3252846 0.6435394 0.6486078
3.517648 1.24555 4.168136 0.3683549 0.4970826 1.344314
3.128457 1.768289 2.916877 0.3579157 0.5797768 1.099405
2.647138 2.770946 1.485069 0.3252779 0.7145459 0.612969
3.268343 1.505075 3.485153 0.4108475 0.6201408 1.414905
2.527838 2.868663 1.479 0.3063787 0.7172532 0.6068017
2.754063 2.502965 1.777941 0.3375197 0.6868316 0.7364558
2.812829 2.280434 2.231399 0.3588336 0.7011178 0.9852078
2.263012 3.778211 0.882301 0.3273004 0.9603673 0.4067639
3.872455 0.7845826 5.21688 0.4578555 0.5353407 1.697863
3.292492 1.4581 3.648986 0.3619137 0.5363227 1.281244
2.930975 2.166022 2.196215 0.3678296 0.6714682 0.9275965
2.878318 2.272984 2.068901 0.3518016 0.6647117 0.8568321
3.243399 1.524697 3.706007 0.3559297 0.5449198 1.340182
3.564301 1.18055 3.865969 0.3553306 0.4599351 1.119753
2.622898 2.884522 1.47482 0.3458289 0.782883 0.6582975
3.21578 1.580451 3.414305 0.3822378 0.5925054 1.330745
3.078531 1.75962 3.167791 0.3455759 0.5741176 1.199977
3.125515 1.85286 2.658895 0.3106298 0.5042283 0.8635431
3.1221 1.799538 2.827428 0.3738564 0.6102944 1.119524
3.574358 1.183421 4.15217 0.4386238 0.5803092 1.544775
3.010161 1.949052 2.717538 0.3741754 0.6522817 1.152001
3.179975 1.857919 2.581327 0.3857819 0.6188105 1.023394
3.062402 1.772438 2.971101 0.3556064 0.5919415 1.149586
3.683102 1.000993 4.778819 0.4277595 0.5396661 1.63294
2.599815 2.624748 1.787994 0.3479615 0.7715528 0.8266673
3.092695 1.871595 2.82864 0.3314666 0.5526903 1.019261
3.283149 1.56839 3.062284 0.3727014 0.5545341 1.092257
3.416119 1.40475 3.63225 0.378439 0.5353111 1.264307
2.820088 2.383192 1.89649 0.3488481 0.6808678 0.7902422
3.077247 1.88551 2.710497 0.3348835 0.5597011 0.9818571
3.176368 1.641789 3.290186 0.370059 0.5852871 1.267172
2.873997 2.231392 2.082871 0.35451 0.6648766 0.8635243
2.940482 2.177638 2.058011 0.3513645 0.6347446 0.8129271
2.557148 2.748789 1.714857 0.301986 0.6925295 0.7008973
3.603976 1.179246 3.988707 0.4029131 0.5222129 1.321795
2.478921 3.072018 1.399866 0.3094021 0.7634636 0.5940777
3.0646 1.87519 2.609718 0.3439308 0.5739543 0.9627663
2.616006 2.763179 1.550233 0.3238846 0.7213205 0.6496869
2.860044 2.166784 2.52444 0.3617892 0.6888261 1.118943
2.98256 2.001966 2.610773 0.303952 0.5333774 0.8994105
2.743229 2.43076 1.890153 0.3334935 0.675324 0.7793896
3.061449 1.861652 2.93359 0.3620586 0.6131523 1.178184
2.96467 1.975912 2.606239 0.3749938 0.6642035 1.117648
2.989658 2.228281 1.852765 0.358722 0.6360912 0.7206721
2.624403 2.626953 1.766539 0.2901276 0.6335015 0.6697569
2.513112 3.077861 1.186385 0.3017164 0.7240346 0.4673081
2.52712 2.966876 1.388746 0.2690401 0.6358796 0.4964604
2.831307 2.156079 2.612768 0.3364795 0.6470069 1.093747
3.172607 1.746885 2.828534 0.3419477 0.5404462 0.9874453
3.003656 1.900314 2.780747 0.3177319 0.5475945 0.9916651
2.256734 3.615118 1.000843 0.4929266 1.436932 0.71698
3.014881 1.941773 2.740345 0.3518358 0.6105997 1.088387
3.334382 1.438667 3.491468 0.3718417 0.539172 1.219434
3.085748 1.86829 2.820435 0.3432375 0.5734878 1.053154
2.7246 2.58112 1.641275 0.3442038 0.7145467 0.6963645
3.123027 1.791696 2.798067 0.3276802 0.5300358 0.9597081
3.637584 1.056487 4.562264 0.4086386 0.5226278 1.513931
2.68618 2.634864 1.53634 0.2585853 0.5443926 0.492511
2.550629 2.771281 1.690241 0.3134598 0.7236821 0.7191283
3.070193 2.063956 2.244476 0.3890205 0.6653125 0.9421009
3.041219 1.918266 2.579243 0.3085239 0.521052 0.8646645
3.093116 1.837484 2.737141 0.3727762 0.6164531 1.090625
2.500487 3.06638 1.32397 0.3210617 0.7807624 0.5705323
3.268121 1.466019 3.875089 0.3592308 0.5421339 1.394093
2.417482 2.98143 1.64126 0.3368752 0.8530538 0.8025766
1.863762 4.965183 0.5331434 0.3062619 1.254645 0.2600055
3.545761 1.060908 4.988063 0.3971387 0.5281779 1.705363
2.42711 3.314758 1.099505 0.3770471 0.974193 0.5605255
3.222521 1.623997 3.132293 0.3390861 0.5204851 1.060896
2.705905 2.530717 1.72192 0.313114 0.6494401 0.6707712
3.001337 1.98555 2.51179 0.3417265 0.594052 0.9575454
3.66082 1.079349 4.554619 0.4251267 0.5437722 1.581492
3.031313 1.875514 2.914971 0.3239862 0.5532893 1.056446
2.752737 2.51276 1.807584 0.3273275 0.6683005 0.7298634
3.324301 1.493816 3.534856 0.3634361 0.5352611 1.238388
3.145519 1.773094 2.781453 0.3476165 0.5569746 1.000215
2.800684 2.25152 2.221309 0.2700216 0.5217228 0.7310225
2.448093 3.113341 1.480465 0.344891 0.8737192 0.7199088
2.802115 2.37478 2.058731 0.358821 0.7120956 0.9100947
2.956964 2.05805 2.508317 0.3393449 0.6083695 0.9808046
3.548168 1.375243 3.451567 0.3934294 0.5277665 1.16501
2.915303 2.347354 1.834722 0.3187437 0.5922465 0.6621927
3.566056 1.224078 4.116039 0.4107561 0.5467528 1.451799
3.526723 1.258677 3.697048 0.3822697 0.5074041 1.189372
2.852651 2.360517 1.951048 0.3211223 0.6172256 0.7413104
2.865445 2.153963 2.283467 0.3661812 0.6866316 0.993759
2.941662 2.094614 2.222977 0.2801229 0.4969583 0.6963702
3.315549 1.586051 3.087891 0.3549304 0.5243122 1.045715
2.852284 2.358985 1.849686 0.3295713 0.6310863 0.7136758
3.565356 1.156182 4.297359 0.3943331 0.5193373 1.430157
2.885757 2.194119 2.236204 0.3756148 0.7032395 0.9923396
3.26207 1.641046 3.00812 0.3504798 0.5305092 1.031575
3.319325 1.446463 3.658242 0.3849727 0.5668403 1.358022
2.781523 2.325197 2.052209 0.2996101 0.5892339 0.7516847
3.359729 1.608048 2.77065 0.3826852 0.5532729 0.9718216
2.990198 2.013907 2.500186 0.3213866 0.5624945 0.9023376
3.5636 1.047541 4.579468 0.4067371 0.530906 1.54197
3.064999 2.020127 2.410758 0.3186445 0.5419547 0.8339924
3.390245 1.368942 3.547688 0.4008325 0.5664801 1.292356
2.417144 3.333746 1.056152 0.3832484 0.9951185 0.5462084
3.619582 1.124052 4.114474 0.4187188 0.5379615 1.396958
2.64053 2.595789 1.732135 0.3265526 0.7045471 0.7291066
3.224556 1.709423 2.956681 0.3609715 0.5609524 1.076243
3.190235 1.624111 3.096985 0.3310246 0.5119846 1.029376
2.542314 2.824735 1.558689 0.2946834 0.6828567 0.6158058
2.77615 2.220197 2.35474 0.3511098 0.6914354 1.036455
2.841488 2.197487 2.475107 0.3284119 0.6293146 0.9976299
3.172516 1.715394 3.0034 0.3610268 0.5728573 1.120789
3.844516 0.9902617 4.029907 0.4129263 0.482686 1.181957
3.081122 1.875128 2.544562 0.3621218 0.6000125 0.9768144
2.76021 2.418876 1.90252 0.3333434 0.670819 0.7816721
3.068059 1.764357 3.059196 0.3401923 0.5644473 1.132109
3.421901 1.263192 4.210146 0.3890218 0.5446999 1.495688
3.130949 1.687412 3.375359 0.3424815 0.5545892 1.241156
3.42409 1.460302 3.298377 0.362342 0.5081759 1.076554
3.298566 1.525968 3.301619 0.3591941 0.5317139 1.139242
2.834189 2.318953 2.108141 0.3243734 0.6285492 0.8271786
2.647191 2.72567 1.527292 0.3275158 0.7136618 0.633306
2.828064 2.370736 1.995402 0.3425501 0.6695291 0.8255301
2.492223 3.132635 1.248545 0.302764 0.7436583 0.5053771
3.123936 1.706638 3.204917 0.354451 0.5747506 1.212524
3.116549 1.823837 2.585213 0.3704599 0.6018698 0.9955505
2.679006 2.647119 1.741271 0.3453498 0.7431998 0.7709132
2.547333 2.906584 1.505857 0.3316126 0.7788008 0.6700226
3.352582 1.351031 3.999802 0.3991539 0.5784271 1.518868
2.736591 2.495957 1.79548 0.3294176 0.6743606 0.731833
2.192367 3.87095 0.9492136 0.301048 0.9300321 0.4224507
3.207016 1.524014 3.554311 0.3721855 0.5742047 1.343389
3.010686 1.994169 2.598006 0.3490411 0.6092875 1.022239
2.73826 2.353748 2.062198 0.2994631 0.6020851 0.7711833
3.810081 0.8908134 4.698614 0.4305314 0.5121341 1.474137
3.218718 1.733147 2.877823 0.3720332 0.5818012 1.085225
3.200616 1.654278 3.084455 0.3429142 0.532651 1.069142
3.412797 1.444569 3.541692 0.3911464 0.5574791 1.285619
3.84045 0.9020868 4.71368 0.4561933 0.541377 1.56954
3.400399 1.456427 3.323372 0.363181 0.5136123 1.098067
3.189859 1.720019 3.021822 0.3466484 0.546534 1.076651
3.104163 1.909187 2.508761 0.3645619 0.6028237 0.9667748
3.137935 1.812996 2.661677 0.3366063 0.5414124 0.9257422
2.702368 2.522508 1.756254 0.3451135 0.717255 0.7564044
2.562189 2.776752 1.676422 0.3110777 0.7141256 0.7020733
3.200012 1.708102 2.921018 0.3652374 0.5713028 1.080421
2.865891 2.216677 2.239669 0.3631402 0.6881509 0.9734187
3.293432 1.46331 3.510794 0.374651 0.553843 1.265452
3.157967 1.756302 2.897177 0.3398838 0.5424659 1.020279
2.61631 2.732817 1.651615 0.3483034 0.7760558 0.7520174
2.810223 2.53817 1.556135 0.3426084 0.6777476 0.6221429
3.596761 1.139446 4.278804 0.3781303 0.4901238 1.337468
2.865102 2.216425 2.212096 0.3495149 0.6598572 0.9190095
3.845248 0.7631213 5.635207 0.4444062 0.5259042 1.818024
3.053452 1.879127 2.643023 0.3506236 0.5891505 1.003081
2.415425 3.221253 1.32977 0.3691291 0.9583679 0.6908574
2.760488 2.371386 1.970314 0.2995925 0.5964166 0.7243184
2.595481 2.805481 1.595901 0.380488 0.8671686 0.8043137
3.593689 0.9443041 5.47458 0.4216117 0.5501611 1.933498
2.463529 3.073135 1.389865 0.2927491 0.7253103 0.5596067
2.406431 3.280511 1.203209 0.3431284 0.8940303 0.5715167
3.396004 1.466307 3.367216 0.4023716 0.5755614 1.253446
2.526869 2.829846 1.481765 0.3418401 0.7970304 0.6780646
2.707089 2.554265 1.837381 0.3975862 0.838059 0.929904
3.074118 1.858345 2.737668 0.3605184 0.6026163 1.068705
3.451907 1.312165 3.791234 0.3845425 0.5304663 1.295891
3.23897 1.705631 2.892312 0.3828101 0.5918637 1.107123
3.352551 1.299849 4.271249 0.395906 0.5725801 1.611472
3.520883 1.356173 3.723141 0.4204132 0.5749872 1.387294
3.432032 1.34573 4.049593 0.3972992 0.5620534 1.496438
2.727021 2.491096 1.778205 0.2966363 0.6062664 0.6511538
3.172002 1.76151 2.861206 0.3424588 0.543862 1.008167
2.882918 2.043993 2.727769 0.3169474 0.5862946 1.042186
3.14832 1.674138 3.206546 0.3644495 0.5830557 1.227777
3.252361 1.637711 2.994664 0.3479713 0.5273873 1.019602
2.954501 2.208033 2.007433 0.3364982 0.6064911 0.7549059
2.874482 2.185882 2.050798 0.3377315 0.6252871 0.7982654
3.139688 1.712055 3.149703 0.3586048 0.5783516 1.196542
2.575732 2.814638 1.614243 0.3639076 0.8377373 0.786755
2.870352 2.245719 2.124851 0.3129242 0.5897942 0.7855384
2.98694 2.000991 2.512846 0.3533088 0.6203914 1.001381
2.92976 2.251838 2.013726 0.3211281 0.5889499 0.7358089
3.13186 1.793618 2.872807 0.3295544 0.5337307 0.997019
2.974101 2.046828 2.295292 0.3390382 0.5960337 0.8662213
3.55446 1.130771 4.522941 0.4016375 0.533038 1.554771
3.05423 1.978328 2.554466 0.3366655 0.5745818 0.9442138
2.455018 2.997718 1.529553 0.3422416 0.8509694 0.7383733
3.121277 1.817359 2.803943 0.3201004 0.5207105 0.9471684
3.399825 1.515451 3.109807 0.3537461 0.5016064 0.9997411
3.049616 1.863033 2.918498 0.3247106 0.5502417 1.052346
2.857835 2.337033 2.13789 0.3474128 0.6722659 0.8981941
3.62003 0.8738002 5.989684 0.4345564 0.5637147 2.168411
2.911932 2.277178 1.896543 0.3251756 0.5993401 0.6981237
2.714218 2.545286 1.809321 0.3382578 0.7070846 0.7724041
3.519081 1.045642 4.939289 0.3998445 0.5339233 1.698126
2.839527 2.302829 2.070584 0.3547969 0.6835287 0.8804298
3.971015 0.5645338 6.623964 0.4975157 0.568875 2.25769
2.889598 2.110352 2.575282 0.332979 0.6201608 1.031917
3.143372 1.660266 3.279265 0.3537644 0.5665073 1.223924
2.92477 2.125757 2.267416 0.3518695 0.6406057 0.9193764
2.725246 2.585175 1.744637 0.3326148 0.6944522 0.7254362
2.713683 2.480996 1.975571 0.3369226 0.7012542 0.8499475
3.125757 1.916439 2.367346 0.331191 0.5386839 0.8078433
2.775521 2.413717 2.012003 0.3510178 0.707455 0.8797641
3.208139 1.749136 2.851267 0.3523073 0.5522305 1.019144
3.291672 1.447828 3.506315 0.3322765 0.4871621 1.110147
3.746629 0.9331879 4.933576 0.4307996 0.5294099 1.635207
3.250645 1.742898 2.657936 0.3577349 0.5477388 0.9303766
3.322617 1.379751 3.964134 0.3757915 0.5504116 1.43575
2.380342 3.330965 1.155549 0.3523234 0.9347747 0.5680503
2.627161 2.729588 1.595413 0.3576798 0.7931363 0.7408364
2.820037 2.237795 2.266187 0.2812179 0.5400434 0.7743966
2.953345 1.901349 2.718207 0.3115924 0.5435699 0.9567748
2.66036 2.635587 1.697563 0.3296469 0.7111984 0.7181347
3.578435 1.166998 4.277948 0.3878105 0.5089798 1.3968
2.9284 1.862423 3.33854 0.3717176 0.6718446 1.504439
2.827357 2.491998 1.870173 0.38451 0.7673119 0.8728926
3.409482 1.452127 3.444264 0.3837536 0.5452281 1.216382
3.009952 1.99557 2.443984 0.3301226 0.5698545 0.8888146
3.413308 1.341021 4.03855 0.3847863 0.5457305 1.446748
3.089108 1.81309 2.999503 0.3208118 0.5315309 1.045603
3.096995 1.787837 2.769311 0.3474759 0.566836 1.012992
3.001663 2.023373 2.288606 0.3363324 0.5819953 0.8421618
2.962928 1.994154 2.572925 0.3110462 0.5487597 0.9102756
2.79011 2.330213 2.08405 0.3876145 0.7679494 0.9968238
2.753064 2.542416 1.639516 0.3581432 0.7292295 0.7104445
2.608386 2.739462 1.549976 0.3268484 0.7267418 0.6556206
3.036038 2.105095 2.075834 0.3230819 0.5547497 0.7175806
2.854196 2.348854 2.024537 0.3436475 0.663576 0.8327486
2.625932 2.568662 1.97047 0.3021005 0.6593421 0.792271
3.29166 1.621361 2.907924 0.3535377 0.5253865 0.978956
3.454632 1.230415 4.422164 0.3690496 0.5097886 1.473326
2.985542 1.983326 2.673336 0.3618997 0.6387308 1.107497
2.831664 2.445129 1.78445 0.4073834 0.8002552 0.8640692
2.526275 2.892731 1.566998 0.3113566 0.7363869 0.6631356
2.306589 3.608731 0.9434739 0.3908813 1.104457 0.5158522
3.037128 2.008006 2.194666 0.3664132 0.6225873 0.8570537
3.385424 1.394951 3.718183 0.3885455 0.5559989 1.347725
3.387547 1.337123 4.063058 0.342427 0.4855151 1.292647
2.999344 2.078355 2.362507 0.3673949 0.648382 0.9745189
3.076239 1.79109 3.018103 0.3660361 0.6103614 1.208153
2.863988 2.249458 2.202138 0.2953204 0.5592736 0.7762019
3.720063 0.8261925 5.89538 0.4323269 0.5388458 2.006774
3.319433 1.587553 3.409394 0.3919879 0.5893879 1.322904
3.294125 1.665142 3.055177 0.3626307 0.5484691 1.089435
2.59545 2.750271 1.542113 0.4084549 0.9191216 0.8237927
2.609017 2.68573 1.744985 0.3870382 0.8653095 0.8976046
3.071439 1.847329 2.760611 0.3340595 0.5561158 0.9947829
2.637284 2.657013 1.65221 0.3871412 0.8456268 0.8252167
3.050142 2.047048 2.251186 0.309896 0.528108 0.7513175
3.184089 1.484548 4.056941 0.4208632 0.6643935 1.811473
2.927508 2.106429 2.449211 0.3233567 0.5898111 0.9264186
3.111992 1.820804 2.808042 0.3384343 0.5541824 1.009803
3.052753 1.814556 2.942874 0.3457088 0.5801589 1.115299
2.992031 1.988143 2.502403 0.3458833 0.6033921 0.968227
3.206669 1.512145 3.764465 0.3628641 0.5617081 1.403047
2.929544 2.068076 2.504413 0.3715153 0.6755828 1.086909
3.522491 1.138926 4.662844 0.4272599 0.5778651 1.752331
2.761086 2.479943 1.7846 0.3020668 0.6097298 0.6588618
2.744225 2.699656 1.40817 0.3618422 0.7508803 0.6080846
3.798638 0.818563 5.801742 0.4758368 0.5820568 2.126341
2.621164 2.771718 1.544511 0.3464961 0.7712816 0.6903031
2.742985 2.309375 2.442696 0.3145013 0.6383268 0.9947283
2.60231 2.804591 1.591993 0.3534928 0.8028533 0.7434169
2.675712 2.534999 1.892269 0.4141077 0.8839913 1.016378
3.331822 1.437859 3.774877 0.4105971 0.6056954 1.505452
3.525967 1.238803 3.72463 0.3536682 0.4662716 1.099487
2.959369 2.055732 2.479997 0.329128 0.5877341 0.9350469
2.845238 2.230512 2.174438 0.336077 0.638986 0.8724439
2.714177 2.527769 1.977056 0.3250047 0.6816149 0.8241177
3.69746 1.124308 4.179887 0.4071 0.5117523 1.354099
2.517647 2.987318 1.369534 0.3514659 0.8417842 0.6451013
2.782984 2.356778 1.989848 0.3719544 0.7371658 0.9050795
3.683224 0.8780408 5.217254 0.4452688 0.5574651 1.817439
3.07491 1.815414 3.059927 0.3486899 0.5847568 1.178356
3.490762 1.361123 3.695304 0.3606615 0.4928398 1.176515
3.394428 1.313581 3.919016 0.3927871 0.5548534 1.41078
3.095505 1.724799 3.136999 0.3376634 0.5523559 1.13832
2.951483 1.963157 2.711212 0.3388592 0.6027875 1.062725
3.595058 1.088709 4.542941 0.4441923 0.5814581 1.690401
2.783272 2.27184 2.21281 0.3253854 0.6393444 0.8903814
2.769758 2.421187 1.91921 0.3162555 0.6340352 0.7462363
3.07458 1.897233 2.485002 0.3564531 0.5927095 0.9397754
2.806403 2.3922 2.002124 0.3126378 0.6167069 0.7624422
2.864042 2.321428 2.04757 0.3246639 0.6212171 0.791118
2.675576 2.65968 1.711463 0.3298741 0.7116244 0.7240757
3.677881 1.007512 5.041621 0.3998496 0.5069795 1.635582
3.426816 1.321263 3.943732 0.3953377 0.5564671 1.432684
3.1628 1.79108 2.708521 0.3824491 0.6117427 1.065974
3.278726 1.548209 3.544962 0.3961483 0.601387 1.406308
3.847599 0.6155211 6.631598 0.4815268 0.5730478 2.316758
2.809243 2.195567 2.564717 0.3378945 0.6595159 1.091447
2.236858 3.625316 0.966305 0.3618237 1.059078 0.5072849
3.630094 1.138267 3.965962 0.4066866 0.518609 1.291824
2.717502 2.57897 1.649081 0.3147834 0.6543268 0.6419236
2.804976 2.315918 2.228135 0.3215879 0.6334564 0.8889071
2.798852 2.484356 1.856597 0.3391464 0.6784514 0.7643009
3.423854 1.327079 3.790701 0.3734762 0.5204136 1.274296
3.394756 1.321659 4.142756 0.392022 0.5588283 1.520265
2.571738 2.847733 1.472507 0.3651515 0.839314 0.7075472
2.506671 3.016196 1.357129 0.3422652 0.8259367 0.6241281
2.276418 3.634541 0.9460557 0.3360583 0.963843 0.4498962
2.67461 2.614443 1.815739 0.3447833 0.7432506 0.8121955
3.045078 1.906498 2.751343 0.389901 0.6670555 1.19241
2.350269 3.250044 1.23809 0.3463311 0.9231236 0.6122753
3.007993 1.927123 2.735943 0.3609842 0.6258375 1.111864
2.567968 2.763164 1.60443 0.3593478 0.8208312 0.7689173
3.288886 1.61415 3.137258 0.3453354 0.5180584 1.056155
3.101142 1.906741 2.433324 0.3038756 0.4970494 0.7695659
3.442612 1.413922 3.40876 0.3484942 0.4824129 1.055543
3.12016 1.916261 2.601875 0.3494889 0.5779999 0.9684995
2.62806 2.753179 1.52343 0.3883503 0.859577 0.7582216
3.242626 1.701317 2.807732 0.351938 0.5377409 0.9688543
2.89768 2.127257 2.256139 0.3551863 0.6527117 0.9311563
2.790551 2.410604 1.989539 0.369347 0.7385595 0.9053519
3.325199 1.333898 4.497941 0.4011163 0.5937357 1.787541
4.032654 0.6407673 5.770838 0.4793321 0.5333959 1.831054
3.099466 1.740764 3.005188 0.3752961 0.614615 1.206228
3.264145 1.603174 3.23404 0.366974 0.557295 1.175942
2.965659 2.103415 2.302773 0.2793982 0.494703 0.7225255
3.205418 1.671821 3.250286 0.370331 0.5828849 1.247427
2.927995 2.228475 2.067262 0.3633716 0.6697069 0.8640694
2.614804 2.750118 1.666266 0.3327494 0.7456225 0.7300265
3.007505 1.988233 2.513383 0.3371489 0.5857644 0.9461774
2.926458 2.031378 2.513772 0.3017778 0.5414209 0.874894
2.997658 2.014533 2.451368 0.3193374 0.5558448 0.8712456
