0.899352 1.597432 1.65063 0.1103676 0.5391839 0.5062446
1.009483 0.9230344 2.577817 0.1470654 0.59779 0.8242721
1.056924 0.7505123 3.079435 0.1656961 0.6463882 1.054864
1.170291 0.5008416 3.319589 0.1786305 0.6083481 0.9926843
1.068759 0.6679904 3.053727 0.153654 0.5784349 0.9061475
0.8485395 1.570241 1.93769 0.1168578 0.6221059 0.7064807
1.04568 0.8728326 2.552899 0.1471854 0.5688073 0.761821
0.9301412 1.334415 1.865162 0.1238599 0.5612038 0.5787226
1.09352 0.3966614 3.729091 0.1727075 0.6335861 1.149699
0.9729645 0.9947008 2.731319 0.1321682 0.5684497 0.8621649
0.7107739 2.48045 1.11515 0.1122199 0.82755 0.5160784
0.9946425 1.049371 2.43002 0.1387921 0.580224 0.7728292
0.9994041 1.077624 2.15677 0.1461578 0.6008978 0.6945357
1.096638 0.8060371 2.785593 0.164529 0.611972 0.8964368
1.354336 -0.4176462 5.124743 0.2805612 0.8264621 1.554914
0.8511276 1.634166 1.828723 0.1193125 0.6369267 0.6800357
1.186188 0.4075687 2.943784 0.17578 0.5685415 0.7658287
1.230972 0.119197 3.692551 0.2050095 0.6472283 1.029725
0.939354 1.356509 2.020332 0.1232366 0.5639422 0.6462193
1.262512 0.1304518 3.611678 0.2110814 0.6473577 1.003105
1.036451 0.6357649 3.176289 0.1587396 0.6199775 1.007829
0.9611996 1.155501 2.4182 0.1347034 0.5965809 0.813932
1.256106 0.2532095 2.878037 0.1913028 0.5700649 0.6946367
1.249828 -0.006171888 4.237805 0.2145499 0.6744666 1.209367
0.9992236 0.8516344 3.102468 0.1567567 0.6600896 1.124947
1.343583 -0.4395642 4.938817 0.2688892 0.7901728 1.398243
0.9726045 1.160026 2.519232 0.1394355 0.6160537 0.8849147
1.096097 0.6146902 2.809964 0.15784 0.5655622 0.7809771
0.7821037 1.946783 1.617263 0.1102251 0.6816558 0.6520879
1.066631 0.6638453 3.160423 0.1648028 0.6291331 1.028269
1.039933 0.7366585 2.91819 0.1592032 0.6223566 0.9438693
1.030302 0.55627 3.691197 0.1534333 0.6083292 1.16042
0.9887376 0.9670757 2.371864 0.1388988 0.5717587 0.7205048
0.9115275 1.33794 1.912471 0.1218629 0.5675091 0.6051284
0.9382464 0.9909426 2.934023 0.1312862 0.5937551 0.9832149
0.9693859 1.181967 2.345453 0.1201778 0.5222586 0.690429
0.9784079 0.8717765 3.085744 0.1364972 0.5827804 0.9916184
0.8990976 1.414945 2.310017 0.1152433 0.5709254 0.7810044
0.8415461 1.512836 2.119181 0.1172337 0.6300618 0.7899877
1.14259 0.5139032 3.090311 0.1831151 0.635893 0.9538026
1.158455 0.2745872 3.653487 0.1914901 0.652917 1.097563
0.9398007 1.329687 2.179441 0.1233203 0.5678662 0.7102113
0.8554191 1.649531 1.859517 0.1237614 0.6634249 0.7249407
1.183465 0.5559999 2.909179 0.1738243 0.5752072 0.8105028
1.046979 0.8209227 2.689324 0.1477267 0.570003 0.8018741
0.9597863 1.036823 2.773006 0.1365063 0.6044794 0.9459703
1.107881 0.6002249 2.993132 0.1756222 0.6336695 0.9433177
1.052658 0.9370255 2.36345 0.1412783 0.5399261 0.6704815
1.101096 0.4285132 3.400587 0.1705748 0.6141822 1.004752
1.049244 0.7888946 2.707874 0.1519492 0.5833095 0.8180863
1.160652 0.3422424 3.375619 0.1920117 0.6507792 1.016664
1.088977 0.6739988 2.857261 0.1619999 0.592834 0.853089
0.7611989 2.125771 1.532012 0.1015369 0.6652547 0.6016819
1.083779 0.7854703 2.308034 0.1542091 0.5558164 0.6358837
0.8728139 1.329918 2.127486 0.1274715 0.6341751 0.7697782
1.070262 0.738941 2.718762 0.1546302 0.5770278 0.7999161
0.9529655 1.136721 2.43732 0.1361303 0.606664 0.8306869
0.9781566 0.7951458 3.180134 0.1445418 0.6145591 1.05966
0.867196 1.795825 1.539496 0.1115278 0.5877437 0.5201899
0.9647764 1.141701 2.289328 0.1223901 0.5282893 0.6702976
0.875017 1.452386 2.021526 0.1182703 0.596388 0.6980088
1.012413 0.736575 3.44571 0.1500089 0.6173979 1.152635
0.980068 1.250787 2.020203 0.1338738 0.5734786 0.639816
1.038243 0.5258924 3.70596 0.1679648 0.6637738 1.26091
1.021439 0.7799445 2.771992 0.1556495 0.6182868 0.8912577
0.918491 1.182132 2.358238 0.1245813 0.5761145 0.7660721
1.03379 0.5418742 4.086475 0.1633251 0.6582697 1.420755
0.945613 1.214544 2.237325 0.1189291 0.5305466 0.6676002
1.013771 0.9134724 2.655011 0.151562 0.6168861 0.8805475
1.142638 0.4729233 3.152814 0.1695526 0.5815847 0.8777809
0.7548451 2.293928 1.176737 0.1104617 0.7338557 0.4867101
1.066735 0.7962511 2.563957 0.1526128 0.5710454 0.7496226
1.100664 0.5657821 3.202143 0.1625987 0.5896858 0.9428488
1.121905 0.5575829 2.953023 0.1737941 0.6125974 0.8824656
1.49715 -0.7674758 5.297109 0.33332 0.8855544 1.444752
1.274378 -0.003094046 4.082215 0.2173689 0.6650082 1.134708
0.9778244 1.000214 2.578698 0.1328519 0.5629225 0.7947163
1.088448 0.7828622 2.900222 0.1542193 0.5754796 0.8776724
1.287778 -0.007530714 4.034878 0.2270148 0.6889084 1.157822
0.8258271 2.04298 1.413442 0.1135972 0.6631989 0.541565
1.050743 0.7992175 2.918837 0.1652787 0.6486432 1.006193
0.8521933 1.969926 1.378906 0.1146995 0.6341168 0.5002504
0.9055795 1.57599 1.83656 0.1167825 0.5757998 0.6134275
1.40674 -0.3145241 4.44208 0.2673616 0.7402347 1.213663
1.047229 0.8414111 2.569283 0.140233 0.5358174 0.7160404
1.241303 -0.03109593 4.604772 0.204851 0.6511876 1.279362
1.054582 0.6163157 3.369499 0.1591743 0.6145721 1.069607
1.045036 0.8084759 2.794045 0.142325 0.5505714 0.8094551
0.9437553 1.491476 1.520343 0.119144 0.5301428 0.4387054
0.9326867 1.161603 2.514258 0.1446187 0.6694469 0.9591768
0.9549161 1.162349 2.280992 0.134164 0.5923897 0.7520044
0.8552844 1.714446 1.661784 0.1183873 0.630761 0.6062343
0.9676473 1.153704 2.604256 0.1413966 0.6315791 0.9439441
0.795346 2.01386 1.650484 0.1138466 0.7054822 0.6937409
1.052927 0.9057858 2.355843 0.1414272 0.5374732 0.6594278
1.135723 0.3502617 3.893733 0.1835882 0.6501882 1.223069
1.360502 -0.1201982 4.192 0.2439687 0.6984647 1.167929
0.975925 0.9785413 2.579468 0.1405525 0.597425 0.8390323
0.9688817 1.039277 2.83098 0.1484001 0.6572529 1.056319
0.8663616 1.576498 1.922709 0.1186413 0.6174183 0.6941726
1.330223 -0.240184 4.459572 0.2529095 0.7453153 1.276452
1.133272 0.3279852 3.531772 0.1842917 0.6426103 1.058452
1.18262 0.3074008 3.173529 0.1960689 0.6427179 0.9137238
0.9273638 1.158936 2.240123 0.1251149 0.5646416 0.700027
0.9850082 0.9571599 2.663351 0.1319478 0.5523663 0.8014002
0.8830371 1.452393 2.14145 0.1175876 0.5928224 0.7447648
0.9456605 0.8935409 3.167144 0.1426887 0.640246 1.133939
1.052372 1.027466 2.261767 0.1444459 0.5600403 0.6774092
1.025704 1.056629 1.84145 0.126843 0.4839185 0.4556674
1.052874 0.654094 3.264181 0.1696645 0.660353 1.118938
1.045119 0.7439726 2.905206 0.1546772 0.6004149 0.90815
0.9354399 1.331288 2.245466 0.1188014 0.5510111 0.7150754
1.141561 0.4428409 3.262159 0.1799285 0.6225529 0.9704836
1.025521 1.029832 2.320078 0.1509054 0.6063894 0.7570532
0.928846 1.164105 2.542728 0.1289177 0.5963496 0.8672919
0.9347922 1.210718 1.950725 0.1248851 0.5518687 0.5841328
1.086697 0.6124192 3.168061 0.1734254 0.6455047 1.036854
0.9143219 1.461335 1.871863 0.1210914 0.5765906 0.6146425
1.070413 0.5057587 3.59433 0.1724903 0.6546278 1.184756
0.8748143 1.539045 1.838138 0.1193679 0.604534 0.6390184
1.181769 0.3879152 3.243866 0.1810269 0.5975407 0.9030296
1.043691 0.8471637 2.764735 0.1597096 0.6288401 0.9244133
0.7460317 2.184195 1.366871 0.0971507 0.6497286 0.5158033
1.15589 0.3730517 3.442134 0.1780186 0.6061116 0.9833126
0.9203399 1.334943 2.097061 0.1156119 0.538662 0.6431686
0.7698622 1.831214 1.78771 0.1047791 0.6470821 0.690023
1.411093 -0.2515677 3.761225 0.2637114 0.7108639 0.9643837
1.157551 0.4225529 3.350673 0.1866024 0.6395832 1.02467
1.053502 0.6403701 3.04449 0.1624395 0.6212921 0.9604997
1.294693 -0.09728557 4.570797 0.2435224 0.7483415 1.420391
1.15111 0.3688922 3.352786 0.182406 0.6225704 0.9756581
1.101605 0.6435522 2.721764 0.1652057 0.5905094 0.7904654
1.024283 0.8989211 2.459526 0.1355195 0.5319556 0.6876564
0.6059366 3.366807 0.748841 0.1245445 1.252851 0.4636607
1.044974 0.7279865 3.153693 0.159159 0.626077 1.043466
1.141308 0.4961953 3.13089 0.1792867 0.6215354 0.9403579
1.132321 0.436905 3.482092 0.1879309 0.6662637 1.129126
1.228454 0.0096874 4.543882 0.2174116 0.7066651 1.398545
1.018409 0.8324269 2.570773 0.1451856 0.5737807 0.7664411
0.8630255 1.823942 1.554283 0.1124513 0.6036832 0.5439206
1.047065 0.4521505 3.980206 0.1658686 0.649017 1.311907
1.007293 1.076743 2.261137 0.1292918 0.5270046 0.6478956
0.9458644 1.146268 2.391019 0.1342263 0.6014961 0.8060509
1.021576 0.9557221 2.43364 0.1420208 0.5672352 0.7367913
0.9101345 1.2312 2.330976 0.1232279 0.5802725 0.7699555
1.453201 -0.3241594 3.547352 0.2736345 0.7066183 0.8542443
0.992442 1.042739 2.217719 0.1326086 0.5437995 0.6446363
0.85492 1.595607 1.784775 0.1051238 0.5470807 0.5647661
0.7516729 2.32887 1.254524 0.1061263 0.7213774 0.5172473
1.068628 0.854676 2.738336 0.1535248 0.587441 0.8557654
0.751803 2.259112 1.24818 0.1060519 0.7057364 0.501488
1.013169 1.238675 1.85875 0.1398357 0.5700427 0.5717728
0.8997098 1.367884 1.841179 0.1185758 0.5584891 0.5714342
1.10002 0.7258603 2.715568 0.1537699 0.5541517 0.7615738
0.9855328 1.173937 2.189989 0.1393831 0.5939596 0.7190357
1.048038 0.7977379 2.985836 0.1482388 0.5790992 0.9213903
1.185761 0.2949394 3.875299 0.1948925 0.6565979 1.199714
0.9664983 1.292379 2.15531 0.1277509 0.5668846 0.6941822
0.9618587 1.139578 2.538188 0.140948 0.6288032 0.9070658
1.236684 0.2814358 3.312701 0.2008663 0.6305628 0.9362855
1.15002 0.2486099 4.252427 0.1869271 0.6542 1.318932
0.9395798 1.363214 1.843397 0.1261766 0.5695709 0.5831918
0.8628359 1.59924 1.651708 0.1111827 0.5678454 0.5330317
0.9876985 1.31062 1.888428 0.1199131 0.5066094 0.5286358
1.03559 0.8255835 2.721245 0.1408129 0.5485765 0.783757
1.123525 0.3673332 4.095926 0.193701 0.70582 1.430037
1.355628 -0.2715839 4.629721 0.2590027 0.7516981 1.33109
1.157923 0.4366788 3.342315 0.1828298 0.6258256 1.00384
0.8446414 1.628004 1.754324 0.1157156 0.6167843 0.6258659
0.8286574 1.831549 1.58055 0.1141752 0.6414809 0.5887681
0.8445748 1.544139 1.933831 0.1119639 0.5924267 0.6673896
1.179435 0.2483237 3.49851 0.1888902 0.6233837 0.9771629
0.8683606 1.532063 1.991275 0.1223555 0.6335763 0.7382308
0.8438479 1.727452 1.531625 0.1065874 0.5667561 0.4946377
1.29637 0.1830247 3.125174 0.2186611 0.6435725 0.8493213
0.9882942 0.8998332 2.790364 0.1351656 0.5634074 0.8521952
0.9621697 0.9522847 2.64018 0.1349368 0.5794009 0.8308373
0.8905726 1.544973 1.95363 0.1207268 0.6081474 0.6940004
0.8793222 1.437898 2.135591 0.1307239 0.6633281 0.8274343
1.151877 0.4084609 3.651024 0.1944715 0.6814422 1.213212
0.8371399 1.483254 2.279382 0.1173398 0.6368015 0.8673817
0.8836239 1.27111 2.454208 0.123905 0.6141178 0.8775898
0.9170089 1.558314 1.669963 0.1276442 0.6104439 0.5756934
0.9309035 1.456898 1.822999 0.1137425 0.5260984 0.5430627
1.080533 0.6921929 2.948198 0.1547024 0.5746766 0.8682693
1.0566 0.9548598 2.062756 0.1450496 0.5417287 0.5692778
0.9832196 0.8349333 3.336163 0.1513035 0.6520882 1.209404
1.167366 0.1956132 4.142357 0.1929826 0.6595774 1.257874
1.115331 0.410705 3.202534 0.1706841 0.5977833 0.8976264
1.136395 0.4095859 3.334038 0.1796343 0.6241312 0.9882417
1.077602 0.5828571 3.201053 0.1648734 0.6146361 0.9893509
0.9202705 1.189149 2.233503 0.1310331 0.6026191 0.7508681
1.133156 0.4140621 3.525081 0.1948151 0.6916231 1.180505
1.065098 0.6580493 2.872661 0.1684115 0.6340925 0.9164946
1.236181 0.3040844 3.322893 0.2062125 0.651968 0.9829589
0.8744318 1.667531 1.815437 0.1138632 0.5936228 0.6319591
0.9201928 1.494633 1.685418 0.1151916 0.5370807 0.5064576
0.7342733 2.459184 1.171774 0.1274993 0.9107708 0.6005052
1.134243 0.4685939 3.574704 0.1764629 0.6262486 1.10986
1.465307 -0.439665 4.500516 0.3041607 0.8116592 1.271723
1.03082 0.8874604 2.57961 0.141873 0.5579924 0.7613622
0.8508848 1.651175 1.670441 0.1121054 0.5896203 0.5652308
1.018002 0.7699329 3.126713 0.1523392 0.6180411 1.033784
1.134278 0.5667734 3.126236 0.1724389 0.6063905 0.9415639
0.9873613 1.116764 2.091315 0.1303398 0.5393078 0.6062912
1.008197 1.081301 2.323485 0.1503738 0.6225763 0.7910388
0.9355309 1.29536 2.075026 0.1224371 0.5566088 0.6497466
0.9123985 1.365222 2.097414 0.1224885 0.5832245 0.7013595
0.9196676 1.275181 2.314226 0.1269982 0.5993362 0.7983358
0.9195899 1.394121 1.880185 0.1087311 0.5034996 0.5341404
0.9371771 1.268959 2.157334 0.129773 0.5921901 0.7211489
1.028345 0.8554595 2.412305 0.1348714 0.5191827 0.6435179
0.8794553 1.795216 1.39339 0.1080206 0.5493784 0.4304048
1.052271 0.7451791 3.083498 0.1609133 0.6283104 1.024048
0.9430875 1.262027 2.282852 0.1429832 0.657479 0.8569877
1.026305 0.8146765 2.757181 0.1424379 0.5618826 0.8144484
0.9280235 1.233751 2.208884 0.1261926 0.5786001 0.7196315
1.071216 0.483315 3.618894 0.1682237 0.6353426 1.150207
1.140424 0.5669077 3.111961 0.1757501 0.6152116 0.9502544
1.148692 0.5516538 2.743073 0.1729491 0.5852849 0.7646865
1.059533 0.9248482 2.330118 0.1436923 0.5436912 0.6612469
0.8130807 2.090431 1.345406 0.1056363 0.6279742 0.4853627
0.7725671 2.149335 1.36363 0.103592 0.6624069 0.5227382
0.9060026 1.512291 1.964353 0.1307812 0.6454172 0.7369855
0.7833135 2.020596 1.445633 0.1040955 0.6393282 0.5363757
0.8446022 1.690935 1.772494 0.1106606 0.5979521 0.6197125
1.213186 -0.003445266 4.420592 0.2197026 0.7205614 1.368362
0.991151 1.049753 2.567678 0.1407585 0.5972389 0.8522989
1.079119 0.6696961 3.192111 0.1669897 0.6314665 1.046409
1.595163 -1.009463 5.582418 0.393005 0.9950236 1.533687
1.003255 0.9029733 2.785138 0.149062 0.6168438 0.9322411
1.0011 1.005467 2.814895 0.1418733 0.59967 0.9473658
1.074402 0.7431375 3.16601 0.1524288 0.5808355 0.9764957
1.072694 0.7112976 2.897159 0.1562779 0.5859151 0.8716482
0.7996341 1.978828 1.563725 0.1260396 0.7658346 0.70333
0.9436789 1.355898 1.981561 0.1294881 0.5894729 0.6590444
1.108135 0.4634162 3.766559 0.188746 0.6970573 1.320136
1.005928 1.131727 2.286699 0.1383431 0.5749536 0.7258377
0.8027872 1.99201 1.400823 0.1035608 0.6120303 0.4935112
1.107907 0.6824929 3.003789 0.1579321 0.5719826 0.8800408
1.130444 0.3600477 3.834346 0.1880783 0.6707799 1.243935
1.167469 0.5619919 3.061701 0.1730728 0.5868965 0.8845665
0.8503203 1.508122 2.188435 0.1094747 0.5815864 0.7577917
1.004824 0.9154314 2.473451 0.1418071 0.5722304 0.7468903
1.103455 0.7092364 2.895722 0.1620442 0.5905253 0.8768403
1.077841 0.8957548 2.275737 0.1482326 0.5460518 0.6376655
0.8313081 1.740153 1.882628 0.1214172 0.687154 0.7719587
0.7920355 1.794957 1.807223 0.1133636 0.6765266 0.7272836
0.7213684 2.399787 1.173834 0.09960448 0.7108623 0.4715689
0.9577076 1.259611 2.085088 0.1258453 0.5548598 0.646088
0.9313994 1.138419 2.173131 0.1153107 0.5098669 0.6067378
1.181355 0.4000303 3.498746 0.1798766 0.6023639 1.008425
1.308213 -0.08723386 4.000449 0.2355535 0.6987386 1.117522
1.199277 0.1176936 3.944781 0.208764 0.6862318 1.187727
1.075655 0.7894257 2.498191 0.15795 0.5841874 0.7405766
0.9412311 1.424052 1.679815 0.1244659 0.5580312 0.5151347
1.060221 0.8692749 2.732304 0.1364775 0.5225715 0.7637824
0.9807992 1.082159 2.301734 0.1392773 0.5896452 0.7404719
0.924363 1.359302 1.943318 0.1216944 0.5623421 0.6142646
1.080404 0.6622572 2.972103 0.1631986 0.6068798 0.9161911
1.045618 0.8359389 2.784361 0.148192 0.577813 0.8531044
0.8647394 1.662804 1.644399 0.1101497 0.5693123 0.5367688
1.217269 0.3705257 3.068732 0.1937137 0.6162669 0.8620855
0.9191846 1.45907 1.919223 0.1309854 0.6255459 0.6869033
0.9621124 0.935374 2.628863 0.1415329 0.6076634 0.8619982
0.8726898 1.431616 2.162968 0.1168737 0.5935134 0.7505664
1.259443 0.1434271 3.850124 0.2054312 0.6376047 1.080119
0.9993061 0.98618 2.975567 0.1561347 0.6697109 1.127864
0.9869545 0.9102143 2.930291 0.1334892 0.5620676 0.9060285
0.9474552 1.294074 2.057591 0.1235927 0.5534161 0.6388824
0.8940265 1.408969 2.049027 0.1181914 0.5782123 0.6828157
1.022601 1.054039 2.44066 0.1462682 0.5971866 0.8011234
1.070915 0.7472966 3.045134 0.1641141 0.6288403 1.010149
0.9704367 1.013431 2.75595 0.134421 0.5839187 0.9006717
0.9962364 0.9893861 2.534766 0.1369178 0.5681502 0.7845697
1.153323 0.5142912 3.036339 0.1722379 0.5862564 0.8581969
1.252075 0.3550425 3.211423 0.1986629 0.6173468 0.9086843
0.9785493 1.130737 2.458422 0.1338552 0.5797199 0.8021356
1.119378 0.4674733 3.598955 0.1785079 0.6443768 1.152274
1.042002 0.8430827 2.645174 0.1495949 0.5818488 0.8076702
0.8801466 1.37971 2.27683 0.1254191 0.6322035 0.84298
0.8543682 1.693648 1.866944 0.1231299 0.6684394 0.7385387
0.9767808 1.127766 2.473023 0.1363993 0.5924903 0.8243588
1.266331 -0.01096723 4.127196 0.2358355 0.7346462 1.272131
1.164292 0.3111139 4.119133 0.1984208 0.6924152 1.380406
1.048319 0.9511518 2.549705 0.1511165 0.5941077 0.8167202
0.9627571 1.113991 2.323334 0.1352608 0.5883388 0.7548185
1.0507 0.7824028 3.034659 0.1468784 0.5725253 0.926996
0.9466464 0.9966079 2.43862 0.1258995 0.5446216 0.7170779
1.002093 1.137102 2.219527 0.1276709 0.5268725 0.6418498
1.179634 0.305309 3.453483 0.188613 0.6263082 0.9924638
1.194995 0.3927575 3.309846 0.1911742 0.6302876 0.9819572
0.8814049 1.329088 2.08574 0.120634 0.5896732 0.6985162
1.016004 1.066817 2.161358 0.1337491 0.535296 0.6187749
1.067914 0.8708722 2.440438 0.1472748 0.5516536 0.6975873
0.8220246 1.722976 1.767984 0.1176928 0.6623003 0.6873273
1.038142 0.6981681 3.138462 0.1654218 0.6535879 1.072168
1.002561 0.8800223 2.670378 0.1391185 0.566018 0.8054477
1.184013 0.2595531 3.844468 0.2005541 0.6749146 1.203598
1.000705 0.8331315 2.889408 0.1430325 0.5870453 0.9081885
0.9448728 1.279379 2.35452 0.1284992 0.5911008 0.8040055
1.218206 0.1312252 3.950405 0.2006803 0.6470949 1.128885
0.8719748 1.80307 1.438847 0.1046244 0.5416153 0.44286
0.8775615 1.578069 2.108678 0.1249072 0.6548174 0.8254799
1.01572 0.9114254 2.651565 0.1493909 0.6055891 0.8620903
1.15563 0.1876648 3.732873 0.1981207 0.6750353 1.124251
1.078913 0.7782449 2.639134 0.1558704 0.5782645 0.7827155
1.058382 0.554284 3.478684 0.1559385 0.5947584 1.050421
1.085606 0.7322971 2.554253 0.153744 0.5574413 0.711554
0.8884837 1.492108 1.926229 0.1261254 0.6288956 0.6985447
0.87836 1.385894 2.226228 0.125917 0.6359121 0.8273901
0.8675383 1.547485 1.827041 0.1185023 0.6065628 0.6380291
1.192099 0.04627533 4.265425 0.2255278 0.7556727 1.403624
0.7486645 2.082288 1.490511 0.1030197 0.677224 0.5915964
0.8708225 1.324628 2.200621 0.1249506 0.6249756 0.7896768
1.006684 0.8371927 2.903628 0.139624 0.5692008 0.8875227
1.009041 1.04816 2.325188 0.1352377 0.5498488 0.6911841
1.01572 0.630759 3.537561 0.1699677 0.6950481 1.295194
0.8672023 1.430181 2.193485 0.1175264 0.6029395 0.776266
0.9308042 1.303173 2.382236 0.136147 0.6431011 0.8912344
1.188683 0.3642867 3.56084 0.2010408 0.6755141 1.143467
1.234658 0.1660109 3.442597 0.1955203 0.6080627 0.9014018
1.232314 0.0835893 3.897284 0.2072863 0.6568694 1.101246
0.9589675 0.9911026 2.632318 0.1388795 0.6049466 0.8751752
1.171537 0.1183938 4.291445 0.1936124 0.6563464 1.262911
0.9617508 1.178727 2.262744 0.1340626 0.5889323 0.7436661
1.265078 0.05240833 3.927291 0.2132372 0.6565746 1.094275
0.9519412 1.331995 2.022535 0.1293965 0.5819352 0.6633103
1.265449 -0.01167821 3.894605 0.2310864 0.7120858 1.141973
1.02884 0.6220411 3.27778 0.1546306 0.6098503 1.028057
0.828106 1.681133 1.921934 0.1231845 0.6919597 0.7902588
0.9148106 1.3967 2.034125 0.1254735 0.5981504 0.697311
0.8728379 1.497266 1.919966 0.1280248 0.6509223 0.7202063
1.420105 -0.4487263 5.339098 0.2942145 0.8301792 1.622644
1.222063 0.4545755 2.951692 0.1881954 0.598643 0.8266833
0.7601346 2.341239 1.175534 0.1177761 0.7884585 0.522737
1.214194 0.3659704 3.000924 0.185709 0.5870124 0.7958728
0.9235157 1.148496 2.625152 0.1276593 0.594839 0.8960955
1.021874 0.7267738 3.078211 0.1586732 0.6365163 1.028704
1.001804 1.090546 2.498753 0.1601112 0.6801174 0.9488748
0.9918096 1.209764 1.950881 0.1235365 0.5112371 0.5412404
1.065561 0.7694814 2.884175 0.1484445 0.5636563 0.8514763
1.368067 -0.397744 5.245123 0.275825 0.8062573 1.580539
1.016224 0.8919894 2.595978 0.1455911 0.5848319 0.8067981
1.140837 0.4396903 3.483681 0.1819887 0.6381445 1.082529
0.8810432 1.668596 1.746462 0.109295 0.5598373 0.5685546
1.003924 0.9456086 2.488311 0.1364108 0.5532945 0.7350944
0.9304999 1.529463 1.826663 0.1258582 0.5971375 0.6255984
1.189286 0.1231403 4.267816 0.19848 0.663489 1.272335
1.110053 0.5451091 3.324986 0.177406 0.6452393 1.075885
0.9464916 1.25738 2.105382 0.1240644 0.5541213 0.6527659
0.8006221 1.88588 1.723026 0.1220137 0.7342471 0.7525517
1.044526 0.8378696 2.896915 0.1514647 0.596595 0.9261756
0.8871658 1.410803 2.087714 0.1277785 0.6343937 0.7649535
0.8526901 1.807723 1.622914 0.1170984 0.6385966 0.6038979
0.8539343 1.581751 1.996957 0.1106732 0.5865986 0.6913013
0.8761719 1.358366 2.332867 0.1204869 0.607982 0.8313957
1.214121 0.479203 2.626896 0.1878343 0.5910187 0.7080723
1.214523 0.2212778 3.719817 0.2002115 0.6483248 1.089333
0.9070886 1.182368 2.372789 0.1351312 0.6383055 0.8560008
1.178005 0.3546354 3.39727 0.1870359 0.6239147 0.9878312
0.9986173 0.8682032 3.000851 0.1491329 0.6237919 1.023486
0.8133383 2.046046 1.450777 0.1232408 0.7378435 0.6217434
0.9122012 1.27612 2.412283 0.1255896 0.6013019 0.8424994
1.021218 0.900736 2.22309 0.1431392 0.5562788 0.6324239
0.8532952 1.975302 1.263759 0.1014267 0.5493751 0.3910513
1.075895 0.785519 2.585046 0.1561121 0.5798011 0.7666552
0.8813928 1.499734 2.012387 0.1124018 0.5670205 0.6666399
1.155569 0.510507 3.199417 0.1818581 0.6264009 0.9797745
0.9213832 1.43398 1.834231 0.1092342 0.5063535 0.5239951
0.8097057 1.850418 1.672488 0.1120709 0.654267 0.6446572
0.7635291 2.212808 1.298213 0.1068053 0.6961104 0.5179283
1.073134 0.6936278 2.95545 0.1544647 0.5780274 0.8757969
0.921414 1.212376 2.55342 0.1409348 0.6692059 0.9900767
0.9939676 1.080356 2.325025 0.1465082 0.6142104 0.780143
0.9283475 1.008144 3.180545 0.1285801 0.5968377 1.096574
0.8615385 1.439733 1.976667 0.1113918 0.563555 0.6389336
1.245747 0.4202421 2.861897 0.1850905 0.5685358 0.7423144
0.9360358 1.181805 2.347503 0.1349534 0.6153016 0.8143538
0.9748276 1.098115 2.173005 0.1353431 0.5709624 0.6695582
0.9340334 1.409284 2.126743 0.1355205 0.6412076 0.7907286
0.9834013 0.900986 2.841987 0.1423916 0.6021142 0.9336089
1.278825 0.0521266 3.702398 0.2049091 0.6139093 0.9453028
1.260554 -0.12044 4.233326 0.2198771 0.6789594 1.151465
1.299401 -0.006318836 4.035546 0.2278142 0.6847152 1.151348
1.299076 -0.04946743 4.123458 0.2327203 0.701017 1.188702
1.040965 0.8780607 2.595045 0.1554859 0.610084 0.8373146
1.234257 0.1760776 3.738309 0.2070382 0.6578861 1.090985
0.8010082 1.9643 1.469897 0.1005847 0.595908 0.5086484
1.1544 0.4619034 3.68983 0.1791917 0.6270926 1.153602
0.7695656 2.067221 1.548475 0.1223339 0.7881678 0.7190547
1.0976 0.6979819 2.846291 0.1687193 0.6178177 0.8947785
1.033071 0.9780509 2.279057 0.1458227 0.5715734 0.6867309
0.9125621 1.339997 2.107721 0.136755 0.6517778 0.7832657
1.126354 0.5141041 2.902295 0.1683022 0.5824075 0.8055825
0.9026232 1.442805 1.921639 0.1274521 0.6174162 0.6770472
1.118203 0.7156218 2.566105 0.1604993 0.5647122 0.7213438
1.007228 1.037103 2.235192 0.1419542 0.5763943 0.6889258
0.9724856 1.148725 2.309046 0.1279859 0.552157 0.7101971
1.193307 0.5362152 2.683387 0.1692094 0.5433364 0.6842722
1.118935 0.7119025 2.675089 0.1643524 0.5829129 0.7837448
1.124072 0.3358932 4.091543 0.1753239 0.6291372 1.253694
0.8873664 1.50357 2.063369 0.1189032 0.600675 0.7281387
1.389977 -0.5051164 5.872244 0.2890282 0.8414947 1.806014
1.135278 0.3990114 3.798852 0.1701159 0.6000895 1.116054
1.250834 0.1908177 3.396191 0.2047838 0.6314832 0.930488
0.898166 1.480101 1.938451 0.1224863 0.6012767 0.6714013
0.90553 1.415378 1.985365 0.1161756 0.5567753 0.6324024
1.159677 0.4104054 3.286751 0.1788912 0.6061081 0.9419435
1.108641 0.5965313 2.925241 0.1615782 0.5752814 0.8302314
1.121934 0.5891337 2.914715 0.1608667 0.5632077 0.8051534
1.033079 0.7295776 2.915291 0.152531 0.5974168 0.9022026
1.030982 0.9905122 2.390863 0.142962 0.5669046 0.7261291
1.105798 0.633687 2.906596 0.1510776 0.5375919 0.7787359
0.9312683 1.249386 2.016927 0.1127521 0.5040983 0.5630182
1.054417 0.811115 2.922076 0.1728052 0.6789079 1.057827
1.425683 -0.5766677 5.880298 0.30313 0.8595544 1.782849
1.173027 0.3248356 3.741137 0.1898223 0.6448635 1.141773
1.274497 0.3409303 2.705721 0.1867778 0.5472938 0.6409395
0.9993832 0.8485367 3.075385 0.1553057 0.6516641 1.096431
1.109648 0.4266461 3.605586 0.1740262 0.6280603 1.104758
1.343905 -0.2384449 4.737275 0.2611593 0.7698302 1.426333
0.9821905 1.321119 1.825381 0.126234 0.5360313 0.5363144
0.9126072 1.418374 1.964863 0.1231261 0.5870918 0.6586869
1.109486 0.4173726 3.71716 0.1770077 0.6428223 1.173231
0.910163 1.406055 1.796285 0.1182167 0.5525958 0.5531349
1.168289 0.3148177 3.549174 0.1930963 0.6537261 1.078292
0.9480355 1.052557 2.791042 0.137399 0.6194053 0.9811141
1.037991 1.030346 2.369417 0.1372134 0.5424107 0.6961831
0.9601951 0.9542326 2.850675 0.1310429 0.570727 0.9021375
0.9324297 1.330184 2.091617 0.124343 0.574445 0.6837497
0.9738199 1.057728 2.558881 0.1374989 0.5944189 0.8470682
0.7888878 2.155161 1.334564 0.1037436 0.6483078 0.4990629
1.264588 -0.06188103 4.090699 0.2215115 0.6813333 1.134426
1.242639 0.09959946 3.730333 0.2079395 0.6501798 1.038415
1.082824 0.5392221 3.580266 0.1766118 0.6669862 1.218575
1.031425 0.8338324 3.014814 0.1476978 0.5931892 0.9695063
0.8970193 1.623634 1.839707 0.1179321 0.5944464 0.6388619
1.084542 0.5556908 3.217462 0.1637884 0.6039225 0.9686332
1.122749 0.4364521 3.65292 0.1858359 0.6689269 1.203557
1.059246 0.7239227 2.986868 0.1641492 0.6314736 0.9813253
0.9796219 1.232581 1.988329 0.12549 0.531769 0.5797822
0.8007623 1.905556 1.695926 0.1143551 0.6893195 0.6958594
0.9541252 1.313514 2.072124 0.1225897 0.5481536 0.6419009
0.8857934 1.232705 2.646165 0.1271621 0.6322089 0.9822534
1.066072 0.6811409 3.09164 0.1551139 0.5882262 0.9394171
0.8359849 1.686649 1.886249 0.1173623 0.6512059 0.728917
1.433884 -0.309752 4.198576 0.2760943 0.7449455 1.137065
1.183438 0.2590099 3.526476 0.1918651 0.6338813 1.010619
1.111494 0.3199122 4.19005 0.1749647 0.6366343 1.298971
1.156529 0.2523979 3.978001 0.198481 0.6882489 1.279965
0.965957 1.22446 2.152635 0.1257566 0.5480617 0.6583868
0.9738564 1.202435 1.998727 0.1347625 0.5739809 0.6241065
1.150957 0.5477321 3.112059 0.1805254 0.6253599 0.9590979
1.05381 0.9580358 2.095746 0.1451423 0.5455464 0.5855441
1.248878 0.1294876 3.509601 0.2107587 0.651441 0.9732182
1.010875 0.9084966 2.915343 0.1526927 0.6332481 1.014625
1.14751 0.3902567 3.327358 0.178859 0.6122727 0.9580924
1.304419 -0.02201654 4.108742 0.2245202 0.6717183 1.147559
1.127954 0.2769421 4.020278 0.1862645 0.6624998 1.259763
1.033266 0.7781258 2.945689 0.1511337 0.5975075 0.9292656
0.8300622 1.769369 1.707447 0.1165025 0.6530295 0.6540627
0.8512248 1.669515 1.794399 0.1173666 0.6291688 0.6596973
1.049264 1.089989 2.138024 0.1410363 0.5493902 0.6306602
1.036674 0.9746657 2.439829 0.1422372 0.5606677 0.7332245
1.117745 0.6443832 2.840602 0.1571147 0.554443 0.7847202
1.137853 0.467001 3.287126 0.1859633 0.651164 1.035902
0.9306142 1.131661 2.293856 0.1247465 0.5599846 0.7103844
0.9653032 1.245747 2.097964 0.1213006 0.5277905 0.6177494
1.035294 0.8468278 2.573718 0.143058 0.5560296 0.7470805
1.127841 0.5199535 3.590636 0.1788357 0.6450909 1.173223
0.8984302 1.554703 1.756493 0.1160683 0.5689294 0.5713518
0.8916783 1.381687 2.018624 0.1131719 0.5487655 0.6332998
0.8375241 1.737813 1.726088 0.1089369 0.5991541 0.6062232
0.8699397 1.623482 1.789978 0.127974 0.6653184 0.6902317
1.109576 0.727854 2.692828 0.1602681 0.5745079 0.7832582
0.848734 1.784391 1.60338 0.127067 0.6932622 0.6436877
0.9575931 1.007757 2.551121 0.1428942 0.6234287 0.8715398
1.123551 0.5376844 3.284138 0.174448 0.622451 1.016442
1.164797 0.5558073 2.820636 0.1668404 0.5562603 0.7531233
0.8291177 1.646031 1.909844 0.1221585 0.6781591 0.7646098
0.9464686 1.242647 2.365827 0.1321673 0.6032282 0.8178043
1.03715 0.8461129 2.58572 0.1381358 0.5344041 0.7222914
1.353159 -0.2157339 4.266659 0.2507097 0.7201915 1.175616
0.9061882 1.232814 2.111907 0.1148167 0.5315185 0.6250916
0.8308154 1.718126 1.648268 0.1052643 0.5736467 0.5462204
0.9684739 1.151065 2.195619 0.1363745 0.5886004 0.7106816
0.8218909 1.772677 1.863216 0.1180169 0.6802824 0.7585283
1.011114 0.9497844 2.582825 0.1380081 0.5607018 0.7825852
1.232776 -0.005861131 4.78369 0.2191864 0.7140888 1.496793
0.8272624 1.787054 1.571967 0.1220019 0.6803326 0.6166905
1.030202 0.8408503 2.762355 0.1575085 0.6275431 0.9198043
1.06455 0.5839216 3.457741 0.1548633 0.5889152 1.044518
1.155271 0.4548954 3.056551 0.1805088 0.6114795 0.8824469
0.9265883 1.229614 2.353533 0.1347224 0.6277452 0.8433707
1.100312 0.5504718 3.41743 0.1646428 0.6033848 1.042124
0.936837 1.163488 2.406163 0.1303316 0.5921479 0.8041178
0.8006654 1.979014 1.442826 0.1053991 0.6270706 0.5238785
0.9480613 1.176936 2.330996 0.1292095 0.578075 0.757845
0.9344804 1.139352 2.577216 0.1323993 0.6082763 0.8945302
0.9571018 0.9778891 2.687787 0.1336802 0.5824588 0.8618899
0.8307685 1.791111 1.638108 0.1054662 0.5866554 0.5607836
0.882615 1.583003 1.726075 0.1092761 0.5461837 0.5400183
0.9367071 1.115687 2.686775 0.1414729 0.6521953 1.002987
1.202648 0.355633 3.262149 0.1923309 0.6248304 0.9397344
1.015344 0.8676722 2.869287 0.1552394 0.6352439 0.9858165
0.8361888 1.696913 1.72489 0.1134369 0.6192928 0.6218925
0.9939974 1.128352 2.245053 0.1391217 0.5846556 0.7220913
1.226736 0.02400611 4.339291 0.2244966 0.7289521 1.369283
1.139708 0.4712697 3.399913 0.1801175 0.6317811 1.051081
0.9816955 0.9143038 2.792161 0.1361232 0.574337 0.8747376
1.066071 0.5326704 3.634486 0.160036 0.6098589 1.131198
1.249013 0.372967 2.850306 0.1854524 0.5637511 0.7178519
1.113755 0.6115506 3.520014 0.1668647 0.6135803 1.126297
0.9697741 1.088442 2.471708 0.1314356 0.5692173 0.7839015
0.9733161 1.24325 1.989811 0.1326384 0.5699543 0.6233405
1.283084 -0.2993252 5.021004 0.2492181 0.7729645 1.499249
0.9903826 1.029291 2.627544 0.1405075 0.5963426 0.8707588
0.9551622 0.9510998 2.915104 0.1214662 0.5299905 0.8610546
0.8793396 1.574636 1.718264 0.121488 0.6110278 0.5984641
0.9625995 1.257122 2.126827 0.1254765 0.5517512 0.6582352
1.082661 0.6607639 2.904651 0.1644475 0.6080341 0.8914106
0.9497341 1.358331 2.046446 0.1254399 0.5688856 0.6617528
1.159025 0.4157994 3.329923 0.1716287 0.5809101 0.9194857
1.011489 0.8580537 2.538671 0.1402976 0.5582145 0.7398644
0.7719453 2.101357 1.445955 0.09348202 0.5949141 0.504051
0.8687949 1.566419 1.772902 0.1118473 0.5687461 0.5783448
1.127095 0.4437572 3.474671 0.1744399 0.6167875 1.04235
0.9641035 1.068306 2.758284 0.1360927 0.6032449 0.9462946
0.9105955 1.439095 1.888433 0.1148037 0.545589 0.586359
0.9014342 1.618864 1.847722 0.1182816 0.5926551 0.6395908
1.012308 0.9795114 2.314727 0.145022 0.583043 0.7153141
1.045257 0.9158778 2.552614 0.138597 0.537813 0.7311193
1.037665 1.002441 2.123667 0.1412155 0.5455546 0.6047732
0.8669131 1.777996 1.494825 0.1091131 0.569984 0.4864153
1.298941 -0.2247235 4.560224 0.2460111 0.7448711 1.321065
1.066757 1.008358 1.936913 0.1376275 0.5058794 0.4994452
0.9000379 1.426623 1.98367 0.1240548 0.6031255 0.6860417
0.976397 1.07114 2.499226 0.1403434 0.6047983 0.83943
0.9030711 1.238914 2.440323 0.1245866 0.598785 0.8437581
0.8618968 1.567753 1.896864 0.1131795 0.5882491 0.6501905
0.8703184 1.596 1.735367 0.1194679 0.6116861 0.6090697
0.9445983 1.393505 1.815716 0.1129946 0.5048915 0.5111554
0.9585031 1.282125 2.019256 0.1242415 0.546943 0.6158704
1.103008 0.4973019 3.187359 0.1670503 0.5991134 0.9282809
0.9121179 1.223222 2.41883 0.1267143 0.6000798 0.8330818
1.04354 0.5837071 3.280779 0.1585998 0.612741 1.01764
0.9695144 1.142624 2.079046 0.1234913 0.5215708 0.5867875
0.950079 1.093747 2.598036 0.1259037 0.5609801 0.8233054
1.110388 0.6442758 2.915957 0.1642763 0.5891884 0.8620652
0.8665829 1.720081 1.434361 0.10272 0.5226967 0.4210266
1.222578 0.2303305 3.68861 0.2089267 0.6747577 1.127744
1.023207 1.042414 2.185729 0.1303777 0.5152643 0.6004808
1.265918 0.009179687 3.959685 0.2179511 0.6701436 1.107486
1.171528 0.4681355 3.07468 0.1828599 0.6122806 0.8942056
1.002386 1.067323 2.347362 0.1465598 0.6084197 0.7794384
1.023009 0.9570026 2.489025 0.1426031 0.5705172 0.7613397
1.075724 0.7244374 3.022426 0.1551449 0.5852789 0.9231352
1.124442 0.5237026 3.354057 0.1700307 0.6061932 1.013233
1.182381 0.3569262 3.855536 0.1907262 0.648885 1.211145
0.9738335 0.9751087 2.601249 0.1335395 0.5667486 0.8033647
0.9149321 1.475117 1.877438 0.1153905 0.5496645 0.5902448
0.8620458 1.654014 1.530667 0.1057317 0.5395132 0.4660016
1.137006 0.3582405 3.734638 0.1836315 0.6465015 1.158949
1.05881 0.7504953 2.693916 0.1533562 0.5788473 0.7962332
0.8821675 1.547128 1.758724 0.1183575 0.5898561 0.5910448
0.9842348 1.078849 2.168512 0.1356621 0.5644967 0.6573382
1.117269 0.6392342 3.165052 0.1747514 0.6346397 1.029131
1.099632 0.5130064 3.746006 0.1698533 0.6306497 1.207213
1.605736 -0.9586274 5.515083 0.3800298 0.9488145 1.472176
0.9314244 1.388806 2.006055 0.122226 0.5679122 0.6497816
0.9925481 1.037447 2.381865 0.1373865 0.5713858 0.7392032
0.9009914 1.25408 2.215432 0.1332935 0.6359892 0.7970428
0.9451118 1.371697 1.935225 0.1155577 0.5205571 0.5678097
0.8277582 1.602124 2.133027 0.1273943 0.7153988 0.9165232
0.9320139 1.44144 1.963892 0.1208143 0.5662585 0.6387159
1.214625 0.2323797 3.312254 0.1982174 0.6293239 0.9133114
1.054213 0.782921 2.96892 0.1633985 0.638059 1.00502
0.9598244 1.012184 2.536071 0.1259353 0.5417988 0.7520891
0.8557172 1.794331 1.505225 0.1064892 0.5661508 0.488269
1.021988 0.7537162 2.891897 0.1467945 0.5814106 0.876434
1.304549 -0.04060184 4.430381 0.2285818 0.6914836 1.289712
1.068034 0.6202945 3.231443 0.1616611 0.6119698 1.010125
1.019643 0.8408533 2.920778 0.1374705 0.5526166 0.8690924
0.9552314 0.8429198 3.28993 0.146433 0.6485953 1.184645
1.084043 0.5424046 3.008304 0.1640884 0.5972859 0.8750811
0.8239492 1.741051 1.810404 0.1167724 0.6617731 0.7093367
1.009046 0.927737 2.599676 0.136004 0.5509295 0.7694735
0.9185955 1.470014 1.848686 0.1261851 0.5996773 0.6306108
1.270924 0.07286051 3.534251 0.2100875 0.6322325 0.9252513
0.9074283 1.401685 1.97474 0.1244963 0.5957732 0.6701489
1.062659 0.7660438 2.563689 0.1520002 0.5675979 0.7370581
1.195317 0.08149085 4.662386 0.2090979 0.7059593 1.493123
0.9449174 1.173018 2.366376 0.1332933 0.6011747 0.8024833
1.253427 0.1574813 3.193632 0.2049071 0.6205131 0.829145
1.035708 0.6925239 3.413487 0.1604013 0.6420997 1.168292
0.7467109 2.2203 1.334209 0.1075022 0.7227515 0.5561628
0.7061456 2.6384 1.078439 0.1007634 0.7701734 0.4600967
0.8817006 1.486367 2.096509 0.1150689 0.5827645 0.7178164
0.7692533 1.992951 1.481748 0.1066478 0.667386 0.5760896
1.157491 0.6795455 2.390756 0.1698455 0.5674706 0.6531232
1.217502 0.1986697 4.131139 0.2040644 0.6696448 1.27465
0.9398733 1.324437 1.977123 0.127992 0.5803277 0.6426925
1.01507 0.8052819 2.843109 0.1496946 0.6022254 0.9041225
1.140096 0.3738672 3.334222 0.1939932 0.6733569 1.051608
1.169443 0.08556703 4.813102 0.2143317 0.7473821 1.652196
1.16953 0.1084428 4.043652 0.2025671 0.6842665 1.217096
1.066748 0.7191716 2.822014 0.1561309 0.5875477 0.8490778
1.05277 0.9817896 2.341267 0.1436375 0.5544356 0.6906478
0.8309307 1.762836 1.76422 0.1035042 0.5782968 0.603193
0.9330943 1.292612 2.261099 0.1289519 0.5989456 0.7771708
1.134934 0.3787122 3.472596 0.1806126 0.6295723 1.034733
1.389048 -0.03619228 3.304826 0.2304439 0.6202115 0.7878309
1.198101 0.2132891 3.64032 0.1969801 0.6438258 1.049106
1.084522 0.7082226 3.209742 0.1607731 0.6080567 1.030214
1.068463 0.6056751 3.288809 0.163215 0.6194698 1.042714
1.072164 0.7001366 3.05921 0.1606905 0.608947 0.9673099
0.8767338 1.384721 2.086682 0.1145793 0.5691942 0.6835535
1.141736 0.3609974 3.814665 0.180405 0.6333414 1.166788
1.034395 0.9071884 2.337021 0.1400029 0.5408166 0.6563397
0.9911323 1.203635 2.019109 0.1232252 0.5139299 0.5685734
1.388138 -0.2951937 4.340594 0.2714717 0.7627397 1.226984
0.9343268 1.233725 2.159018 0.1247884 0.5647281 0.6821592
0.9670438 0.9546047 2.892324 0.1463919 0.6400778 1.030499
1.237834 -0.2081271 5.555598 0.2358079 0.7751283 1.801667
1.158834 0.4413392 3.128545 0.1706721 0.5731176 0.8452419
1.250579 0.0368968 4.70015 0.2204762 0.7088546 1.481623
1.169082 0.4301682 3.201246 0.1826166 0.6139596 0.93083
1.263082 0.003412111 4.196515 0.2230172 0.6956928 1.238777
0.9370339 1.324098 1.98772 0.1254304 0.5704998 0.6363395
1.189401 0.4031983 3.631009 0.192601 0.6492689 1.142856
1.174126 0.4055348 2.91432 0.1806773 0.5913688 0.7850143
0.9914042 1.244576 2.135463 0.1337035 0.5707712 0.6816368
0.9754642 1.090105 2.245516 0.137873 0.5848093 0.7132236
1.008704 1.18679 2.09516 0.1387751 0.5736576 0.659363
1.539313 -0.72989 4.466088 0.3351409 0.8442551 1.118273
1.188447 0.2487966 3.722696 0.2077408 0.6942396 1.18367
0.8925227 1.710986 1.486202 0.1153944 0.5745703 0.4814922
0.9877203 1.098423 2.403111 0.1366395 0.5804329 0.7740165
1.007692 1.113809 2.258446 0.1365533 0.5627582 0.6966695
0.7089213 2.469095 1.103615 0.09836339 0.7222986 0.446022
1.132864 0.3955303 3.431564 0.1708508 0.5937201 0.9679844
2.000289 -1.719084 6.24921 0.6207758 1.320649 1.59783
1.521155 -0.6533738 5.190731 0.3277098 0.8556985 1.450839
0.8523235 1.854032 1.468997 0.1049494 0.5675371 0.4793606
0.9376677 1.281776 2.185929 0.1257615 0.5748418 0.7132573
0.8487135 1.775933 1.56843 0.1233225 0.6674139 0.6023444
0.8020646 2.161259 1.299404 0.119877 0.734964 0.5455411
1.008958 1.04958 2.18571 0.1303946 0.5237828 0.6110636
1.071523 0.8764034 2.259063 0.1485912 0.5480231 0.6297738
0.9797665 1.046829 2.434484 0.1283221 0.5411511 0.7214406
0.901779 1.442706 2.033961 0.1279529 0.6272504 0.7381882
0.976071 0.9289834 2.769479 0.1432452 0.6109157 0.923868
0.9791469 1.127339 2.322609 0.1434195 0.6168991 0.793862
1.010833 0.8693556 2.786652 0.1433473 0.5820861 0.8696987
0.8924161 1.568572 1.789513 0.1085751 0.5370747 0.5535003
0.9006303 1.430229 1.967555 0.122807 0.594688 0.6688916
1.067779 0.6257771 3.46368 0.1546065 0.5905345 1.066323
1.083805 0.7185641 2.803163 0.1586505 0.5864175 0.8392207
0.9392882 1.166454 2.361022 0.1369144 0.6208391 0.8240029
0.8144954 1.617993 2.037516 0.1140142 0.6444834 0.7824141
1.266433 0.1196095 3.481584 0.2190487 0.6681264 0.9848097
0.8831268 1.39294 2.134538 0.1214921 0.6043471 0.7467398
0.9610276 1.12063 2.288486 0.1263106 0.5468151 0.6899791
1.035836 0.9253184 2.509758 0.1462284 0.5752215 0.7674802
0.8840792 1.264964 2.611174 0.123319 0.6164234 0.9496219
1.126967 0.5525224 2.969438 0.1768088 0.6207952 0.8981139
1.04703 1.036772 2.251783 0.1388633 0.5404228 0.6522339
0.9491795 1.225252 2.230393 0.1307994 0.5866278 0.7366587
1.031463 0.9091269 2.897478 0.1421301 0.5737804 0.9144067
0.896176 1.244719 2.487589 0.1207208 0.5860483 0.8464045
1.108483 0.6591055 2.736776 0.1568967 0.5563652 0.7548231
1.150238 0.5991849 2.920721 0.168171 0.5773643 0.8322079
1.063621 0.5634117 3.686085 0.1606112 0.6179534 1.179187
1.336749 -0.1963182 3.920441 0.2487272 0.7157275 1.057284
0.8397631 1.458641 2.139001 0.1090126 0.5774644 0.7251858
0.9230766 1.241294 2.245982 0.1196163 0.5513566 0.7007849
0.9733163 1.142563 2.271795 0.1236998 0.5278616 0.6623505
1.13456 0.4295185 3.292864 0.1788711 0.6230911 0.979125
1.454909 -0.5097038 5.241367 0.3144795 0.8652702 1.603952
0.9303831 1.321119 2.001328 0.1215486 0.5555315 0.6239625
1.052085 0.739297 2.576417 0.1448153 0.541643 0.7008454
1.047642 0.8629726 2.678141 0.1494168 0.5810098 0.8242662
0.9115052 1.447218 1.934684 0.1272984 0.6121752 0.678134
1.180128 0.4613544 3.024808 0.1864321 0.6184322 0.8829354
1.12184 0.4674763 3.354765 0.1701838 0.601933 0.9820538
1.182935 0.2930938 3.577627 0.1926044 0.6416196 1.058145
0.8409104 1.704811 1.706856 0.1093433 0.5911324 0.586066
0.848568 1.846263 1.365582 0.101921 0.5426251 0.4179768
0.9227932 1.429883 2.03777 0.1234933 0.5881814 0.6927163
0.9445206 1.226278 2.165579 0.132976 0.5967425 0.7217783
1.161206 0.5729077 2.901574 0.1718679 0.5811102 0.8203966
0.8827844 1.582038 1.67465 0.1045591 0.5176312 0.4931492
0.9788736 1.02212 2.578377 0.1473817 0.632647 0.9003262
1.473843 -0.510684 4.523959 0.3087623 0.8170099 1.239588
1.07491 0.5894666 3.485116 0.1657655 0.6303227 1.134891
1.098271 0.8744598 2.380509 0.1507301 0.5470638 0.6718169
1.157083 0.354711 3.493377 0.1817235 0.6199371 1.018983
0.8628526 1.559772 2.249147 0.1191258 0.637214 0.8654298
0.7328034 2.339152 1.23678 0.1162083 0.8127578 0.5720055
1.248265 -0.02264777 4.173099 0.2276276 0.7185282 1.255668
0.9907644 1.051436 2.320873 0.1296506 0.5367877 0.6751643
1.132501 0.6820077 2.744065 0.1685283 0.5908324 0.8117106
1.039678 1.040192 2.027376 0.1366423 0.5242796 0.5537258
1.021964 0.9809275 2.347107 0.1462572 0.5842076 0.7299845
0.8442327 1.675228 1.657678 0.108469 0.5766682 0.5496377
1.051703 0.7746545 3.046822 0.162704 0.6387217 1.036692
1.049411 0.9599941 2.27884 0.1443526 0.5534989 0.6610096
0.8150579 1.859456 1.553456 0.108881 0.6242942 0.5634331
0.9935453 0.9169382 2.633475 0.148737 0.6177425 0.8743126
1.300331 -0.03377264 4.011477 0.2314077 0.6941632 1.145304
1.060817 0.7382747 2.957405 0.1563907 0.5985429 0.9227085
1.197769 0.4300383 3.023313 0.1785912 0.5767574 0.8110455
1.100077 0.6476727 2.971549 0.1604291 0.5820682 0.8726961
1.217762 0.2912108 3.504839 0.1951523 0.6276113 1.005734
0.6915987 2.817385 1.001126 0.1357775 1.099544 0.5947021
1.063073 0.848276 2.538078 0.1570618 0.5969887 0.7887648
0.8817085 1.843448 1.41997 0.1065924 0.5506029 0.4451486
1.212659 0.1434782 4.055122 0.2066388 0.6756477 1.226048
0.8767549 1.435759 2.065198 0.1182884 0.5949702 0.7124892
1.222507 0.1983613 3.980144 0.1959257 0.6332159 1.147437
1.242269 0.2013669 3.522168 0.1932959 0.6001734 0.9287115
0.9912853 1.191508 2.075468 0.1289805 0.5401984 0.615077
1.153276 0.4490713 2.841754 0.1691851 0.5624892 0.7370223
0.9184791 1.2419 2.254491 0.1213811 0.5635876 0.7196966
0.8280395 1.738992 1.71614 0.1134647 0.6328855 0.6358507
0.9938649 1.147571 2.076123 0.1362833 0.5655862 0.6358918
0.9937099 1.060857 2.312544 0.1375752 0.5718108 0.7183115
0.8115279 1.779018 1.700196 0.1168705 0.6719743 0.67014
0.92459 1.449685 1.686694 0.122151 0.5624165 0.5254736
0.8709187 1.522636 2.041749 0.1199292 0.62002 0.7442453
1.068428 0.5091193 3.505475 0.1609289 0.6052761 1.060062
1.255387 -0.02325807 4.255288 0.2140886 0.6686912 1.195925
0.9526694 1.218984 2.203877 0.1338829 0.5967603 0.7367964
0.9207863 1.21338 2.304926 0.1407943 0.6576169 0.8575831
1.039595 1.031323 2.476984 0.1422544 0.5676406 0.7700977
1.153958 0.6599485 2.569445 0.1620874 0.5456961 0.6834632
1.21313 0.1761902 3.465832 0.1966461 0.6250115 0.9376977
0.8582172 1.605446 1.678251 0.1221233 0.6314262 0.6028837
1.114366 0.4014236 3.541165 0.1753353 0.6262379 1.066356
1.101278 0.6534133 3.052421 0.1689737 0.6195426 0.9653391
1.121098 0.5128156 3.142585 0.1710946 0.6044224 0.9255779
0.8224982 1.732686 1.80743 0.1131043 0.6392615 0.6829829
1.0016 1.021176 2.61849 0.146781 0.6155991 0.8919896
0.7659045 1.820318 1.970666 0.1055317 0.6630473 0.793066
1.277007 -0.08490696 4.47714 0.232954 0.7216359 1.338972
1.004988 1.027342 2.379425 0.1300625 0.5298966 0.6829665
0.9240614 1.164744 2.479226 0.135598 0.6296823 0.8864802
0.8231936 1.544112 2.097005 0.10415 0.5715392 0.7111667
1.272443 0.1942874 3.576735 0.2078555 0.6349727 1.000323
0.9108454 1.243823 2.11183 0.1190358 0.5515287 0.65084
1.053197 0.5933712 3.441027 0.1624037 0.6287217 1.113546
0.9259347 0.9956807 3.116734 0.1400178 0.6526313 1.166651
1.015712 1.131884 2.004942 0.1387495 0.5577531 0.59766
0.9124347 1.522875 1.900097 0.1326011 0.6477014 0.7110845
1.236428 0.2306228 3.4698 0.189459 0.5922327 0.9144045
0.8239791 1.794311 1.626811 0.1007027 0.5621419 0.5324935
0.957961 1.38355 1.895455 0.1283684 0.5740724 0.6113681
0.8464853 1.731965 1.614092 0.1166876 0.6277751 0.583772
1.28265 0.1486749 3.228877 0.2048161 0.6050616 0.8168589
0.8263972 1.912891 1.6366 0.107609 0.6226848 0.6026537
0.9964691 0.9088477 2.963576 0.1548545 0.6549378 1.07154
0.8764692 1.423261 1.997568 0.1092186 0.5422058 0.6228043
1.712849 -1.070999 5.199598 0.4172944 0.9725699 1.310876
1.207951 0.06621542 4.86475 0.2123121 0.7126304 1.578207
0.8997413 1.293376 2.270231 0.1184316 0.5698388 0.7446538
0.972933 1.145743 2.210045 0.1285744 0.5501158 0.6695799
0.9699917 1.133179 2.413096 0.1363601 0.595297 0.8051011
0.9744807 1.237634 2.254916 0.1381306 0.6071274 0.7745661
1.615059 -0.9352064 5.602366 0.3897405 0.9726777 1.566107
1.304675 0.1385802 3.11065 0.2133882 0.6175526 0.7918047
0.9251513 1.326779 2.024894 0.1144201 0.5263035 0.6019263
0.869591 1.57397 2.033588 0.1240511 0.6518983 0.7859016
0.9622722 1.340923 1.897062 0.1215686 0.5331069 0.5629429
0.9613739 1.22024 2.422991 0.1249437 0.557799 0.7749187
0.8281112 1.783847 1.64755 0.1109685 0.6199875 0.59549
1.144368 0.3733732 3.481833 0.1818683 0.6294654 1.038761
1.064635 0.82462 2.45138 0.1441157 0.5354561 0.6694927
0.9332221 1.410931 1.98655 0.1179848 0.5478161 0.622526
1.076391 0.4797976 4.129709 0.173199 0.6661418 1.423092
1.006931 0.9826942 2.507483 0.1513453 0.6229471 0.8455557
1.174429 0.7151688 2.329606 0.1677425 0.5512824 0.6213101
0.8958592 1.451598 1.895355 0.1205313 0.5872025 0.6352537
0.8580272 1.457618 2.11063 0.1163798 0.6040545 0.7464125
1.088149 0.4756106 3.418838 0.1655006 0.6059985 1.014554
1.031242 1.110105 2.199249 0.1421175 0.5697134 0.6812065
0.926557 1.410627 2.118769 0.1236315 0.5866096 0.7208874
1.19871 0.4327107 2.8988 0.1906364 0.6159909 0.8233163
0.8803024 1.430919 1.95519 0.1205035 0.597574 0.6680519
0.8423672 1.610379 1.938716 0.1013146 0.5443533 0.623766
0.9276002 1.332528 2.039113 0.1275759 0.5902639 0.6797394
1.136838 0.4238321 3.36117 0.1727593 0.5996894 0.9646001
1.181048 0.2653603 3.501732 0.1931435 0.6400525 1.014571
1.106243 0.5640481 3.007481 0.171521 0.6151259 0.9080562
1.209678 0.1186539 4.008507 0.1974234 0.6411212 1.133694
0.8810421 1.745439 1.667267 0.1187084 0.6188211 0.6001296
1.004212 0.9410098 2.631967 0.1420177 0.5835998 0.8316827
1.019922 0.8754985 2.66318 0.1402104 0.5589448 0.7904981
0.9116483 1.470032 1.828488 0.1203463 0.5737749 0.5954898
1.035442 0.7553584 2.673981 0.1567237 0.6073102 0.8294721
1.028578 0.7940542 3.000721 0.1484927 0.5929864 0.9497377
1.040045 1.029547 2.26223 0.1387103 0.5428941 0.65705
0.7433522 2.293524 1.235717 0.101776 0.6911838 0.4868127
0.9224579 1.367612 2.03243 0.1166239 0.5442967 0.6304325
1.20839 0.09217227 4.086531 0.2113761 0.6920403 1.240069
1.161062 0.2932161 3.699182 0.1904686 0.6508587 1.121898
1.044224 0.863134 2.631132 0.1479147 0.5753598 0.7991203
1.049516 0.4862829 4.102243 0.168577 0.6650593 1.413809
0.9639909 1.165591 2.584985 0.1366655 0.6118549 0.9081591
0.9683878 1.351379 1.810308 0.1197752 0.5185457 0.5185584
0.6750036 2.607989 1.092957 0.1140121 0.9114347 0.5530127
1.056151 1.007309 2.252762 0.1412571 0.5418128 0.6483054
1.241922 0.2821046 3.186539 0.1925101 0.595519 0.8427334
1.133311 0.5713056 3.030885 0.1669447 0.5830736 0.8718369
0.8625309 1.589817 1.874277 0.1131385 0.5896891 0.6447069
0.968143 1.07676 2.571496 0.1325772 0.578195 0.8337975
0.8587584 1.605256 2.050222 0.1225164 0.6563672 0.801534
0.9419487 1.161553 2.563211 0.1453886 0.6687657 0.9819446
1.008309 0.9887592 2.549117 0.1439373 0.5922005 0.8228521
0.8292462 1.862399 1.614859 0.1049742 0.5943623 0.5628352
1.16792 0.4320786 3.132308 0.17779 0.59435 0.8760894
1.336236 -0.1103434 4.377336 0.2330676 0.6823775 1.212319
0.9823657 1.058556 2.57311 0.1392278 0.5972074 0.8566258
1.046619 0.8008206 2.748864 0.1553102 0.6024747 0.8658223
0.902341 1.405305 2.006552 0.1303608 0.6312113 0.7239664
0.9266239 1.373046 1.843618 0.1286588 0.5914515 0.6066949
0.9316447 1.312311 2.02192 0.120724 0.5511302 0.6264001
1.149583 0.5475794 2.828974 0.1728247 0.5866369 0.7952126
0.8930856 1.335866 2.192714 0.1156332 0.5614188 0.7087899
0.8713083 1.575671 1.762441 0.1123485 0.5711356 0.5780919
0.8931133 1.324475 2.459999 0.1305306 0.6494936 0.9411563
1.071423 0.6949535 3.109564 0.1751261 0.6703942 1.086079
1.09174 0.6830712 2.832704 0.1593488 0.581834 0.8326278
0.9096823 1.307809 1.867747 0.1142849 0.5246247 0.5396589
1.054069 0.7356663 2.781977 0.1515441 0.5761853 0.821694
0.9201628 1.162403 2.477026 0.1340601 0.6255526 0.88088
1.01484 0.807237 3.02167 0.1441172 0.584452 0.948182
1.053809 1.090253 2.218639 0.1440212 0.5630928 0.6770764
1.017432 1.152879 2.03721 0.1407661 0.5692182 0.6252231
1.034235 1.053972 2.159157 0.1359266 0.5328241 0.6129089
0.9532487 1.190558 2.152669 0.1361416 0.6009676 0.715645
0.9733539 1.054899 2.394504 0.1281389 0.5440409 0.7129543
1.116146 0.8105684 2.500449 0.1625382 0.5812157 0.7428158
1.024334 1.033083 2.158809 0.1313958 0.5162835 0.5899509
0.9002061 1.212494 2.459005 0.1237286 0.5932079 0.8378563
1.066865 0.6587139 2.91286 0.1662278 0.6249515 0.9182863
1.127245 0.3444083 3.757126 0.1889257 0.6727347 1.209061
0.9601352 1.151139 2.191831 0.1326637 0.5764537 0.6944631
0.9377218 1.18233 2.517878 0.1331358 0.6127342 0.8847799
1.190596 0.2349003 3.563509 0.1944683 0.6380425 1.019471
0.9469241 1.033249 2.875847 0.1269353 0.5696583 0.9310895
0.9290125 1.270243 2.206162 0.1242255 0.5722702 0.7161425
1.043759 0.7631714 2.913653 0.15173 0.5909234 0.9022648
1.084628 0.7757608 2.781565 0.1592074 0.5938952 0.8592056
0.9825279 1.146676 2.401315 0.1457671 0.6318362 0.8520869
0.904455 1.23834 2.312498 0.1204772 0.5707057 0.7517185
0.9802028 1.188745 2.212377 0.1246646 0.5321718 0.6550918
0.7928938 1.720942 2.116828 0.1067061 0.6387026 0.8242369
0.9324015 1.183211 2.31948 0.1191721 0.5386912 0.7020267
1.031701 0.7100838 3.12253 0.1656395 0.6598339 1.080309
1.078769 0.6378288 2.999091 0.1581865 0.5856494 0.8857222
0.922311 1.269214 2.236519 0.1266021 0.5899285 0.7506656
1.320498 -0.1020051 3.638417 0.237245 0.685386 0.9599791
1.108365 0.7446863 2.678272 0.1631897 0.5877767 0.8003833
1.16993 0.3277857 3.517596 0.1887801 0.6361174 1.040813
0.977203 1.32088 1.863453 0.1314865 0.5647489 0.5790444
1.000179 0.8075266 3.144773 0.1574509 0.6582031 1.123771
0.9869447 1.143237 2.336008 0.1303422 0.5544492 0.7220665
1.117281 0.7797804 2.418581 0.1431915 0.4981489 0.6026868
1.161645 0.6880623 2.591322 0.1721291 0.5824476 0.7451119
0.7963797 1.971476 1.597705 0.1257184 0.7671266 0.7217888
0.9283233 1.210512 2.712863 0.1408731 0.6702433 1.068188
1.007117 0.8274363 3.058345 0.1543367 0.6381172 1.057254
1.459262 -0.7751888 6.020506 0.322992 0.8958704 1.730211
0.9381682 1.349093 1.965301 0.1232826 0.562148 0.6225675
0.8848536 1.428624 1.953286 0.1152731 0.5664046 0.6323999
0.9621677 1.121469 2.48088 0.1323711 0.5835466 0.8153993
0.8976994 1.389826 1.973749 0.1113455 0.5338927 0.600053
1.168088 0.1732031 4.458837 0.2064204 0.7167124 1.491337
0.8877555 1.571667 1.741141 0.1173753 0.5852656 0.5834754
1.171996 0.4861825 2.945952 0.1829147 0.6093293 0.8483173
0.9582358 1.024815 2.366739 0.1267463 0.5418896 0.6932152
1.010638 0.8800631 2.839942 0.142585 0.5824108 0.8951772
0.9599464 1.13582 2.607218 0.1397567 0.6264365 0.9327303
0.8362022 1.701807 1.816712 0.1047796 0.5759346 0.6177358
1.094506 0.4776307 3.410724 0.1667167 0.6078781 1.018015
1.096924 0.5711134 3.255507 0.1769853 0.6519701 1.068084
1.064816 0.8172256 2.889157 0.1558638 0.6002366 0.9229055
1.152472 0.5835094 2.723434 0.171657 0.5801428 0.7593549
1.15811 0.4341756 2.943777 0.1786829 0.5967639 0.8123931
1.442248 -0.301894 4.009635 0.2704451 0.7182499 1.034256
0.7756991 1.997474 1.495512 0.1229965 0.7672573 0.6678938
1.176653 0.04928348 4.663389 0.2174228 0.7471041 1.558978
1.168028 0.3610499 3.376002 0.1831615 0.6156211 0.9702721
1.112262 0.4143862 4.03111 0.1808854 0.6650245 1.344585
0.917618 1.366943 2.22924 0.1260322 0.6034931 0.7816002
1.150153 0.4052279 3.155413 0.1760693 0.5969049 0.8796608
1.120857 0.6013767 3.131658 0.1710461 0.6135156 0.9692824
0.7965272 1.92006 1.476387 0.1002795 0.5898554 0.5033789
0.9508348 1.266822 2.156759 0.1365474 0.6153139 0.7485538
0.9891466 0.9096145 2.662381 0.1523755 0.6369171 0.9111732
1.172578 0.4911048 3.216722 0.1883425 0.6392135 0.9991653
1.27845 0.07628831 4.010559 0.2222514 0.6835416 1.184832
0.9348776 1.194555 2.425799 0.14405 0.6661111 0.9211928
1.06213 0.5551145 3.465875 0.1679037 0.6431267 1.134762
1.108602 0.7339145 2.783254 0.1518145 0.5459429 0.7786102
0.9947096 0.8165612 2.946919 0.1505215 0.6248528 0.9860561
0.8441917 1.664128 1.863061 0.1127087 0.6115747 0.6712684
0.9884987 0.9566764 2.563585 0.1413391 0.58977 0.8169566
1.386228 -0.2867038 4.706335 0.2697587 0.7681465 1.379253
1.020292 0.893549 2.7188 0.1393858 0.5595976 0.8179556
0.9600539 1.152386 2.476007 0.1363061 0.606935 0.8518096
1.047368 0.6471988 3.241389 0.1673395 0.6535458 1.097084
1.118232 0.6864608 2.673822 0.1620846 0.5717133 0.760937
1.046446 0.705109 3.125815 0.1547392 0.6026718 0.984951
1.151263 0.524798 2.949268 0.1742978 0.5931162 0.8398502
1.176575 0.526524 2.981899 0.1766099 0.5892122 0.8475731
0.8990582 1.7101 1.471461 0.1053634 0.5167796 0.4285988
0.8268545 1.823937 1.661087 0.1026166 0.579379 0.5658671
1.156499 0.2801813 3.505828 0.1927374 0.6553165 1.048394
0.922702 1.390311 1.901949 0.1189879 0.5519082 0.5910507
1.145577 0.4018165 3.278458 0.1654255 0.5616157 0.8649791
1.210683 0.1937188 3.654301 0.2044385 0.6616833 1.074157
1.01304 0.8754114 2.778888 0.1388894 0.562196 0.8403461
1.058554 0.8425693 2.550135 0.1458936 0.5527952 0.7326552
0.9418447 1.171712 2.762553 0.1370746 0.637756 1.030072
0.9114094 1.32353 2.107599 0.1269509 0.6009527 0.7199131
1.090726 0.6374765 3.070781 0.1679396 0.620541 0.9677881
0.8839255 1.59086 1.775838 0.1162388 0.585313 0.5985554
0.9769407 0.9958027 2.597685 0.1430563 0.6115203 0.8716756
1.097059 0.7174855 2.578632 0.1603652 0.5767974 0.7418455
1.114654 0.6992153 2.712513 0.1579836 0.5604416 0.762845
1.001795 0.936911 2.625391 0.1428788 0.5880598 0.8339206
0.8843687 1.286456 2.605099 0.1335563 0.6737959 1.039931
0.962793 1.292703 2.135309 0.132327 0.5896466 0.713013
1.074381 1.008838 2.109567 0.1451633 0.5413611 0.5963059
0.8631011 1.617184 1.785352 0.1191907 0.6226932 0.6448433
1.050346 0.6361404 3.308851 0.1636809 0.6364093 1.090303
0.978463 1.05592 2.717394 0.1453457 0.6333902 0.9710458
0.9243504 1.528933 1.784728 0.1224057 0.5819621 0.5930994
0.9399174 1.271964 2.13152 0.1230262 0.5561936 0.6674228
1.184906 0.4254761 3.315357 0.1803348 0.5992488 0.9473475
0.8097355 1.858359 1.528366 0.1018021 0.5850218 0.5187769
0.8652983 1.566056 1.808807 0.113519 0.5830085 0.6081223
1.217197 0.2147225 3.41168 0.1995748 0.6352629 0.9525614
0.9320997 1.198231 2.324285 0.1240709 0.5650149 0.7407772
1.054273 0.6681904 2.809269 0.1458968 0.5461403 0.768803
1.041945 0.7202618 3.001147 0.1535325 0.5977943 0.9330865
1.064892 0.6700421 2.869872 0.1546078 0.5783015 0.83732
1.113397 0.4164292 3.377065 0.185532 0.6637496 1.072502
1.211349 0.4578589 2.966581 0.1815408 0.580787 0.8064763
0.9330217 1.155413 2.490583 0.142222 0.655749 0.9275266
1.07779 0.6164699 3.294442 0.1646197 0.6203556 1.04978
1.103168 0.5612284 3.11871 0.1611149 0.5791603 0.893759
0.7875982 2.007155 1.731326 0.1046747 0.6576039 0.6856777
0.8146544 2.067086 1.255773 0.1062567 0.6206825 0.4412606
0.9845374 0.9982986 2.703288 0.1331834 0.5652184 0.8471932
0.8279417 1.678685 1.680274 0.1069872 0.5834575 0.5667431
0.9234036 1.260522 2.262337 0.1231633 0.5722981 0.7375723
1.024768 1.0669 2.443429 0.1482288 0.6065642 0.8183676
0.7511736 2.392371 1.244965 0.1083431 0.7486479 0.5321086
1.055857 0.6721748 3.307143 0.1645299 0.6408086 1.112631
0.9798711 0.9863121 2.763569 0.148779 0.6411262 0.9842971
0.9520438 1.546865 1.575312 0.1176912 0.5306045 0.4650607
0.900005 1.335346 2.237927 0.1217715 0.5912371 0.7659884
1.056098 0.4984403 3.660224 0.1690885 0.6520791 1.206518
1.065199 0.7125579 2.734706 0.1644549 0.6180974 0.8552917
0.978322 0.9636526 2.714319 0.1451163 0.6206686 0.9257025
1.019958 0.9282692 2.650113 0.139996 0.5643115 0.8083866
0.9805517 1.006434 2.369647 0.1232573 0.510434 0.6506106
1.054212 0.6993104 2.849732 0.1511687 0.573095 0.8318558
1.108458 0.7460438 2.680369 0.1584658 0.569087 0.7755275
1.117897 0.6341762 2.879062 0.1675229 0.5950862 0.8531861
1.487556 -0.523929 4.54019 0.3142874 0.8256585 1.253413
0.8057847 1.721535 1.766636 0.1048662 0.5994019 0.6225032
0.9952514 1.054768 2.375053 0.1432784 0.59789 0.7742765
1.093564 0.3874715 3.952095 0.1671559 0.6161273 1.19842
1.320919 -0.008578274 3.843879 0.2279287 0.6673425 1.051802
1.046814 0.6850551 3.035278 0.1471126 0.5654347 0.8848571
0.8770831 1.44813 1.893099 0.121935 0.6060907 0.6528756
0.9990551 1.137696 2.20047 0.1314801 0.5451133 0.6569975
0.9872403 0.9714108 2.81487 0.1410768 0.6004074 0.9383079
1.073951 0.5955763 3.226719 0.1617537 0.6065867 0.9917168
1.377683 -0.2119995 4.321101 0.2678672 0.7619731 1.270816
0.9274277 1.150721 2.624944 0.1242568 0.5759327 0.868997
0.8327077 1.771116 1.570839 0.1118505 0.614142 0.555479
0.9712552 1.115343 2.299447 0.1232427 0.5258023 0.6661969
1.027803 0.892262 2.852956 0.1443112 0.5813813 0.9024656
1.075868 0.7891933 2.509766 0.1533452 0.5659095 0.7214951
1.073768 0.6072147 3.280308 0.1737947 0.6594478 1.107092
1.006487 0.8642772 3.235648 0.1552924 0.6536633 1.176312
1.277914 0.1675041 3.404089 0.2037583 0.6102466 0.8886804
1.188125 0.4322559 3.00203 0.1839647 0.6013395 0.8396949
1.023476 0.8857132 2.897944 0.15174 0.6174073 0.9751316
1.104026 0.5156965 3.162159 0.1655658 0.5934285 0.916138
1.325583 0.07469678 3.712843 0.2200521 0.6415497 1.005292
1.223343 0.2184672 3.700643 0.198562 0.63703 1.062865
1.038501 0.8682668 2.65118 0.1521964 0.5979081 0.838785
1.01634 0.9483018 2.634804 0.1348074 0.5439317 0.7758016
1.308322 0.003706048 4.659939 0.2355721 0.7227956 1.475159
