3.611986 0.3516721 0.9130009 0.3631934 0.3009238 0.08164672
3.093693 0.790419 0.8483976 0.2679628 0.2681656 0.08170108
2.723361 1.394988 0.6694754 0.1949234 0.2373347 0.06668732
3.033 0.988807 0.749453 0.2434923 0.2497168 0.07024142
2.78185 1.265452 0.7733886 0.2090098 0.2501593 0.08142856
3.175973 0.8942892 0.7630172 0.2634915 0.2546387 0.0704256
3.07119 1.038559 0.7272207 0.2445712 0.2485294 0.06844883
3.193932 0.7566442 0.8104345 0.274887 0.2620364 0.07405723
3.577849 0.4616628 0.913935 0.345752 0.2922099 0.08415368
3.171807 0.9039439 0.6845178 0.2644893 0.2500519 0.05984455
3.332557 0.5925257 0.8830165 0.309815 0.2828479 0.08283751
2.936077 1.175547 0.7039484 0.2254954 0.2447805 0.06802951
3.312536 0.5396634 0.8852084 0.3127053 0.2858325 0.08189989
3.578886 0.4884878 0.8645571 0.3445925 0.2883163 0.07785316
3.144019 0.8535385 0.8358683 0.2642374 0.2618045 0.08052183
3.299182 0.7177353 0.8148566 0.2899041 0.266632 0.07447804
3.119154 0.7301133 0.8375936 0.2727263 0.2676475 0.07811429
2.613177 1.305802 0.7265375 0.1929987 0.2449634 0.0745153
3.170991 0.5888124 0.8959897 0.2920749 0.2809974 0.08397725
2.976236 1.046444 0.7240064 0.2337683 0.2453834 0.06754842
2.857902 1.02031 0.774415 0.228665 0.2526041 0.07519304
3.144426 0.7707795 0.8847429 0.2746385 0.2726734 0.08722735
3.11725 0.8617875 0.7637721 0.2600427 0.2547237 0.06961703
3.200137 0.7475316 0.8443348 0.2802794 0.2692036 0.07995188
3.290447 0.7130649 0.8444577 0.2900188 0.2694895 0.07884305
2.79585 1.357901 0.6268153 0.2007821 0.2321188 0.0590715
3.418423 0.6747371 0.8083881 0.3062941 0.2698346 0.07297274
3.098769 1.030433 0.8022261 0.2466604 0.2538019 0.07956422
2.829332 1.271429 0.659356 0.2065187 0.2336607 0.0618209
2.937586 1.054 0.7239986 0.2313568 0.2460022 0.06781505
2.702566 1.44036 0.6238511 0.1891597 0.2308701 0.06002167
3.058275 0.7250462 0.7897096 0.2683802 0.2646945 0.07106443
2.864924 1.13178 0.7189365 0.2217369 0.245279 0.0689909
2.991476 1.051828 0.7513959 0.2366332 0.2489231 0.07200261
3.304716 0.6567526 0.8690544 0.2993243 0.276998 0.08199401
2.859457 1.203579 0.6828978 0.2153963 0.239539 0.06467758
3.195631 0.7536774 0.8139734 0.2759584 0.2634682 0.07482694
3.048207 1.024239 0.7392385 0.2400701 0.2457127 0.06894042
2.888413 1.129472 0.7574511 0.2233927 0.2482747 0.07489742
3.118822 0.7752078 0.7929813 0.2719601 0.2655406 0.0733008
2.938503 1.091278 0.7218112 0.229708 0.245913 0.06847409
2.950124 1.151402 0.6225194 0.2260966 0.2347654 0.05478105
3.177868 0.8483069 0.8097992 0.2713706 0.2641509 0.0774817
2.89682 0.9659737 0.7955354 0.2357138 0.2554496 0.07705173
2.854547 1.149165 0.7619538 0.2181721 0.2467596 0.07567649
2.9327 0.9478654 0.8364075 0.2389873 0.2583364 0.08286024
2.898827 1.051493 0.7308994 0.2284725 0.2468593 0.06888997
2.861744 1.114827 0.6979405 0.222512 0.2438847 0.06549783
2.909504 1.162276 0.7227681 0.22341 0.2456809 0.07045709
2.746016 1.244286 0.7202144 0.2024075 0.2396807 0.07067257
2.605014 1.457808 0.6147856 0.1815617 0.2301714 0.05900847
2.892697 1.181557 0.6814956 0.2196853 0.2404905 0.06422809
3.318181 0.7518044 0.764441 0.2915074 0.2639953 0.06851794
2.910653 1.115358 0.7416745 0.2245625 0.2459167 0.07183698
3.080084 0.9224309 0.7626864 0.2515894 0.252097 0.0706588
3.249507 0.7935852 0.8013771 0.2778908 0.2613982 0.0739518
2.839826 1.160782 0.6984844 0.2163938 0.2414304 0.06615797
3.089028 0.8818356 0.7849238 0.2599944 0.25959 0.07408616
2.732152 1.262752 0.7224836 0.2043759 0.2447785 0.07273787
2.871097 1.166488 0.7254634 0.2178168 0.242658 0.07012205
2.87009 1.273153 0.6779957 0.2121241 0.2380036 0.06522587
2.833889 1.266054 0.7140401 0.2106523 0.2421311 0.07090141
3.102256 0.9872473 0.7490731 0.2511164 0.2515448 0.07055765
3.200299 0.7552993 0.7820112 0.2738681 0.2585473 0.06967157
3.034389 1.018008 0.730871 0.246454 0.2522864 0.06915067
2.866223 1.064032 0.7390233 0.2276785 0.2497982 0.07092496
2.671039 1.426384 0.6422864 0.1916905 0.2370735 0.06351396
3.361851 0.6150268 0.8617282 0.3065593 0.2765249 0.07933547
3.609726 0.5126523 0.852066 0.3444837 0.2853722 0.0764589
3.123425 0.9813468 0.7537171 0.2538429 0.2529142 0.07136197
3.275442 0.9088568 0.7187073 0.2708495 0.2508492 0.06435991
3.014283 0.7235682 0.8581695 0.2613413 0.2664072 0.0802621
3.348287 0.7109851 0.7715404 0.2963624 0.2650728 0.06843382
3.517175 0.5688489 0.8480618 0.3264772 0.2788422 0.076461
2.624951 1.328411 0.6455578 0.1939436 0.2382349 0.06215395
3.045376 1.050125 0.7439438 0.241277 0.2492282 0.07113517
3.184138 0.625687 0.9000651 0.2890558 0.278344 0.08521545
2.801136 1.074909 0.7888534 0.2230641 0.2552326 0.07944102
3.074199 1.035884 0.6730845 0.2447175 0.2433056 0.06025303
2.91979 0.9322299 0.7835832 0.2407291 0.2567356 0.07481034
2.869836 1.201343 0.7331173 0.2211655 0.2498693 0.07395479
3.265912 0.7118516 0.8336715 0.2900442 0.2707397 0.07767841
3.246991 0.7651469 0.8704339 0.2830524 0.270789 0.08455412
3.249076 0.6549924 0.8835769 0.2923197 0.2758365 0.08351259
3.052912 1.024485 0.7447852 0.2443174 0.2505956 0.07087405
2.880964 1.156519 0.6933456 0.22032 0.2416591 0.06542834
3.311541 0.7140249 0.7975833 0.2947863 0.2688124 0.07264283
3.36803 0.7118899 0.8320921 0.296879 0.2684071 0.07690777
3.136448 0.9079294 0.761832 0.2596504 0.2548412 0.07075712
3.080499 1.146702 0.6965811 0.2375823 0.2432455 0.06592909
3.184112 0.9723056 0.7749154 0.261027 0.2563413 0.0747314
3.420752 0.8995737 0.6761766 0.2846141 0.2484043 0.05837606
2.959232 1.23918 0.6827497 0.221271 0.2398707 0.0655815
3.079886 0.9774039 0.7908348 0.2468497 0.252412 0.07614015
2.873233 1.068278 0.7426617 0.2240186 0.2458388 0.07061999
2.793994 1.168355 0.7090864 0.2148078 0.2447575 0.06847511
2.696055 1.29311 0.704853 0.1980148 0.2402452 0.06988007
3.358176 0.6855468 0.7474213 0.3000859 0.2650163 0.0647194
3.058766 0.8848934 0.7619401 0.2535662 0.2542106 0.0699776
3.124882 0.8318786 0.8417633 0.2652899 0.2642553 0.08126834
2.852061 1.142583 0.7421588 0.2187241 0.2455079 0.07245673
2.692402 1.384436 0.6728672 0.1951261 0.2396918 0.06743311
3.246748 0.6700495 0.825288 0.292086 0.2720751 0.07548753
2.758054 1.107159 0.8088606 0.2159237 0.2545488 0.0831501
2.924076 1.056244 0.758193 0.2313285 0.250448 0.07354122
3.32699 0.7719461 0.7919753 0.2869918 0.2623783 0.07235065
2.765765 1.273024 0.686321 0.2033722 0.2382291 0.06650123
3.010224 0.840038 0.7590451 0.2533537 0.2561675 0.06877237
3.044587 0.9050157 0.7323633 0.2524386 0.2526737 0.06640208
2.894131 1.230003 0.6870812 0.2158357 0.2389558 0.06571826
2.961487 0.9483546 0.8177931 0.2432953 0.2590427 0.08048177
2.902766 1.192546 0.6827087 0.2226257 0.242921 0.0650861
2.847171 1.214044 0.6810107 0.2115741 0.2369504 0.06414515
2.902818 0.9970833 0.7833382 0.2349754 0.2548737 0.07623096
3.129472 0.9701101 0.7563263 0.252652 0.2510107 0.07095973
2.763223 1.191539 0.7133769 0.2091845 0.2425764 0.06912667
2.868544 0.889397 0.869738 0.2389695 0.263882 0.0870135
2.568954 1.337887 0.6964306 0.1883854 0.2418626 0.070174
2.67085 1.444445 0.65409 0.1891275 0.2366089 0.06546668
3.220584 0.6916481 0.8752272 0.2886976 0.2759404 0.08383629
3.208241 0.7180095 0.8633711 0.2791126 0.2671967 0.08086575
2.80723 1.235914 0.6463754 0.2088647 0.235215 0.05972856
3.102394 0.7669833 0.8361273 0.2655459 0.2629536 0.07795986
3.055679 0.7773453 0.8339728 0.2611795 0.2628717 0.07799826
3.035897 1.054599 0.7307549 0.2394359 0.2466022 0.06879927
3.135664 0.8784428 0.7496128 0.2618976 0.2547016 0.06829064
2.418617 1.643797 0.6055548 0.1642568 0.2347751 0.06200919
2.770741 1.291272 0.6739689 0.2044074 0.2385931 0.06528114
2.690203 1.328766 0.6763011 0.1948908 0.2365136 0.06592967
2.970724 0.9631293 0.7503223 0.2406369 0.2508488 0.06991199
3.218079 0.651664 0.8751627 0.2883997 0.2737831 0.081715
3.149009 0.7666814 0.8312 0.2719118 0.2649216 0.07776653
3.012543 0.9100674 0.7943549 0.2491483 0.2574853 0.07578128
2.837753 1.079343 0.7756338 0.2239293 0.2522043 0.07698785
3.179998 0.8786339 0.7817658 0.2653134 0.2570137 0.07298645
3.613048 0.4707334 0.9071878 0.3439837 0.2872046 0.08235504
3.051568 1.014766 0.7440068 0.245409 0.2510789 0.07057847
3.51699 0.506375 0.8940669 0.3336946 0.2865054 0.0818727
2.763752 1.109983 0.7595259 0.2137989 0.2476414 0.07452176
2.642484 1.432011 0.6626983 0.18976 0.2400635 0.06721969
3.233674 0.6451452 0.8095629 0.2947239 0.2736085 0.0729982
2.916344 1.153902 0.7098118 0.2242266 0.2438762 0.06797816
2.729675 1.125637 0.735429 0.2098798 0.245083 0.07105982
3.041347 0.8462267 0.8274225 0.2579409 0.2636945 0.07970645
3.09513 0.8341799 0.7748869 0.2612062 0.2575801 0.07090808
2.8182 1.240355 0.6830121 0.2106604 0.2397016 0.06557968
2.961617 1.229469 0.6601468 0.2231979 0.2387037 0.0620456
2.819773 1.119678 0.7570569 0.2178517 0.2478453 0.07453848
3.362661 0.6376013 0.7931826 0.3059139 0.2716871 0.07028576
2.954691 0.9988155 0.7796137 0.2354128 0.2506905 0.07475812
3.128514 0.9282307 0.7444631 0.2579877 0.2531659 0.06867534
2.971163 1.07037 0.7251738 0.2339532 0.2466974 0.06852844
2.973853 0.9552342 0.7221136 0.2440718 0.2515198 0.06619488
3.168124 0.907002 0.7369444 0.2640725 0.2543934 0.06738723
3.001241 1.198209 0.6664188 0.2270053 0.2382444 0.06204359
3.128899 0.8353755 0.7929759 0.2639134 0.2588233 0.0735549
3.041467 0.9179447 0.7798287 0.2512001 0.2560162 0.07367368
2.905544 0.99381 0.7504141 0.2354586 0.2527262 0.07126542
3.295869 0.6725661 0.8006347 0.2971132 0.2710327 0.07221562
2.941251 1.093086 0.7237145 0.2292524 0.2454495 0.06867031
3.0081 0.9949563 0.8168389 0.2422128 0.2565598 0.08131192
2.985222 1.082765 0.7732225 0.2347555 0.2515408 0.07662398
3.503362 0.5473569 0.8486772 0.3281036 0.2808081 0.07623348
3.567111 0.5288093 0.8425172 0.3390925 0.2842487 0.07560564
3.053702 0.9637084 0.7578903 0.2472157 0.2512023 0.07096577
3.435305 0.5909024 0.7965103 0.3183356 0.2752816 0.06994058
3.139624 0.7346515 0.8760968 0.2772796 0.2734746 0.08489556
3.388934 0.5350261 0.8077589 0.3200919 0.279951 0.07054493
3.212215 0.880247 0.7446561 0.2690601 0.2552952 0.06786301
3.136942 0.8775857 0.8107957 0.2639492 0.262153 0.07817635
2.907852 1.105707 0.7857261 0.2255754 0.2500841 0.0786038
3.14081 0.8055945 0.8172626 0.2699818 0.2646014 0.07719627
3.197912 0.8672025 0.8230176 0.2704832 0.2633294 0.07965415
2.866159 1.215913 0.7179048 0.2196864 0.2475012 0.07154958
3.126316 1.116321 0.6681034 0.2427863 0.2408582 0.06099556
3.278073 0.7786668 0.7814901 0.2841652 0.2629249 0.07128547
2.475096 1.655533 0.6072104 0.169164 0.237651 0.06313527
2.562812 1.498666 0.6432422 0.1797038 0.2366481 0.06505475
2.637537 1.195697 0.7202406 0.2027423 0.2475351 0.07140669
2.768528 1.139726 0.8028344 0.2153463 0.2538408 0.08300838
2.690956 1.337206 0.6691228 0.1953398 0.2369863 0.06527615
3.328271 0.706195 0.8411039 0.2923721 0.2681262 0.07785194
2.91911 1.377618 0.5884006 0.2087312 0.2281538 0.0536501
2.8857 1.204377 0.6778229 0.2186776 0.2403064 0.06415503
2.534497 1.36958 0.6551706 0.1811033 0.2336211 0.06328818
3.167096 0.8103512 0.8356012 0.2722886 0.2663825 0.0802866
3.205835 0.7888265 0.7994047 0.2774055 0.2641716 0.0741897
3.181684 0.7863116 0.8122485 0.276057 0.2657259 0.07614361
3.114235 0.789224 0.7663553 0.2672163 0.2593827 0.0688722
2.94213 1.046901 0.7599931 0.2320091 0.2492532 0.07321437
3.220935 0.7876237 0.8323459 0.2716966 0.2596048 0.07731265
2.837663 1.12196 0.7530916 0.2183327 0.2460666 0.07351353
2.563981 1.438758 0.6673811 0.1826794 0.2390989 0.0677975
2.906675 0.9446946 0.816564 0.2384527 0.2586125 0.08014062
2.612175 1.338136 0.7122611 0.1890045 0.2398421 0.07185751
2.691791 1.335478 0.6588826 0.1977399 0.238943 0.06431708
2.896957 1.118415 0.6643021 0.2265333 0.2420687 0.06077353
2.599335 1.413618 0.6815742 0.186043 0.2397234 0.06937158
3.013799 0.9683697 0.778181 0.2447451 0.253853 0.07442272
2.836216 1.166802 0.6987396 0.218434 0.2440323 0.06686423
2.899847 1.038521 0.7552037 0.2288149 0.2483126 0.07206202
2.818595 1.149187 0.7383414 0.2163901 0.2458641 0.07220692
2.704333 1.238022 0.7429187 0.2058069 0.249214 0.07606667
3.371538 0.6469169 0.8376765 0.3044623 0.2733331 0.07662735
3.327951 0.6989296 0.7966334 0.2965301 0.2680476 0.07180266
2.883915 1.062858 0.7631422 0.2249449 0.2470551 0.07345152
3.019214 1.103831 0.6730377 0.2348821 0.2411555 0.06140886
3.29216 0.8689324 0.6755551 0.2760686 0.2490154 0.05767607
3.046499 0.96698 0.7842747 0.2453368 0.252256 0.07483804
3.146006 0.7476748 0.8183319 0.2766573 0.2683407 0.07630885
2.986994 0.9728069 0.7016617 0.2417611 0.2472568 0.06315958
2.732794 1.339938 0.6810764 0.1993423 0.2391465 0.06742234
3.011536 1.101293 0.6924083 0.2328849 0.2412603 0.06385675
3.119554 0.8955877 0.8131371 0.2599384 0.2602019 0.07851224
2.674425 1.227259 0.6999981 0.2003281 0.2406772 0.06770724
2.675699 1.165583 0.7130949 0.2027909 0.2414294 0.06817331
3.22688 0.672678 0.8593524 0.2883632 0.2730306 0.08029165
3.136592 0.6998472 0.8443924 0.2766787 0.2689859 0.07821448
3.398969 0.7290143 0.757067 0.2993749 0.2629996 0.06668412
2.982688 1.094135 0.720871 0.2327194 0.245571 0.06836771
3.024172 0.9900896 0.724887 0.2447148 0.2497993 0.06709888
3.205669 0.7649863 0.7963751 0.2804008 0.2657707 0.07338509
3.118739 0.9429941 0.7556961 0.2553374 0.2529765 0.07051909
3.263 0.76015 0.7661485 0.2850171 0.2631306 0.06883075
2.629455 1.414174 0.649981 0.1860967 0.2345001 0.06385352
3.16268 0.7655893 0.8307126 0.2748348 0.2667778 0.07817329
2.698013 1.324537 0.6482223 0.2239804 0.2686042 0.06822582
3.171176 0.7984885 0.8215912 0.2703825 0.2621876 0.07691022
3.080329 0.9125345 0.7662888 0.2544177 0.2546558 0.07140959
3.041429 0.9109769 0.7642735 0.2511767 0.2543793 0.07102743
3.40947 0.5879486 0.8305762 0.3145289 0.276644 0.07443802
2.892483 1.049085 0.8199642 0.2310529 0.2576446 0.08378556
3.047897 1.078501 0.7228806 0.2406831 0.2480662 0.06882094
3.012392 0.9582193 0.7962669 0.243698 0.2540075 0.07662044
2.855705 1.125963 0.71826 0.2177027 0.2413579 0.06787969
2.89931 1.133749 0.7070305 0.2222417 0.2424054 0.06687158
2.780756 1.172729 0.7001193 0.2127031 0.2430135 0.0669961
2.617515 1.24275 0.7159631 0.1953307 0.2421048 0.07061997
3.373661 0.5878361 0.9346337 0.3112584 0.2842475 0.08997033
2.908445 0.9997982 0.7050713 0.234581 0.2478402 0.06439381
2.821271 1.139297 0.6997388 0.217388 0.2429007 0.06608972
2.804681 1.12732 0.7608656 0.2170005 0.2485768 0.07539193
3.180587 0.7875869 0.8087207 0.2735968 0.2633895 0.07519844
3.03905 0.9296894 0.7734375 0.2494024 0.2540454 0.07264251
2.77906 1.227277 0.7041141 0.2061383 0.2386799 0.06781485
3.303973 0.7507863 0.7879249 0.2883408 0.2640773 0.0714988
3.108593 1.080126 0.7062745 0.2454775 0.2467754 0.06637811
2.918156 0.8668987 0.8150943 0.2429184 0.2583316 0.07730636
2.928507 1.086131 0.7141225 0.2292818 0.2456501 0.06731625
3.129421 1.005173 0.6739828 0.2500193 0.2429377 0.05958374
3.068037 0.9164697 0.8332456 0.2548207 0.261666 0.08227083
3.519372 0.5351628 0.8572423 0.3294201 0.2805963 0.07679686
2.913996 1.103687 0.7364336 0.2263957 0.2464391 0.0709049
2.777752 1.261232 0.6719186 0.2068421 0.2391712 0.06448719
3.232641 0.7334004 0.832607 0.2844818 0.2692197 0.07794997
3.16773 0.9581266 0.7775801 0.2578862 0.2540379 0.0741015
3.466949 0.5257495 0.891244 0.3280518 0.2863746 0.08226805
3.215229 0.8488566 0.7371121 0.272245 0.2560194 0.06616501
2.892481 1.068668 0.7406931 0.2302787 0.2508154 0.07152845
3.160037 0.7795177 0.8119039 0.2726345 0.2638485 0.07542116
3.158061 0.8379998 0.7845046 0.2647309 0.2567667 0.07207785
3.198835 0.7983181 0.8062819 0.2740392 0.2627742 0.07511721
2.919238 1.007559 0.7877605 0.233652 0.2530336 0.07672336
3.096849 1.065345 0.6875887 0.2428832 0.2423549 0.06259003
2.879512 1.125793 0.7475384 0.2223662 0.2466645 0.0729978
2.909418 1.060562 0.7841972 0.2285156 0.2503249 0.07705093
3.152069 0.7104724 0.845492 0.2786374 0.2704525 0.07915165
3.039306 1.062698 0.6897945 0.2413615 0.2455622 0.06349529
3.012952 1.070967 0.6825419 0.2364211 0.2426078 0.06217691
2.899783 1.228825 0.7057634 0.2182812 0.2427022 0.06906085
3.027898 0.9781494 0.6801181 0.2462269 0.2463003 0.06033145
2.973193 0.9396958 0.7755572 0.2452864 0.2562568 0.07379026
2.866232 1.168202 0.6928376 0.2185217 0.2415022 0.06560545
3.019402 0.9787705 0.746564 0.2435141 0.2499246 0.06960192
3.315041 0.721293 0.7579092 0.2943716 0.2653497 0.0671056
2.74419 1.228577 0.6895264 0.2056186 0.2399683 0.0662025
3.492554 0.3152628 1.051838 0.3586684 0.3160579 0.102171
3.233271 0.7823028 0.7457442 0.2799853 0.2600109 0.06625023
3.111929 0.9549793 0.7500419 0.2533211 0.2519562 0.06994808
2.9133 1.188665 0.6744375 0.2226244 0.2407848 0.06340442
3.111815 1.032386 0.7179937 0.2465797 0.2460197 0.06648417
2.913183 1.053413 0.7798917 0.2318736 0.2530897 0.07696722
3.29534 0.6918454 0.7720334 0.2901115 0.2629227 0.06746011
2.50382 1.481172 0.6789915 0.1766006 0.2397715 0.07042565
3.237624 0.6090869 0.898195 0.2978714 0.2815194 0.08514544
2.487779 1.583288 0.6515862 0.1703453 0.2369433 0.06788937
2.842935 1.270905 0.6677422 0.2104276 0.2376691 0.06377694
2.673968 1.393893 0.6592138 0.1924009 0.2367732 0.06501478
3.45237 0.5592754 0.9026668 0.3199232 0.2819683 0.08391407
2.940091 1.005239 0.7262136 0.2365885 0.2491985 0.06753882
2.889761 1.195278 0.6632308 0.2185081 0.2379496 0.06152753
2.967709 0.9864661 0.7714793 0.2414416 0.2547018 0.07426649
3.064101 1.067989 0.6764506 0.2414175 0.2428858 0.06138153
3.025267 0.8052979 0.8034702 0.2595676 0.262941 0.07496339
3.002202 0.8439934 0.8130404 0.2548323 0.2623646 0.07730561
2.813236 1.065984 0.7694626 0.221747 0.2504796 0.07526593
2.805555 1.407268 0.6397082 0.2007321 0.2348989 0.0622843
3.005705 0.946158 0.8178409 0.2396772 0.2508493 0.07823217
3.082221 1.019155 0.7083853 0.2467702 0.2469114 0.0650702
2.776357 1.389369 0.6221013 0.1973675 0.230538 0.05865433
3.04851 0.8805378 0.7608951 0.2540199 0.2548864 0.06980206
3.319582 0.7116597 0.7957943 0.2941533 0.2673092 0.07199728
2.933235 1.151828 0.7400794 0.2254967 0.2467482 0.07277919
2.964809 0.9767765 0.7670748 0.2387312 0.2515693 0.07270643
2.840625 1.012195 0.6852835 0.2255262 0.2426641 0.06109742
3.26401 0.7180721 0.8615459 0.2874913 0.2707132 0.08156191
3.124529 1.17649 0.6710851 0.2379079 0.2399237 0.06262322
2.905522 0.9967157 0.8009221 0.2346718 0.2559388 0.07895158
3.06494 0.8254563 0.7819601 0.2619297 0.2609137 0.07227463
3.051528 0.7042463 0.8576597 0.2689211 0.2701361 0.08044036
2.910544 1.162247 0.7178352 0.2227201 0.2438506 0.06926111
3.084386 1.021155 0.7181941 0.2459151 0.2471225 0.06648156
3.315615 0.8184867 0.7136776 0.2837863 0.2556777 0.06235039
3.048427 0.9084432 0.7279398 0.2523074 0.2520509 0.06579815
3.028502 1.050613 0.6783149 0.2387758 0.2422607 0.06106895
2.973092 1.001166 0.7293026 0.2377794 0.2478934 0.0675771
3.054305 1.080811 0.754454 0.2392158 0.248769 0.07329001
3.465225 0.5941723 0.7662136 0.3221399 0.2741928 0.06613242
3.359084 0.6951722 0.8692319 0.2992468 0.2736986 0.08255946
2.76257 1.209149 0.6900919 0.2080185 0.2403082 0.06592545
2.866205 1.081732 0.728812 0.2233978 0.2453124 0.06903832
3.127155 0.841043 0.7503247 0.2655718 0.2576718 0.06799053
3.084664 0.9444838 0.7734345 0.2535988 0.2553562 0.07342693
2.790885 1.200351 0.7313949 0.2119141 0.2459043 0.07270026
3.243813 1.000749 0.6483853 0.2603775 0.2414397 0.05602616
3.015705 0.8526249 0.7880847 0.2553804 0.2602151 0.07376989
3.218083 0.8398273 0.8401061 0.272708 0.2642116 0.0813555
2.661051 1.443928 0.6302079 0.1886413 0.2335532 0.0613717
3.008602 0.9939729 0.7822158 0.2435084 0.2548378 0.07602425
2.845067 1.091863 0.7586899 0.2225899 0.2490278 0.07416525
3.050256 1.0224 0.7079797 0.2444033 0.2475734 0.06528818
2.949998 1.159291 0.7126877 0.2222999 0.2391946 0.06737201
3.13632 0.869748 0.7759179 0.2647183 0.2594573 0.07256986
2.965712 0.9786122 0.7935893 0.2397373 0.2547192 0.07709137
2.903605 1.097762 0.7442585 0.2274135 0.2484136 0.07222907
2.862323 1.120554 0.7017918 0.2222597 0.2437126 0.06603487
2.691164 1.351851 0.610256 0.1960639 0.2330714 0.05692446
3.283258 0.7022215 0.8219576 0.2921955 0.2700998 0.07569709
2.895027 1.157694 0.7128512 0.2223404 0.2443028 0.06862375
2.861469 1.100142 0.70189 0.2234923 0.2440946 0.06561726
2.848608 1.028256 0.7458981 0.2273873 0.2500681 0.07097399
2.707893 1.249335 0.6737279 0.2038363 0.240424 0.06462032
3.041922 0.8314877 0.7813375 0.2578935 0.2589724 0.07192762
2.683817 1.301704 0.6526747 0.1989808 0.2385104 0.06263885
2.95893 1.006846 0.803674 0.2378688 0.2553974 0.07948322
2.881014 1.078337 0.7611325 0.2277036 0.2511099 0.07463814
2.971485 0.8964337 0.7864963 0.2481553 0.2587874 0.0746267
3.705281 0.3778059 0.9138931 0.370567 0.2999279 0.08254366
2.723142 1.319912 0.6719213 0.1980774 0.2367543 0.06522573
2.640442 1.27704 0.7273846 0.1958163 0.2449407 0.07400269
2.66052 1.538953 0.5671146 0.1838273 0.227946 0.05362066
2.983635 0.9904215 0.7661652 0.2399401 0.2521388 0.07317506
3.083589 0.8986987 0.7681939 0.2547421 0.254094 0.07110512
3.249901 0.6526214 0.8829575 0.2932515 0.2766312 0.08356235
3.410043 0.4358624 0.9084274 0.3306705 0.2917786 0.08225127
2.689633 1.325425 0.7071887 0.1967002 0.2420928 0.07155194
3.155547 0.8536051 0.7566088 0.2658501 0.2566166 0.06892848
3.209951 0.7758949 0.7722316 0.2814971 0.2648634 0.0703843
2.798991 1.331211 0.6380676 0.2033695 0.2338514 0.06030017
3.394565 0.7147311 0.7912439 0.3004086 0.2668069 0.07142557
3.034609 0.8314562 0.8266593 0.2589313 0.2643859 0.0792296
3.017546 0.89698 0.8031959 0.2522593 0.2603928 0.07727815
3.07273 0.9550108 0.7402203 0.2494484 0.2504317 0.06831708
2.986246 0.8522856 0.8442336 0.2537397 0.2656524 0.08268809
2.701248 1.313511 0.7198006 0.1980106 0.2421566 0.07289304
3.114559 0.7427711 0.8583216 0.2764634 0.273947 0.0829
2.657414 1.214179 0.7518339 0.201818 0.2484369 0.07656238
3.129633 0.8763966 0.7558003 0.2617424 0.2558268 0.06933234
2.915686 0.9849257 0.7612569 0.2373392 0.2538164 0.07262713
3.005864 1.033305 0.7442695 0.2384669 0.2482644 0.07041285
3.126507 0.9831165 0.684718 0.2515372 0.2448054 0.06078664
3.017129 1.021441 0.7427161 0.2422631 0.2507728 0.07049973
2.966487 1.034572 0.7709115 0.2351888 0.2508107 0.07470958
2.675459 1.35226 0.6244826 0.1934109 0.2327106 0.05872627
2.904106 0.883243 0.8382756 0.2443116 0.2636624 0.08234563
3.208675 0.9865639 0.7290298 0.2576451 0.2477542 0.06704884
3.174261 0.8155396 0.7714831 0.2702955 0.2585219 0.07006327
3.343231 0.7627874 0.7458075 0.2930465 0.2623024 0.06614157
2.95581 1.149076 0.6747909 0.2276947 0.2413203 0.0627369
2.919863 1.028527 0.750346 0.2321086 0.2492236 0.07135051
3.084422 0.8364809 0.842788 0.2610108 0.2635561 0.08136667
3.424936 0.6307736 0.8391769 0.3117903 0.2749091 0.07658044
3.159896 0.8399647 0.7815109 0.2658616 0.2577303 0.07199973
3.195509 0.8844257 0.6834771 0.2667903 0.2495853 0.05916614
3.698037 0.5075368 0.8111099 0.3527121 0.2820872 0.07047536
2.961032 0.9933832 0.7772246 0.2396333 0.2544526 0.07524488
2.951451 0.9475498 0.7802654 0.243545 0.2573981 0.07499133
3.316702 0.6965843 0.8461992 0.2940424 0.2704633 0.07870726
2.980433 1.072898 0.7154871 0.2347866 0.2464472 0.06730584
3.011436 1.060911 0.695533 0.2367742 0.2435501 0.06377369
3.205233 0.7648036 0.8414921 0.2767984 0.2657229 0.07927839
2.748912 1.226342 0.6759494 0.2062219 0.2388818 0.06409891
3.080544 0.8985984 0.854558 0.2510644 0.2571891 0.0833614
2.819263 1.197664 0.6454574 0.2141252 0.2379828 0.05935716
2.691537 1.439482 0.6148251 0.1910328 0.232646 0.0591006
3.031953 1.072296 0.7205924 0.2368221 0.2450713 0.06771258
2.887608 1.044305 0.679808 0.2302344 0.2446956 0.06157591
3.286251 0.6967276 0.8132776 0.2933393 0.2700874 0.07439266
2.867027 1.266771 0.7258582 0.2146369 0.2452214 0.07337446
3.135197 0.8435571 0.7582444 0.2651818 0.2570162 0.06887495
2.815027 1.181348 0.7530416 0.2145241 0.2468051 0.07527973
3.209669 0.8199571 0.8349603 0.2732522 0.2639722 0.07988623
3.142961 0.6807658 0.8464889 0.2797287 0.2710204 0.07834127
2.868036 1.089861 0.7452672 0.225453 0.2490973 0.07232835
2.802022 1.173136 0.7313125 0.2138216 0.2451715 0.07172659
3.013242 0.9025483 0.7618306 0.2502359 0.2554124 0.07073486
2.613837 1.511984 0.637882 0.1823681 0.2349831 0.06407629
3.490552 0.4399517 0.8821061 0.3414875 0.2929634 0.07937081
3.207902 0.7671956 0.8564881 0.2779782 0.2680885 0.08200256
2.813737 1.091162 0.7499848 0.2184612 0.2467756 0.07247722
3.142127 0.8590434 0.7886191 0.2627935 0.2574136 0.07339455
3.110695 1.056287 0.710959 0.247435 0.2479399 0.06666419
2.788282 1.121535 0.7555202 0.2147109 0.2464599 0.07392523
3.131008 0.8502535 0.815659 0.2638626 0.2613721 0.07769599
2.439232 1.564425 0.6449894 0.16815 0.237247 0.06675008
2.995896 1.027605 0.8004943 0.2383168 0.2533471 0.07912375
3.365952 0.5977485 0.8522239 0.3105535 0.278476 0.07793404
3.356268 0.7947967 0.7841194 0.2877538 0.2607877 0.07162428
3.363441 0.7178302 0.7878537 0.2983758 0.2670511 0.07109832
3.055742 0.9807907 0.7182029 0.2468746 0.2482341 0.06562781
2.870545 1.330211 0.6112549 0.2088965 0.2314205 0.05628295
3.187561 0.7976475 0.7850642 0.2722719 0.2598808 0.07160848
2.601065 1.474773 0.6569676 0.1826102 0.236057 0.06625092
3.005652 1.048722 0.7729899 0.2369435 0.2503464 0.07530043
3.246254 0.6452141 0.8021574 0.2950228 0.2723524 0.07180866
2.899183 1.085868 0.755395 0.2287761 0.2508964 0.07405997
2.691006 1.374058 0.6846981 0.1955563 0.2412703 0.06929942
3.167787 0.8275851 0.7942578 0.2695071 0.2606568 0.07386049
3.135815 0.9682688 0.7638873 0.2554108 0.2537372 0.07254051
2.802829 1.144499 0.7771337 0.2159452 0.2495732 0.07834604
3.057381 0.8638201 0.7747245 0.2578565 0.2592668 0.07225115
3.290641 0.5452401 0.8238524 0.3123121 0.2828796 0.07349833
3.027349 1.038504 0.7638331 0.24114 0.2516119 0.07406028
3.331877 0.7913054 0.7539159 0.2867545 0.2590525 0.06726586
2.931576 1.170339 0.737007 0.225083 0.2470582 0.07290963
2.706101 1.434819 0.6089461 0.1905282 0.2304283 0.05784881
3.722129 0.3529296 0.8322545 0.3793163 0.2995628 0.07139183
2.842044 1.233861 0.7037794 0.2143529 0.2432875 0.06905334
2.643145 1.381795 0.6382226 0.1881503 0.2323834 0.06108571
2.870341 1.109714 0.7065938 0.2215661 0.2419514 0.06597731
2.993786 1.005187 0.7318563 0.2384359 0.2468758 0.0677234
3.10953 0.6834742 0.8774651 0.2790485 0.2758648 0.08378157
3.020329 0.9841802 0.7909097 0.2433125 0.2537519 0.07662099
2.744505 1.16686 0.7181143 0.2092896 0.2430916 0.069216
2.907896 0.9729935 0.7813968 0.2328551 0.250846 0.07427057
2.713054 1.338034 0.6613728 0.1984988 0.2381249 0.06449284
3.323797 0.6049368 0.8983517 0.3054219 0.2812321 0.08500636
3.12896 0.7385307 0.8717732 0.2734397 0.270017 0.08345965
3.116466 0.866073 0.7712251 0.2621809 0.2580205 0.07150806
3.094515 1.007406 0.7255116 0.2490036 0.2490434 0.06743377
2.8963 1.100477 0.7594102 0.2248068 0.2474996 0.07411282
2.778284 1.323475 0.6436158 0.1992444 0.2312817 0.060381
3.214778 0.7244036 0.8473736 0.2840431 0.2711617 0.0800889
2.742449 1.203227 0.7191182 0.2104448 0.2474057 0.07141643
3.009515 1.063907 0.7401606 0.2367163 0.2478812 0.07070067
2.699215 1.202146 0.6902445 0.2052179 0.2424084 0.06626946
3.258242 0.8096554 0.810195 0.2756023 0.2594729 0.07508085
2.901806 0.9727942 0.8084736 0.2381498 0.2592928 0.08006438
3.067644 0.8259527 0.8525371 0.2596447 0.2640328 0.08248548
3.54048 0.4577578 0.8588749 0.3434593 0.2889108 0.07610907
2.840131 1.143087 0.6795244 0.2188364 0.2415306 0.06326101
2.697898 1.239506 0.6935469 0.2037752 0.2429623 0.06769669
3.137588 0.8713292 0.774838 0.2643384 0.2587022 0.07225598
2.867437 1.211943 0.6746218 0.2135931 0.236482 0.0630952
2.82053 1.140259 0.7756776 0.2191881 0.2516617 0.07862727
2.94491 1.100989 0.6722852 0.2308709 0.2427539 0.06156182
2.656175 1.513659 0.5995561 0.1848729 0.2305388 0.05790413
3.383928 0.7209732 0.7781937 0.298716 0.2650756 0.06953491
3.346809 0.6433602 0.8331849 0.3033965 0.273755 0.0759867
3.372489 0.6191061 0.8616476 0.3082389 0.2773683 0.07969359
2.82484 1.184174 0.7471903 0.2140723 0.2455322 0.07430108
2.587665 1.380921 0.6838414 0.1860927 0.2386974 0.06865269
3.010801 1.118535 0.7206705 0.2341901 0.2460589 0.06908169
3.205662 0.7981116 0.8399156 0.2758497 0.2661463 0.08032967
3.312713 0.7741319 0.8149551 0.2866471 0.2649594 0.07597356
3.013215 1.065369 0.7338434 0.2394574 0.2496131 0.07023233
3.119329 0.8653007 0.7744695 0.2606081 0.2567316 0.07166006
3.254591 0.9400073 0.7112223 0.2684001 0.2514229 0.06441917
2.70171 1.359431 0.6520511 0.1956313 0.2360872 0.06323788
3.019512 1.002986 0.7188152 0.2424633 0.2481757 0.0663353
2.961799 0.939477 0.8062324 0.2419542 0.2560437 0.07782454
2.8266 1.142361 0.719024 0.2152813 0.2415525 0.06834479
2.72965 1.297274 0.7204658 0.2041639 0.2470331 0.07395837
3.172637 0.9420883 0.7553272 0.2581678 0.2511757 0.06999858
3.072432 0.9328633 0.762545 0.2523752 0.2539534 0.07135444
2.818066 1.127595 0.6906356 0.2168639 0.2414318 0.06432365
2.737814 1.276009 0.7110583 0.204952 0.2447559 0.0714772
3.052221 0.8533334 0.8231091 0.2565425 0.2610778 0.07866599
3.680592 0.3291145 0.9997473 0.3752635 0.3107959 0.09441544
2.943397 0.977143 0.7896926 0.2393294 0.2554191 0.07660579
3.220664 0.7986847 0.7688215 0.2791731 0.2626353 0.07017864
3.205934 0.7081973 0.8065309 0.2834175 0.2672268 0.07322164
3.163792 0.8333382 0.7876314 0.2694229 0.2609379 0.0732937
2.625538 1.338595 0.7136625 0.192369 0.2442397 0.07338053
3.238291 0.9405487 0.7723674 0.2654253 0.2544836 0.07299003
3.256529 0.7377719 0.7645376 0.2838017 0.26141 0.06758494
2.989523 1.021952 0.77378 0.2352645 0.2479114 0.07390301
3.037968 0.9141731 0.7557303 0.2521357 0.2553238 0.07025509
3.009349 1.098143 0.7487948 0.2358332 0.2493157 0.0731236
2.905643 1.298742 0.6789452 0.2104018 0.2351608 0.06534811
3.08743 0.821999 0.8300128 0.2649661 0.266002 0.07982296
3.712712 0.4456611 0.8651956 0.3614378 0.2902148 0.07678118
3.000784 0.9032264 0.7994535 0.246456 0.2555629 0.07574428
3.299246 0.6616347 0.8256577 0.2959683 0.2709662 0.0750073
2.828533 1.174939 0.7443813 0.2110312 0.2402395 0.07222352
3.03706 1.05193 0.7180704 0.2411847 0.2474661 0.06731459
3.054927 0.8651814 0.8051075 0.256697 0.2601262 0.0763975
2.819933 1.132147 0.7341545 0.2193135 0.248382 0.07188847
2.929785 1.138459 0.6927023 0.2259887 0.2422086 0.06494996
3.304618 0.611037 0.8725557 0.3032583 0.2790293 0.08122844
2.753844 1.211166 0.6829121 0.2070998 0.2398949 0.06498777
2.790439 1.172165 0.7009277 0.2103432 0.2392922 0.06620616
3.280731 0.7489997 0.8183452 0.2864893 0.2667623 0.0760288
3.111405 0.8285351 0.7858763 0.2597737 0.2552135 0.07157121
3.142315 0.7813797 0.809134 0.2735231 0.2663071 0.07573501
2.761811 1.296526 0.6478579 0.204433 0.2376026 0.0617282
2.978102 1.067086 0.7629183 0.2323115 0.247593 0.07373544
2.530956 1.500185 0.6295681 0.175725 0.2326585 0.06223679
2.768045 1.25264 0.7328535 0.2062583 0.2435914 0.07354111
2.712823 1.310037 0.6970416 0.2010497 0.242965 0.06989639
2.791192 1.226466 0.703086 0.2068672 0.2386556 0.06770127
3.353205 0.5361347 0.8686331 0.3157818 0.2836271 0.07907169
2.712911 1.26168 0.6870159 0.2005347 0.2383299 0.06626326
3.351528 0.8546443 0.7047389 0.2816029 0.2511937 0.06124044
3.087661 0.7913692 0.8498021 0.2636534 0.2645762 0.0810519
3.081382 0.8346221 0.8934482 0.2613212 0.2678604 0.0894452
2.758 1.139878 0.6853549 0.2101027 0.2383981 0.06316544
3.073175 0.991344 0.7033968 0.2478532 0.2471522 0.06379269
3.268754 0.702809 0.8263224 0.2925357 0.2720373 0.0767387
2.775418 1.306502 0.6722525 0.204113 0.2384758 0.06534289
2.865608 1.187565 0.70422 0.2170191 0.2418637 0.06765704
2.997623 0.911749 0.7865397 0.2454539 0.254238 0.07399406
3.237772 0.8182908 0.780208 0.2744077 0.2583658 0.07127464
3.044626 1.041947 0.7465736 0.2411208 0.2483812 0.07097349
2.854512 1.335879 0.6711485 0.2078747 0.237874 0.06573162
2.899007 1.038736 0.7330737 0.2303923 0.2484278 0.0691797
2.942112 1.084408 0.7380048 0.2276675 0.2441915 0.07001002
3.160764 0.993252 0.7499442 0.2550998 0.2512936 0.07079464
3.323663 0.7158785 0.7952945 0.2915509 0.2648607 0.07156123
3.190655 0.7953243 0.8229826 0.2751678 0.2654692 0.0778297
2.876653 1.072065 0.7534243 0.2240019 0.246202 0.07217875
3.247515 0.7376461 0.8502248 0.2823893 0.2668479 0.07972031
3.079307 0.8708413 0.8135095 0.2581011 0.2604322 0.07779163
3.235938 0.7152488 0.8072447 0.2865118 0.2683637 0.07386509
2.810858 1.206395 0.7072658 0.2126148 0.2426332 0.06866696
2.953815 1.105458 0.7409376 0.2294302 0.2460672 0.07134506
3.070566 0.9924609 0.7281149 0.2441381 0.2455813 0.06662725
3.034779 1.084196 0.7362634 0.2357488 0.2450657 0.07001432
3.122699 0.8308297 0.751923 0.265507 0.2575069 0.06784875
2.733061 1.202574 0.747138 0.2080237 0.2475316 0.07528042
2.65591 1.315648 0.7007813 0.1937475 0.2397169 0.06974799
2.982287 1.075778 0.7225411 0.2313483 0.2433691 0.06761289
2.963572 1.125903 0.729485 0.2304842 0.2470246 0.0706595
3.190808 0.7198221 0.8424012 0.2823129 0.2708384 0.07916182
2.831845 1.120842 0.731104 0.2171921 0.2436822 0.06999539
3.105088 0.8648851 0.7459803 0.2609326 0.2555041 0.06762925
2.87662 1.248341 0.721118 0.2151952 0.2440332 0.07203254
3.346817 0.6444168 0.8416568 0.3037103 0.2748698 0.07739534
2.68039 1.398756 0.6570225 0.1942505 0.2392288 0.0654669
2.719519 1.314568 0.6289231 0.1997733 0.2341215 0.05876072
3.390068 0.4657045 0.8064584 0.3285059 0.2850577 0.0691215
2.648436 1.515776 0.6117964 0.1822446 0.2297651 0.05947743
2.999996 0.9230469 0.7893609 0.2484691 0.2579356 0.07558507
2.869976 1.135661 0.6989913 0.2217267 0.2433263 0.06600435
2.930218 1.155371 0.7003076 0.2250886 0.2429426 0.06654972
3.131835 0.8941724 0.752966 0.2591879 0.2534068 0.06890129
3.253796 0.8393612 0.7910336 0.2762401 0.2607273 0.07389431
3.220135 0.6246113 0.8492617 0.2935263 0.2757401 0.07785037
2.897195 1.164608 0.698119 0.218318 0.2387417 0.06555667
2.676924 1.229463 0.676367 0.202398 0.240712 0.06458508
2.735089 1.265516 0.694483 0.2019382 0.2393089 0.06764464
2.681607 1.37955 0.6763127 0.1895639 0.2340694 0.06652291
3.269308 0.780246 0.8073103 0.2784085 0.259992 0.07394056
2.860439 0.9888252 0.8150114 0.2334992 0.2594935 0.08159095
3.135586 0.92174 0.7685239 0.2581938 0.2549031 0.07210227
2.823847 1.10209 0.7838541 0.2213375 0.2522678 0.0787817
2.880043 1.118075 0.7565755 0.2218678 0.2466766 0.07407075
3.385573 0.5101389 0.833338 0.3264245 0.2873374 0.07449337
2.998313 1.058446 0.7242874 0.2374665 0.2476614 0.06833771
3.021285 1.030375 0.7458773 0.2434885 0.2530572 0.07180976
2.711089 1.528811 0.5971686 0.1864435 0.2292874 0.05769193
3.181504 0.7077405 0.846987 0.2812378 0.2703891 0.07919861
3.118298 0.9945379 0.7312411 0.2488043 0.2466913 0.0673093
3.452568 0.6379323 0.8261967 0.3152165 0.2751501 0.07524732
2.782077 1.147701 0.7286932 0.2133079 0.2448111 0.07063549
3.240442 0.7473665 0.7978894 0.2848437 0.2666447 0.07324701
3.071731 0.9964495 0.7933276 0.2478713 0.2549864 0.07762816
3.598453 0.3175972 0.8957263 0.3652147 0.3014446 0.07818594
2.639334 1.520866 0.6107948 0.1805631 0.2286173 0.05918885
2.770577 1.279767 0.6501203 0.2055257 0.2369102 0.0614587
3.158059 0.8567557 0.7639735 0.2651021 0.255974 0.06974476
2.879087 1.239216 0.6338061 0.2130666 0.2326301 0.05761844
3.126386 0.9238322 0.6818546 0.2569069 0.2466544 0.05930557
2.758148 1.131079 0.734884 0.2129261 0.2460987 0.07134046
2.636873 1.361755 0.6703407 0.1928974 0.2405032 0.0668017
2.98127 1.033696 0.8272931 0.2386643 0.2575299 0.08420682
2.766527 1.129114 0.8063342 0.215009 0.2536238 0.08319581
3.122729 0.8952376 0.7159413 0.2603912 0.2523019 0.06397603
3.022089 0.852149 0.8167272 0.2552931 0.2619414 0.07799001
3.117134 1.011961 0.6986675 0.2512587 0.2476143 0.06381857
3.037827 1.005883 0.7377425 0.2432383 0.2487565 0.06893089
2.628223 1.345163 0.6992657 0.1923003 0.2424402 0.0709549
2.993776 1.078039 0.6806424 0.2244432 0.2314394 0.06008342
3.414665 0.7435012 0.7967161 0.2994076 0.2658816 0.07282753
2.816213 1.247247 0.7018483 0.2104038 0.2417271 0.06876901
2.990392 1.003589 0.7932049 0.2414857 0.2556843 0.0780516
2.783679 1.020554 0.7700144 0.2244466 0.2542074 0.07498142
2.827255 1.144395 0.7958393 0.2211614 0.2556309 0.08276249
2.843927 1.143107 0.7293593 0.2174558 0.2439878 0.07042024
2.876674 1.133346 0.6786495 0.2203106 0.2386055 0.06217462
2.618356 1.418033 0.6255902 0.184191 0.2303613 0.05965154
3.046386 1.033112 0.774174 0.2415981 0.250911 0.07510429
3.517992 0.6134399 0.8287784 0.3222507 0.2753481 0.07478111
3.039714 1.080318 0.7291716 0.2375143 0.2456331 0.06907065
3.281607 0.6994404 0.7160229 0.2950373 0.2643183 0.06110631
3.044322 0.9100048 0.7887077 0.2510287 0.2558984 0.07458156
3.172498 0.8020214 0.8035943 0.2739216 0.2644352 0.0752129
2.78037 1.131478 0.7287859 0.214847 0.2455136 0.07032975
3.411708 0.5636087 0.9000329 0.316101 0.2819519 0.08375255
3.004203 0.9807729 0.7117631 0.2431399 0.2486179 0.06495772
2.84364 1.262611 0.6763399 0.2110167 0.2386111 0.06495502
2.788447 1.268098 0.6669297 0.2070361 0.2378167 0.06359329
2.802718 1.218012 0.7175577 0.2098432 0.241834 0.07019531
2.932721 0.9279109 0.8076995 0.2414538 0.2578258 0.07814863
3.390971 0.4772987 0.9214817 0.3258714 0.2913361 0.08547934
3.508813 0.5381145 0.8797158 0.3284073 0.2827541 0.08037236
3.49692 0.5528598 0.8427144 0.3277515 0.2809031 0.07573082
3.092536 0.9431398 0.7333694 0.2532499 0.2513035 0.06726948
2.951989 0.9860881 0.8274327 0.2357999 0.2543669 0.08180738
2.950052 1.006809 0.8350804 0.2368994 0.2572617 0.08428695
3.339951 0.6716868 0.8890189 0.2965348 0.2728975 0.08403454
3.45259 0.738729 0.7298276 0.3033334 0.2605177 0.06311504
2.670219 1.117028 0.7796769 0.2087748 0.2523529 0.07871517
2.840997 1.135941 0.6960002 0.2200464 0.2439199 0.06577566
2.657752 1.353439 0.6848916 0.1937411 0.2402988 0.06856028
2.835665 1.250988 0.7173542 0.2113835 0.2428744 0.07128055
3.137743 0.8991488 0.7539808 0.2613913 0.2554308 0.06961464
2.845698 1.035314 0.7428469 0.2249242 0.2476445 0.07019053
3.118452 0.9168867 0.7188786 0.2571438 0.2504764 0.06450934
3.087371 0.8533264 0.7341485 0.2579919 0.2526802 0.06524493
2.895238 0.9363455 0.8119196 0.2385799 0.2588787 0.07926798
2.781479 1.205562 0.742686 0.2108501 0.2458681 0.0742376
3.714501 0.3113905 0.887876 0.3801128 0.3037173 0.07755371
3.046678 1.132243 0.6949416 0.2352925 0.2426267 0.06521579
3.015159 0.9652207 0.7144288 0.2467358 0.250567 0.06526338
3.153508 0.9777965 0.7109648 0.2544466 0.2476155 0.06454821
2.939442 1.132221 0.7468031 0.2271809 0.2475095 0.07334169
2.926283 0.9248597 0.8326173 0.241103 0.2602418 0.08219034
3.230696 0.6601192 0.8647935 0.2918297 0.2757951 0.08118333
3.223345 0.7530982 0.8331047 0.2824688 0.2687888 0.0785633
3.148057 0.8244649 0.8108338 0.2706838 0.2648198 0.07698097
3.133625 0.7830997 0.8538604 0.2720223 0.2691749 0.08251452
2.767021 1.345517 0.5949964 0.2002541 0.229313 0.05407461
2.847348 0.8824133 0.8867548 0.2387186 0.2663935 0.08981875
2.820216 1.317013 0.6539731 0.2069996 0.2365057 0.06262079
3.130205 0.794018 0.7965997 0.2689366 0.2623399 0.07355663
2.540323 1.54352 0.5951543 0.1753352 0.2303572 0.05783399
3.085576 0.857974 0.8434967 0.2601307 0.2638227 0.08231034
2.816307 1.15014 0.7044105 0.2165706 0.2433407 0.06707131
3.026054 0.9598094 0.7775169 0.2460688 0.2536182 0.07400732
3.043796 1.003243 0.6976647 0.2440445 0.2459089 0.06312067
2.8844 1.065247 0.756727 0.2282017 0.2501279 0.07339379
2.940389 1.129708 0.7458737 0.2280515 0.2481002 0.07328514
2.977104 1.109841 0.7091943 0.2293671 0.2422949 0.06648437
3.162824 0.8030332 0.7948272 0.2704491 0.2610493 0.07327854
2.849606 1.052518 0.755904 0.2249956 0.2493586 0.07281579
2.842232 1.355801 0.6671346 0.2061516 0.2375487 0.06551703
2.71322 1.310551 0.7042216 0.1989589 0.2413276 0.07055596
3.013118 0.958434 0.7557912 0.2453001 0.2524412 0.07087666
3.194831 0.8034955 0.816196 0.2733785 0.2633585 0.07672834
3.188181 0.9849713 0.7037212 0.2558196 0.2455878 0.06335215
3.431782 0.5406248 0.9037037 0.3233611 0.2863708 0.08444251
3.195905 0.7445573 0.8126186 0.2768314 0.2633736 0.0742493
3.085315 0.9254016 0.73956 0.2515308 0.2491976 0.06700074
3.330207 0.790003 0.7159415 0.2862933 0.2561738 0.0620172
2.961087 1.036513 0.7407965 0.2335393 0.2468181 0.06973698
2.666083 1.370121 0.6769496 0.1935386 0.2401361 0.06787797
3.438745 0.6174305 0.8459858 0.315115 0.2767996 0.07744124
3.087144 0.9976947 0.7495181 0.2476463 0.2500148 0.07057967
3.544406 0.5614414 0.8085018 0.3324031 0.2788112 0.07125827
2.973642 1.204613 0.7123072 0.226473 0.2447252 0.06982733
2.716328 1.286823 0.7106174 0.199407 0.2404499 0.07060348
3.06672 1.055164 0.7869646 0.2404946 0.2503019 0.07735443
4.035555 0.1125275 0.9300123 0.449557 0.3305389 0.08042915
3.122559 0.8487674 0.775459 0.2635099 0.2579298 0.07143765
3.412645 0.4212675 0.9536472 0.3351556 0.2984797 0.08919887
3.405652 0.5785633 0.9065692 0.3154712 0.2829813 0.08547218
2.858618 1.136825 0.6501785 0.2191802 0.23669 0.05827154
2.956118 1.089384 0.7470805 0.2307725 0.2477173 0.07226254
2.955177 0.9985615 0.7053995 0.2372532 0.246876 0.06422856
3.17148 0.7757123 0.8701626 0.2709613 0.2650662 0.08323336
3.047483 0.9631273 0.7164115 0.2490551 0.2502626 0.06538651
3.459618 0.5137561 0.8400226 0.3306084 0.2852749 0.07501886
2.905149 0.9973729 0.8471749 0.2335427 0.2580927 0.08593848
2.935283 1.077893 0.7397642 0.2298752 0.2470441 0.0707512
3.176842 0.8274546 0.7957355 0.2729624 0.2639645 0.07492716
3.244493 0.6355924 0.8719103 0.2948699 0.2771579 0.08157668
3.071021 0.7958864 0.8347907 0.2666839 0.2681541 0.08005935
3.31024 0.7376668 0.8321869 0.2905517 0.2687143 0.07793824
2.996803 1.085505 0.7138702 0.2340368 0.2452458 0.06721918
3.53462 0.5676141 0.8028904 0.3294548 0.2768864 0.07037002
3.218466 0.8759846 0.7387689 0.2681017 0.2530683 0.06649544
3.098024 0.9192937 0.7975128 0.2569311 0.2589027 0.07684853
3.03567 0.926403 0.8413614 0.2445708 0.2542274 0.08162671
2.700984 1.276995 0.6674975 0.2012473 0.2395204 0.06428373
2.959174 0.9758254 0.7648815 0.2399064 0.2528036 0.07263106
2.679583 1.314304 0.6622804 0.1968368 0.2382022 0.06417885
3.185752 0.8607581 0.694465 0.2690375 0.2524322 0.06047504
3.205093 0.7977165 0.7737082 0.2745894 0.2597518 0.07010882
3.045361 0.9796523 0.7401645 0.2463743 0.2504177 0.06892985
2.951639 1.102184 0.7084624 0.2318674 0.2465133 0.0671223
2.822477 1.124854 0.6758551 0.2182179 0.2410043 0.06223875
2.846953 0.9727057 0.7734837 0.2324641 0.2551031 0.07423082
2.641894 1.24967 0.7396698 0.1973754 0.2455027 0.07505522
2.900275 1.105354 0.7334845 0.2246423 0.2455411 0.07035317
3.32577 0.8103526 0.7844471 0.2823501 0.2587211 0.07164001
2.983762 1.195198 0.6618673 0.2229043 0.2350595 0.06075766
3.109549 1.019738 0.7207839 0.2462074 0.2451821 0.06629189
3.076263 0.9246267 0.7764217 0.2539868 0.2560112 0.0734334
3.009649 0.910536 0.7945024 0.250219 0.2590149 0.07620521
3.540607 0.5684299 0.8258502 0.3297151 0.278314 0.07355384
2.748937 1.303078 0.6721471 0.2031588 0.2396038 0.06552881
3.105979 0.8305325 0.8141483 0.2664115 0.264962 0.07770653
2.906732 1.123658 0.7541893 0.2249553 0.2478222 0.07416793
3.318455 0.748763 0.8387995 0.2895652 0.2680193 0.07900599
3.038625 0.9931268 0.7652782 0.2425111 0.2498198 0.07249301
2.906579 0.9645266 0.7820393 0.2363203 0.2546956 0.07511166
2.601149 1.486139 0.6028285 0.1822355 0.2312996 0.05808802
2.862051 1.110616 0.6986713 0.2243185 0.2456299 0.06585726
3.114225 0.888726 0.7840069 0.2603309 0.2582385 0.07388886
2.411054 1.549077 0.6120491 0.166477 0.2326687 0.06073232
3.144895 0.8235614 0.7238929 0.2704049 0.2580551 0.06425214
2.918918 1.122436 0.7139051 0.226461 0.2447668 0.06794307
3.15144 0.7145883 0.7537969 0.2792056 0.2638785 0.06606264
2.938282 0.9571994 0.7414464 0.2387724 0.2506841 0.06856544
2.817785 1.082544 0.7478634 0.222135 0.2498251 0.072676
2.837695 1.059123 0.724771 0.2201343 0.2430348 0.06745485
2.850232 1.080734 0.7823437 0.2222909 0.2494099 0.07714905
2.989648 0.839077 0.8189407 0.2533039 0.2624895 0.07803361
2.9806 0.7668029 0.863815 0.258691 0.2688723 0.08314558
2.979736 1.156934 0.6663244 0.2293107 0.240372 0.06157198
2.83861 1.124827 0.7095315 0.2203998 0.2447584 0.06742733
2.897175 1.304958 0.6314011 0.2126043 0.2333809 0.05871423
3.022268 0.9676095 0.7870096 0.246793 0.2560184 0.07613769
2.80988 1.166834 0.7298251 0.2146558 0.2447401 0.07121706
3.098464 0.8554789 0.7533983 0.2613473 0.2566917 0.06857951
3.41092 0.4719283 0.909385 0.3287001 0.2914215 0.08378518
3.14312 0.8847089 0.7666261 0.2627607 0.256827 0.07117969
3.059364 1.004862 0.7366795 0.2451555 0.2488975 0.06880201
3.148015 0.804103 0.8680273 0.2713825 0.2689575 0.08507049
2.936942 1.092786 0.7485372 0.2278789 0.2467777 0.07237728
2.423775 1.581962 0.5940983 0.1654257 0.2307098 0.05849721
2.772513 1.288657 0.6797796 0.2021899 0.2367503 0.06565715
3.276418 0.8760741 0.7703882 0.2742012 0.2569679 0.07143248
3.488289 0.5588652 0.8611063 0.3232009 0.2784333 0.07757128
2.629658 1.264064 0.7283007 0.1974142 0.2462741 0.07396646
2.930067 1.207453 0.6434883 0.2222531 0.2369879 0.05898398
2.838146 1.074957 0.7575797 0.2211854 0.2475926 0.07329096
3.051735 0.9382166 0.8163985 0.2510876 0.2589084 0.07995115
2.740544 1.187098 0.7451591 0.2086165 0.2471565 0.07460682
3.111985 0.9719439 0.7347292 0.251253 0.2489668 0.06767689
2.952131 0.9612903 0.7733596 0.2385759 0.2519605 0.07313677
2.714607 1.340219 0.6590053 0.198348 0.2381747 0.06429716
2.913847 1.024848 0.7699339 0.2307569 0.24968 0.07396984
2.86916 1.244253 0.7126564 0.2149387 0.2434286 0.07062638
3.299127 0.6587027 0.8374486 0.2972915 0.2730645 0.07692074
3.174173 0.7265996 0.8607396 0.2789781 0.2706367 0.08179099
3.077028 1.01818 0.7410914 0.2460179 0.2495829 0.06994157
3.144837 0.8791103 0.7291331 0.2644471 0.2547554 0.06570235
2.990496 0.9854263 0.7564558 0.2424016 0.252729 0.07180738
3.327488 0.6553529 0.8411662 0.297986 0.2715344 0.07693675
2.719462 1.364708 0.6670075 0.1959779 0.2366507 0.06550059
2.563337 1.463111 0.6653907 0.1800422 0.2361971 0.06721416
3.08052 0.8943136 0.7646838 0.2562247 0.2557476 0.07096121
3.32164 0.75822 0.8197409 0.2888626 0.2658543 0.07626469
3.121388 0.8341552 0.7810569 0.2640713 0.2586681 0.07193368
2.782525 1.240749 0.6732185 0.2087649 0.2392147 0.06410564
3.08291 0.9133894 0.7518419 0.2558374 0.2549504 0.06965265
3.511991 0.4371628 0.9362691 0.3421507 0.2949102 0.08657526
3.207718 0.7234973 0.8054551 0.2819434 0.2661702 0.07333856
2.919687 1.033286 0.796681 0.2298533 0.2508417 0.07816132
3.270583 0.644136 0.8472698 0.296616 0.2750933 0.07817119
3.185975 0.7329754 0.886562 0.2786936 0.2709288 0.0854345
3.356175 0.6687919 0.8356657 0.303148 0.2740013 0.07724811
2.798297 1.233546 0.6955251 0.2106218 0.2419133 0.06757654
3.485514 0.5348669 0.8387364 0.3302365 0.28324 0.07513647
3.273334 0.7382783 0.7535105 0.2885604 0.2633308 0.06658221
2.812899 1.102204 0.7620643 0.2194453 0.2497426 0.07519942
3.043415 0.9285397 0.7772624 0.2516955 0.2570012 0.07394378
2.929124 1.073499 0.7556831 0.2303 0.2491488 0.07329105
2.926133 1.107401 0.7030392 0.2278528 0.2438948 0.06593089
2.834498 1.310246 0.657255 0.206984 0.2354379 0.06271214
2.875916 1.142908 0.7007883 0.2188648 0.2409359 0.06599204
2.923748 1.011394 0.7518706 0.2337845 0.2503962 0.07141993
3.358585 0.4851976 0.8983687 0.3210485 0.288319 0.08204124
3.14849 0.832992 0.8028009 0.2683471 0.2623202 0.07560729
3.066856 0.9681761 0.7495899 0.2506124 0.2533567 0.07053846
2.754568 1.434072 0.6229695 0.1963816 0.2338348 0.06030328
2.91652 1.132999 0.6691788 0.2256775 0.2410899 0.06158783
2.876632 1.209158 0.7147665 0.2170971 0.2433382 0.06999944
3.278445 0.6643711 0.8822195 0.2958787 0.2770861 0.08402304
3.029236 1.002221 0.8012867 0.2438866 0.255149 0.0789115
3.083304 0.8800985 0.7812247 0.256224 0.2558822 0.07266634
3.040986 0.9688299 0.7152918 0.2483045 0.2506482 0.0655443
2.962081 1.057586 0.779817 0.2354537 0.2532946 0.07721141
2.913474 1.108017 0.6844696 0.2264659 0.2421316 0.06317741
2.998914 0.9653606 0.767864 0.2405133 0.2497235 0.07198513
3.449537 0.6817857 0.7878337 0.3082963 0.2680331 0.07023832
2.924189 1.161699 0.6630543 0.2238129 0.2395989 0.06117277
3.123637 0.8733264 0.8064978 0.2610923 0.259377 0.07668563
3.008559 1.092203 0.6771033 0.233546 0.2402163 0.06144118
2.867444 1.100513 0.6915656 0.2231465 0.243075 0.06417697
2.685284 1.390362 0.6771491 0.1939977 0.2401331 0.0683306
2.803469 0.981823 0.753405 0.2248089 0.2491794 0.07041321
2.785569 1.228516 0.7062483 0.2061349 0.2383859 0.06806303
2.980354 1.034134 0.7197551 0.2367778 0.2470744 0.06702314
3.053771 1.057734 0.778691 0.2403211 0.2509252 0.076508
2.778873 1.149139 0.7679221 0.215477 0.2508857 0.07756819
2.916805 1.133067 0.7118571 0.2253254 0.2446462 0.06800005
3.238731 0.8213774 0.8133243 0.274933 0.2616206 0.07646782
3.001466 1.229255 0.6691006 0.2244301 0.2378876 0.06307899
3.133293 0.9898844 0.7045874 0.2521005 0.2467002 0.06382948
2.975846 0.9522388 0.796215 0.2418726 0.2549385 0.07666463
3.15223 0.8532697 0.7629859 0.2671017 0.2581804 0.07000753
2.956423 0.9558838 0.7916575 0.2420914 0.2567479 0.07662399
3.378793 0.6501841 0.8551351 0.3045567 0.2741446 0.07917377
3.021743 0.8980356 0.7436805 0.2511634 0.2539866 0.06794416
3.062836 0.996599 0.7313378 0.24765 0.2503542 0.06822454
3.234719 0.7737581 0.7801491 0.2807533 0.2630569 0.07101491
3.136273 0.8348746 0.773705 0.2637535 0.2567398 0.07059808
2.594762 1.445787 0.6609934 0.1862305 0.2400675 0.06718996
2.664744 1.489734 0.633865 0.1873631 0.2356599 0.06333344
2.914481 1.114997 0.7438325 0.2285958 0.24979 0.07299154
2.669258 1.327463 0.6994132 0.1960742 0.2423516 0.07053308
3.377784 0.5082459 0.9141693 0.3195481 0.2870684 0.08469322
3.106256 0.8163012 0.7876226 0.2641493 0.2598457 0.0725286
3.156393 0.8357523 0.7595714 0.2657764 0.2557012 0.06855253
3.100759 0.8210338 0.7914143 0.26355 0.2603477 0.07329964
3.046415 1.035709 0.699488 0.239843 0.2427113 0.06344352
3.580344 0.6552306 0.7752776 0.3252131 0.2703817 0.06831752
2.756129 1.191834 0.7020379 0.210954 0.2439676 0.06787276
3.035956 1.068347 0.7427839 0.2394806 0.2488623 0.07137869
2.462166 1.690009 0.6020558 0.1646308 0.2341452 0.06217635
2.811074 1.315651 0.6770771 0.2044321 0.236539 0.06571982
3.190849 0.6179506 0.8678285 0.2912893 0.2775001 0.08050422
3.018939 1.014645 0.6969085 0.2432281 0.2472125 0.06353715
3.111841 1.041255 0.7378746 0.2471653 0.2482003 0.06973169
3.049331 0.9176343 0.7730595 0.2520619 0.2559037 0.07278586
2.815553 1.171652 0.7113425 0.2143646 0.2425084 0.06830394
2.927022 0.9896414 0.7735897 0.2380791 0.2551076 0.07477242
3.080173 0.9791183 0.7317443 0.2490039 0.2494656 0.06760458
2.897011 1.220025 0.6806574 0.2177477 0.2390781 0.06456824
2.883573 1.004588 0.7238428 0.2300475 0.2468456 0.06670404
2.796053 1.133111 0.6977981 0.2136743 0.2405508 0.06519529
2.821088 1.195683 0.6928437 0.212419 0.2398223 0.06586824
2.69763 1.267673 0.7039201 0.2011457 0.2421656 0.06957515
3.102429 0.9656156 0.7117264 0.254702 0.2511883 0.0650602
2.958781 1.265906 0.6858292 0.2172076 0.2371723 0.06598038
3.092255 0.9225793 0.7710704 0.2566932 0.2572033 0.07299643
3.230664 0.8244159 0.7166079 0.2752798 0.2546759 0.06264179
2.764693 1.370539 0.6388727 0.2012773 0.2366566 0.06180011
2.960967 1.180802 0.6435193 0.2254291 0.2369769 0.0584865
3.560451 0.2750039 1.027291 0.3646976 0.3119828 0.09568186
3.415201 0.7149118 0.8319021 0.2997129 0.2672036 0.0766732
2.767989 1.301225 0.6656156 0.2033642 0.2366476 0.06382258
3.04859 0.9572766 0.7902025 0.248547 0.2554436 0.07613014
2.90043 1.057541 0.7694587 0.2306774 0.2525113 0.07557422
2.783338 1.334027 0.6567092 0.205187 0.239627 0.06415491
2.757847 1.2077 0.7002094 0.207758 0.2411912 0.06743045
3.257697 0.683746 0.8505932 0.2915946 0.2731054 0.07950309
2.777074 1.283947 0.6854446 0.2044169 0.2386957 0.06668363
3.161164 0.9156697 0.7444608 0.2634523 0.2555762 0.06889561
3.205985 0.7781041 0.7987848 0.2768335 0.2631006 0.07351395
3.162388 0.9493768 0.6716481 0.2573849 0.2448239 0.05834448
2.899828 1.152121 0.7315324 0.2245039 0.2471758 0.07161806
2.796473 1.317157 0.6730729 0.2034965 0.2370237 0.06541177
2.997651 0.9657422 0.7826664 0.244761 0.2556861 0.07542983
3.20094 0.8339411 0.7669368 0.2745696 0.2615549 0.07080351
2.694192 1.322809 0.6790581 0.1978523 0.2400604 0.06704769
2.97406 0.9916372 0.7153815 0.2382563 0.2467155 0.06527388
3.300012 0.7774597 0.8057449 0.286853 0.2654863 0.07496546
2.451985 1.572801 0.5775989 0.1697291 0.2315495 0.05626734
3.150282 0.7656362 0.8604437 0.2737558 0.2692156 0.0828033
2.825704 1.162977 0.7149714 0.216664 0.2446252 0.0691561
3.094234 0.7533804 0.8388814 0.2693449 0.2672576 0.07894199
2.922873 1.014818 0.7393595 0.2347352 0.2503352 0.06978618
2.896317 1.135631 0.7062662 0.2219419 0.2422444 0.06675472
2.998376 0.8028146 0.8352276 0.2551347 0.26309 0.07911666
3.041549 0.984342 0.7618381 0.2441166 0.2505734 0.07197679
3.157001 1.023006 0.6757511 0.2522259 0.2439371 0.06041793
3.067887 0.8574334 0.8021952 0.2582674 0.2601826 0.07580792
2.932912 1.071356 0.7048356 0.2313807 0.2458777 0.06575858
3.106464 0.8549609 0.8873068 0.2602413 0.2650026 0.08853091
3.195671 0.7387607 0.7567624 0.2771372 0.2594339 0.06622655
2.953168 1.019213 0.7118814 0.2370845 0.2482388 0.06585431
3.125845 0.8023077 0.8258659 0.2665721 0.2629738 0.07783079
2.980733 1.047521 0.7702243 0.2361972 0.2508136 0.07490731
2.631987 1.334473 0.705101 0.1927056 0.2421215 0.07138356
2.963383 1.068059 0.782844 0.2354939 0.2536407 0.07794815
3.025705 0.8320959 0.7987882 0.2566513 0.2606264 0.07463059
3.158086 0.9175372 0.7752139 0.2601783 0.255125 0.07287055
2.701884 1.364333 0.6734178 0.1966945 0.2398763 0.0671547
3.199126 0.7450674 0.8747963 0.2757887 0.2667625 0.08326303
2.799601 1.147893 0.6896072 0.2152299 0.2416826 0.06465861
3.119308 0.9169557 0.7471843 0.2573493 0.2534053 0.06883411
3.193038 0.7984758 0.7503621 0.2733308 0.2582041 0.06693296
3.227858 0.8468993 0.8025587 0.274184 0.2618437 0.07587008
3.185196 0.8060297 0.7713628 0.2737065 0.2610014 0.0704042
3.01575 1.084159 0.6987185 0.2357666 0.2437109 0.06480148
2.920861 1.134215 0.6742786 0.2243607 0.2397751 0.06198998
3.480681 0.6666044 0.7718819 0.3126486 0.2674501 0.06761652
2.461961 1.570745 0.6470741 0.1688595 0.2363557 0.06690977
3.11659 0.8138966 0.7748935 0.2660423 0.2599033 0.07089314
2.782642 1.268685 0.6940238 0.2041745 0.2378324 0.06729819
2.717618 1.333414 0.6583265 0.1965693 0.2345312 0.06313845
3.305552 0.5830892 0.9190918 0.307059 0.2848332 0.08779572
2.770189 1.39665 0.6229366 0.1983298 0.2327666 0.05937332
3.441441 0.3376325 0.937422 0.34917 0.3052074 0.08521346
2.450696 1.631082 0.6039937 0.1657631 0.2324807 0.06101455
3.28446 0.7007651 0.8079195 0.2893324 0.265839 0.07280373
3.117219 0.9018198 0.7274561 0.2586374 0.2522786 0.06558276
2.921711 1.066824 0.7684101 0.2283614 0.2489133 0.07487174
2.808186 1.011884 0.8625403 0.2274997 0.2624431 0.08998106
2.739992 1.383099 0.6566835 0.1976903 0.23703 0.06456768
2.861486 1.168992 0.6949228 0.2184343 0.2412745 0.06573334
2.862163 1.177576 0.7167396 0.2181355 0.2439874 0.06959878
3.286171 0.839192 0.7713621 0.2766879 0.2570416 0.07049495
2.980245 1.033788 0.7556594 0.2365854 0.2497029 0.07233516
2.858011 1.178663 0.6866219 0.2170645 0.2408037 0.06490807
2.513783 1.569491 0.6396274 0.173834 0.2373456 0.0660395
3.124683 0.8292628 0.8062268 0.2649594 0.2611804 0.07569123
3.047479 0.9461844 0.824225 0.2499832 0.2594886 0.08153157
2.927774 1.236057 0.6636217 0.2209987 0.239925 0.06293441
2.688715 1.322131 0.7222004 0.1989596 0.245251 0.07423177
3.000602 1.005135 0.7526501 0.2416581 0.2517213 0.07162207
3.244047 0.802835 0.8343282 0.2775905 0.2643203 0.07925674
3.363785 0.7131953 0.8006008 0.297266 0.2670571 0.0726257
3.004187 0.9943645 0.775245 0.2427173 0.253624 0.07475019
3.070496 0.9471858 0.7642472 0.2516674 0.2538868 0.07193114
2.994824 0.9786046 0.7547925 0.2422056 0.2514857 0.07106799
2.804678 1.231255 0.698485 0.2095565 0.2400545 0.06746136
3.495393 0.4862241 0.8896127 0.3334727 0.2872727 0.08075273
3.334737 0.6224759 0.8620408 0.3055973 0.2782677 0.08006639
3.14512 0.8841283 0.7969364 0.2612992 0.2573953 0.07525008
2.663528 1.312594 0.6824001 0.1956487 0.2391448 0.06695765
2.943807 1.215459 0.6908548 0.2216764 0.2411741 0.06643792
2.927341 1.042472 0.7004217 0.2340463 0.2470427 0.06465613
2.66955 1.223206 0.7154547 0.1990301 0.2403087 0.06955665
2.78749 1.138575 0.7327973 0.2099986 0.2401051 0.06977684
2.79584 1.279991 0.6067212 0.2069173 0.2321788 0.05489423
3.580203 0.4694605 0.9111973 0.344945 0.2913567 0.08389379
2.645204 1.432965 0.6322738 0.1874847 0.2343091 0.06177062
3.190186 0.6552252 0.891595 0.2875325 0.277291 0.08505552
3.119084 0.8586543 0.8015352 0.2629706 0.2606471 0.07588168
2.817334 1.161001 0.7075689 0.2162975 0.2432278 0.06764097
2.877229 1.13199 0.7433529 0.2206287 0.24514 0.07226334
3.240703 0.6908731 0.815026 0.2895488 0.2704392 0.07453733
2.836662 1.048645 0.7756828 0.2263722 0.2531696 0.07628503
3.028191 1.085295 0.6601732 0.2371824 0.2408253 0.05930058
3.260154 0.8147146 0.766671 0.2795646 0.2603497 0.06989121
3.232287 0.8760805 0.715647 0.2692812 0.2513676 0.06325917
2.750684 1.236671 0.6693778 0.2080969 0.240921 0.06391057
3.076981 1.132086 0.6856494 0.237743 0.2418596 0.06381832
3.109762 0.9804225 0.7095653 0.2515607 0.2478533 0.06444326
2.430767 1.621089 0.6094071 0.1664638 0.2342893 0.06186834
2.929258 1.037982 0.7304608 0.232237 0.2475029 0.06860305
2.990828 1.072987 0.7605872 0.2335759 0.2479936 0.07367822
3.023761 0.957674 0.7831561 0.2449047 0.2533605 0.07470794
2.95456 0.9743054 0.7539941 0.2417729 0.2539888 0.07138688
2.940763 1.200339 0.6610837 0.2225054 0.2387626 0.06161335
3.127158 0.8226651 0.8511236 0.2639547 0.2628759 0.08184241
3.321421 0.592195 0.8345718 0.3065912 0.2771921 0.07520209
2.862256 1.202497 0.6986743 0.2163109 0.2418097 0.06728439
2.9321 1.034925 0.7103329 0.232682 0.2457694 0.06549819
2.828597 1.232949 0.6627281 0.2110312 0.2379348 0.06247448
2.727226 1.331913 0.6762658 0.1969843 0.2356719 0.06575168
2.448734 1.588115 0.6165219 0.1667657 0.23203 0.06184484
2.844085 1.2435 0.6693216 0.2078742 0.233041 0.06233335
3.259664 0.7177847 0.8371762 0.28778 0.2696205 0.07807883
2.610818 1.553293 0.6240704 0.1797573 0.2337119 0.06273109
2.992549 1.06257 0.7503865 0.2337792 0.2465984 0.07167031
2.690271 1.464732 0.6574259 0.1882345 0.2351415 0.06597732
2.954824 1.127061 0.6974208 0.2286271 0.2431646 0.06555572
3.093343 0.8630686 0.8046472 0.2585208 0.2586979 0.07595467
3.186874 0.7767047 0.8228282 0.2783026 0.2678163 0.07770552
3.152346 0.7214455 0.7986654 0.2747108 0.2631879 0.0717314
2.993186 1.005212 0.6649832 0.2408542 0.243717 0.05859095
3.019169 1.058238 0.7279068 0.2373185 0.2458142 0.0683574
2.852949 1.134841 0.7877206 0.2213872 0.2523524 0.08042802
2.760558 1.178762 0.7471439 0.2105215 0.2473048 0.07469083
2.751955 1.104527 0.6965725 0.2147947 0.2439371 0.06503834
3.295094 0.6415399 0.92195 0.2998352 0.281247 0.08956219
3.288086 0.7342056 0.8605982 0.2861902 0.2683826 0.08150239
2.763956 1.277661 0.7090622 0.2063503 0.2440062 0.07105502
2.627773 1.321295 0.7034786 0.1925871 0.2414246 0.07067609
2.791884 1.158789 0.6746847 0.2150119 0.241522 0.0629533
2.686286 1.36986 0.7206683 0.1943158 0.2425607 0.07451414
2.965536 0.9538299 0.7669335 0.2420436 0.2537424 0.07251077
3.081635 1.034104 0.7402247 0.2469873 0.2508912 0.07055426
2.5295 1.578581 0.6289955 0.1745817 0.2369991 0.06470427
