2.045859 1.932748 0.7908481 0.1110922 0.2209645 0.08741721
2.004688 2.003848 0.7536703 0.1104383 0.2268862 0.08521291
1.881983 2.22165 0.6995514 0.1008135 0.2330488 0.08200265
2.0601 1.773483 0.8365232 0.1139259 0.2175255 0.08994909
2.022803 1.973848 0.7529813 0.1099325 0.2220255 0.08309795
2.152115 1.720949 0.8551178 0.119633 0.2159377 0.09079657
2.011648 1.969298 0.7318427 0.1092713 0.2203163 0.07949118
1.9906 2.092406 0.7238587 0.1065572 0.2255758 0.08178875
1.84095 2.322869 0.6875679 0.09581542 0.232722 0.08097712
2.110282 1.74436 0.8933814 0.1214922 0.2290325 0.1023527
2.033875 1.956024 0.7651668 0.107833 0.215814 0.08236588
2.128855 1.689814 0.8807066 0.1188123 0.2170434 0.09433949
2.165407 1.618933 0.9500221 0.1259213 0.2260568 0.106457
1.92826 2.186022 0.6718312 0.100184 0.2208132 0.07366316
2.088609 1.757719 0.8049942 0.1137264 0.2113408 0.08307907
2.092888 1.917523 0.7236177 0.1107005 0.2093071 0.07383271
2.189128 1.665852 0.8868115 0.1233769 0.2177622 0.09488057
2.075661 1.763545 0.8887079 0.1175096 0.2254066 0.1003733
2.112563 1.803237 0.7866553 0.1161533 0.2153317 0.08281452
2.111387 1.781845 0.8220945 0.1150979 0.2140633 0.08681405
2.169894 1.5033 0.9059196 0.1247028 0.2131193 0.09182067
1.92348 2.111572 0.7107281 0.1040494 0.2286374 0.0811442
2.118781 1.803478 0.8524729 0.1167378 0.2196866 0.09361989
1.953096 2.098991 0.7321357 0.1069379 0.2311039 0.08478118
1.987047 1.870753 0.8107755 0.1054538 0.213452 0.08660794
1.937483 2.265717 0.6748362 0.1064675 0.2393812 0.0804588
1.926695 2.170704 0.6942007 0.1029946 0.2276636 0.0788105
1.947629 2.037653 0.7572727 0.1056951 0.2264523 0.08613101
2.026354 2.009625 0.7156782 0.107822 0.2162722 0.07623545
2.127086 1.841229 0.7815063 0.1150028 0.2138223 0.08222394
2.137936 1.80235 0.764413 0.1144053 0.2071382 0.0768032
2.143964 1.646711 0.897949 0.1175884 0.2110939 0.09331612
1.817355 2.373366 0.6528938 0.09584796 0.2364557 0.07721685
2.016999 2.103883 0.698118 0.1046534 0.2168763 0.07530725
1.945372 2.066701 0.6915598 0.1017036 0.2154077 0.07348787
1.977088 2.118267 0.6826657 0.1032694 0.2177413 0.07348187
2.103378 1.791913 0.8202163 0.1168621 0.2187283 0.08843777
1.877014 2.255904 0.6896005 0.103459 0.2412905 0.08338183
1.879647 2.211089 0.7204235 0.09980479 0.2317328 0.08459805
2.050003 2.015967 0.708021 0.1071063 0.2128403 0.07430286
1.947249 2.087892 0.7156552 0.1058759 0.227274 0.08090127
1.958392 1.993568 0.7832403 0.1058898 0.2243952 0.08862593
2.024478 1.965809 0.7882018 0.1106532 0.2254202 0.08934969
2.01279 1.984428 0.7784493 0.1100519 0.2255739 0.0881234
1.967479 2.081897 0.7123766 0.1057587 0.2241855 0.07938917
1.906082 2.155438 0.6887324 0.0991876 0.2200059 0.07545008
2.068097 1.787889 0.8128736 0.115313 0.2191675 0.08758322
2.090507 1.777529 0.831072 0.1150734 0.2162983 0.0887675
1.913507 2.193517 0.6823109 0.1037676 0.2320164 0.07871157
2.085349 1.881438 0.7759304 0.1149406 0.2205962 0.08451334
1.914268 2.08703 0.7403334 0.1022629 0.2250738 0.08379333
2.078511 1.803456 0.8203308 0.1154212 0.2197327 0.08912578
2.008964 1.910253 0.7660954 0.1093698 0.2185021 0.08271175
1.935789 2.016988 0.8141443 0.1082814 0.236769 0.09841915
2.087243 1.850794 0.7904636 0.1144469 0.2179729 0.08505617
2.22254 1.528005 0.915414 0.1261257 0.2122836 0.09336935
1.978378 1.884058 0.7644521 0.1060182 0.2126294 0.07994584
2.011353 1.910771 0.8125952 0.1095802 0.2221071 0.09074098
1.888987 2.307782 0.6080447 0.0965907 0.2207835 0.06573343
2.192491 1.682907 0.8488608 0.1178302 0.2058004 0.08532732
1.978033 2.027637 0.7273258 0.1032814 0.2143964 0.07752178
1.937338 2.181205 0.6526143 0.1016954 0.2209378 0.07087362
1.920461 1.997073 0.8265785 0.1070737 0.2347107 0.09907833
1.898341 2.138702 0.7219164 0.1002929 0.225344 0.08189431
2.100812 1.846888 0.8236012 0.1161472 0.2219172 0.09120507
1.814381 2.275928 0.7077309 0.09689425 0.2370127 0.08505991
2.106242 1.81079 0.8809002 0.1159014 0.2220102 0.09890486
1.942517 2.225251 0.6436234 0.1009534 0.2206355 0.06985448
2.045963 1.855359 0.837245 0.1148677 0.2274578 0.09560781
1.942637 2.192054 0.6525567 0.1018581 0.2219325 0.07134663
1.974795 2.089808 0.7473037 0.1078192 0.2310509 0.08696359
2.171357 1.534337 0.9633898 0.1253956 0.2194231 0.1031798
2.07787 1.917367 0.7701165 0.1126981 0.2178272 0.08302082
1.793289 2.47277 0.5937553 0.09277939 0.2335135 0.06808677
1.976462 2.139186 0.710363 0.105635 0.2276177 0.08103452
1.852855 2.383534 0.613539 0.09766315 0.2344181 0.07092722
2.004909 1.976943 0.764549 0.111362 0.2276875 0.08670821
1.900592 2.261832 0.6629461 0.1012415 0.2316504 0.07643598
2.058865 1.886118 0.7860347 0.1128495 0.220011 0.08574689
1.835281 2.358715 0.6728684 0.09811139 0.2405526 0.08147668
1.914769 2.181735 0.7108333 0.1052764 0.237237 0.08468718
2.083059 1.703445 0.9089803 0.1170202 0.220852 0.1001535
1.970552 2.090659 0.7178588 0.1039986 0.2205736 0.07900955
2.172482 1.673784 0.8648553 0.12134 0.2156549 0.09134599
1.829456 2.345146 0.6245032 0.09448697 0.2270839 0.0700898
2.027095 1.864488 0.8313073 0.110851 0.2209306 0.09220411
1.827259 2.471756 0.590083 0.09391669 0.2326987 0.06751045
2.212643 1.466916 0.9899692 0.1314881 0.2229955 0.1065289
1.872483 2.291798 0.6367871 0.09764947 0.2253469 0.07075887
1.957834 2.12141 0.7094309 0.1053757 0.2270813 0.08035827
1.892223 2.127638 0.749682 0.1036731 0.2348959 0.089147
2.106062 1.889211 0.7752654 0.1132901 0.2157552 0.08287742
2.039808 1.888247 0.8094475 0.110901 0.220241 0.08930327
2.042861 1.824603 0.8815668 0.1145241 0.2273332 0.1014733
2.022683 1.991034 0.7477746 0.1066626 0.2150945 0.08002381
1.887777 2.191726 0.6814882 0.09827985 0.2227631 0.07576013
1.795976 2.575273 0.534221 0.09103503 0.2310776 0.05942901
2.069846 1.894795 0.8085952 0.1109117 0.2164722 0.08767492
1.838603 2.312027 0.6552499 0.09818244 0.2351829 0.07674845
2.053625 1.836399 0.775611 0.11073 0.2123 0.08075658
1.910324 2.210471 0.7066131 0.1012645 0.2291262 0.0814317
2.144036 1.652762 0.8975127 0.121571 0.2190876 0.09667725
1.956506 2.055135 0.7228811 0.1043775 0.2214736 0.07970893
2.126958 1.836682 0.7802417 0.1131434 0.2091199 0.08016329
2.163614 1.756101 0.8696394 0.1208629 0.2208361 0.09564476
2.076085 1.956362 0.8030234 0.116355 0.2319277 0.09390144
1.980446 2.095186 0.7078504 0.1065808 0.2246847 0.0789868
2.07164 1.840023 0.7816905 0.112451 0.2141861 0.08225495
1.949028 2.117173 0.6673693 0.1044357 0.2220475 0.07259756
2.141761 1.747442 0.8333989 0.1201689 0.2187777 0.08945362
1.933413 2.109577 0.7850661 0.1062526 0.2366901 0.09499258
2.121328 1.75778 0.8607652 0.1160389 0.2156974 0.09239159
1.847206 2.228612 0.7160415 0.09746086 0.2306433 0.08362593
2.090145 1.844396 0.7720101 0.1130994 0.2129345 0.08051994
2.19162 1.56162 0.953382 0.1244525 0.2166602 0.1012809
2.217891 1.641884 0.8698114 0.1259079 0.2167391 0.09154716
2.055501 1.984202 0.7829935 0.1127756 0.2270517 0.08941077
1.916702 2.179009 0.6967119 0.1040571 0.2315487 0.08040636
1.93778 2.048955 0.7704575 0.1060197 0.2293372 0.08909387
1.718223 2.615368 0.597218 0.09083231 0.2521784 0.07470614
1.867331 2.263392 0.6764264 0.1025736 0.2406987 0.08136108
1.985496 2.017511 0.7323491 0.1067001 0.2210773 0.08042779
1.968262 2.091071 0.7371785 0.1051702 0.2254024 0.08353457
2.002383 2.045302 0.7370069 0.1056443 0.2193816 0.08092432
2.118604 1.884996 0.7649348 0.1129043 0.211533 0.07965346
1.994509 1.956486 0.7502267 0.1064784 0.216613 0.08061194
1.869983 2.313859 0.658444 0.09585775 0.2258514 0.07439536
2.011334 1.968724 0.7730258 0.1107666 0.2262344 0.08744033
2.058675 1.793349 0.8148087 0.1124218 0.2149153 0.08637226
1.911117 2.145094 0.7879394 0.109838 0.2512363 0.1014736
1.995272 1.902928 0.80778 0.1091906 0.2218695 0.08973338
1.904885 2.162265 0.6739192 0.1009248 0.2238637 0.07467619
1.89026 2.148248 0.695405 0.09973727 0.2230393 0.07725694
2.100231 1.827157 0.7672823 0.1121297 0.2086354 0.07814749
2.030522 1.972795 0.7739936 0.1096269 0.221655 0.0859269
2.069021 1.935666 0.7508713 0.1102333 0.2142377 0.07947683
1.996411 2.048841 0.7512074 0.1099788 0.2303705 0.08676078
2.146351 1.760332 0.9051657 0.1220846 0.2276808 0.1038065
2.084994 1.833328 0.8180498 0.1162664 0.2222618 0.0902052
2.012154 1.89233 0.7979363 0.1104946 0.2213781 0.08798799
2.130591 1.779298 0.8276114 0.1175658 0.2167884 0.08851342
1.889149 2.197577 0.6891267 0.1013409 0.2299605 0.07905377
1.857371 2.40003 0.6318457 0.09616812 0.2315483 0.07267918
2.038569 1.888282 0.7685592 0.1131942 0.2221406 0.08408587
1.857477 2.1823 0.7108222 0.09954216 0.2303441 0.08225087
1.854575 2.347534 0.6870627 0.1042799 0.2551128 0.08859136
1.976801 2.087528 0.7190076 0.1052483 0.2224728 0.07976358
1.880977 2.060951 0.8003436 0.1029367 0.2338516 0.09581127
2.115566 1.647117 0.9170793 0.1205316 0.2210544 0.1001685
2.041244 1.792272 0.8456764 0.1148056 0.2235567 0.09401636
2.055595 1.876896 0.7711281 0.1115742 0.2159239 0.08199783
2.061187 1.827388 0.7960814 0.1134308 0.2173249 0.08515316
1.986024 1.98221 0.7585043 0.1085228 0.2238468 0.08456701
2.061697 1.826147 0.8045475 0.1151116 0.2211968 0.08775833
2.04047 1.945937 0.7557177 0.1114919 0.2210048 0.08262634
1.99035 2.177426 0.6434301 0.1022328 0.2142922 0.06749774
2.049388 2.091571 0.6918309 0.1084812 0.2196213 0.07507046
2.042551 1.966019 0.7420877 0.1073911 0.2124942 0.07805189
2.155775 1.844 0.7426604 0.1146478 0.2065585 0.07430769
1.94539 1.984878 0.7561355 0.106231 0.2236794 0.08419146
1.977065 2.123689 0.6910114 0.1056366 0.2235243 0.07646061
1.845725 2.344546 0.6191107 0.09770749 0.2323927 0.07080372
2.086471 1.837508 0.8555507 0.1151709 0.2225232 0.09579474
1.9841 2.097141 0.6785091 0.1045063 0.2179512 0.07277036
2.019626 2.061453 0.673987 0.1052261 0.2121638 0.06988419
2.087844 1.840143 0.8588331 0.1193324 0.2315569 0.1000712
1.913296 2.250194 0.6464963 0.09888059 0.221985 0.07097701
2.12302 1.78393 0.832101 0.1191632 0.2209896 0.09075673
1.893275 2.282525 0.6779618 0.1026248 0.239339 0.08140567
1.94709 2.134608 0.6808838 0.1017677 0.2191933 0.07390767
2.090342 1.901575 0.7611155 0.1121422 0.2143444 0.08046013
1.993811 1.893828 0.8224492 0.111505 0.2278165 0.09410983
2.123669 1.747588 0.8619704 0.1165967 0.2159196 0.09244187
1.929212 2.185715 0.6984087 0.1007934 0.224456 0.07867945
2.223991 1.570825 0.9217153 0.1274049 0.2170848 0.09715695
2.083575 1.89814 0.8486535 0.1159895 0.2290701 0.09868395
2.109985 1.870342 0.7649211 0.1138095 0.2127879 0.07976377
1.979504 2.078449 0.7317091 0.1066819 0.2261648 0.08285655
2.201549 1.786954 0.796651 0.1192361 0.2112429 0.0823678
2.037886 1.949201 0.7832035 0.1132746 0.2269744 0.08874044
2.111679 1.776838 0.8053288 0.1156493 0.2134701 0.08414201
1.963555 2.020637 0.7601815 0.1102714 0.2340798 0.0891454
2.233598 1.581278 0.9696764 0.1263771 0.2180741 0.1047323
1.883663 2.262464 0.672654 0.1024743 0.2370239 0.07946191
2.057642 1.883275 0.7977311 0.112991 0.2210105 0.08772752
2.196617 1.598713 0.9150504 0.1234398 0.2146569 0.09606656
1.917155 2.098038 0.7500124 0.1009895 0.2232199 0.0846757
2.01437 2.080766 0.7150433 0.1081817 0.2239759 0.07967032
1.949019 2.163281 0.6881983 0.1010252 0.2195571 0.07529117
2.12106 1.709512 0.9146417 0.1204587 0.2243163 0.1026337
2.229478 1.454204 1.020222 0.1344013 0.2273839 0.1125313
1.90276 2.048258 0.7531758 0.1044145 0.2296559 0.086822
1.814992 2.366695 0.6300859 0.09268331 0.2262745 0.07077928
1.942995 2.100799 0.7415484 0.1055704 0.2307899 0.08625056
2.222825 1.717229 0.8317931 0.1237996 0.2152371 0.08735573
2.029179 1.973177 0.7594401 0.1095608 0.2203277 0.08329662
2.042145 1.859055 0.7442146 0.1092324 0.2094922 0.07583516
1.999674 1.78681 0.9081741 0.1143638 0.2308139 0.106106
2.146289 1.728264 0.8487476 0.1210808 0.2197629 0.09162392
1.91658 2.322101 0.6255911 0.09945467 0.2256075 0.06949365
1.839163 2.38627 0.6492868 0.09833348 0.2405904 0.07802653
2.033401 1.954928 0.7649748 0.1115274 0.2232152 0.08487174
1.974419 2.025656 0.7700226 0.1062142 0.2247606 0.08730887
1.84598 2.310243 0.6484811 0.09814083 0.2328833 0.07493774
1.974054 2.03489 0.7294684 0.1071961 0.2234878 0.08085053
2.12254 1.763862 0.850351 0.1183289 0.2197024 0.09258268
2.098857 1.811461 0.8165206 0.1156564 0.21801 0.08802795
1.952759 2.058714 0.7600656 0.1049002 0.2248748 0.08605909
1.93453 2.215467 0.6442779 0.1011269 0.2211495 0.0699782
2.088536 1.762171 0.7990981 0.1127647 0.2093891 0.08166498
2.214434 1.645415 0.8705475 0.1253218 0.2166196 0.09175944
1.826556 2.379508 0.6234312 0.09805442 0.2384968 0.07338213
1.980389 1.934234 0.7771822 0.1101815 0.2260882 0.08739108
1.892113 2.248654 0.6622474 0.09921146 0.2266186 0.07462872
2.021379 1.993133 0.7030395 0.1064847 0.2125271 0.07319957
1.939887 2.12515 0.6823605 0.1024214 0.2204507 0.07432701
2.022172 1.943252 0.8024845 0.1088615 0.2208095 0.08927217
1.973874 2.086614 0.701035 0.1068938 0.2248249 0.07790563
2.006535 1.908251 0.8239625 0.1067775 0.21754 0.09065874
1.941368 2.041645 0.7256031 0.1043789 0.2226605 0.08035852
1.954485 2.02111 0.7272045 0.1019067 0.213661 0.07717914
1.994015 1.998969 0.7640385 0.1097021 0.2271931 0.08682557
1.997268 1.955151 0.7753119 0.1093356 0.224041 0.08678351
2.110552 1.887858 0.7641435 0.1148571 0.2169753 0.08160898
1.929386 2.078141 0.7210799 0.1009249 0.2179805 0.07847262
2.339407 1.383713 0.9711238 0.1393114 0.2175397 0.09913702
1.977596 2.028048 0.7729284 0.106806 0.2253415 0.08782602
1.908223 2.205502 0.706784 0.1031272 0.2347788 0.08355044
1.954682 2.065701 0.738512 0.1057666 0.2266634 0.08386514
2.132709 1.930038 0.7148834 0.1129194 0.2096852 0.07295329
2.069966 1.904282 0.7416553 0.1090742 0.2095264 0.07627233
1.812424 2.307199 0.6884528 0.0973284 0.2391938 0.08307177
1.910507 2.298308 0.6332369 0.1002231 0.227995 0.07124542
2.037182 1.979741 0.7372823 0.1080861 0.2160186 0.07894226
1.862261 2.214631 0.7188665 0.1031563 0.2416148 0.08762206
1.92848 2.16088 0.7130641 0.1035064 0.2297127 0.08222423
2.013974 1.957383 0.7738944 0.1104959 0.223878 0.08638877
1.962238 2.079085 0.7380106 0.1061556 0.2271505 0.08404186
1.803718 2.455512 0.6066363 0.09557286 0.2405827 0.07207539
1.904934 2.126056 0.7323503 0.1043369 0.2332588 0.08588943
1.919655 2.044837 0.7549901 0.1043162 0.2270003 0.08606385
2.001368 1.962547 0.7646993 0.1098306 0.2245519 0.08556569
1.97125 2.034298 0.785911 0.1084176 0.2319981 0.09250842
2.010597 2.016608 0.7406541 0.1079678 0.2209865 0.08148153
1.989082 2.049163 0.692955 0.1049216 0.2158827 0.07354943
1.922911 2.162867 0.7154321 0.101558 0.2266492 0.08166038
2.127874 1.750684 0.792307 0.1169604 0.2117486 0.08129061
2.046201 1.839005 0.8677117 0.1152473 0.2290233 0.1004895
2.087081 1.789536 0.8473664 0.1155312 0.2198316 0.09276
1.971148 2.230736 0.6532923 0.1023478 0.2214053 0.07145599
2.211954 1.673124 0.8491467 0.1239694 0.2145751 0.08853243
2.066897 1.900119 0.7406888 0.1068924 0.2044096 0.07423961
2.118631 1.604467 0.9313182 0.1221377 0.2215613 0.1013147
2.106739 1.790119 0.813422 0.1152466 0.2148971 0.08608734
2.133315 1.783153 0.875712 0.1187286 0.2220776 0.09753245
1.8612 2.185237 0.7177832 0.100323 0.2327107 0.08415412
1.930695 2.051131 0.7367905 0.1046304 0.2246856 0.0825065
1.833106 2.316977 0.6587288 0.09610113 0.2320194 0.07645311
1.953396 1.959587 0.7969286 0.1068306 0.2252642 0.09038204
2.047481 1.900619 0.7893914 0.1100701 0.2167559 0.08526767
1.870361 2.26189 0.6606271 0.09952531 0.2312394 0.07597327
2.119709 1.738651 0.8449287 0.1173673 0.2166365 0.09027016
2.05998 1.827702 0.8475891 0.1110929 0.2165048 0.09221577
1.907142 2.047853 0.7401818 0.101793 0.2222619 0.08236113
1.953055 2.003252 0.7909512 0.1083211 0.2319618 0.09278894
1.958705 2.050991 0.7314328 0.1064896 0.2254811 0.08209224
1.810069 2.285245 0.6959392 0.09794583 0.2395687 0.08408041
2.007003 1.948961 0.8143424 0.1100031 0.2263851 0.09325738
2.086047 1.881682 0.8183091 0.1136152 0.2207429 0.09065252
1.880373 2.153354 0.6806682 0.09912179 0.2228234 0.07526684
2.011607 2.091407 0.7474876 0.1085069 0.2281819 0.08598333
1.891691 2.218859 0.6831576 0.1006601 0.2305031 0.07880273
2.020908 2.013208 0.7514153 0.1073122 0.2193493 0.08249296
1.855149 2.346727 0.6326579 0.09799624 0.2337156 0.07328624
1.944482 2.167505 0.683909 0.1035118 0.2257332 0.0766825
2.061856 2.0461 0.6980938 0.1105489 0.2193254 0.07523213
1.974829 2.124862 0.6559119 0.1015999 0.212082 0.06805359
2.113799 1.766457 0.8643987 0.1177553 0.2200911 0.09466991
1.973946 2.035209 0.7595411 0.1055704 0.2221147 0.08470276
1.938857 2.148938 0.6856988 0.1008476 0.2189375 0.07456039
1.875344 2.318853 0.6751288 0.1032889 0.244993 0.08289882
1.948592 2.13421 0.6963152 0.1043299 0.2258119 0.078189
1.88377 2.244412 0.6580556 0.1020307 0.2336226 0.07609992
2.060537 1.964818 0.7781046 0.1133504 0.2261561 0.08812137
2.054977 1.922551 0.7396087 0.109226 0.2124682 0.07723083
2.175713 1.655351 0.923978 0.1221485 0.2188063 0.1004609
1.926513 2.193919 0.6895622 0.1016248 0.2255134 0.07761135
2.061252 1.928258 0.7538913 0.1127252 0.219954 0.08176755
2.119625 1.875214 0.7505757 0.1144747 0.2132933 0.07823785
1.968662 2.058315 0.7620093 0.1096949 0.2349465 0.0902165
1.968347 2.033432 0.7474425 0.1064521 0.2250066 0.08420911
2.002768 1.929631 0.7885288 0.1091103 0.2218952 0.08749704
2.007682 1.905872 0.85528 0.1147686 0.2370899 0.1032516
1.955331 2.049776 0.7523371 0.1064237 0.228101 0.08623955
2.09144 1.7308 0.8373405 0.1164388 0.2164606 0.08887378
1.992797 1.871707 0.8436605 0.1104798 0.2259368 0.09623247
2.02288 1.95004 0.779402 0.1085032 0.2195423 0.08573823
2.069673 1.884404 0.7899623 0.113292 0.2197288 0.08614573
2.107687 1.81219 0.7733237 0.1119328 0.2068964 0.07810263
2.025119 1.899978 0.7815043 0.1105139 0.219681 0.08521463
2.147257 1.717692 0.824524 0.1174429 0.2105661 0.08459717
2.013573 1.852017 0.7301264 0.1055375 0.2036883 0.0719741
1.941437 2.08837 0.6585115 0.09749742 0.2047028 0.06588654
2.095915 1.795094 0.853131 0.1183333 0.2247912 0.09556227
2.064022 1.981189 0.7488853 0.1111611 0.2198471 0.08179902
1.801895 2.32884 0.6449592 0.09459975 0.2312043 0.07410255
1.921891 2.233444 0.6597911 0.09897279 0.2210368 0.07242724
2.009206 1.943974 0.7654967 0.1087861 0.2192637 0.08333521
1.954851 2.188509 0.6500558 0.1022423 0.2207562 0.07058712
2.02004 1.930931 0.7715904 0.1106466 0.2222664 0.08525545
2.172189 1.705577 0.8395071 0.1210539 0.2150147 0.08808204
1.934496 2.025622 0.7689796 0.1041153 0.224741 0.08713867
1.878885 2.152014 0.6964609 0.1004786 0.2269822 0.07880946
2.062225 1.886963 0.8028288 0.1103424 0.216242 0.08688866
1.881341 2.290725 0.6442694 0.09935243 0.2286882 0.07278023
1.979556 1.934355 0.7842492 0.1073148 0.2203667 0.08630345
1.985771 2.018442 0.7474502 0.1076058 0.2240533 0.08360608
1.884092 2.105618 0.7128923 0.1033508 0.230786 0.08193698
2.042657 1.839788 0.7940231 0.1127231 0.2187796 0.08562925
2.016092 1.915919 0.7938703 0.1118741 0.2259365 0.08962458
2.118292 1.744766 0.8845916 0.1202929 0.2251897 0.09944362
2.090186 1.889826 0.7568803 0.110338 0.2096637 0.07808702
1.798448 2.577813 0.5712197 0.0936983 0.2418052 0.06756813
1.92538 2.132964 0.7492885 0.1049922 0.2341356 0.08888354
2.028601 1.811742 0.8496985 0.1125287 0.2218851 0.09430812
1.98796 1.97868 0.7711398 0.1083383 0.224204 0.08654576
2.002085 2.073206 0.699724 0.1081455 0.2237182 0.07731274
1.939976 2.12457 0.7116325 0.1044778 0.2276786 0.08093103
2.114496 1.671264 0.9089278 0.1176177 0.2164762 0.0976041
2.118492 1.671503 0.9003414 0.1202314 0.2203076 0.09789565
1.985127 2.124413 0.7189353 0.107563 0.2292954 0.08246783
1.938328 2.129731 0.697915 0.104418 0.2266247 0.07855053
2.085953 1.855886 0.805967 0.11601 0.2224155 0.08892696
2.018085 1.917369 0.7943422 0.1092779 0.2200089 0.08744265
2.13162 1.758456 0.8506002 0.119755 0.2212614 0.09315607
1.963053 2.068502 0.707153 0.1047542 0.220356 0.07708271
1.852837 2.376568 0.6195621 0.09706362 0.2315921 0.07074785
1.96732 2.010355 0.7426003 0.1065222 0.2227852 0.0823313
2.034216 1.928193 0.7727201 0.1086178 0.2162441 0.0832206
2.115974 1.68034 0.8757027 0.1188528 0.2175642 0.09363847
1.929985 2.077708 0.6733257 0.1008258 0.2142608 0.07069066
2.093051 1.896229 0.7887878 0.1149524 0.2210284 0.08659937
1.94657 2.067949 0.7100016 0.1012718 0.2163072 0.07646277
2.430069 1.215195 1.141097 0.15092 0.2260816 0.1208024
2.029382 1.98574 0.7216758 0.1085461 0.2165451 0.07690451
2.002357 1.895878 0.7935464 0.1097699 0.2217468 0.08772268
2.047375 1.983004 0.7297242 0.1081026 0.2141632 0.07722855
2.067757 1.821242 0.8229185 0.1116778 0.2143837 0.08769736
2.009061 1.995242 0.7320085 0.1100062 0.2231368 0.08064581
2.072349 1.855411 0.8147582 0.1144026 0.2212384 0.08974047
1.959813 2.077215 0.7408858 0.1050824 0.2252578 0.08381293
1.856879 2.1761 0.7544338 0.1020051 0.2398234 0.09225357
2.050016 1.931263 0.7890072 0.109378 0.2173356 0.08594455
1.858561 2.343321 0.6539826 0.09844185 0.2346674 0.07650206
2.026653 1.762178 0.8718047 0.11521 0.225534 0.09798709
2.002018 1.970248 0.7188963 0.1050359 0.21091 0.07447298
2.023545 2.000403 0.7703739 0.1096077 0.2246107 0.08696503
2.127759 1.765265 0.7868165 0.1152259 0.2094925 0.0801165
1.766406 2.489822 0.6125678 0.09390519 0.2441654 0.07410915
2.165507 1.694678 0.8814328 0.1223805 0.2204157 0.09594703
2.019971 1.978012 0.7607724 0.1099256 0.2225741 0.08433557
1.843271 2.317127 0.6544425 0.09784153 0.2333757 0.07600403
2.012978 1.947239 0.7868464 0.1108519 0.2251598 0.08863872
1.96511 2.130545 0.7084887 0.105222 0.2267622 0.08028402
2.067473 1.846254 0.8293326 0.1146718 0.2224867 0.0921157
2.131548 1.627261 0.9395254 0.1217429 0.2214505 0.1030267
2.105806 1.775498 0.8317057 0.1159871 0.2170618 0.08928662
2.097833 1.765092 0.8727294 0.1156133 0.2188974 0.09558333
2.158473 1.765487 0.7883438 0.116656 0.2085491 0.07985337
2.115677 1.829603 0.8463678 0.1193974 0.2274547 0.09648431
2.11406 1.711167 0.9207573 0.1212101 0.2267954 0.1045549
2.124144 1.688747 0.8444168 0.1210388 0.2192637 0.09004878
2.020901 1.904787 0.8127053 0.1112192 0.2233095 0.09094245
1.999508 2.085597 0.6719033 0.1032989 0.2110483 0.06939929
1.816231 2.371905 0.6945133 0.1031799 0.2589315 0.09098471
1.957684 2.189222 0.6888565 0.1012362 0.2212735 0.07625639
1.950543 2.105529 0.7340908 0.1075526 0.2335121 0.08599885
2.083998 1.836623 0.8272673 0.1158167 0.222987 0.09203857
2.157245 1.564558 0.8909729 0.1233629 0.2147668 0.09191485
2.024471 1.911641 0.7759602 0.109623 0.2181013 0.08399428
1.997939 1.900399 0.8010297 0.1100847 0.2230939 0.08923072
2.02156 2.039948 0.7400082 0.1088238 0.2239656 0.08287139
1.951957 2.035041 0.7334378 0.1072055 0.2270723 0.08275985
2.042267 1.776307 0.8647731 0.1140106 0.2213763 0.09546301
1.983616 1.918337 0.8366941 0.1105637 0.230026 0.09760718
2.096294 1.747692 0.8661391 0.1191463 0.223797 0.09607487
1.832159 2.397775 0.6112303 0.09434653 0.229206 0.06914387
1.978173 1.858366 0.827113 0.1079295 0.2194787 0.09087412
2.150699 1.735211 0.8913063 0.1205311 0.2214878 0.09859091
2.005145 2.050997 0.7077508 0.1072906 0.2195669 0.07666102
2.027736 1.878695 0.754306 0.1106756 0.2155615 0.07945402
2.09188 1.950566 0.7426082 0.1123118 0.216438 0.0793019
1.994195 2.040668 0.7612886 0.1074126 0.2254035 0.08644446
2.034516 1.869964 0.7693746 0.1116796 0.217808 0.08228729
1.980481 2.039108 0.734839 0.1072741 0.2246648 0.08229261
2.056175 1.921955 0.797774 0.1136453 0.2255579 0.09012149
2.016433 2.041239 0.7368536 0.1066817 0.2198546 0.08104519
2.067732 1.916133 0.7714816 0.1118187 0.2180078 0.08344251
2.091403 1.778078 0.8574179 0.1192567 0.2265442 0.09662865
2.105548 1.828052 0.7755816 0.115603 0.2155635 0.08170479
2.113001 1.740369 0.8817762 0.1196158 0.2237445 0.0982884
1.87162 2.349699 0.6375612 0.09978606 0.235498 0.07437273
1.902806 2.123472 0.7265716 0.1032068 0.2303303 0.08400253
1.943404 2.160712 0.6922487 0.1035525 0.2270334 0.07841015
2.138267 1.759188 0.8865057 0.1212872 0.225754 0.1001892
2.039722 1.907954 0.7956051 0.1122469 0.2226705 0.08834742
2.089686 1.808851 0.8529325 0.1174603 0.2250046 0.09596664
2.167534 1.633294 0.9283821 0.1247599 0.2226103 0.1019552
1.980223 2.083181 0.6813415 0.1061484 0.220397 0.07361657
1.997803 1.990961 0.7804141 0.1108817 0.2302537 0.09033064
1.861945 2.18362 0.7328617 0.1029578 0.2399089 0.0888979
1.882262 2.196854 0.6682992 0.101328 0.2288265 0.07558908
2.01938 2.157295 0.6773411 0.1063143 0.2218916 0.07442949
1.985374 1.997942 0.7374864 0.1056975 0.2171789 0.07942819
2.023457 1.909824 0.8258357 0.1126828 0.2279624 0.0948974
2.025189 1.974275 0.7772159 0.1115521 0.2271937 0.08852636
1.978904 1.976185 0.8096332 0.1084137 0.2288011 0.09411173
1.95057 2.147545 0.6939406 0.1027816 0.22267 0.0769446
2.056442 1.855009 0.7770469 0.1112256 0.2140117 0.08178698
2.143787 1.788564 0.8108761 0.116893 0.2137218 0.08523568
1.950018 2.074094 0.7089873 0.102987 0.2190676 0.07709394
1.979479 1.95211 0.7668624 0.1096201 0.2252623 0.08580183
2.026854 1.946001 0.7868766 0.1110742 0.2240188 0.08822837
2.015502 1.962092 0.7719644 0.1099606 0.2235108 0.08620931
1.852678 2.307515 0.636473 0.09673313 0.2278253 0.07173809
2.065949 1.78863 0.7923666 0.1108324 0.2094899 0.08131204
2.003681 1.882577 0.7993178 0.1110205 0.223375 0.08887058
2.023683 2.006477 0.811996 0.1126144 0.2348879 0.09726572
2.021206 2.005579 0.7362506 0.1084579 0.2200794 0.08047531
1.939863 1.980433 0.751221 0.1032806 0.217412 0.08129417
1.879395 2.265154 0.666075 0.100885 0.2337429 0.07752348
2.041731 1.877568 0.792352 0.1118356 0.2199504 0.08654411
1.93407 2.084288 0.7368247 0.1052838 0.2290575 0.08460306
1.799647 2.512615 0.5829028 0.09290458 0.2364293 0.06770508
2.207337 1.580437 0.955306 0.1273056 0.221603 0.1041923
1.847538 2.185404 0.7067615 0.09909336 0.2309591 0.08197671
1.731251 2.590189 0.5609503 0.09192044 0.2470989 0.06750298
1.907182 2.096764 0.6884497 0.1002834 0.2177942 0.07400392
2.017102 1.928033 0.7570393 0.1087628 0.2168792 0.08113731
1.984373 2.101512 0.6975104 0.1060426 0.2224496 0.07679498
2.081644 1.831021 0.8218151 0.1110025 0.2120714 0.08682698
2.092499 1.798722 0.8541942 0.1167335 0.2221921 0.09472416
1.88681 2.258268 0.6447685 0.09982761 0.2276242 0.07241492
2.034834 1.908464 0.807116 0.1106254 0.220409 0.08910731
1.856955 2.293694 0.6610284 0.09836309 0.2318834 0.07637712
2.051457 1.81932 0.8330692 0.1139877 0.2220225 0.09216959
2.010653 1.973209 0.771274 0.1083354 0.220428 0.08496726
2.182765 1.666471 0.8837325 0.1246074 0.2207145 0.09568447
2.208179 1.758138 0.8299815 0.1227994 0.2174946 0.08875155
2.053575 1.978189 0.7105762 0.1103681 0.216153 0.07511938
2.138972 1.715661 0.8750742 0.1203163 0.2201445 0.0953314
1.949077 2.12676 0.6847988 0.102839 0.2209076 0.0748803
1.941596 2.114864 0.7370834 0.1076984 0.2359896 0.08744795
1.937437 2.145393 0.7213764 0.1046779 0.2306836 0.08360531
1.952848 2.192198 0.6887368 0.1007111 0.2204321 0.0759203
2.018476 1.972261 0.7375417 0.1084651 0.2187398 0.07986424
1.852986 2.378347 0.6123744 0.09564087 0.2284449 0.06896905
2.099469 1.833115 0.8504645 0.1146969 0.2193968 0.09371074
1.94954 2.057712 0.7603237 0.1077108 0.2321767 0.08884094
1.914433 2.158272 0.6664451 0.09903695 0.2176863 0.07172086
1.87125 2.310375 0.6075716 0.09761069 0.224791 0.0666664
1.899673 2.151495 0.6858618 0.1017913 0.2268363 0.07725911
1.840009 2.450962 0.5979708 0.09579268 0.2338087 0.06867501
2.002178 1.951804 0.7702085 0.1105937 0.2254156 0.08645186
1.962733 2.04349 0.7026241 0.1029933 0.2148531 0.07445561
1.989996 1.931937 0.7617136 0.108345 0.2196083 0.08278609
1.994637 2.036298 0.7054638 0.1057432 0.2170721 0.07551102
2.131538 1.647445 0.8851664 0.1196924 0.2157537 0.09346783
2.215806 1.606078 0.9108113 0.1269951 0.2189899 0.09733419
2.006373 2.013608 0.7997828 0.1129652 0.2365933 0.09594431
2.310656 1.474945 0.935149 0.1314821 0.2104867 0.09385113
1.789731 2.520981 0.5855831 0.09636947 0.2470188 0.07086438
1.939678 2.033261 0.7395581 0.1036823 0.2215914 0.08186352
1.978302 2.020208 0.720759 0.1067733 0.2206799 0.07854035
1.923107 2.125622 0.6990666 0.1045571 0.2287779 0.07940683
2.031905 2.039492 0.6779861 0.1073532 0.2135396 0.07049419
2.138533 1.794969 0.7493374 0.1156316 0.2077911 0.07488752
1.795351 2.388483 0.6372747 0.09445706 0.2354611 0.0746363
1.897473 2.147234 0.7198608 0.1004691 0.2255609 0.08159883
1.956967 2.004982 0.7810556 0.1063863 0.2265653 0.08932488
2.146016 1.666108 0.8801578 0.121462 0.2185036 0.09428917
1.912304 2.216312 0.6879489 0.1021476 0.2294713 0.07875282
1.936536 2.181658 0.686181 0.1012287 0.2218566 0.07576597
1.815335 2.3599 0.6447622 0.09722383 0.2383977 0.07646022
1.892713 2.316381 0.6464029 0.1019976 0.2369126 0.0759614
1.942175 2.245127 0.6612116 0.1052439 0.2337955 0.07657832
2.121758 1.925893 0.7311615 0.1129868 0.2118841 0.0758111
2.06234 1.944595 0.7519969 0.1125432 0.2211189 0.08227524
1.921552 2.122216 0.7505546 0.1057266 0.2355367 0.08943111
2.04437 1.885567 0.766759 0.1082827 0.2104439 0.07955604
1.949799 1.970613 0.7979119 0.1083144 0.2300186 0.09252197
1.849923 2.183165 0.7241226 0.09904953 0.2318774 0.08490037
2.037034 1.899635 0.7306259 0.1088164 0.2113521 0.07530194
2.092184 1.873004 0.7349708 0.1120048 0.2100283 0.07499252
1.987911 2.184108 0.7046999 0.1071833 0.2314298 0.08170944
2.174683 1.735737 0.833895 0.1197169 0.214054 0.08758393
2.222792 1.583175 0.9218741 0.1265526 0.216865 0.09750498
1.996585 2.023288 0.7446064 0.1055603 0.2182692 0.08122084
2.043435 1.887305 0.8011575 0.1110115 0.2196046 0.08789873
2.00022 2.081187 0.680046 0.1029969 0.211107 0.07055387
1.864047 2.260941 0.6678622 0.09803141 0.2281123 0.07591204
2.125827 1.847655 0.8297157 0.1198459 0.2267284 0.09390411
2.028442 1.933977 0.7669903 0.1101023 0.2197205 0.08366656
2.031181 1.965633 0.7276272 0.1068075 0.2118869 0.07595131
1.868555 2.30802 0.6261867 0.09687362 0.2257611 0.06973564
1.935032 2.218099 0.6515154 0.1008566 0.22236 0.07157096
2.002745 2.058952 0.7231024 0.1086515 0.225098 0.08088755
1.957446 2.000438 0.7850166 0.1070328 0.2268752 0.08972988
1.906168 2.226297 0.6734008 0.09880596 0.2226002 0.07468199
2.235389 1.542566 0.9291786 0.1270965 0.2146192 0.09663599
1.970135 1.985713 0.7741739 0.1093735 0.2296446 0.08913333
1.99392 2.022472 0.7412369 0.1081128 0.224037 0.08275661
1.892924 2.118164 0.721099 0.101196 0.2265946 0.08196181
2.080463 1.810083 0.8144794 0.1154142 0.2192104 0.08813397
2.103628 1.670545 0.8754397 0.1186359 0.2176335 0.09336596
1.929667 2.131181 0.6788712 0.1001261 0.2169787 0.07287776
2.103942 1.755316 0.8458642 0.118144 0.2203717 0.09200933
1.889904 2.282869 0.66712 0.1006082 0.2338054 0.07797308
2.093276 1.846764 0.8160685 0.1151118 0.2203869 0.08958472
1.989795 1.941058 0.784544 0.1080894 0.2227483 0.08764248
2.002667 2.013333 0.7501101 0.107661 0.2215765 0.08296835
2.106978 1.882159 0.7864581 0.1134955 0.2151932 0.08386472
1.791553 2.396529 0.637867 0.0966393 0.2427518 0.07701526
2.008328 1.958238 0.8013038 0.1113722 0.2284319 0.0921192
2.029173 1.891424 0.8488627 0.1108855 0.223443 0.09613305
2.158699 1.644103 0.8748998 0.1206453 0.214129 0.0914035
1.906639 2.08367 0.7302481 0.1026423 0.2258721 0.08254464
2.03172 1.991954 0.7601002 0.1081697 0.2187433 0.08315555
1.98821 2.054082 0.7299093 0.1079553 0.2257091 0.08206836
1.849014 2.276835 0.6598229 0.0998252 0.2357527 0.07735651
1.908099 2.23124 0.6645614 0.1014799 0.2290981 0.07560942
1.969636 2.011014 0.7672962 0.1095697 0.2314775 0.08912672
2.029782 2.063443 0.7122939 0.1086283 0.2215465 0.07823379
1.968059 2.147343 0.6929451 0.1074782 0.2299871 0.07895169
2.151927 1.735546 0.842549 0.1178177 0.2132124 0.08842407
1.989772 1.952074 0.7523806 0.1081966 0.2198072 0.08177512
2.024709 1.933419 0.7840599 0.1102562 0.2214125 0.08666533
2.047575 1.855464 0.8008281 0.1136014 0.2213466 0.087761
2.212547 1.580173 0.9195354 0.1267555 0.2180722 0.09763689
2.072265 1.846689 0.8077716 0.1134207 0.2185944 0.08769293
2.282548 1.425469 1.066184 0.1398855 0.2320206 0.1206024
1.871321 2.187525 0.6897486 0.101402 0.2320375 0.07977574
2.168443 1.798073 0.73699 0.1145873 0.2020443 0.07143683
2.141301 1.63779 0.8895442 0.1193313 0.2141098 0.09331602
2.108125 1.771327 0.798899 0.1132879 0.2083407 0.08128608
1.977659 1.983103 0.799599 0.1084732 0.2279389 0.09216349
1.988527 2.079985 0.7295862 0.1097314 0.2317648 0.08447416
1.979959 2.107859 0.6813984 0.1040239 0.218302 0.07338387
1.937432 2.038992 0.7324457 0.1051571 0.2249095 0.08201302
2.013397 1.946494 0.769108 0.1084898 0.2196965 0.084284
2.184428 1.739853 0.8409402 0.121195 0.2160644 0.08929711
2.030022 1.914708 0.7671545 0.1062221 0.2103087 0.08013121
2.11718 1.780823 0.808532 0.1148075 0.2124002 0.0844213
1.852547 2.338368 0.6511353 0.09694139 0.23113 0.07497586
2.090379 1.786777 0.7961182 0.1142027 0.2133573 0.0830986
2.002067 2.008405 0.7714384 0.1093875 0.2269553 0.08800933
2.11797 1.683826 0.8486495 0.1164362 0.2110765 0.08739175
1.898863 2.197961 0.6600455 0.09993939 0.2233713 0.07281771
2.000933 1.892335 0.79196 0.1096557 0.2204388 0.0867691
1.837805 2.445067 0.5981759 0.09798161 0.2391284 0.07011509
1.896723 2.258804 0.6516069 0.1006866 0.228765 0.07370747
1.928643 2.10331 0.7245169 0.1044059 0.2284096 0.08284456
2.051702 2.003668 0.7073838 0.107279 0.2124905 0.07401754
1.995991 1.991179 0.776701 0.1100948 0.2287696 0.08929406
2.031922 1.937879 0.7856562 0.1096339 0.2201454 0.08659929
1.923812 2.099513 0.7294071 0.1038278 0.2280621 0.08346181
2.011309 1.968492 0.7231054 0.1059993 0.2121022 0.07541265
1.73284 2.455184 0.6242761 0.09291542 0.2447039 0.07588064
1.919084 2.173285 0.7120831 0.1028256 0.2306884 0.08264563
1.961111 1.978409 0.7753028 0.1063417 0.2228728 0.08656981
1.977282 1.983136 0.7636627 0.1049291 0.2173381 0.08298227
1.883195 2.2953 0.6168315 0.09621461 0.2192187 0.06623929
2.087407 1.722705 0.8654799 0.1184447 0.2217493 0.09466649
1.962559 2.217226 0.6362249 0.1010327 0.2179246 0.06807249
1.97075 2.195344 0.6572039 0.1040959 0.2234273 0.0723457
2.077421 1.813038 0.8465662 0.11377 0.2190525 0.0928301
2.078192 1.882814 0.786408 0.1127918 0.2176793 0.08492971
2.010661 1.966919 0.7515555 0.1083391 0.218993 0.08165254
2.042102 1.875803 0.803247 0.1114201 0.2201136 0.0882356
2.063493 1.798775 0.8263899 0.1130841 0.2168354 0.08881188
1.965675 2.196989 0.6831852 0.1061162 0.2315518 0.07878269
2.230407 1.45592 0.990794 0.1312886 0.2202208 0.1051251
2.103615 1.911605 0.7428698 0.1123936 0.2125214 0.07741411
1.947382 2.223916 0.6643095 0.1041025 0.2290613 0.07536645
1.955036 2.162367 0.6891877 0.1042963 0.2276207 0.07824716
1.899999 2.289108 0.6025456 0.09706051 0.2176458 0.06381148
2.022053 1.983136 0.7771744 0.109031 0.2219474 0.08655124
2.062464 1.859559 0.8366362 0.1146889 0.2251346 0.09460456
1.981425 1.943028 0.8156165 0.110019 0.2292908 0.09450642
2.079979 1.916203 0.7421255 0.113997 0.2182048 0.07922711
2.115299 1.77819 0.8530037 0.118854 0.2223972 0.09424194
2.051672 1.933643 0.7580333 0.1105237 0.2168986 0.08131802
2.057527 1.864603 0.8238717 0.1160468 0.2279177 0.09386567
2.011689 1.99801 0.7262996 0.1064962 0.2158942 0.07759673
1.960158 2.165894 0.6787467 0.1021658 0.2208992 0.0745137
1.909427 2.263749 0.6311067 0.0975441 0.2191826 0.06813549
2.232476 1.542184 0.9097827 0.1291306 0.2170058 0.09482025
1.938059 2.15826 0.6745637 0.1028723 0.2239035 0.07471421
1.937326 2.205283 0.6495497 0.1023066 0.2238418 0.07153477
1.981378 2.079993 0.7021423 0.1033582 0.216221 0.07529631
1.935245 2.152249 0.6830509 0.102587 0.223142 0.07550241
2.149345 1.742086 0.8769646 0.1216871 0.2237655 0.09767516
1.971877 2.156399 0.6946625 0.1028034 0.2217046 0.07698076
2.162816 1.753963 0.7417397 0.1184105 0.2070304 0.07291393
1.933995 2.16697 0.6774897 0.1023097 0.2237243 0.07512139
1.956447 2.11068 0.7399616 0.1039539 0.2252274 0.08401771
1.789384 2.56777 0.5839146 0.09488325 0.2468636 0.07081595
1.871945 2.075035 0.7637431 0.1030675 0.2333916 0.0901331
1.866447 2.417381 0.633503 0.09789561 0.236945 0.07475856
1.846517 2.454825 0.6107077 0.09566415 0.2359258 0.07146962
2.073912 1.817956 0.8141623 0.1140751 0.2178374 0.08772617
1.967361 2.108032 0.6884045 0.1024047 0.2166314 0.07381881
2.096779 1.848258 0.8562154 0.1189335 0.2302984 0.09935657
2.03315 1.946472 0.7768458 0.1090404 0.2183683 0.08474314
2.160711 1.630748 0.9360223 0.1234525 0.2215558 0.1026595
1.816735 2.446604 0.6298456 0.09581445 0.239854 0.07518124
1.898173 2.141208 0.7639089 0.1050727 0.2393468 0.09306837
1.933776 2.098521 0.7368992 0.1057025 0.2317251 0.08585407
1.979506 2.021175 0.748934 0.1061307 0.2218726 0.08310094
1.933994 2.178728 0.6946147 0.1011477 0.2234335 0.0776443
1.917132 2.081054 0.760527 0.1055148 0.2337527 0.08990207
1.978691 2.036327 0.7432732 0.106278 0.223226 0.08300223
1.966022 2.041111 0.762061 0.1083581 0.230273 0.08815486
1.997247 2.069244 0.7332075 0.108231 0.2264842 0.08298542
1.930249 2.183724 0.6792648 0.1038647 0.2293186 0.07733765
1.844013 2.418961 0.6401188 0.09824703 0.2412641 0.07702146
1.933051 2.088511 0.7117364 0.09966214 0.2153028 0.0765122
1.983447 2.037757 0.7409981 0.1078609 0.225534 0.08337965
1.963018 2.00705 0.7489674 0.1065868 0.2235732 0.08345836
2.065509 1.793619 0.8250442 0.1154816 0.2201632 0.08958504
1.818781 2.344454 0.6441534 0.09646667 0.2350324 0.07528821
2.074691 1.978898 0.7457222 0.1110959 0.2180293 0.08067493
2.034141 1.982455 0.7535112 0.1088431 0.2187598 0.08209665
1.985802 2.126298 0.7113795 0.1050506 0.2233397 0.07942945
2.010873 2.049058 0.7271948 0.1063403 0.2188015 0.0792491
1.847967 2.286435 0.6817681 0.1004479 0.2398735 0.08205421
1.820319 2.407624 0.6775258 0.09687694 0.2435116 0.08347123
2.044382 1.951347 0.8281413 0.1135831 0.2306875 0.09703139
2.066109 1.830324 0.8015604 0.1142615 0.2195699 0.08691852
1.888035 2.206439 0.6949436 0.1036214 0.2364871 0.08209505
2.095902 1.708911 0.9060331 0.118474 0.2227416 0.1007183
1.959467 1.960258 0.7680581 0.106369 0.2217304 0.08493757
1.935674 2.172339 0.6877289 0.1026357 0.2256701 0.07730275
1.863736 2.16824 0.6959004 0.09719707 0.2223349 0.07740967
2.049756 1.961564 0.7467798 0.1078417 0.2130354 0.07888935
1.973663 2.065466 0.7270265 0.1051489 0.2224152 0.0807936
2.125093 1.605894 0.8763444 0.1188533 0.2117107 0.08973351
1.991013 2.081283 0.7199584 0.1035191 0.2169162 0.0780344
1.977431 1.945286 0.8140832 0.1093325 0.228262 0.09391235
2.011211 1.933643 0.7878906 0.1122337 0.2273911 0.08939796
2.102659 1.726662 0.8625858 0.1177254 0.2185667 0.09303548
1.998812 2.010572 0.7387701 0.1060338 0.2178789 0.08012343
2.026615 1.980403 0.7557115 0.1099421 0.222797 0.08396844
2.177959 1.764447 0.7619721 0.1178495 0.2066496 0.0756266
1.953413 2.069393 0.7034906 0.1021561 0.2156468 0.07507099
2.16094 1.800507 0.8019028 0.1201454 0.2182172 0.08581631
1.825691 2.309309 0.6536469 0.09723678 0.234831 0.07648954
1.760201 2.499533 0.5881638 0.09031744 0.2337592 0.06764269
1.919864 2.219342 0.6581146 0.1012708 0.2248795 0.07312233
2.167146 1.752365 0.8409584 0.1195375 0.2164236 0.08989312
2.259125 1.47234 0.9985384 0.1318774 0.2200306 0.1067114
1.900954 2.241522 0.655724 0.1006103 0.2273529 0.07377614
2.166179 1.763966 0.8164796 0.120672 0.216704 0.08651609
1.942507 2.18192 0.6957565 0.1024881 0.2253238 0.07836296
2.016737 1.98445 0.7772645 0.1094459 0.2240729 0.08748124
2.172228 1.743853 0.7632723 0.1160285 0.2031792 0.0743989
2.127539 1.78261 0.7627194 0.1161262 0.2101552 0.07728173
2.097976 1.77746 0.786631 0.1151635 0.2124132 0.08114133
1.956645 2.152597 0.7009799 0.1027484 0.2229235 0.07811771
2.001003 1.998029 0.7895108 0.1107931 0.2313041 0.09230245
1.87929 2.346523 0.6549366 0.1008638 0.2390526 0.07815545
2.075218 1.845108 0.8379909 0.1158389 0.224767 0.09431268
2.209806 1.565399 0.9161671 0.1267164 0.2166711 0.09608849
1.995423 2.085958 0.7079909 0.1036594 0.2158687 0.07600812
2.12079 1.874299 0.7391032 0.111652 0.2068074 0.07451932
1.841453 2.383992 0.6169372 0.09462322 0.227468 0.0692676
1.982168 1.955869 0.8029685 0.1089577 0.2267233 0.09178851
1.908606 2.274694 0.6465296 0.1002232 0.2270501 0.07261174
2.080203 1.882353 0.8226001 0.1132878 0.2207621 0.09121782
1.952323 2.11913 0.6731858 0.1005418 0.2129787 0.07055592
2.005669 1.895206 0.8215433 0.1088732 0.2208996 0.09134787
1.903269 2.245486 0.6481133 0.09960548 0.2243518 0.07181129
1.896002 2.164948 0.6920908 0.09991767 0.2237239 0.07717881
2.054405 1.908036 0.7622249 0.1120354 0.219003 0.08241914
2.030495 1.989876 0.76183 0.1107329 0.2243469 0.08536564
1.835972 2.234756 0.7016603 0.1000611 0.2391116 0.08457836
1.998934 1.946321 0.7521776 0.106127 0.2152369 0.08035309
1.984078 1.985181 0.7831329 0.1103471 0.2308787 0.09096523
1.956578 2.104263 0.7710825 0.1074608 0.2355238 0.09241737
1.875895 2.277692 0.6911458 0.1009762 0.2370781 0.08241605
2.010624 1.947506 0.7420192 0.1073355 0.21505 0.07873398
1.926397 2.172046 0.706322 0.1032939 0.2294334 0.08118753
2.048577 1.986518 0.735618 0.107823 0.2140841 0.07806304
1.973627 2.090423 0.7045209 0.1062995 0.2241644 0.07825439
1.88316 2.21327 0.6431541 0.0960492 0.216116 0.0684725
1.906187 2.218074 0.679163 0.103013 0.2325167 0.07859639
2.009362 1.978804 0.7726939 0.1102566 0.2259909 0.08743303
2.079794 1.727432 0.8489419 0.1151408 0.2153871 0.08993097
2.152758 1.511281 0.9909248 0.1252847 0.2215147 0.107463
1.883806 2.275703 0.6676155 0.100162 0.232257 0.07736762
1.998313 1.914267 0.7974683 0.1082988 0.2202642 0.08795777
1.994531 2.020784 0.723395 0.1071824 0.2199132 0.07866616
2.021332 1.876358 0.8049979 0.1114813 0.2213192 0.08860758
2.215818 1.551564 0.9252194 0.1256108 0.2143566 0.09622418
1.911182 2.148307 0.720072 0.104233 0.233487 0.08447197
2.299658 1.434414 1.056059 0.1369332 0.2252572 0.1161883
2.000589 1.977785 0.7680388 0.1097591 0.2249466 0.08623386
2.073859 1.913174 0.7580528 0.1127937 0.2184116 0.08169388
2.033166 1.988238 0.7471497 0.1109636 0.2235317 0.08297048
1.992904 2.111338 0.6760115 0.1049517 0.2180405 0.07247654
1.902883 2.209303 0.7094491 0.1039299 0.2367306 0.08442601
1.832885 2.446344 0.6091075 0.09490032 0.2334914 0.07025105
2.222528 1.731594 0.8266566 0.1224424 0.213035 0.08602592
1.977125 2.045476 0.7051729 0.1054006 0.2189241 0.07617264
1.881805 2.300772 0.6224245 0.09718547 0.2230818 0.06823096
1.979433 1.915704 0.8282425 0.1101165 0.2281055 0.09536257
1.976594 2.004955 0.7668593 0.1073568 0.2248157 0.08648016
1.996818 2.018886 0.7410084 0.1064463 0.2191479 0.08085888
1.939723 2.180811 0.6972587 0.1036035 0.2282601 0.07952063
2.033152 1.923733 0.7922768 0.1085655 0.2169081 0.08605945
1.852497 2.225662 0.7012204 0.1003431 0.2356467 0.08304223
2.001639 1.886824 0.78194 0.1098817 0.2205149 0.08543713
2.055564 1.953708 0.7599815 0.1112331 0.2199623 0.08305698
2.064222 1.782103 0.7921794 0.1139159 0.2144617 0.08274147
1.789351 2.401928 0.6639287 0.09518528 0.2428872 0.08130823
2.006941 1.92423 0.8098437 0.1105065 0.2255479 0.09190626
2.061211 1.845425 0.816791 0.1135243 0.2202843 0.08953635
1.96227 2.113838 0.6858512 0.1033207 0.219294 0.07433132
1.965132 1.992686 0.7733392 0.1072612 0.2255656 0.08752251
2.269011 1.440814 0.9726877 0.1322017 0.2160963 0.1004277
2.021435 1.949392 0.7713626 0.1085684 0.2187292 0.0841805
1.772961 2.386411 0.6798183 0.09541999 0.2440522 0.08369777
2.093845 1.851982 0.7804623 0.1155251 0.2186292 0.08386365
1.889298 2.305321 0.6360807 0.09939256 0.2287185 0.07181117
2.108492 1.814473 0.8232836 0.1174566 0.221116 0.09019798
1.811901 2.369167 0.6047423 0.09460615 0.2283598 0.06755503
1.902074 2.361356 0.6183453 0.09966278 0.2313697 0.07056328
2.040298 1.817899 0.8209748 0.1128525 0.2194029 0.08924494
1.975965 2.104991 0.6840497 0.1057865 0.2222631 0.0748891
2.099098 1.898763 0.7562579 0.1128787 0.2142364 0.07968685
1.876509 2.367024 0.6578774 0.101787 0.2429814 0.0798709
1.945234 2.114923 0.6917443 0.1038775 0.2232911 0.07648093
1.910876 2.374654 0.6133005 0.09754427 0.2253493 0.0681675
1.971808 1.96441 0.7788666 0.1075728 0.2240443 0.08741775
1.88203 2.167129 0.7146395 0.1025156 0.2331494 0.08354036
2.338539 1.412542 0.9707582 0.13755 0.216463 0.09951023
1.903724 2.218085 0.7040836 0.1026403 0.233881 0.08276175
2.08789 1.850826 0.8320352 0.1126062 0.2168763 0.09049823
2.018419 1.960749 0.748298 0.1070219 0.2152618 0.07994482
1.804261 2.404072 0.6188087 0.09538829 0.2365062 0.07233183
2.121063 1.765024 0.8520066 0.1189973 0.2210354 0.09328954
2.037229 1.858308 0.8232936 0.1120201 0.2213805 0.09114262
1.980123 2.030066 0.7018683 0.1043185 0.2143268 0.07394285
2.060495 1.832377 0.82335 0.1137395 0.2207548 0.09051578
1.97626 2.020542 0.7821953 0.1076711 0.2277659 0.09002925
1.965533 2.09921 0.7071852 0.1065218 0.2271308 0.07983028
1.942108 2.199116 0.6450413 0.1020293 0.2214877 0.07008953
2.106063 1.771098 0.8029157 0.1145299 0.2113172 0.08291843
2.24291 1.57434 0.9594786 0.1281961 0.2190867 0.1034516
1.923871 2.217153 0.6707927 0.1027736 0.2294047 0.07645025
1.916235 2.06859 0.7476938 0.1035713 0.2270919 0.08536116
2.080283 1.777495 0.8116163 0.114202 0.214423 0.08536364
2.097265 1.885227 0.7789076 0.1136112 0.2168376 0.08359691
2.008352 1.942119 0.7814359 0.1081517 0.2192955 0.0856549
2.18742 1.666398 0.8742584 0.1211809 0.2134203 0.09148628
2.23255 1.499196 0.9562629 0.127139 0.213645 0.09875867
1.927383 2.12226 0.7163209 0.1006068 0.2203124 0.07908067
1.791535 2.408371 0.6095234 0.09431566 0.2336694 0.06996803
2.033833 1.83593 0.8054878 0.1124402 0.2194842 0.08739138
2.115653 1.85619 0.7643878 0.1140083 0.2122761 0.07943995
2.040231 1.932161 0.7776518 0.1134982 0.2255061 0.08711563
2.180219 1.713418 0.8242647 0.1185307 0.2083572 0.08351177
2.102914 1.726698 0.8536676 0.117997 0.2187754 0.0919201
2.061269 1.993859 0.737247 0.1099367 0.2179805 0.07975094
2.153721 1.577291 0.9318425 0.1217731 0.215511 0.0981902
1.986732 1.933447 0.8123054 0.1101165 0.2281102 0.0934451
2.044284 1.819279 0.8424674 0.1143843 0.2234176 0.09386144
2.233126 1.56561 0.9172166 0.1264879 0.2145185 0.09550047
2.143501 1.590383 0.9568656 0.1235255 0.2221703 0.104934
1.941567 2.136822 0.7271645 0.1032397 0.2265459 0.08293317
2.157606 1.700504 0.8528612 0.1202014 0.2154603 0.09000245
1.946942 2.112826 0.7080331 0.1036622 0.2231376 0.07863962
2.037341 1.913084 0.796093 0.1127118 0.2247076 0.08934252
1.955493 2.02643 0.7379381 0.1060061 0.2236026 0.08209625
1.904663 2.224856 0.6375749 0.09861027 0.2191141 0.06854061
1.958409 2.044066 0.7547337 0.1040075 0.2219471 0.08432347
2.10937 1.779008 0.8178446 0.1173716 0.2179812 0.08756914
2.035493 1.772035 0.822614 0.1117064 0.2150725 0.08711204
2.052876 1.949525 0.7025902 0.1078356 0.2087005 0.07132329
2.098222 1.807433 0.8250404 0.1139395 0.2149332 0.08797836
1.902027 2.160708 0.719575 0.1029042 0.2315735 0.08372199
1.802344 2.351683 0.6421983 0.09348682 0.2301636 0.07361951
2.1771 1.608786 0.9261885 0.1242446 0.2193634 0.09980808
2.10008 1.929358 0.7369722 0.1108692 0.21086 0.07635949
2.142895 1.569817 0.9837057 0.1243975 0.223556 0.108731
1.789304 2.51643 0.5700507 0.09244807 0.2344122 0.06510975
2.168432 1.574427 0.950946 0.1264882 0.2238069 0.1044363
2.060167 1.829158 0.8002077 0.1146066 0.2203184 0.08687759
2.017482 1.95244 0.7589987 0.111291 0.2240344 0.08428396
1.901311 2.168555 0.6996597 0.1027263 0.2313636 0.08095896
2.103569 1.879451 0.7740872 0.1132846 0.2152235 0.08235408
2.043371 1.866032 0.8112052 0.1104617 0.2163394 0.08743694
2.181023 1.632282 0.8677897 0.1243039 0.217288 0.09136996
1.995139 2.002146 0.779008 0.1095978 0.2277027 0.08917062
2.10014 1.750227 0.8521493 0.1174461 0.2196132 0.09253797
1.862277 2.227568 0.6738147 0.09600958 0.2211519 0.07425432
2.116423 1.613775 0.9975711 0.1254399 0.2329012 0.1165251
2.169309 1.623964 0.9223678 0.122768 0.2183963 0.09928069
2.110446 1.825486 0.8243705 0.1136154 0.2141515 0.08791383
2.156572 1.669454 0.8616992 0.1206047 0.2145642 0.09015953
1.994615 2.098457 0.6941704 0.1053663 0.2202917 0.075777
2.045897 1.920652 0.7584983 0.110633 0.2168924 0.08119012
2.117834 1.808017 0.794158 0.1157727 0.2144369 0.08351587
2.01007 1.963483 0.7726045 0.1070818 0.2174521 0.08398961
2.081969 1.785512 0.8325426 0.1143639 0.2164646 0.08918546
2.456155 1.224969 1.045679 0.1490353 0.2165898 0.1036892
1.875812 2.239125 0.6843302 0.09827369 0.2271 0.07783812
1.934739 2.068602 0.7077593 0.1027742 0.2193975 0.07686242
2.149328 1.843783 0.7396401 0.1151155 0.2086074 0.07471998
2.054439 1.933361 0.7404841 0.1092731 0.2132484 0.07772785
2.017917 1.977215 0.7496806 0.1106549 0.2239147 0.08328092
2.019469 1.905425 0.7664088 0.1082029 0.2147097 0.08138849
2.010959 1.976591 0.7842813 0.109794 0.2254081 0.08887166
2.100129 1.82352 0.7733162 0.1148485 0.2142417 0.08086475
1.948224 2.073536 0.7278487 0.105524 0.2263104 0.0822037
2.178963 1.550856 0.9143456 0.1235793 0.2135883 0.09434313
1.911312 2.211937 0.7363316 0.1069393 0.2454575 0.09171654
2.071246 1.736264 0.8820174 0.1165818 0.2221193 0.09755803
2.001328 1.959546 0.8118185 0.1090297 0.2258182 0.09289245
1.937588 2.15958 0.7028761 0.1034262 0.2278727 0.08016737
2.003327 2.006857 0.7525349 0.1075272 0.2219437 0.0835752
1.981861 1.990867 0.7444972 0.1069613 0.2197652 0.08108698
1.991148 2.03014 0.7606655 0.1071849 0.2241517 0.08569148
1.972218 2.01863 0.7628828 0.1081555 0.2280477 0.08729131
1.978479 2.121445 0.6915642 0.1046336 0.2213745 0.07589607
1.990348 2.100647 0.7088332 0.1049003 0.2201544 0.07767304
2.082444 1.830227 0.8210343 0.1150766 0.220782 0.09017037
1.995454 2.105659 0.7034083 0.1052825 0.2217183 0.07772932
2.082436 1.812577 0.8083748 0.1149487 0.2179369 0.08686363
1.924104 2.243545 0.6982317 0.1023765 0.2322897 0.08163104
2.173757 1.712841 0.8445839 0.120832 0.2151871 0.08899287
1.87457 2.256996 0.6188534 0.09563976 0.2165613 0.06551041
2.117519 1.796351 0.8487526 0.1191751 0.2237427 0.09449843
2.032664 1.991417 0.7307483 0.1088475 0.2180515 0.07878847
2.112984 1.670613 0.8849125 0.118307 0.2164277 0.0941734
1.901234 2.189442 0.7045328 0.1000382 0.2264843 0.08020861
2.037817 1.982213 0.7539275 0.1091201 0.2190117 0.08224942
2.038506 1.936406 0.7717676 0.1089535 0.2165807 0.08324376
1.902454 2.254683 0.6806416 0.103549 0.2381143 0.08111571
2.048787 1.84531 0.8052948 0.1122078 0.2179504 0.08695987
1.866851 2.23962 0.6860448 0.09822423 0.2289219 0.07879921
2.083309 1.774679 0.7818956 0.1119967 0.2074565 0.07875335
1.99758 1.976236 0.7554687 0.1061277 0.2171928 0.08181312
1.736149 2.631358 0.5534186 0.08725725 0.2358602 0.06369803
1.812092 2.446258 0.6083458 0.09478866 0.2364575 0.07106131
1.873869 2.411581 0.5965617 0.09684396 0.229808 0.06726708
2.02539 1.872632 0.8158101 0.1121101 0.2230714 0.09087041
2.030272 1.972328 0.7255462 0.1088818 0.2167415 0.0773799
1.890413 2.291012 0.6279986 0.09880574 0.2256017 0.06965794
1.965826 2.048899 0.7678596 0.108786 0.2317206 0.08952973
1.895578 2.315094 0.6256652 0.09597141 0.2200365 0.06796521
2.102439 1.799267 0.8255164 0.1154657 0.217007 0.08869311
1.931428 2.129671 0.7263866 0.1037164 0.2280496 0.08319689
1.926425 2.193765 0.637737 0.09795848 0.2129981 0.06654407
2.027949 1.968809 0.7659419 0.1087685 0.2194737 0.08397051
1.94621 2.139396 0.7070949 0.1042013 0.2272552 0.08033348
1.845156 2.223361 0.6560446 0.09535447 0.2212865 0.07196869
1.857938 2.242842 0.6804163 0.09960763 0.2325157 0.07901133
1.951311 2.16618 0.6716384 0.1008701 0.2178122 0.0724425
2.116945 1.77016 0.8241055 0.1177235 0.2176428 0.08815019
1.973697 1.985866 0.7804958 0.1049855 0.2196827 0.08634876
2.160813 1.540162 0.8949555 0.1223655 0.2111376 0.09038673
2.055526 2.055504 0.7325518 0.1099321 0.2216998 0.0809587
1.883549 2.291146 0.62705 0.09598589 0.220661 0.06827774
1.917183 2.219028 0.6599697 0.101167 0.224974 0.07339488
1.946008 2.256747 0.6396346 0.1033842 0.2283732 0.07193404
2.05088 1.957438 0.7037799 0.1077491 0.208943 0.0715849
2.043149 2.009918 0.7363364 0.109951 0.2210604 0.08087366
2.173411 1.701086 0.8576898 0.1211361 0.2153489 0.09051201
2.175498 1.624158 0.886695 0.1245813 0.218767 0.09434033
1.740011 2.461008 0.6299299 0.09441917 0.2487943 0.07801005
2.030346 1.953817 0.8030021 0.110663 0.2247597 0.09106581
1.930134 2.207761 0.6686313 0.1047739 0.2320067 0.07678012
2.137459 1.767631 0.8098097 0.1175938 0.2138578 0.08465674
1.797596 2.404803 0.6330428 0.09557498 0.2392556 0.07528301
1.809223 2.355892 0.6557457 0.09722765 0.2402949 0.07875486
2.067175 1.864885 0.8047749 0.1140374 0.2214407 0.08862902
2.11565 1.748092 0.828381 0.117398 0.2159296 0.08768251
1.908491 2.150136 0.6919514 0.1050761 0.2333639 0.08015553
2.197325 1.454223 0.9716015 0.1279109 0.2163815 0.1006893
2.002339 2.140388 0.6679995 0.1055134 0.2205693 0.07260134
2.118776 1.727104 0.8546737 0.1205826 0.2220085 0.09329456
2.041227 1.993547 0.6897359 0.1067621 0.2100223 0.070633
1.973705 2.009433 0.750883 0.1086838 0.2268411 0.08483673
1.898638 2.110853 0.7072536 0.09955329 0.2193421 0.07724449
2.014555 1.987171 0.7860998 0.110044 0.2268347 0.08992644
2.043248 1.783199 0.890327 0.1129717 0.2217563 0.09961325
1.968586 2.009381 0.7466632 0.1055091 0.2208776 0.08228504
2.013698 1.846482 0.8767554 0.1143476 0.231826 0.1030889
1.953608 2.025179 0.7036477 0.1052703 0.2196797 0.07591773
1.950459 1.983164 0.7983467 0.1084877 0.2310988 0.09314603
1.905595 2.113184 0.6896945 0.102996 0.2260851 0.07709477
1.95819 2.11106 0.7421273 0.1056382 0.2293426 0.0858407
2.192011 1.590117 0.9457276 0.1269447 0.2228364 0.103663
2.060028 1.879923 0.806993 0.1135076 0.2219146 0.08928397
1.888103 2.211039 0.668665 0.09847252 0.2235171 0.07432648
2.024959 2.063138 0.7302812 0.1090976 0.2244689 0.08179899
2.008169 2.042136 0.7387934 0.10846 0.2248377 0.08304032
1.931563 2.160722 0.6575329 0.09933784 0.2148816 0.06949733
1.949191 2.132402 0.7035259 0.103019 0.2235578 0.07855279
2.091659 1.867922 0.8096494 0.115354 0.2222454 0.08975969
1.946703 1.97694 0.771725 0.1050606 0.2220924 0.08591
2.029941 1.964028 0.7347551 0.1088361 0.2166933 0.07852017
1.954396 2.103118 0.7438559 0.1070956 0.2324488 0.08705216
1.860462 2.196396 0.7143606 0.09928594 0.230886 0.0831476
2.196177 1.716791 0.8371476 0.1207978 0.2122418 0.08683577
1.923528 2.337866 0.5925944 0.09931766 0.2242808 0.06479927
1.936441 2.107713 0.6813014 0.1042247 0.2236081 0.0749691
1.940536 2.12198 0.7403799 0.1041167 0.2288759 0.0855822
2.233111 1.516369 0.9294588 0.1289046 0.2160614 0.09648424
1.895094 2.236941 0.6654279 0.09968213 0.2274504 0.07536266
2.112827 1.837779 0.7775049 0.1160207 0.2158041 0.0820909
1.961222 1.964435 0.7784932 0.1061968 0.222532 0.08687666
1.973896 2.076494 0.7165056 0.1055309 0.2223999 0.07924165
2.045287 1.891178 0.7757905 0.1104493 0.2165454 0.08320284
2.009402 1.93318 0.7647008 0.1081188 0.2173708 0.08247668
2.035002 2.022507 0.7521344 0.1072048 0.2172976 0.08179841
2.057684 1.837332 0.8545894 0.1147441 0.2253649 0.09692672
1.871985 2.222236 0.7111911 0.1002709 0.2343853 0.08429446
1.963217 2.180667 0.6434676 0.1027349 0.2196022 0.06922309
2.113818 1.663808 0.9460484 0.1214916 0.2256501 0.1066807
2.074127 1.784713 0.8559738 0.1164733 0.222966 0.09504026
2.082911 1.824719 0.8237839 0.1163721 0.2227558 0.09112993
2.077309 1.830057 0.7467202 0.1133546 0.2120216 0.07652467
1.929024 2.098451 0.729568 0.1049121 0.2299524 0.08413854
2.07411 1.911206 0.7547116 0.1085531 0.2098235 0.07832504
1.902029 2.311653 0.6351223 0.09772035 0.2245236 0.07066302
1.936364 2.166558 0.6942188 0.1042709 0.2301517 0.07977231
1.920177 2.173616 0.6556461 0.09925974 0.2163013 0.06970768
1.912879 2.152823 0.7351886 0.106186 0.2382962 0.08827553
1.901076 2.224001 0.6361027 0.1000027 0.2229563 0.06949565
2.011524 1.945241 0.7701861 0.1083984 0.2190447 0.08404579
2.01388 1.916377 0.7893867 0.1117608 0.2248952 0.08841583
2.107111 1.798012 0.8271461 0.1167798 0.2188864 0.08955904
1.911211 2.092047 0.7098253 0.09847503 0.2152878 0.07627897
1.89207 2.270082 0.6756666 0.1005248 0.231977 0.07836906
2.086234 1.959144 0.7285578 0.1112056 0.2150201 0.07711907
2.113584 1.796471 0.7739052 0.1148509 0.2107738 0.07922064
1.981508 2.105882 0.7038161 0.1043534 0.2210836 0.07753109
1.936657 2.160402 0.7249366 0.1021388 0.227115 0.08324959
2.005549 2.014095 0.723588 0.107896 0.2199628 0.0786717
1.955179 2.024101 0.793737 0.1059575 0.227634 0.09175456
1.986222 1.998652 0.7559332 0.1054848 0.2183717 0.08252896
1.932866 2.081758 0.7981423 0.1099645 0.2437683 0.09928611
1.77732 2.548276 0.586136 0.09253239 0.2400818 0.06911221
2.030187 1.947386 0.7627844 0.1103102 0.220835 0.08371038
1.966147 1.922802 0.8019744 0.1086494 0.2256538 0.09074369
2.017073 1.941193 0.7398247 0.109322 0.2174306 0.07905359
2.081182 1.827409 0.7994771 0.1151773 0.2186969 0.08609686
1.966487 2.004442 0.7564178 0.1065738 0.2233073 0.08436591
1.918452 2.168682 0.6939534 0.1013546 0.2254459 0.07817429
2.081274 1.822898 0.8146382 0.1146608 0.2184457 0.08808597
1.933085 2.104705 0.7200452 0.1043659 0.2276313 0.08195662
2.025165 1.959925 0.7923866 0.1121633 0.2281064 0.09080565
2.217962 1.52189 0.9476605 0.1270887 0.216187 0.09932583
2.063634 1.789406 0.8577943 0.116237 0.2241885 0.09590681
1.818216 2.384831 0.6252447 0.09710913 0.2384319 0.0737729
2.146074 1.662527 0.8769737 0.1207201 0.2164426 0.09288361
1.903191 2.23601 0.6580476 0.09976871 0.22495 0.0733405
2.128014 1.727498 0.8123223 0.115952 0.2099054 0.08296705
2.09959 1.846762 0.8164551 0.1168373 0.2228293 0.09048936
1.871383 2.182642 0.717716 0.1015592 0.2342735 0.08466985
1.928479 2.200832 0.6890185 0.1010709 0.2248542 0.07746192
2.02872 1.975562 0.7286924 0.1083601 0.215946 0.07753294
2.105189 1.770755 0.8180761 0.1144552 0.2129045 0.08572086
2.014978 1.995064 0.7615711 0.1103055 0.225742 0.08592834
1.953781 2.028823 0.8086848 0.1095246 0.2378072 0.0981402
2.174235 1.654571 0.8909936 0.1222935 0.2168697 0.09486524
1.878235 2.310988 0.6420655 0.1017746 0.2374437 0.0754188
2.036819 1.978543 0.748774 0.1117601 0.2235878 0.08295524
2.081102 1.917228 0.7494484 0.1097646 0.2113198 0.07815631
1.999434 1.954804 0.7869271 0.1102224 0.2260097 0.08909389
2.236728 1.567269 0.9544583 0.1287972 0.2205296 0.1033199
2.032631 1.977977 0.7243948 0.1068365 0.2125093 0.07590128
2.015602 1.972516 0.739604 0.1090956 0.2189912 0.07993351
2.07559 1.841065 0.8045498 0.1146521 0.220369 0.08785846
1.866636 2.253225 0.6433024 0.09693452 0.2233346 0.07099119
1.855014 2.259497 0.6989136 0.1032485 0.2447913 0.0860129
1.976914 1.935883 0.7753451 0.108314 0.2222301 0.08570192
2.063126 1.888267 0.8061663 0.1131998 0.2217509 0.08930592
1.951153 2.050698 0.7745559 0.1064441 0.2293822 0.08981313
1.922455 2.097869 0.7451642 0.1020354 0.2253661 0.08487439
2.063947 1.944472 0.7758882 0.1127154 0.2227616 0.08624746
1.795063 2.504988 0.5890913 0.09172391 0.2339396 0.06791085
2.008129 1.975075 0.7676236 0.1093847 0.2233973 0.08565495
1.985879 2.061016 0.7397842 0.1050706 0.2212512 0.08213878
2.124206 1.784862 0.8167747 0.1180293 0.2179889 0.08753277
2.0087 1.906948 0.7974701 0.1119491 0.2263229 0.09008988
2.184272 1.691152 0.8456996 0.1206243 0.2120304 0.08741919
2.223122 1.624727 0.8546856 0.1227399 0.2086705 0.08605552
