0.9137018 1.521901 0.6152623 0.08678927 0.3182946 0.08353162
1.422958 0.05104141 0.9790992 0.2287412 0.4807661 0.1213878
1.012339 0.732997 0.8510201 0.1275306 0.3873312 0.1152813
0.9922826 0.9462281 0.7444465 0.1142454 0.3549561 0.09719772
1.155083 0.5050352 0.8149916 0.1571641 0.4027878 0.1010246
0.9785996 1.203991 0.7003356 0.105108 0.3429178 0.09557654
0.9163291 1.282664 0.7049731 0.09606293 0.3426559 0.09929087
1.1957 0.4972841 0.8105232 0.1602245 0.3953789 0.0983188
0.8814224 1.512658 0.6163678 0.08558716 0.324246 0.08471549
1.086593 0.7542594 0.7714874 0.1348753 0.3741517 0.09847528
1.063251 0.7341623 0.8930957 0.1315151 0.3844527 0.1226496
1.031543 0.9412147 0.7434653 0.1195759 0.3568118 0.09722042
0.9698928 1.317318 0.5844321 0.1008828 0.327274 0.07458246
0.8555683 1.40686 0.6416204 0.08704063 0.33392 0.08878184
0.7932642 1.509955 0.6542346 0.07944681 0.3399627 0.09566332
1.047617 0.4449181 1.049529 0.1419666 0.4207546 0.1455161
1.00993 0.9713129 0.8637139 0.1168204 0.370772 0.1251049
0.9241056 1.170596 0.743041 0.1008032 0.3514019 0.1047235
1.152075 0.5244035 0.8176479 0.1554225 0.400986 0.1021223
1.028488 0.7134173 0.7986119 0.1286768 0.3778031 0.1023615
1.097925 0.6736195 0.7772591 0.1392505 0.378351 0.09688431
1.064378 0.9214405 0.7652967 0.1248665 0.3627364 0.1018605
0.8681811 1.590181 0.5610799 0.08372558 0.3231794 0.07617712
0.9686204 0.9028975 0.9437167 0.1129821 0.3774924 0.1399101
0.9478241 1.258435 0.7202859 0.09722774 0.3353413 0.09967076
0.9823721 0.778058 0.8371445 0.1211129 0.3799948 0.1130385
0.9747684 1.00575 0.7414652 0.1101366 0.3517489 0.09822032
0.9278776 1.145887 0.6972928 0.1013537 0.3448744 0.09358484
1.106523 0.7361076 0.8175294 0.1371392 0.3779486 0.1069759
1.128529 0.6756556 0.7850288 0.1437764 0.3813588 0.0990295
1.147544 0.6931341 0.7600835 0.1451651 0.3764367 0.09429626
0.9955453 0.9447475 0.8021534 0.1150424 0.3628121 0.1098436
0.8547645 1.306185 0.7174723 0.08953949 0.3456281 0.1032468
1.069619 0.889815 0.7016234 0.1254621 0.3534452 0.08716162
0.8865101 1.329116 0.6977698 0.09051937 0.3354008 0.0974779
0.9755094 0.991691 0.7754143 0.109854 0.3534491 0.1044123
0.9813908 1.023992 0.808206 0.1118552 0.3633249 0.114514
1.1821 0.5248634 0.9136838 0.1542492 0.3956777 0.1179008
0.8473125 1.506408 0.666196 0.08470864 0.3403932 0.09803298
1.219108 0.5423951 0.7690684 0.1641851 0.395327 0.09326425
1.04185 0.8566516 0.778055 0.1255407 0.3695733 0.1030119
0.9818219 0.8755437 0.8472251 0.1144387 0.3663988 0.1162878
0.9163112 1.198085 0.7292684 0.09903117 0.3486758 0.1023862
1.036499 0.8907665 0.7573426 0.1219671 0.3602465 0.09845134
0.976086 1.036699 0.7720806 0.1091026 0.3533994 0.1055539
0.9307324 1.181685 0.6991339 0.09944362 0.3402997 0.09415911
1.131258 0.5833756 0.9015009 0.1477003 0.3982229 0.1196022
0.9225595 1.280133 0.6661699 0.09712225 0.3384503 0.09069096
1.138145 0.8439094 0.7160715 0.1358084 0.3583716 0.08894288
0.9165312 1.301681 0.62053 0.0945911 0.3279793 0.08073028
1.021816 0.925429 0.8026164 0.1185492 0.3624389 0.1088694
0.9670687 1.266181 0.6475912 0.1018057 0.3349305 0.08603207
1.123213 0.4811762 0.9803302 0.1520396 0.4165305 0.1335233
1.080335 0.7785142 0.7806593 0.1322274 0.3709795 0.1004404
0.8469847 1.52511 0.591115 0.08258039 0.3223696 0.07978771
0.9260542 1.296436 0.6914817 0.09678762 0.3416394 0.09696908
0.893585 1.383094 0.5942356 0.09097895 0.3268154 0.07793541
1.049831 0.8056912 0.7265946 0.1274336 0.3632183 0.0902639
1.041151 0.6452466 0.8281177 0.1344578 0.3895326 0.1071558
0.9623841 1.024571 0.8076152 0.1090899 0.3628627 0.1146284
1.012019 0.8204898 0.7594796 0.1205103 0.3607884 0.09614484
0.9580983 0.9994447 0.7292375 0.1100038 0.3558334 0.09665578
1.12682 0.4590771 0.882048 0.1558345 0.4149502 0.1133855
1.05151 0.7619303 0.8340911 0.1282441 0.3741698 0.1101806
0.8028942 1.512918 0.5910713 0.07919813 0.325136 0.08005104
0.9121549 1.413874 0.5830476 0.09172621 0.3221545 0.07560557
0.9978874 1.163219 0.72461 0.1067401 0.3416401 0.098498
0.9183651 1.262883 0.7560579 0.09670644 0.3472934 0.1095926
1.103029 0.6698982 0.8106622 0.1415281 0.3872539 0.1047681
0.9228977 1.196326 0.7106144 0.09844216 0.3414577 0.09697071
1.172839 0.4708097 0.891065 0.1614213 0.4144182 0.115569
0.8638831 1.392588 0.5671355 0.08762492 0.3215185 0.07218953
0.9989886 1.055144 0.6563664 0.1109211 0.3381377 0.08166489
1.163905 0.5955488 0.9473533 0.1516302 0.4027073 0.1302481
0.8600438 1.35399 0.7026861 0.08941229 0.3455887 0.101982
1.111464 0.7061197 0.9408712 0.138477 0.3899853 0.1318237
0.8732969 1.48803 0.6964375 0.08807123 0.3462985 0.1052538
0.9880435 0.9703882 0.7948339 0.1115998 0.3556279 0.1077933
1.093875 0.4597477 0.9049852 0.1503099 0.4142882 0.1174134
1.201639 0.5272714 0.8211353 0.1617566 0.4000638 0.1025917
1.015599 1.047509 0.726153 0.1137749 0.3498233 0.09651079
0.9310394 1.235025 0.6767938 0.09871144 0.3390717 0.09146087
0.887139 1.610501 0.6316203 0.08791669 0.3427068 0.09448238
1.138056 0.7682998 0.8193946 0.1399866 0.3768284 0.1085007
1.19847 0.458592 0.8498988 0.1657839 0.4115236 0.1067712
1.063984 0.6483907 0.8518871 0.1355891 0.3868134 0.1110133
1.144914 0.6116725 0.7910873 0.1470808 0.3816978 0.09729901
0.9450951 1.023544 0.8029311 0.1068616 0.3599901 0.1126056
0.9855042 1.236332 0.7050356 0.105052 0.3440216 0.09793398
0.9020334 1.285389 0.6590351 0.09490697 0.3374701 0.08925281
1.037644 0.6873791 0.8566954 0.130931 0.3858462 0.1136732
0.9348932 1.39369 0.6691372 0.09705538 0.3446188 0.0963761
1.030058 1.149479 0.7116827 0.1117849 0.3439113 0.096088
1.214083 0.5190333 0.8660552 0.1618642 0.3997433 0.1099932
0.7973963 1.868953 0.5436163 0.07293504 0.3281611 0.07925978
0.8650951 1.506318 0.6190778 0.08484936 0.326786 0.08554003
0.846325 1.33574 0.7510377 0.08829854 0.3503515 0.1122411
1.14313 0.478166 0.9659727 0.1526066 0.4081971 0.1281554
1.22333 0.4415679 0.7908888 0.1695866 0.4055414 0.09450024
0.935684 1.225628 0.7218877 0.09984078 0.3466923 0.101657
0.9784568 0.9656332 0.7758129 0.112509 0.3592949 0.1048225
0.8553241 1.360809 0.7390228 0.08932866 0.3518126 0.1111355
0.9776825 0.9078136 0.7880506 0.114787 0.3641572 0.1057838
0.9541292 0.9430671 0.7126531 0.1100973 0.3509774 0.0903534
0.918023 1.281676 0.6894962 0.09625096 0.3396246 0.09537172
0.8488686 1.668422 0.586355 0.0798937 0.3251765 0.08304419
0.9505146 1.159642 0.7486918 0.1036287 0.3514755 0.1055082
0.9063726 1.135542 0.8082732 0.09714738 0.3504034 0.1160257
1.225163 0.3594871 0.8002552 0.1792491 0.4266368 0.09627502
1.07587 0.8430037 0.7172491 0.1289124 0.3590729 0.08913768
1.019619 1.146804 0.6507224 0.1097712 0.332763 0.08238607
1.022426 0.722956 0.9395952 0.1285471 0.3949435 0.1340642
0.9608604 1.143804 0.7887418 0.1062506 0.3601887 0.1151591
1.022811 1.158011 0.7378659 0.110816 0.3477436 0.1023967
0.8944885 1.234541 0.7039021 0.09492295 0.3425187 0.0973492
1.049397 0.7435471 0.8144414 0.128764 0.3738389 0.1057317
1.008858 0.7915138 0.8455153 0.1215205 0.3726051 0.1133775
0.9514883 1.348556 0.5754119 0.09833293 0.3238545 0.072862
0.9831975 1.081741 0.7012391 0.1099804 0.3484868 0.09280712
0.8995673 1.397297 0.6970472 0.09199336 0.3434725 0.1018361
0.8353447 1.521926 0.6503661 0.08301135 0.3380792 0.09480892
1.129365 0.7646828 0.7187773 0.1384266 0.3631111 0.08725129
0.8872835 1.430447 0.6225305 0.08824611 0.3253959 0.08391221
0.9064591 0.918986 0.8418814 0.1068 0.3723043 0.1187751
0.8074891 1.522009 0.6015708 0.07958619 0.3279226 0.08292734
1.079977 0.6303434 0.8139788 0.1369702 0.380187 0.1018465
0.8800264 1.284611 0.7782406 0.09181248 0.3494198 0.1156829
0.9356417 1.072806 0.6876508 0.1062615 0.3513663 0.09056388
1.182164 0.5628327 0.7817788 0.1566167 0.3908087 0.09542436
1.223518 0.5564044 0.7841137 0.1610797 0.3884495 0.09509734
0.8364029 1.457956 0.6588011 0.08320242 0.3339187 0.0936956
1.121875 0.654206 0.8714479 0.1410563 0.3837262 0.1141342
1.030106 0.762038 0.79286 0.1282078 0.3776231 0.1033961
1.014203 0.7905135 0.8784058 0.1243086 0.382997 0.1224104
1.038077 0.7431019 0.7704506 0.1286135 0.3724377 0.09741349
0.9105644 1.193794 0.7476938 0.09878236 0.3516403 0.1065488
1.02074 0.962084 0.7616461 0.118839 0.3619541 0.1026157
1.108825 0.6158248 0.8438355 0.144409 0.3932642 0.1094872
1.015019 0.9631281 0.7447296 0.117117 0.3571669 0.09845533
1.012855 0.7614732 0.8658394 0.1243268 0.3809492 0.1180686
0.9353437 1.210502 0.6951455 0.09952198 0.3401904 0.09428901
0.880449 1.233214 0.7191685 0.09331404 0.3430569 0.1002546
1.068555 0.6096077 0.8920174 0.1374882 0.3929005 0.1179709
0.9161096 1.254186 0.713096 0.09703113 0.3452646 0.1005795
0.9967454 0.9518075 0.7929473 0.1159996 0.3643754 0.1086745
1.148767 0.7973408 0.7728681 0.1396001 0.368775 0.09939129
1.284338 0.2165819 0.9578659 0.1947158 0.4551542 0.1224415
1.530701 -0.06929475 0.992345 0.259401 0.5078798 0.121822
0.9885373 1.115949 0.6819566 0.1084667 0.3427341 0.0893127
1.006736 1.030815 0.7840593 0.1132398 0.3561558 0.1082087
0.9732655 1.08197 0.71666 0.1084819 0.3493787 0.09591127
0.946776 1.119471 0.7332208 0.1029494 0.345716 0.099606
1.067818 0.9267957 0.6651682 0.1239279 0.3468477 0.0807539
1.0257 0.8931096 0.7091273 0.1202357 0.3543238 0.08876177
1.001903 1.056458 0.7266618 0.1112463 0.3474866 0.09642663
1.507849 -0.167209 0.9392043 0.269285 0.5305128 0.1108487
1.345875 0.1366034 0.9990446 0.2064306 0.4612569 0.1260324
1.322503 0.4291164 0.8617272 0.1815759 0.4080217 0.1065663
0.906033 1.34042 0.6409118 0.0914448 0.3254782 0.0848974
1.043741 0.8342936 0.775225 0.1259954 0.3680967 0.1011179
0.9617067 1.07441 0.7368002 0.106756 0.3500721 0.09961494
1.044489 0.9720422 0.7117296 0.120235 0.3525652 0.09168129
0.9909109 1.187675 0.6918073 0.1076127 0.3456126 0.09419066
0.825875 1.48817 0.6802221 0.0836859 0.3459623 0.1018082
1.066882 1.104798 0.6502243 0.1180273 0.3393519 0.08235817
0.9666298 1.006956 0.8112341 0.1098168 0.361117 0.1137402
1.034434 0.8616169 0.7816914 0.1237348 0.36686 0.1031543
0.9531384 1.189569 0.6929371 0.1012454 0.3370588 0.09235557
1.111411 0.6649827 0.8785985 0.1407568 0.3881304 0.1171651
0.8568083 1.169767 0.8185595 0.09331601 0.3601671 0.1223787
1.096376 0.4894882 0.9239146 0.1499454 0.4159093 0.1231004
1.054927 0.7494366 0.8176043 0.1296948 0.3748941 0.1067508
0.8841664 1.39398 0.694075 0.08806273 0.332593 0.09823457
0.9446651 1.133846 0.6464636 0.1008791 0.3295149 0.08072108
1.047823 0.8282369 0.7721142 0.1253357 0.364253 0.09948317
0.8832465 1.289353 0.7349372 0.09430912 0.3526289 0.107884
0.9015668 1.458395 0.6366207 0.09022646 0.3322875 0.08891778
1.108396 0.6547229 0.9326822 0.141377 0.3961645 0.129144
1.040814 1.004736 0.753041 0.1186873 0.3568167 0.1016048
0.8749806 1.387909 0.6938312 0.08863041 0.3387049 0.09965621
0.9689469 0.7719504 0.9042948 0.1188704 0.3844604 0.1268059
0.9133847 1.272023 0.6558951 0.09608404 0.3352354 0.0876745
0.806283 1.687501 0.599428 0.07699502 0.3341373 0.08807623
1.091133 0.8628218 0.6781271 0.1299047 0.3535234 0.08206724
0.8976831 1.384755 0.6480778 0.09156115 0.3353439 0.08991219
0.9978608 1.109179 0.7730706 0.110321 0.3553779 0.1092737
1.057467 0.4008843 1.087737 0.1452519 0.4278645 0.1520055
1.018895 1.02987 0.7012006 0.1156127 0.3504311 0.09144932
0.9099146 1.405198 0.6590165 0.09097408 0.3301111 0.09118023
0.9155108 1.170755 0.6807969 0.09737942 0.3356443 0.08935249
1.11508 0.7503903 0.7436144 0.140153 0.3752126 0.09350181
0.8653786 1.611034 0.5639139 0.08349693 0.3234886 0.07697593
1.128944 0.7155295 0.7500498 0.1427405 0.3765869 0.09354002
1.030565 0.7939001 0.8264816 0.1272319 0.3807021 0.1120105
1.045737 0.7622208 0.7981045 0.1288081 0.3743559 0.1036477
1.284769 0.1065727 0.9460297 0.2036998 0.4724423 0.1173439
1.011007 0.8988399 0.8834099 0.1204482 0.3799958 0.1283009
1.295302 0.3854139 0.8816546 0.1822359 0.4193664 0.1103964
0.9180171 1.123357 0.6952158 0.0999472 0.3414964 0.09162096
0.9919494 1.027187 0.7989727 0.1116633 0.3587341 0.1117882
1.127672 0.8674775 0.7634169 0.1341148 0.3634284 0.09933154
0.9825411 1.163543 0.7373218 0.1060921 0.3471561 0.1023986
0.840379 1.451311 0.7345398 0.08692666 0.3574586 0.1152009
1.104309 0.7819188 0.7641435 0.1363093 0.3727504 0.09802522
0.9332427 0.9050778 0.8424234 0.1105458 0.3739816 0.1187695
0.9857429 0.860143 0.8123326 0.1169601 0.3681179 0.1093035
1.183184 0.9430873 0.6492535 0.1368263 0.3445194 0.07814703
1.017791 1.146051 0.6964045 0.1111528 0.3437557 0.09303396
1.050222 0.7689607 0.8213922 0.1302654 0.3803668 0.1097581
0.966307 1.074436 0.734651 0.1065435 0.3460242 0.0980324
1.124951 0.4566307 1.026337 0.1525715 0.419673 0.1414686
0.9344554 1.198624 0.6476094 0.100791 0.3380269 0.08462167
0.8710312 1.490603 0.5857819 0.08703355 0.3292385 0.07963808
0.8644876 1.382123 0.7195533 0.08838223 0.3440767 0.105895
0.9442768 1.248092 0.6700022 0.0993243 0.3359222 0.0898278
1.020783 0.8561106 0.8024976 0.1228843 0.3718752 0.1081212
0.9961214 1.080187 0.7700012 0.1104402 0.3535792 0.1069943
0.8860189 1.496119 0.5947226 0.0874322 0.3262749 0.08079224
1.079647 0.7434422 0.8605945 0.1349077 0.3857293 0.1172332
1.072163 0.6966208 0.798418 0.1353662 0.3800518 0.1020058
0.8744307 1.288021 0.7012149 0.09296635 0.3483793 0.100254
1.17529 0.5752406 0.8383332 0.1539915 0.3927387 0.1063151
1.004882 0.9397306 0.6808948 0.1163726 0.3490246 0.08434664
0.9820857 1.062077 0.7060238 0.1095489 0.3471264 0.09275584
0.9107532 1.309209 0.6704214 0.0947502 0.3370363 0.0920554
1.081769 0.7920593 0.750865 0.1321648 0.3677256 0.09495287
1.191915 0.4752391 0.9007478 0.1626221 0.4117268 0.1169283
1.106614 0.7060801 0.8566379 0.138031 0.3820928 0.113618
0.9380566 1.524398 0.5791208 0.0916666 0.3229681 0.07784867
0.9297649 1.251507 0.7084604 0.09909638 0.3453866 0.09941447
0.8272805 1.606746 0.5829594 0.08131875 0.332432 0.08240225
1.02621 1.012738 0.6249131 0.1169266 0.3407067 0.07547216
0.9808922 0.7663091 0.892911 0.120946 0.385251 0.1245574
0.9937362 0.6446829 0.9834002 0.1260361 0.3975819 0.1387446
1.026621 0.9753769 0.6972925 0.1184031 0.3521958 0.08918015
1.036944 1.177787 0.6641597 0.11208 0.3396151 0.08737884
0.8000192 1.467115 0.6799275 0.07965592 0.337294 0.09888084
1.061501 0.8739946 0.7869147 0.1257203 0.365302 0.1044333
0.8361309 1.50707 0.5830166 0.0822684 0.3232312 0.07809615
0.9870689 0.8251741 0.8249458 0.1192372 0.3738334 0.1114503
1.042072 0.8483782 0.8327424 0.1245119 0.3717379 0.113439
1.046854 0.7447198 0.8975765 0.1292058 0.3844331 0.1240032
0.926474 1.318581 0.6730084 0.09623654 0.3377211 0.09301149
1.155559 0.5437736 0.8926099 0.1539823 0.4044684 0.1174951
1.018555 1.119913 0.7233402 0.1119115 0.347841 0.09819515
1.196041 0.09843499 1.060641 0.1858628 0.4722139 0.13729
0.8997268 1.228693 0.8002192 0.09620826 0.3566704 0.1201667
0.926866 1.015424 0.7595268 0.1054888 0.3569237 0.1031629
0.8897329 1.189308 0.6974968 0.09520995 0.3411302 0.09428245
1.088008 0.8341011 0.8100198 0.1308244 0.370744 0.1082231
1.020537 0.8418815 0.7648405 0.1230606 0.3675916 0.09952651
0.9489267 1.192552 0.7178947 0.1023655 0.3464936 0.09950375
1.01842 1.02443 0.7689593 0.1139709 0.3534233 0.1046221
0.9830637 1.105003 0.7091135 0.1078313 0.3442379 0.09413639
0.8381073 1.730118 0.6000333 0.07803662 0.3290074 0.08788992
0.8623707 1.549614 0.6080623 0.08268039 0.3237935 0.08416754
1.258079 0.241266 0.9020827 0.1882448 0.4442975 0.1115483
0.8632468 1.468161 0.7029575 0.08742498 0.3465134 0.1059754
1.057914 0.7608279 0.7826975 0.1289685 0.3688938 0.09960832
0.9095132 1.512437 0.6352028 0.08983481 0.3325188 0.09017945
0.8778528 1.277773 0.6102172 0.09163658 0.3277948 0.0781049
1.068061 0.5664467 0.9275028 0.1404324 0.4032041 0.1249264
1.037279 0.9262926 0.7811929 0.1209261 0.3619649 0.1047557
1.040842 0.6761444 0.8684173 0.1318443 0.3879623 0.1158272
1.065475 0.7347922 0.869565 0.1334087 0.3866801 0.1186914
0.9843139 0.9076762 0.7841374 0.115386 0.3629162 0.1047142
0.9111544 1.069366 0.8201632 0.1026806 0.364821 0.1195364
1.288953 0.1838178 1.031986 0.1964582 0.4632034 0.1357831
0.9965024 1.090632 0.6524247 0.1088946 0.3345764 0.08138346
1.583743 -0.06493737 0.8761023 0.2715249 0.5023695 0.1011524
1.056927 0.9236985 0.6772454 0.1238768 0.351983 0.08375925
1.059851 0.8268054 0.7631928 0.12881 0.3694615 0.09900714
1.047386 0.7252418 0.9039683 0.1301238 0.3866684 0.1248502
1.096781 1.042459 0.6705452 0.1227715 0.3424095 0.08466474
0.8625779 1.568616 0.6304213 0.08520395 0.3402008 0.09293774
1.031107 0.7328445 0.9548717 0.1292989 0.395737 0.1378759
0.9005325 1.10897 0.7793567 0.09821096 0.3519448 0.1097599
0.9929015 1.191623 0.6583263 0.1055503 0.3343351 0.08566184
1.192049 0.4698466 0.9121517 0.162048 0.4107342 0.1184148
0.8841322 1.459795 0.5697725 0.08647973 0.3169593 0.07354169
1.036871 0.8126412 0.8212902 0.1255959 0.3737781 0.1101746
1.041529 1.01941 0.7215818 0.117337 0.3498848 0.09473294
1.083698 0.7046664 0.8832139 0.1358707 0.3873844 0.1200594
1.04794 1.004153 0.6416068 0.1187166 0.3401092 0.07792849
1.01214 0.892125 0.8157361 0.118802 0.3666857 0.1110757
1.129454 0.688684 0.8808239 0.1421289 0.3871542 0.118574
0.9410463 1.400923 0.6266384 0.0949466 0.3275785 0.08428101
0.8826572 1.330417 0.699968 0.09010647 0.336885 0.09850699
1.014898 1.177386 0.6314341 0.1085683 0.331083 0.07964901
1.000101 1.182179 0.6647163 0.1066484 0.335099 0.08662086
1.115696 0.7124031 0.7526158 0.1405711 0.3749067 0.0934517
0.8951994 1.337672 0.6710617 0.0935086 0.3402907 0.09372807
0.9746681 0.8333968 0.7560389 0.118228 0.3684405 0.0977772
1.025434 0.9349691 0.756488 0.1195115 0.3598968 0.1000686
1.043395 0.830757 0.8548075 0.1249217 0.3737154 0.1173368
1.121549 0.6363058 0.7422766 0.1443981 0.3783277 0.08925769
0.9642686 1.155965 0.6909094 0.1047904 0.3432962 0.09241972
1.15124 0.5334591 0.8898014 0.1551151 0.4080107 0.1171774
1.039876 0.9349601 0.7862282 0.1214956 0.3646567 0.1068678
0.827051 1.319419 0.7831255 0.0861074 0.3526523 0.1190499
1.027287 0.8410928 0.8300946 0.1230892 0.372733 0.1129876
1.045498 0.9993909 0.720568 0.1184292 0.349601 0.09362501
0.9223872 1.208046 0.7624493 0.09727168 0.344909 0.1083141
1.040804 0.6301683 0.9024848 0.133811 0.3943859 0.1213241
0.8974382 1.36418 0.5787631 0.09191354 0.3224277 0.07356227
0.9391344 1.123426 0.7434821 0.09965182 0.3382288 0.09979114
1.082871 0.6360064 0.8883644 0.137914 0.3890863 0.1175455
1.143956 0.476816 0.9768954 0.1568733 0.4213824 0.1337992
1.236871 0.2363837 0.9831327 0.1855383 0.4527501 0.1276296
0.8434815 1.288752 0.7494215 0.08811658 0.3470258 0.1093656
1.288514 0.2726038 0.8202605 0.1917247 0.4338477 0.09694742
1.087385 0.7744607 0.7793291 0.1326854 0.3691994 0.09959732
0.9414944 1.497515 0.5763169 0.0921842 0.3197006 0.07593436
1.055269 0.8678351 0.7024612 0.1261832 0.3590601 0.08759402
0.8833175 1.290328 0.7337631 0.09293442 0.347632 0.1064181
0.7135598 1.993255 0.5812343 0.06480052 0.3462262 0.09346912
0.9032655 1.465181 0.6740076 0.09051166 0.3384147 0.0978987
0.9956666 1.046388 0.6843745 0.1104317 0.341441 0.08709108
1.033614 1.012181 0.7844097 0.1177103 0.3599515 0.1085683
1.067667 0.9780658 0.7132674 0.1223964 0.3519127 0.09206856
0.8782095 1.517751 0.6572137 0.08673951 0.3363142 0.09557892
1.447575 -0.04532492 0.9719994 0.2354986 0.4830006 0.1144249
1.003571 1.17985 0.6659789 0.1081773 0.3391225 0.08767911
0.9276062 1.304986 0.6553299 0.09626246 0.3349213 0.08873929
0.9548163 1.017276 0.7868585 0.1076264 0.3568248 0.1084615
0.8946878 1.477983 0.7531144 0.09062598 0.3541552 0.1190605
0.9728319 0.9565074 0.742709 0.112918 0.3580456 0.09792913
1.132214 0.4734285 0.9788609 0.1533488 0.4155246 0.1322536
0.9746182 1.282976 0.7065383 0.1013371 0.3395228 0.09876046
0.9619372 0.9120032 0.8299536 0.1141667 0.3731295 0.116287
0.9256768 1.329552 0.6672144 0.09621032 0.3385812 0.0925124
0.9454644 1.090472 0.7388859 0.1032184 0.3447854 0.099228
0.9631888 0.8179628 0.7894994 0.1169126 0.3718363 0.1040883
1.052299 0.7047464 0.866801 0.1323298 0.3866813 0.1166907
0.98306 0.9638614 0.7863115 0.1128174 0.3600898 0.107003
0.9973965 0.8218688 0.7653008 0.119143 0.3622051 0.0974697
0.859701 1.517505 0.6302467 0.08345074 0.3269216 0.08813612
1.25171 0.3029898 0.8600838 0.1852423 0.4366923 0.105867
0.8974379 1.207485 0.6504975 0.0971482 0.3397829 0.08572222
0.9740736 0.9648297 0.7612517 0.1140968 0.3643465 0.1032323
0.8686489 1.551925 0.5441151 0.08371233 0.3137667 0.07012679
0.9777764 0.975032 0.7557154 0.112248 0.3573895 0.1010251
1.01603 1.017032 0.7275033 0.1153572 0.3524548 0.09619204
1.129672 0.8819064 0.6808399 0.1335484 0.3524639 0.08298192
1.020689 0.7545359 0.8555355 0.1266793 0.3834771 0.1163233
1.056536 0.9567509 0.6906299 0.1211903 0.3470717 0.08614405
1.066221 1.05659 0.6610584 0.1180959 0.3380445 0.08251385
1.010417 0.9256546 0.7517948 0.1185359 0.361397 0.09920906
1.281951 0.1953318 0.9482765 0.1952267 0.4551682 0.1192926
0.8751232 1.466626 0.6170978 0.08788456 0.3307018 0.08494279
0.8971102 1.448736 0.5956424 0.08937964 0.3241074 0.07918367
1.102212 0.6161752 0.8578794 0.1405039 0.3858377 0.1102722
1.140156 0.7084589 0.7365868 0.143758 0.3734345 0.0902372
1.176791 0.3863889 0.9619861 0.1652622 0.4262303 0.126621
1.069471 0.7728954 0.7955965 0.1322044 0.3757236 0.1039349
1.002593 0.9464741 0.8010501 0.115431 0.3613668 0.1093305
1.266816 0.3917246 0.7918248 0.1804181 0.4152152 0.0942213
0.9503657 1.234084 0.6768767 0.09947672 0.3338937 0.09017059
1.066513 0.826597 0.8475752 0.1284002 0.3750479 0.116142
0.8973848 1.368619 0.6450274 0.09136174 0.3304301 0.08743332
0.9489381 1.217827 0.7243112 0.1007773 0.3432896 0.1007841
1.045128 0.794716 0.8901919 0.1266213 0.3802644 0.1242774
1.120277 0.5998576 0.8853777 0.1455633 0.3954245 0.1167795
0.8843641 1.037791 0.7593575 0.09881651 0.3520193 0.1028652
1.131572 0.8973161 0.6851265 0.1324343 0.3511012 0.08409127
0.8424365 1.329636 0.7203342 0.08732232 0.3436367 0.1040071
0.8330492 1.395597 0.7595021 0.08478655 0.3495946 0.1163071
0.9251721 0.9646307 0.7590708 0.1055565 0.3543168 0.1004342
1.146096 0.7572611 0.7935947 0.1392928 0.368473 0.1012897
1.080744 0.8613395 0.719103 0.1290629 0.3597994 0.09038695
0.8642899 1.353111 0.7257322 0.09040251 0.3506546 0.1079341
1.318067 0.1567069 1.000473 0.2017131 0.4611572 0.1276215
1.024509 1.03179 0.7025006 0.1155636 0.347659 0.09102679
0.8734953 1.18038 0.7687606 0.09312749 0.3470935 0.1090337
0.9757075 1.184192 0.6474788 0.1046909 0.335261 0.0836142
1.06741 0.6781217 0.7145596 0.1359662 0.3729971 0.08520176
1.109955 0.5990388 0.8545926 0.1446853 0.3939854 0.1108134
0.7842175 1.65303 0.5956484 0.07435462 0.3252914 0.08423387
0.9818635 1.12983 0.6956056 0.1070099 0.3417782 0.0918981
1.098861 0.5008708 0.9307637 0.1483811 0.4111872 0.1237397
0.9585668 1.244792 0.7025868 0.1014764 0.3422249 0.09736102
1.122358 0.9213598 0.7226942 0.1279146 0.3469941 0.09057877
0.8440514 1.354919 0.6609153 0.08706614 0.3368325 0.09161242
0.855131 1.40655 0.5741603 0.08656582 0.3231213 0.07408407
0.8695589 1.370879 0.6357295 0.08748465 0.326019 0.08487762
0.9190083 1.271646 0.6960746 0.09606345 0.3394239 0.09638924
1.129195 0.4851673 0.9164578 0.154936 0.4159612 0.1213554
1.168779 0.6161534 0.8417199 0.1528514 0.3953958 0.1097286
0.8606185 1.513345 0.7279519 0.08537091 0.3473103 0.1130032
0.8914987 1.4269 0.6344092 0.09021804 0.3322962 0.08752678
0.981732 1.128735 0.7303201 0.1083134 0.3510361 0.1006448
0.9807873 0.8357127 0.8169973 0.1180964 0.3726935 0.1102108
1.018688 0.8897815 0.7934809 0.119248 0.3620869 0.1054543
1.129665 0.5813135 0.8946492 0.1477155 0.3981663 0.1182236
0.9509357 1.05805 0.745031 0.1061599 0.3515382 0.100839
0.9929928 1.066087 0.7051838 0.1107928 0.347049 0.09267836
1.138042 0.3831695 0.9530005 0.1595495 0.4242283 0.1241914
0.9575534 1.012905 0.7583052 0.1071399 0.3502307 0.1011842
0.9313587 1.25499 0.7541336 0.09992369 0.3544074 0.1110898
0.9833601 1.159884 0.6340383 0.1072613 0.3377452 0.08100077
0.9881821 1.108142 0.7217742 0.1085542 0.3468464 0.09725302
0.9427285 1.202778 0.6908713 0.1009632 0.3427189 0.09400945
1.231784 0.506749 0.8103473 0.1684299 0.4047202 0.1007159
0.8657927 1.25038 0.7208313 0.09131617 0.3435746 0.1014032
0.8321926 1.398036 0.6677675 0.08436584 0.3372232 0.09459827
0.9392525 1.22301 0.6857982 0.1013176 0.3452067 0.09414434
0.9912469 1.085496 0.7527872 0.1095151 0.3508213 0.1032253
0.9514439 1.271306 0.6888165 0.1011972 0.3444286 0.09615338
1.001168 1.085926 0.6976602 0.1115514 0.3482641 0.09241503
0.9461146 1.110537 0.6884622 0.1046943 0.3463494 0.0911393
1.238042 0.3823458 0.8805687 0.1762366 0.4243396 0.1111071
0.9394235 1.107202 0.7779605 0.1036667 0.3556345 0.1103262
1.003686 0.9981983 0.6995942 0.1154336 0.352338 0.09035101
0.8308534 1.479466 0.6929387 0.08449931 0.3475296 0.1044963
0.9176035 1.122885 0.7197512 0.1001898 0.3460567 0.09730618
0.9497705 1.197908 0.7586405 0.1020853 0.3515928 0.109157
0.9139497 1.121184 0.7771823 0.09857341 0.3467618 0.1081021
1.003835 0.7487686 0.7715244 0.1243916 0.3727476 0.09787771
0.9622554 1.319674 0.604911 0.09900615 0.3255446 0.07784043
1.049037 0.6810932 0.8345203 0.1336014 0.3869809 0.1095403
0.8432803 1.198009 0.8003172 0.09104872 0.3572659 0.1189907
1.198889 0.552603 0.7973586 0.1602423 0.3959026 0.09875056
1.049222 0.8566706 0.7723198 0.124998 0.3641609 0.1006358
0.9981356 0.949734 0.7474408 0.1143813 0.353385 0.09744752
0.9871237 0.8201185 0.8305844 0.1196575 0.3757372 0.1128093
1.015966 1.000794 0.775075 0.1142992 0.3529639 0.1044463
1.033371 0.8343173 0.8083199 0.1246842 0.3723162 0.1083964
1.078122 0.7050757 0.8259333 0.1352555 0.3807565 0.1075181
1.137729 0.8041077 0.8564041 0.1362238 0.3723141 0.1159989
1.078284 0.9695893 0.7120286 0.1233472 0.3502236 0.09115105
0.928302 1.072108 0.7741216 0.1016157 0.3482304 0.1059753
1.234161 0.4851998 0.9200302 0.1667711 0.4100412 0.1206673
0.8885082 1.573601 0.586502 0.08510568 0.3226852 0.08043426
1.064736 0.9583674 0.7082976 0.1224979 0.350748 0.09012796
1.107047 0.6502762 0.9020399 0.1430148 0.3983782 0.1236177
1.146931 0.4839569 0.9046833 0.1556574 0.4102697 0.1177974
1.056947 0.8661754 0.719089 0.1248326 0.3559156 0.08976097
0.9744093 1.063718 0.7499119 0.1093331 0.35422 0.1026172
1.231036 0.278069 0.9380596 0.1796515 0.4371045 0.118398
0.9695238 1.062207 0.7462526 0.1074003 0.34942 0.1007607
0.8964816 1.382037 0.6431691 0.09244061 0.3365011 0.08892211
0.9901534 0.8827336 0.8352917 0.1185097 0.3750028 0.1164433
0.892507 1.350525 0.6588416 0.09112638 0.3326789 0.09015852
0.9570218 1.417759 0.6462855 0.09383214 0.3250906 0.08828268
0.9083803 1.250851 0.6565026 0.09666769 0.3396158 0.08835416
1.238908 0.401017 0.9015317 0.1737069 0.4202087 0.1149255
0.9466217 1.012047 0.754082 0.1067907 0.3535039 0.1012958
0.8281885 1.633918 0.632875 0.0813495 0.3430417 0.0955722
1.0466 1.055311 0.6950282 0.1162476 0.3438308 0.08979343
1.093781 0.7688915 0.8704563 0.1319904 0.3743696 0.117396
1.018528 0.8372928 0.7977817 0.1222024 0.3692743 0.1058347
1.048659 0.6663462 0.7763287 0.1338639 0.3805585 0.09688844
1.177582 0.49172 0.8495224 0.1611278 0.4084597 0.1077381
1.002445 0.9219251 0.7671686 0.1177505 0.3634147 0.1023855
1.18417 0.6132652 0.7951376 0.1531837 0.3856028 0.09899711
0.9974466 0.9788099 0.7310985 0.1143491 0.3534412 0.09558027
1.034572 0.9683771 0.767853 0.1187145 0.357982 0.1031379
0.9781493 1.238377 0.690641 0.1033591 0.3393286 0.09415667
0.9230548 1.393375 0.5896845 0.09367165 0.3250299 0.0769258
0.8665087 1.519687 0.630034 0.08457211 0.3296408 0.088878
1.260793 0.3799881 0.8095752 0.1774888 0.4119068 0.09610998
0.96589 0.9945899 0.6632463 0.111721 0.3497661 0.08321912
1.213378 0.5060932 0.8780889 0.1639439 0.4066988 0.113257
1.068195 0.4405758 0.9150346 0.1465145 0.4133404 0.1178846
0.9038399 1.090877 0.7559276 0.09972407 0.3515229 0.1042837
1.389063 -0.02319563 0.992619 0.2301693 0.4967678 0.1225827
0.9194058 1.347028 0.6732223 0.09386533 0.33559 0.09364588
0.9296352 1.173831 0.730991 0.1007221 0.3486472 0.1019507
0.8763258 1.225857 0.7449782 0.09293066 0.3457783 0.1056923
0.9515924 1.144618 0.7197823 0.1031294 0.3443204 0.09757576
1.175283 0.3573254 0.9169586 0.1661372 0.4235232 0.1160212
0.9563596 0.8652768 0.7249386 0.1137935 0.3590557 0.09137942
0.7736157 1.642284 0.6144578 0.07447494 0.3338289 0.08982515
1.055288 0.8164985 0.7777067 0.1279101 0.3684921 0.1008494
0.9703383 1.114792 0.6953389 0.1054385 0.339437 0.09079315
0.9321838 1.45561 0.6166664 0.0926569 0.3278042 0.08416229
0.9292711 1.22975 0.7447574 0.09892882 0.3487017 0.1067758
1.220875 0.4250891 0.8719079 0.1700332 0.4153131 0.1097933
0.9519515 0.8558392 0.8840412 0.1151845 0.3828253 0.1268995
1.029747 0.9469245 0.7914099 0.117129 0.3551093 0.1058024
0.9570417 1.212654 0.6910931 0.1007244 0.3360243 0.09262218
0.905904 1.43397 0.654191 0.09134573 0.336277 0.09271538
0.9803525 1.136879 0.6627753 0.1071668 0.3396197 0.08573633
0.8672108 1.15568 0.7006289 0.0935402 0.3410065 0.09357922
0.9364457 1.061429 0.9517537 0.1052183 0.3768273 0.1505292
1.045889 0.9723652 0.7604415 0.1209135 0.3591437 0.1020215
0.9621786 0.9324771 0.7739993 0.1100836 0.3552814 0.1021891
1.068722 0.7932664 0.9309293 0.1298182 0.3846274 0.1332848
0.9712878 0.9517184 0.7657168 0.1128713 0.3615028 0.1029483
1.160333 0.5529866 0.8771258 0.1523092 0.3966743 0.1131673
1.111179 0.6750903 0.7219015 0.1413575 0.3733499 0.0863997
0.9584039 0.8722174 0.9009669 0.112444 0.3737996 0.1285832
1.099651 0.7657213 0.8667183 0.1332884 0.3750624 0.116599
0.9684185 1.066559 0.6943898 0.1076697 0.3439832 0.08997668
0.8809285 1.597621 0.6062382 0.08490108 0.3284136 0.08584787
1.181232 0.6301357 0.8217638 0.1536268 0.3911438 0.1056786
1.153464 0.495699 0.8871769 0.1576961 0.4120721 0.1156067
1.116051 0.5622611 0.8530183 0.1469886 0.3958724 0.1090313
1.003963 1.146961 0.7367842 0.1107008 0.3542022 0.103547
1.007794 1.166745 0.6556581 0.1094199 0.339192 0.08537115
0.9572214 1.231766 0.6242982 0.1000629 0.3266495 0.07909706
1.169153 0.6140112 0.9330926 0.1504475 0.3972262 0.1270917
1.010912 0.9557664 0.7336685 0.1157983 0.3521442 0.0949156
0.8321967 1.600103 0.5879872 0.07943735 0.32311 0.08129078
0.9068626 1.03146 0.8272024 0.1022377 0.3631633 0.1188429
1.035686 0.8460345 0.7701211 0.1242067 0.365975 0.1002483
1.106149 0.7582018 0.7956001 0.1352543 0.3719835 0.1026537
0.9212184 1.361018 0.6370079 0.09512071 0.3350844 0.08692504
0.8563418 1.586521 0.5953239 0.0836172 0.3315051 0.08428245
1.081022 0.7814433 0.9333271 0.1318769 0.3856332 0.1333852
1.036409 0.9625174 0.7761875 0.1188024 0.3583709 0.1046015
0.9189713 1.332786 0.6929341 0.09405286 0.3372362 0.09732603
1.324453 0.313774 0.8726972 0.1931859 0.431714 0.1076183
1.20611 0.2396442 1.035195 0.1797848 0.454799 0.1381427
1.085179 1.083942 0.6478175 0.1197586 0.3372283 0.08093127
0.9798822 1.195685 0.7540439 0.1049222 0.3483346 0.1071026
1.005828 1.069362 0.6813313 0.1110071 0.340434 0.08702938
0.98239 1.066798 0.6554827 0.1099704 0.342097 0.08270279
1.006768 1.091213 0.7523762 0.1118966 0.353597 0.1040976
0.6805834 2.049629 0.5712189 0.06233059 0.3543972 0.09426754
0.9636486 1.090627 0.7322132 0.1073937 0.3519261 0.09977475
0.9782388 0.8177829 0.8187282 0.1174603 0.3699636 0.108892
0.9539534 0.8866199 0.8151394 0.1138705 0.3716921 0.1117961
1.032472 0.8088187 0.7310678 0.1250839 0.3631601 0.09114602
0.9388918 1.347326 0.6258995 0.09600348 0.3299075 0.08345656
1.020299 0.9547557 0.7699533 0.1172382 0.3579935 0.103012
1.041749 0.9203588 0.7779324 0.1218692 0.362698 0.1041041
1.06247 0.8148175 0.7788907 0.1270857 0.3641773 0.1001299
0.9727284 1.17836 0.7100313 0.1029531 0.3379855 0.09552046
0.9951595 0.9122286 0.8850777 0.1162563 0.3730855 0.1272209
0.8875487 1.050853 0.7633318 0.0996983 0.3547256 0.1047064
1.059145 0.6968499 0.8513655 0.1330022 0.3835445 0.1125154
1.005377 0.8999378 0.8804104 0.1182672 0.3739279 0.125783
0.9637751 1.117053 0.7131423 0.1050264 0.3444033 0.09552294
1.038778 1.05232 0.7517521 0.1161329 0.3525012 0.1021429
0.94583 1.316391 0.643337 0.0986438 0.335693 0.08695964
0.8910795 1.356473 0.6361666 0.09090977 0.3297465 0.08539356
0.9063653 1.235552 0.7466607 0.09537074 0.3453773 0.1065266
1.030088 0.7914934 0.8795814 0.1258798 0.3819058 0.1223719
1.051893 1.160993 0.7172722 0.1127313 0.341247 0.09693339
0.9730749 1.090889 0.7440653 0.1083384 0.3535226 0.102519
0.8758626 1.349128 0.69553 0.08936193 0.3368682 0.09810454
1.191539 0.3160197 1.010102 0.1735646 0.4448374 0.1360331
1.064489 0.8358988 0.7375182 0.1286581 0.3648251 0.09371061
0.8624124 1.387301 0.7756094 0.09005637 0.3590901 0.1219821
1.136134 0.8611605 0.725973 0.1332511 0.3536992 0.09028468
1.186572 0.4805594 0.8167102 0.1614069 0.4017525 0.09992174
0.9619314 1.042467 0.8374176 0.1086258 0.3652601 0.1218749
0.9046284 1.237821 0.6517978 0.0947721 0.3320122 0.08538247
0.9331496 1.325711 0.636706 0.09696449 0.3331738 0.08530616
0.9443474 1.199527 0.7248941 0.1026628 0.3504388 0.1020374
1.191088 0.6563631 0.8540501 0.1531228 0.3912926 0.1129427
1.040588 0.6801093 0.8293352 0.1309101 0.3812559 0.107165
1.23649 0.1571269 0.972407 0.1883922 0.4563295 0.1215056
0.92503 1.450756 0.6058044 0.09285155 0.3292055 0.08228246
1.165385 0.4267359 0.9526273 0.161003 0.4198914 0.1257177
1.165427 0.643136 0.7621273 0.1511969 0.3839447 0.09407437
0.8816132 1.350648 0.6815345 0.09023498 0.337099 0.09561034
1.09007 0.7769813 0.8376381 0.1343413 0.3807235 0.113429
1.078323 0.9314729 0.7908547 0.1264927 0.365777 0.1077494
1.257966 0.08693072 1.077032 0.1957221 0.4736566 0.1397569
0.9599688 0.947333 0.8697214 0.1109157 0.3698743 0.1250194
0.9492823 1.463305 0.6425382 0.09426794 0.3303524 0.08967756
1.120031 0.5918162 0.8460341 0.1469391 0.395328 0.1091885
0.9762698 1.226793 0.5426644 0.1047075 0.3225156 0.06415338
0.8600293 1.208553 0.7438618 0.09135507 0.3447773 0.1045759
0.9870598 1.263355 0.6793223 0.1036083 0.3375353 0.09240039
1.437672 -0.1476223 0.9715348 0.2537559 0.5272852 0.116978
1.064041 0.7928599 0.7861788 0.1313429 0.3756974 0.1031405
0.916624 1.263879 0.7221435 0.09716508 0.3460603 0.1026717
0.9698304 0.9583163 0.7526747 0.1112952 0.3556074 0.0993511
1.244253 0.4403486 0.83595 0.1729649 0.4113378 0.1033547
1.165785 0.4996888 0.860219 0.1586265 0.4075064 0.109845
1.050429 0.8580404 0.8048008 0.1249705 0.3676762 0.1075858
1.239472 0.5283973 0.8154744 0.1678731 0.4020262 0.1020542
1.02749 1.093179 0.6706721 0.1125111 0.3392443 0.08582416
1.012136 0.9300617 0.802532 0.11638 0.3596699 0.108398
1.044727 1.119322 0.6709079 0.1131802 0.3364536 0.08600062
1.050138 0.8641485 0.7807161 0.1256239 0.3675141 0.103335
0.8332367 1.337121 0.7120859 0.08643176 0.343356 0.1025287
0.9682246 1.025272 0.7472628 0.1088384 0.3521346 0.1001669
1.01689 0.7266672 0.8640555 0.1266711 0.3840692 0.1166736
0.7412784 1.725035 0.6003034 0.06955151 0.330668 0.08813883
0.8104661 1.595815 0.6069025 0.07831351 0.3307256 0.08663953
1.014165 1.07834 0.6943746 0.11276 0.3445687 0.09047005
0.985144 1.05129 0.7128122 0.1099252 0.3473413 0.09366869
0.984814 1.000615 0.7640119 0.1129335 0.3590468 0.10391
0.8686953 1.593211 0.5356998 0.08314151 0.3146924 0.06971701
0.9989491 0.9652769 0.726191 0.1140742 0.3505548 0.0935432
1.048928 0.8435293 0.7564204 0.1248175 0.3608305 0.09642474
0.9659864 0.9055769 0.8100816 0.1127249 0.3646513 0.1100779
1.002313 1.046319 0.6506262 0.1124568 0.3406628 0.08089948
0.9327602 1.012504 0.7576797 0.1052826 0.3538234 0.1020032
0.9692319 0.9628302 0.7114779 0.1105684 0.3486348 0.09045168
1.082707 0.7007032 0.8008121 0.1368264 0.3813931 0.1030115
1.126693 0.4669343 0.9882189 0.1534248 0.4190127 0.134778
0.8754553 1.375983 0.6370608 0.09003246 0.3353484 0.08747393
0.8902747 1.1474 0.7029267 0.09805075 0.3488129 0.09562163
0.9103991 1.364158 0.6732084 0.09263546 0.3338194 0.09345407
0.8804571 1.206212 0.7580809 0.09429751 0.3504516 0.1089855
1.230509 0.5015452 0.85965 0.1676375 0.4083739 0.1101091
1.171484 0.1920463 0.9370298 0.1791285 0.4559616 0.1172775
0.9454223 1.196533 0.6408338 0.1019799 0.3368642 0.08308285
1.058329 0.9524187 0.7201134 0.1237896 0.358077 0.09365051
1.058622 0.6341815 0.905527 0.1358404 0.3944212 0.1222108
0.963408 1.117735 0.7405125 0.1058348 0.3502856 0.1020749
0.8958314 1.421871 0.5941956 0.09023505 0.3258132 0.07864391
1.00487 1.029444 0.6607666 0.1131344 0.3418789 0.08235876
0.9546341 1.375498 0.5863307 0.09578367 0.3187139 0.07460106
1.035006 0.778545 0.8012205 0.1264147 0.3727669 0.1046513
0.8483921 1.212434 0.7667589 0.0925096 0.3568061 0.1123377
0.9214562 0.9960276 0.8083543 0.1040351 0.3582722 0.1120621
0.9491973 1.173046 0.7704838 0.1046739 0.3589653 0.1122595
0.9671751 1.094936 0.7314 0.1073246 0.3506659 0.09950166
1.089778 0.6196636 0.9208339 0.140068 0.3964253 0.1250148
1.006109 0.8823754 0.7346593 0.1183095 0.3571076 0.09337198
1.263076 0.4860111 0.8306724 0.1730777 0.4067688 0.1037267
1.056085 0.8520746 0.8463607 0.1257087 0.3717486 0.1161897
1.248426 0.507665 0.7737099 0.1699913 0.3991788 0.09333743
0.9062159 1.383984 0.6682111 0.09132084 0.332202 0.09280611
1.374301 0.164264 0.9559671 0.210553 0.4581802 0.119566
0.861113 1.26889 0.7615828 0.09165036 0.3532851 0.1127567
0.9914233 0.784522 0.9118998 0.1211813 0.3852212 0.1293774
0.9957012 1.091282 0.7411075 0.1102188 0.3503871 0.1010946
0.9183162 1.251643 0.7055548 0.09789219 0.3454088 0.0989123
0.9421237 1.185665 0.644147 0.1015129 0.3358446 0.08310642
0.9653411 0.999341 0.7974062 0.1087224 0.3566966 0.1097413
1.111749 0.7124277 0.725517 0.1399962 0.3719842 0.08822563
1.076136 0.722684 0.7917586 0.1352492 0.3796971 0.1020267
1.026866 0.9343053 0.8538578 0.1188623 0.3683701 0.1208967
1.159201 0.5038321 0.9071175 0.1574284 0.4119074 0.1197681
1.0437 0.7277368 0.8511137 0.1315617 0.3871977 0.1149957
1.022604 1.199227 0.6288102 0.108995 0.3307607 0.07971738
1.120635 0.6958574 0.724465 0.1418379 0.372919 0.08757314
0.9310773 1.09651 0.7055152 0.1031313 0.347038 0.09385659
1.087775 0.7986115 0.8044735 0.131892 0.3710309 0.105647
0.9680902 1.177026 0.7198493 0.1045434 0.3450447 0.09884359
0.8563866 1.163573 0.7790262 0.09325962 0.3547822 0.1124952
0.9237442 1.297076 0.6868437 0.09697046 0.3408659 0.09564316
0.8746062 1.679807 0.5746092 0.08348054 0.3290129 0.08179847
1.117501 0.8128349 0.7279622 0.1353774 0.3629939 0.09072091
1.228518 0.3620753 0.7835114 0.175977 0.4155187 0.09153375
0.9794401 1.182711 0.7000634 0.1056862 0.3431763 0.09490409
1.062333 0.8525218 0.72372 0.1267531 0.3598646 0.09093793
1.042277 0.9883586 0.73091 0.1197851 0.3546392 0.09613899
0.898476 1.337838 0.6547393 0.09282938 0.3347134 0.08938721
0.9981214 1.135011 0.7824991 0.1102955 0.3573709 0.1125576
1.038578 0.977284 0.7855646 0.1189657 0.3600859 0.1074082
1.147833 0.5897742 0.8872216 0.1507202 0.4002065 0.1179493
1.011456 0.9693082 0.77334 0.1168804 0.3609 0.1048671
0.9953646 1.121353 0.703255 0.1100667 0.3479012 0.09450302
0.8637019 1.320988 0.7258729 0.08874899 0.3406649 0.1040858
0.9216203 1.351942 0.6212934 0.09368863 0.3265828 0.08190964
1.035999 0.7008029 0.875372 0.12828 0.3810478 0.116658
1.077633 0.8455587 0.7631086 0.1268609 0.3579783 0.09709256
1.009308 1.126447 0.7367002 0.1096462 0.3456054 0.1003785
1.090128 0.880184 0.7040731 0.1300931 0.3589627 0.08826787
0.9247353 1.155148 0.7405465 0.1017523 0.3533388 0.1041899
0.9740638 1.01466 0.7661108 0.1102696 0.3561386 0.1042726
1.004978 1.097897 0.6833647 0.1107508 0.3416298 0.08853169
1.021056 1.102621 0.6654642 0.1128047 0.3411161 0.08541616
1.11021 0.6827904 0.7840775 0.141245 0.3808501 0.09902088
1.092705 0.7939739 0.754492 0.1323571 0.3653735 0.09522599
1.010739 0.6643342 0.9403354 0.1287161 0.3966731 0.1312826
1.16156 0.8112644 0.7508663 0.1415866 0.368429 0.09593608
0.9033718 1.351047 0.6245578 0.09338539 0.3316211 0.08340186
1.104703 1.092607 0.6783494 0.1223236 0.3431345 0.08787816
0.9573897 1.198934 0.7339114 0.1038649 0.351862 0.1043198
0.9523528 1.106762 0.733332 0.1055896 0.3512256 0.1003986
0.9300986 1.386235 0.6239552 0.09325274 0.3244036 0.08277456
1.070523 0.61443 0.865205 0.1392735 0.3949817 0.1137552
1.007918 0.9625328 0.7242485 0.11646 0.3555045 0.09432919
0.9904377 1.019211 0.7508819 0.113572 0.3587851 0.1021015
1.302616 0.3639143 0.7797824 0.1874818 0.4176141 0.09140584
1.10433 0.6696094 0.8736708 0.1408995 0.3912095 0.1173339
0.8737555 1.449653 0.6105911 0.08676827 0.326515 0.08264133
0.911678 1.334163 0.6775338 0.09199522 0.3298473 0.09255321
1.012751 0.9267284 0.7988191 0.118091 0.3647455 0.108931
0.9362685 1.251807 0.6751494 0.09818787 0.336319 0.09105943
0.8231429 1.534465 0.6390877 0.08126735 0.3359414 0.09247207
0.8925697 1.476453 0.6334274 0.08945388 0.3339267 0.08916281
0.952547 1.173231 0.7669437 0.1042756 0.3556171 0.1106167
1.029324 0.6825911 0.8632517 0.1299012 0.3860336 0.1146524
0.9921865 0.9822468 0.7442816 0.1140543 0.357089 0.09911023
1.029108 0.8947678 0.7761438 0.1214817 0.3641938 0.1030583
0.8334475 1.460716 0.6887074 0.0831383 0.3384481 0.1007218
0.8680939 1.273271 0.7379312 0.09171191 0.3488533 0.107078
0.9846038 1.184225 0.737674 0.1057002 0.3458207 0.1027378
0.9943742 1.084471 0.7134429 0.1096599 0.3453739 0.09448794
0.8700093 1.224984 0.6970131 0.09097075 0.3362615 0.09432258
0.9279549 1.159151 0.7515048 0.1016189 0.3531163 0.1064122
1.196256 0.6981653 0.6918117 0.1518543 0.3701152 0.08160323
1.150943 0.6053003 0.8428405 0.146024 0.3816937 0.1060518
1.213012 0.4878658 0.8912098 0.165146 0.41066 0.1156769
0.9379431 1.38257 0.6848032 0.09532999 0.3374415 0.0972721
0.8642362 1.646743 0.5588265 0.08185412 0.320079 0.07614106
0.850656 1.727883 0.5861679 0.08038897 0.3331338 0.08616463
0.9632106 1.1106 0.7547762 0.1038613 0.3446827 0.1031195
1.207047 0.3197511 1.070788 0.1717452 0.4389195 0.146167
0.9397142 1.195078 0.705823 0.101997 0.348316 0.09784547
1.034564 0.8104573 0.8719218 0.1227318 0.3706568 0.1188058
1.149591 0.6637452 0.8498211 0.1443116 0.381196 0.1100077
1.027981 0.7915382 0.7968547 0.1247098 0.3706422 0.1039685
1.151715 0.6316846 0.7813829 0.1488962 0.3845186 0.09713857
0.9984064 0.8291838 0.8828742 0.1193109 0.3761469 0.1234373
1.091026 0.8430111 0.7362081 0.1316855 0.364759 0.0937848
1.040146 1.12154 0.6956957 0.1145951 0.3458047 0.09264334
1.020261 0.7522309 0.7976043 0.1264534 0.3764147 0.1036419
1.038858 1.084773 0.7109063 0.1148608 0.3460316 0.09419767
0.8874885 1.381156 0.639936 0.09054232 0.3327302 0.08750133
0.9804041 0.8335964 0.8164945 0.1168302 0.3681402 0.1088064
1.030646 0.948179 0.8060716 0.1190335 0.3627358 0.1106143
1.049179 0.9379023 0.749806 0.1206616 0.3551791 0.09800005
0.9167637 1.195693 0.7175196 0.09755571 0.3426051 0.09872017
1.226264 0.3102932 0.9441346 0.1785179 0.4380934 0.1216985
1.194417 0.5963545 0.8342946 0.1569339 0.3954 0.1073796
0.9621882 1.16226 0.7318532 0.1036413 0.3454242 0.1008532
1.282048 0.5955432 0.7331989 0.1692142 0.385758 0.08755614
1.069775 0.8819523 0.72672 0.1268055 0.3592484 0.09241756
1.000038 1.177071 0.6426461 0.1074617 0.3339266 0.08217602
1.086349 0.7377606 0.7979944 0.1354841 0.3782449 0.1035179
0.9656716 1.22609 0.6945138 0.1020939 0.3388422 0.09434171
0.9137267 1.164108 0.6848203 0.09782502 0.3377184 0.09029571
0.9132591 1.192338 0.7220588 0.09881328 0.3478681 0.1005955
1.455055 0.1692265 0.808056 0.2267197 0.4509686 0.09299625
0.9047205 1.271423 0.7654056 0.09511713 0.3485295 0.11213
0.9602226 0.9553039 0.79874 0.1116361 0.3650744 0.1101531
0.871116 1.47263 0.6666363 0.08581115 0.3331637 0.09551556
1.059048 0.9204994 0.6667004 0.1239061 0.349575 0.08134045
0.9648069 0.9474655 0.7489778 0.1123581 0.3602562 0.09937843
1.000727 1.126831 0.7520166 0.1108117 0.3548636 0.1057298
1.008598 0.9441351 0.7383551 0.1174354 0.357986 0.09664227
0.8042326 1.658084 0.5642442 0.07601736 0.3226462 0.0780793
0.9899879 0.8862227 0.8580213 0.1173645 0.3737234 0.1206274
1.121593 0.8103709 0.739367 0.1361756 0.3653111 0.0931437
1.058831 0.8404939 0.7519882 0.1256296 0.3604776 0.09564695
0.990616 1.223142 0.6306471 0.1061761 0.3343194 0.08139284
0.9725877 1.197279 0.703815 0.1052623 0.3463467 0.09693536
1.009791 1.057341 0.7284082 0.1136035 0.3520803 0.09778372
0.9515681 1.312389 0.6881616 0.09830026 0.3373252 0.09564361
0.8724398 1.419277 0.6813978 0.08786203 0.3367982 0.09754703
0.8419579 1.464634 0.6570781 0.08464401 0.3378422 0.09446201
0.8730584 1.395576 0.7075628 0.08847768 0.3395918 0.1025797
0.8489371 1.530425 0.5946487 0.08307036 0.3262905 0.08160472
0.8999327 1.105072 0.7567998 0.0994822 0.3526466 0.1051616
0.8465972 1.465509 0.6797084 0.08367263 0.3350321 0.09828867
1.06892 0.7973413 0.8729612 0.1314361 0.3844589 0.1221625
1.010443 0.8185229 0.8533344 0.1205765 0.3715767 0.1159083
1.227713 0.4886705 0.8175492 0.165408 0.3979193 0.0996591
1.031543 1.035519 0.713956 0.1168038 0.3501597 0.0937205
0.8523937 1.40616 0.6667018 0.08643777 0.3365476 0.09427986
0.9560868 0.8633911 0.814281 0.1117932 0.3630039 0.1085315
0.9900117 1.060196 0.8614991 0.1129985 0.3730766 0.1299066
1.058395 0.7687691 0.8539714 0.1295954 0.3782001 0.1152417
1.020787 1.14117 0.6803253 0.1110571 0.3411301 0.08947234
1.019179 0.9571802 0.7822669 0.1176763 0.3605583 0.1059264
0.8941289 1.155028 0.688463 0.09631862 0.3398175 0.09116703
0.8120149 1.740956 0.6222297 0.07577462 0.3348969 0.09412795
1.134916 0.445753 0.8740259 0.1568368 0.4132971 0.110868
0.9075928 1.477627 0.6076117 0.08886201 0.3233802 0.08209127
0.9584921 1.260224 0.6461344 0.09985962 0.3302903 0.08455609
1.103399 0.7295974 0.7433855 0.139277 0.3759431 0.09280651
0.8390883 1.549694 0.5732466 0.07956444 0.3145518 0.07569344
1.13812 0.3780089 0.9897116 0.1585669 0.4243736 0.1306317
0.9239587 1.310887 0.6659324 0.09545099 0.3343854 0.09067983
0.8828783 1.334826 0.6209437 0.09009723 0.3260898 0.08123931
0.9850406 1.083076 0.7450662 0.1086297 0.3493769 0.10137
0.9079336 1.368222 0.6844388 0.09296473 0.3384293 0.09695558
1.004174 1.009243 0.8054971 0.1130018 0.3574628 0.1118241
1.003745 0.7634306 0.8587272 0.121474 0.373772 0.1147341
0.9274973 1.536329 0.6135865 0.08983056 0.3254552 0.08508883
1.085908 0.8883575 0.7684615 0.1274817 0.3609336 0.1006154
0.9850522 0.9124606 0.801507 0.1158684 0.3667297 0.1091903
0.9367225 0.7588584 0.9099675 0.115836 0.3876475 0.1281619
0.9174115 0.9459795 0.7848695 0.1052637 0.3580266 0.1053691
0.7637107 1.978452 0.4946962 0.06727539 0.3185767 0.06962203
0.9647541 1.197624 0.717835 0.1030351 0.3444337 0.09934005
1.017823 0.9324076 0.7745094 0.1176818 0.3581462 0.1027827
0.8971026 1.523473 0.6240629 0.08865445 0.3342061 0.08895406
0.9170855 1.165107 0.7014853 0.09974363 0.3447523 0.0949224
0.9719556 1.146276 0.7253868 0.1062383 0.3481785 0.09961906
0.9093702 1.45601 0.6344789 0.08980304 0.3275651 0.08742496
0.9668147 1.012201 0.7946784 0.110713 0.3629748 0.11131
0.9222807 1.096689 0.6847323 0.1016511 0.3414937 0.08866348
1.121754 0.6152845 0.8743107 0.1463666 0.3971373 0.1160145
1.021422 0.8594949 0.7843702 0.1208084 0.363459 0.1028797
0.9994028 0.9670205 0.7100058 0.1155604 0.3532167 0.09126771
1.276793 0.3863787 0.8614549 0.1778755 0.4120521 0.1051238
1.098916 1.050242 0.6682707 0.1224079 0.3409775 0.08423281
0.9616125 1.102948 0.7790517 0.1066806 0.3565829 0.1104685
0.7723102 1.676339 0.6224475 0.07340264 0.3343059 0.09242166
1.076509 0.7244315 0.8454372 0.134676 0.3834546 0.1128391
1.101602 0.6459492 0.8245599 0.1415309 0.3872824 0.1060623
0.8271309 1.470501 0.6710322 0.08392557 0.3434419 0.09878373
0.978751 0.962074 0.76364 0.1130595 0.3596682 0.1025172
0.7555235 1.756147 0.6464302 0.07222741 0.3487427 0.1030979
1.044207 0.7765534 0.8027704 0.1295909 0.3787886 0.1062177
0.9679396 0.849611 0.7901587 0.1160134 0.3687673 0.1048244
1.080486 0.6787109 0.8192302 0.1362381 0.3810511 0.1052158
0.8503631 1.393744 0.6565516 0.08599729 0.3331538 0.09114993
1.146551 0.638165 0.7027857 0.1495569 0.3787376 0.08274761
0.89154 1.435052 0.6107401 0.08934697 0.3286833 0.0827813
1.010134 0.7426869 0.9097881 0.1252948 0.3879329 0.1273433
1.147596 0.6972131 0.8053924 0.1461527 0.3846783 0.104405
0.959253 1.297861 0.6127645 0.09914142 0.3266693 0.07891522
1.092457 0.8877154 0.7029684 0.1281309 0.3528935 0.08712609
1.074489 0.8688985 0.7178173 0.1256394 0.3522484 0.08888101
0.8396146 1.412338 0.7162518 0.08759353 0.3538651 0.1088753
0.9266292 1.167072 0.7275125 0.09910446 0.34208 0.0992721
1.154871 0.5927715 0.7839966 0.1519365 0.3896598 0.0968955
0.8813922 1.315751 0.7580863 0.0930931 0.3544866 0.1142044
0.9269125 1.490487 0.5946361 0.09063031 0.3214839 0.07951
0.9968651 0.9549351 0.7827599 0.1131787 0.3539177 0.1042178
0.9035929 1.257113 0.7331224 0.09537038 0.3458672 0.1046395
0.8699674 1.42467 0.6718747 0.08657377 0.3323552 0.09482593
1.090144 0.599931 0.9145552 0.142084 0.4000896 0.1235705
1.040678 0.6946659 0.8262328 0.1330042 0.3880613 0.1088762
0.9365079 1.067446 0.7752741 0.1043418 0.3555895 0.1081114
1.116788 0.7043301 0.8601408 0.1388094 0.3807653 0.1138152
0.8792097 1.44926 0.5984257 0.0877951 0.3254382 0.0800005
0.8638157 1.187588 0.7840477 0.09347301 0.3551602 0.1146185
1.009742 0.7349133 0.9138535 0.1263548 0.3916788 0.1288379
1.185453 0.3945602 0.9395842 0.1667406 0.4255294 0.1228793
0.9896658 1.079517 0.7322731 0.1084894 0.3455333 0.09791808
1.021767 0.9087726 0.7842326 0.1206632 0.3660301 0.1055886
0.9319864 0.9860893 0.7375361 0.1066961 0.3545325 0.09734587
1.101889 0.7009123 0.8331588 0.1383854 0.3821246 0.109049
0.9304747 1.101515 0.7242089 0.1024587 0.3472746 0.09754483
0.9936716 1.046082 0.7309358 0.1108437 0.348258 0.09691787
0.9675323 1.308022 0.6875201 0.101611 0.3429982 0.0967817
0.9291581 1.412854 0.679195 0.09241548 0.3322488 0.09589117
0.960351 1.157107 0.7390523 0.1050404 0.3512935 0.1034794
0.9866314 0.8771913 0.7427216 0.1164325 0.3588353 0.0949619
1.002612 0.8187808 0.8456385 0.1211328 0.3758838 0.1156432
0.8829622 1.425951 0.6764124 0.0899302 0.3402786 0.0975568
0.9765673 1.104404 0.7563033 0.1078616 0.3521166 0.1048923
0.9248524 1.150145 0.8036317 0.1012209 0.3586188 0.1180108
0.8216804 1.573147 0.6177948 0.07898823 0.3280506 0.08755178
1.030844 0.9880556 0.7123661 0.1188773 0.3552663 0.093091
0.9870675 1.228344 0.6381332 0.1035303 0.330298 0.08231575
0.949873 1.128206 0.6713369 0.1036611 0.3398988 0.08711186
1.074747 0.7422316 0.8705302 0.1332713 0.3829374 0.1181846
0.8442685 1.659009 0.6501887 0.07948962 0.3312983 0.09656862
1.15048 0.586231 0.8572876 0.1498404 0.3934503 0.1105773
0.7571125 1.803148 0.6374593 0.07172756 0.3480946 0.1019692
0.9751306 1.134668 0.7327269 0.1071026 0.3498372 0.1009895
0.9398594 1.272535 0.7040315 0.09829241 0.3396771 0.09785459
0.8856204 1.23065 0.6950783 0.09233533 0.3355088 0.09397713
0.9113866 1.167421 0.6873286 0.09868092 0.3413803 0.0915642
1.19133 0.4310001 0.9018667 0.1636607 0.4123633 0.1147664
0.9894196 0.9300543 0.7900679 0.1142701 0.3598138 0.1060743
0.9686019 1.059211 0.7813081 0.1084127 0.3571227 0.1093049
1.184173 0.5130085 0.8831319 0.1589492 0.4045026 0.1139733
1.01844 1.038386 0.7330149 0.1137833 0.3496099 0.09749303
0.9046407 1.202578 0.698841 0.09659275 0.3416429 0.09512062
0.8750229 1.455651 0.633238 0.08885883 0.3375554 0.08949418
0.9172678 1.029343 0.7893616 0.1023701 0.3541058 0.1087012
0.9058835 1.351848 0.7576877 0.09245327 0.3446513 0.112591
0.8043008 1.819445 0.4996422 0.07224345 0.3103164 0.0666285
1.027768 0.9852282 0.7675161 0.1182487 0.3594643 0.1040214
1.15968 0.6302369 0.9202712 0.1496424 0.3979096 0.1257008
0.7800407 1.550577 0.6755729 0.07675948 0.3412115 0.1015823
1.036255 0.9953711 0.7794228 0.1193959 0.3633557 0.1079094
0.8564867 1.333727 0.7574214 0.08919442 0.3504045 0.1135187
0.9359798 1.226692 0.7222326 0.09952356 0.3447076 0.1011255
0.853356 1.28411 0.7430202 0.08766625 0.3407745 0.1064052
0.8866746 1.068365 0.7825289 0.09867065 0.3547112 0.1090916
1.037845 0.8421862 0.8258617 0.1249064 0.3735553 0.1123429
1.060378 0.6570555 0.9135317 0.1360682 0.3966898 0.1256468
1.103804 0.6946402 0.7743172 0.1400444 0.3797721 0.09765124
1.283309 0.1601429 0.8676778 0.1996785 0.456637 0.1035807
1.010524 1.044799 0.6873329 0.1122823 0.3421574 0.0876746
0.8597842 1.422978 0.7492596 0.08810156 0.3512947 0.1152283
1.164333 0.6940936 0.7866842 0.1468719 0.3785149 0.09950103
0.8878136 1.485138 0.6315573 0.08930224 0.3370204 0.08991745
0.9409968 0.8986726 0.8525553 0.1114739 0.3745407 0.1206058
1.016455 1.08264 0.6751169 0.1132312 0.3443107 0.08722273
1.093866 0.8910808 0.7032847 0.1296948 0.356678 0.08800739
1.271268 -0.02162736 1.006402 0.2095437 0.4950816 0.1247184
1.092653 0.626721 0.8633906 0.1418581 0.3946872 0.1139983
0.9940221 1.04157 0.726884 0.1091651 0.3419877 0.09457526
1.136933 0.5654327 0.849499 0.1480852 0.3914328 0.1076164
0.8787423 1.429134 0.6326477 0.08871438 0.332449 0.08742145
0.8664686 1.37391 0.6840913 0.08810054 0.3373803 0.09693045
0.8156222 1.97875 0.5264907 0.07116196 0.3204281 0.07611278
0.8942646 1.336495 0.6985507 0.09220452 0.3407618 0.09939001
1.040925 1.033602 0.7680803 0.1156166 0.3512312 0.1042717
1.07774 0.735757 0.848173 0.1344052 0.3824996 0.1135458
0.8390052 1.546496 0.6316084 0.08178838 0.3316243 0.09029829
1.089154 0.9182263 0.6894196 0.1286681 0.3549535 0.08614287
1.025216 0.9424902 0.66563 0.1177126 0.3444431 0.0809618
0.9214279 1.482337 0.6265781 0.08913721 0.3216173 0.0852714
0.9768014 1.071809 0.6592943 0.1084393 0.3404705 0.08327373
1.023988 0.8453778 0.8426612 0.1223577 0.3726716 0.1154535
1.060263 0.868612 0.7941209 0.1257574 0.366476 0.1058498
1.088705 0.6861923 0.8442493 0.1367892 0.3827256 0.1105455
0.9426187 1.038046 0.7472562 0.1061984 0.3540326 0.1011551
0.9309827 1.228465 0.7030481 0.09948002 0.343915 0.09724104
1.077287 0.9405549 0.7706934 0.1246572 0.3592135 0.1027829
0.9940896 1.04163 0.7182114 0.1103246 0.3452684 0.09383231
0.9440188 1.347517 0.6785889 0.09670213 0.3366605 0.09483184
1.042036 0.892275 0.8932896 0.1214083 0.3717762 0.1275251
1.01451 1.052533 0.7667014 0.1131707 0.3532972 0.1051539
0.9289683 1.234273 0.7383755 0.09797988 0.3453715 0.1048958
1.052147 0.8831963 0.7741675 0.1249714 0.3658918 0.1026571
1.130408 0.6528046 0.9113234 0.1451936 0.396607 0.1249578
0.9935883 1.214002 0.6913728 0.1041158 0.3348734 0.09250539
1.109838 0.5956542 0.9856336 0.1428396 0.4010641 0.1371949
1.129096 0.7906531 0.782582 0.1377916 0.3712363 0.1014526
1.039725 0.9036127 0.8473434 0.1225202 0.3717193 0.1189071
0.8878489 1.190131 0.7628615 0.09517751 0.3504302 0.1093774
1.040896 0.7840787 0.8474005 0.1262159 0.3743933 0.1137191
1.069608 0.8428308 0.771634 0.1286774 0.36743 0.1007604
1.336249 0.0737236 0.9989343 0.2142418 0.4821824 0.12679
1.032101 0.7952762 0.8414192 0.1267068 0.3799124 0.1146668
0.8944024 1.283965 0.7739792 0.09385994 0.3510626 0.1152731
0.9746752 0.9319451 0.6778605 0.1122777 0.346295 0.08304475
0.9927003 1.063636 0.7072834 0.1117321 0.3494395 0.09338974
1.026666 0.9464478 0.6455921 0.1190393 0.3448351 0.07765777
0.9641193 1.175 0.691852 0.1033711 0.3394907 0.09229238
0.9686064 1.266327 0.6531654 0.09995078 0.3284793 0.08562514
1.140594 0.6196841 0.7890841 0.1493311 0.3895559 0.09896463
1.113033 0.5636183 0.8597832 0.1478718 0.4005273 0.1114795
1.021169 0.9651666 0.7287811 0.116593 0.3502821 0.09387437
0.863992 1.292121 0.6721828 0.09008981 0.3369773 0.09188322
1.002601 1.085624 0.7212748 0.1117502 0.3497554 0.09694085
0.9267162 1.168496 0.7098953 0.099472 0.3418776 0.09603046
1.170481 0.7019591 0.7435686 0.1464547 0.3709855 0.09071879
1.01335 1.206742 0.6785078 0.1086847 0.3414337 0.09143667
1.067349 0.683198 0.8266624 0.1357965 0.3854296 0.1077689
1.215405 0.3784308 0.8576084 0.1718242 0.418477 0.1055483
1.059892 0.8354887 0.7838504 0.1240367 0.3575137 0.1003056
1.171241 0.5423314 0.8637549 0.155141 0.3984112 0.1105676
0.991135 1.015259 0.6998019 0.1110824 0.3445288 0.08937833
1.096647 0.7992292 0.7522409 0.1323582 0.3636622 0.09461653
0.9241602 1.153088 0.7515414 0.1009322 0.3517051 0.1058283
0.8498754 1.547304 0.5967057 0.08302677 0.3268103 0.08241589
1.18545 0.6887827 0.7821535 0.1522164 0.3841591 0.0995967
0.9247756 1.315835 0.6445324 0.09544805 0.3309903 0.08598737
0.9993382 1.096156 0.6799746 0.1109689 0.3440273 0.08840437
1.23242 0.5503262 0.8081318 0.1635847 0.3941816 0.1001889
0.9976182 1.22862 0.6415846 0.1050023 0.3303859 0.08277473
1.167849 0.5750189 0.9701857 0.1515727 0.4017686 0.1330585
0.9919703 1.134137 0.6588033 0.1074321 0.33539 0.08401499
1.066057 0.8094976 0.7335485 0.1300644 0.3665433 0.09236264
1.044077 0.7064829 0.8475481 0.1301553 0.3810544 0.1117214
1.27305 0.3984891 0.8618017 0.1776548 0.4138701 0.1062952
1.027128 1.008338 0.6579686 0.1175269 0.3460548 0.08201982
1.000641 1.191484 0.6507321 0.1081662 0.3373953 0.08469312
1.131303 0.8239048 0.7676748 0.1366943 0.3669323 0.09904618
1.002063 1.053162 0.750607 0.1119512 0.3524583 0.1019939
0.8837801 1.386312 0.6595644 0.08893334 0.3297966 0.09051846
1.026378 1.18774 0.6554872 0.1109582 0.3387734 0.08585764
1.130229 0.74699 0.7765579 0.1392393 0.3713001 0.09842954
1.024725 0.7605119 0.901864 0.1272537 0.3882862 0.1267376
1.062573 0.713315 0.8270747 0.1335784 0.3824032 0.1085549
1.024325 0.7896902 0.8987259 0.1257138 0.3852264 0.1268914
0.8711784 1.646433 0.6039928 0.08328484 0.3304206 0.0870763
1.048338 0.9174418 0.8004134 0.1221268 0.3633797 0.1083759
1.016793 1.071422 0.7274604 0.1141532 0.3527932 0.0983881
1.05198 0.7723527 0.8803126 0.1280712 0.3791658 0.1207542
1.00811 0.8323902 0.8166473 0.1209999 0.3706065 0.1093503
1.146955 0.6526229 0.8193017 0.1469379 0.3856696 0.105008
1.060876 0.8510071 0.7454602 0.1275399 0.365359 0.09596256
1.261841 0.3375792 0.8504668 0.1825427 0.4264624 0.103891
1.000526 0.9368904 0.7931816 0.1148886 0.3588726 0.1067825
0.8728608 1.144187 0.7949211 0.09607353 0.3584823 0.1158068
0.9908972 0.9464891 0.8199682 0.1150471 0.3669266 0.1144796
0.9573188 1.094203 0.6780411 0.1065445 0.3447132 0.08816264
1.346464 -0.3393302 1.101169 0.2537117 0.5772335 0.1363863
0.9429473 1.321148 0.6750375 0.09529052 0.3287757 0.0913892
1.225945 0.7332559 0.7081353 0.1535332 0.3687122 0.08538975
1.292912 0.1550824 0.9542119 0.1995781 0.4613002 0.1193267
1.082456 0.8051358 0.7969015 0.130607 0.3687278 0.1040011
1.017637 0.8281818 0.8055496 0.123976 0.3750631 0.1082008
1.065147 0.8042558 0.7863953 0.1309132 0.3750618 0.1035715
0.9621859 1.147292 0.6568656 0.104034 0.3369213 0.08457135
0.887299 1.3705 0.698097 0.0913032 0.3420172 0.1005812
1.023482 1.015479 0.7204646 0.1156205 0.3501724 0.0943914
1.040372 0.918018 0.7859749 0.1217397 0.3634648 0.1056905
1.121498 0.8046493 0.8269739 0.1367514 0.376121 0.1113806
1.119119 0.5413925 0.8873107 0.1503066 0.4071728 0.1170436
0.8492399 1.331039 0.6981245 0.08807003 0.3422958 0.09951845
1.442929 -0.2454847 1.027935 0.2663206 0.55823 0.1263454
0.9504325 1.344472 0.5780634 0.09816123 0.3240649 0.07330607
0.7771108 1.620776 0.6722662 0.07631539 0.3487708 0.1051559
1.058464 0.820667 0.8366386 0.129526 0.3804062 0.1152441
1.031501 1.05943 0.6855089 0.1134018 0.3398483 0.087482
0.9602456 1.192676 0.6585329 0.1018161 0.333345 0.08549255
1.042272 0.9171115 0.7705731 0.1199606 0.3553578 0.1008156
0.9037896 1.309632 0.6410229 0.09318348 0.3313754 0.08546396
1.02307 0.7000784 0.8777378 0.1280148 0.3855505 0.1182472
1.054076 0.7922583 0.8113752 0.1295287 0.3764637 0.1079299
0.931226 1.244805 0.6785696 0.09972075 0.3429728 0.09290891
0.8552418 1.385668 0.6827502 0.08752041 0.339522 0.09742306
0.9438384 1.084729 0.7545631 0.1049341 0.3517893 0.1035286
1.032286 1.055249 0.7005309 0.1160138 0.3488248 0.09189149
0.8095242 1.345163 0.7337905 0.08295827 0.3427861 0.107048
1.041268 0.9883375 0.7699379 0.1189632 0.3576406 0.1042122
1.062456 0.8547489 0.7559499 0.1275986 0.3658018 0.09803181
