2.235051 3.790679 0.923671 0.7181202 2.161096 0.9634515
2.495279 2.906745 1.581083 0.4245936 1.02018 0.9273376
2.088414 3.942393 0.9079234 0.5687384 1.870815 0.8021175
2.989298 1.792922 3.664372 0.4488213 0.7853688 1.949737
3.772802 0.9333538 4.877983 0.5821328 0.7070519 2.154162
3.299548 1.54737 3.534692 0.5041479 0.7563941 1.762608
3.032418 1.78032 2.935036 0.4636515 0.7764048 1.48587
3.159282 1.906775 2.7072 0.4900082 0.8023892 1.408347
1.774398 5.378099 0.5197567 0.4834909 2.197028 0.4209625
3.286299 1.46721 3.893808 0.504915 0.7571233 1.955416
3.298201 1.367814 3.885448 0.5725404 0.8443178 2.149045
4.169617 0.4670457 6.962479 0.7021241 0.7551702 3.072875
2.698566 2.632925 1.66849 0.5107867 1.083449 1.070629
2.962726 2.181891 2.045963 0.4525107 0.8111577 1.034784
2.870612 2.175851 2.279888 0.4595477 0.8623129 1.247963
3.107045 1.649941 3.514143 0.4903512 0.7996825 1.872713
1.529505 6.698869 0.3158839 0.3340144 2.002215 0.191299
3.846301 0.8693597 5.09096 0.6536706 0.7792004 2.458465
2.679458 2.536133 1.982191 0.5085654 1.087694 1.32025
2.821101 2.30356 1.956683 0.4041624 0.7749297 0.9373644
3.126736 1.619846 3.385309 0.4453979 0.708325 1.57856
3.359745 1.555295 3.34812 0.6393176 0.9456131 2.070198
3.104501 1.717713 3.174404 0.5622156 0.9238412 1.931994
2.97505 2.21653 1.948669 0.4566129 0.8154448 0.9816702
3.020187 1.976767 2.652475 0.4355045 0.7523119 1.291632
2.492103 3.005451 1.349501 0.5604667 1.361176 1.023237
2.294463 3.434067 1.183466 0.5977014 1.68387 1.038173
2.568865 2.950276 1.299768 0.5858411 1.360692 0.9853065
3.121507 1.666426 3.261356 0.4763765 0.766264 1.643663
3.256184 1.522827 3.442012 0.4916412 0.7402185 1.665661
1.866543 4.983027 0.5862929 0.5207767 2.154397 0.4953639
4.025344 0.583263 6.052732 0.7124093 0.7960087 2.847963
2.959971 2.074655 2.142591 0.4858077 0.8557574 1.147447
3.60195 0.8732166 5.868991 0.5717672 0.7392605 2.768256
3.465369 1.300688 4.064785 0.5284633 0.730715 1.93739
2.453085 3.252744 1.161915 0.5461379 1.388273 0.8564369
4.200264 0.4463866 5.857477 0.6446869 0.6643734 2.167366
3.553906 1.344955 3.600625 0.5521287 0.7384009 1.704243
2.581726 2.796561 1.507638 0.4880137 1.104579 0.9588019
3.192144 1.832947 2.688079 0.500811 0.7978464 1.382483
2.460906 2.913321 1.712023 0.434343 1.069674 1.064408
1.83219 5.161417 0.5383964 0.40516 1.731401 0.3537452
2.741374 2.653547 1.520538 0.4584166 0.95004 0.8441127
2.895668 2.132315 2.441574 0.4321149 0.8000835 1.253013
3.281244 1.540741 3.511564 0.5040638 0.7592067 1.754591
3.203841 1.648612 3.077188 0.5500989 0.8568884 1.714316
2.445726 3.133392 1.255343 0.4759267 1.19219 0.8132512
2.891237 2.288418 1.969141 0.5172764 0.9699935 1.178892
3.396914 1.580873 2.847888 0.5188022 0.7386914 1.336744
2.515226 2.989565 1.665856 0.44584 1.082938 1.033055
3.969376 0.7946607 4.706765 0.6414223 0.7201966 2.019203
2.463124 3.141419 1.404107 0.4115783 1.034034 0.8014462
2.560195 2.884446 1.546807 0.6388478 1.497674 1.330159
3.270707 1.668973 2.917268 0.486385 0.7348469 1.382004
3.488449 1.210481 4.595089 0.5953441 0.8221005 2.483631
2.409216 3.273519 1.15308 0.4657768 1.207315 0.7373113
3.866094 0.6934854 5.336617 0.6151833 0.7083413 2.240196
3.281662 1.411001 4.300631 0.5256036 0.7935486 2.292107
2.408657 3.270913 1.115606 0.4550778 1.171928 0.68817
2.865329 2.228923 2.295349 0.4458851 0.845056 1.228771
2.793579 2.38482 1.906061 0.5507231 1.089577 1.271906
3.584526 1.246573 3.630378 0.5952145 0.7777105 1.782322
3.539467 1.099312 4.678981 0.6007502 0.80237 2.421845
2.94879 2.026411 2.45497 0.5250262 0.9380222 1.474095
3.890049 0.7933198 5.622507 0.6441158 0.7583032 2.63929
3.875651 0.6527187 6.471923 0.7360564 0.8756929 3.482284
2.399415 3.223092 1.246854 0.3303379 0.8494186 0.570307
2.865278 2.357559 1.832915 0.4855264 0.9239253 1.032619
4.023962 0.5558761 5.548392 0.7183432 0.7893973 2.512896
3.448264 1.284208 4.318061 0.5485539 0.7679696 2.182421
3.862956 0.8209998 5.837983 0.6799664 0.8185473 3.013905
2.707072 2.713225 1.381901 0.4898201 1.030603 0.8161576
3.26432 1.709584 3.100599 0.5699499 0.8841989 1.794887
3.382222 1.717617 2.278983 0.5127285 0.7309186 1.028903
2.006072 4.301378 0.7730613 0.5141317 1.832728 0.6257027
3.342887 1.110557 5.351819 0.5999813 0.8684218 3.087203
2.463253 3.086212 1.217954 0.4636645 1.140391 0.7562818
3.156135 1.808499 2.682503 0.5160112 0.8275468 1.427064
3.677615 1.077449 3.880015 0.5680983 0.7031475 1.681614
3.121709 1.673794 3.481021 0.5255276 0.8577174 1.988601
2.82822 2.324103 1.868732 0.3821065 0.7251374 0.8285847
2.264479 3.277953 1.216624 0.5036436 1.397764 0.9049985
2.283431 3.693386 0.964479 0.5450354 1.577451 0.7460123
2.777172 2.470296 1.975535 0.5044972 1.024893 1.242977
2.40416 3.146329 1.394117 0.5243876 1.35656 1.041048
2.299831 3.585073 1.007848 0.4206037 1.189169 0.6004802
4.586846 0.04713958 7.984752 0.9247097 0.8883519 3.672972
3.530711 1.222992 4.046587 0.6272657 0.8447799 2.198962
2.401127 3.314064 1.215173 0.5472264 1.442991 0.9296831
2.873458 2.05631 2.847496 0.4517169 0.8463327 1.583669
2.176616 4.107365 0.738459 0.3781195 1.1948 0.3974401
3.37996 1.429255 3.477771 0.5343138 0.7628941 1.715864
3.906502 0.5674759 5.958977 0.6992833 0.8016528 2.798489
3.321641 1.679392 2.72908 0.5476166 0.8134492 1.416094
3.582783 1.043384 4.717751 0.5662517 0.7362329 2.211904
3.43158 1.336374 3.655485 0.6405627 0.8966369 2.109911
2.706348 2.705208 1.58093 0.4645294 0.9909064 0.9175944
3.727938 0.8837296 5.083599 0.6635199 0.8207557 2.599065
2.869176 2.268574 2.092883 0.4509759 0.8523765 1.113604
3.712624 0.837015 5.765266 0.6149772 0.7670496 2.78649
2.724212 2.504821 1.838024 0.5525813 1.146292 1.276978
3.624039 1.040045 4.528949 0.5826857 0.7450187 2.129466
3.332812 1.605804 2.82157 0.5312164 0.7773433 1.398224
3.184285 1.593555 3.682692 0.4921377 0.7772285 1.910629
3.046948 2.070929 2.315679 0.4741901 0.8161936 1.197014
2.772572 2.304806 1.868845 0.5656286 1.106611 1.265255
2.299374 3.505555 1.101968 0.4046022 1.138664 0.6431926
3.140807 1.762866 3.260626 0.5784259 0.9522463 2.061849
2.587871 2.737443 1.668573 0.3953684 0.890187 0.8752748
3.158102 1.775115 2.853873 0.4731535 0.7565514 1.400676
2.728351 2.422183 2.115424 0.38876 0.7958882 1.047558
3.362122 1.358991 3.967812 0.6147136 0.8921265 2.324948
3.009516 1.994173 2.553976 0.4718293 0.8204773 1.34905
2.880077 2.239085 2.138524 0.4337071 0.8126961 1.089863
2.884123 2.259519 2.141831 0.5759848 1.090988 1.463443
3.217788 1.573146 3.241358 0.486964 0.7458307 1.576473
3.326892 1.235979 5.00936 0.5913731 0.8728388 2.939066
3.076802 1.99671 2.386305 0.4816117 0.8131513 1.235909
2.501077 3.086631 1.223755 0.627115 1.529139 1.020236
2.849623 2.263681 2.294976 0.4854333 0.9341736 1.356263
3.76246 0.9873145 4.465867 0.6357246 0.7765361 2.156852
4.138246 0.485362 5.896786 0.7100833 0.7558085 2.531226
2.765035 2.428773 1.990753 0.5372676 1.089477 1.335458
3.416132 1.426727 3.500863 0.5894182 0.8368499 1.898088
2.89972 2.017888 2.718399 0.4677202 0.8573886 1.519212
2.679885 2.576973 1.896104 0.4127349 0.8797921 1.012044
3.447319 1.239443 4.163756 0.5506766 0.7604665 2.050897
2.787711 2.250317 2.357524 0.4431535 0.8709577 1.306202
1.627929 6.029722 0.422767 0.4491944 2.381528 0.3364771
2.625549 2.84728 1.506392 0.4881964 1.101045 0.9536048
2.869948 2.179242 2.514238 0.5219523 0.9942041 1.609216
3.513327 1.431215 3.167805 0.5309196 0.7179987 1.444381
3.313227 1.406109 4.094899 0.5346619 0.793522 2.16013
3.355637 1.305336 4.254995 0.522209 0.7524984 2.110197
2.856621 2.364192 2.051385 0.4680791 0.904464 1.149971
3.312016 1.627587 2.930396 0.5681886 0.8458224 1.591944
3.697815 1.026675 4.672546 0.5459949 0.6820652 2.017986
1.781002 5.229713 0.5088161 0.4986179 2.213377 0.4219234
3.128999 1.908336 2.384058 0.4624083 0.748932 1.130261
3.036843 1.947022 2.617495 0.4525725 0.7729065 1.30615
3.057786 1.858642 3.060473 0.5468749 0.934232 1.887002
2.565481 2.844719 1.551731 0.5288986 1.22468 1.095957
3.157811 1.755206 3.04177 0.5270235 0.84986 1.692841
3.561413 1.158217 4.528836 0.5865804 0.7829214 2.302028
2.549874 2.826493 1.542827 0.4556718 1.055741 0.9416247
3.158204 1.774519 2.699481 0.5422949 0.8664157 1.503781
3.901624 0.7610228 5.10049 0.6607156 0.7616742 2.333988
2.555545 2.749952 1.726026 0.4822951 1.112286 1.134713
3.075012 1.963278 2.496192 0.3997375 0.668924 1.071881
2.654735 2.882021 1.40727 0.4116926 0.913062 0.7293806
3.019897 1.820278 2.947282 0.4915302 0.8354766 1.609274
1.262388 8.332048 0.2197664 0.01327079 0.01726298 0.01432729
3.035394 1.939447 2.708636 0.4894482 0.8414165 1.479736
2.857512 2.156559 2.409295 0.5450095 1.032454 1.588844
3.127276 1.549028 3.514531 0.4995471 0.7914768 1.830509
2.803888 2.31656 2.247689 0.4903832 0.9697584 1.374613
3.14149 1.64616 2.93518 0.4939564 0.7754666 1.464782
2.987787 2.098979 2.625961 0.5767773 1.044638 1.778526
3.27868 1.463864 3.512001 0.498842 0.738773 1.688677
4.443682 0.4346864 5.191091 0.7922618 0.7673707 2.155871
2.741142 2.47138 1.728097 0.3565331 0.7134781 0.7417507
3.286791 1.584 3.326839 0.4893292 0.7349802 1.599071
3.137246 1.771381 3.180163 0.5017909 0.8208019 1.725001
3.066215 1.820666 3.270513 0.6142247 1.051909 2.295443
3.094244 1.727908 3.0881 0.4787235 0.7826607 1.584398
2.787784 2.25896 2.250076 0.5142598 1.011573 1.436883
2.256919 3.647522 1.004385 0.4803787 1.399244 0.6969966
3.214026 1.715047 3.129891 0.5143953 0.8101828 1.664663
3.043468 1.885388 2.627615 0.5130307 0.8666068 1.465861
5.076104 -0.5986483 12.18881 1.173724 1.036616 5.478143
2.42321 3.345297 1.150958 0.4006674 1.037032 0.6244752
3.13289 1.660102 3.039091 0.5491431 0.8760129 1.728705
3.496964 1.126383 4.376072 0.5129518 0.6832101 1.90807
2.680612 2.580732 1.766631 0.5943366 1.269504 1.345593
1.893627 4.999496 0.513562 0.4453083 1.799869 0.3564093
2.499341 2.939249 1.543273 0.4160903 1.001221 0.8825168
2.826677 2.301279 2.101184 0.5107622 0.9904069 1.297435
3.272985 1.444286 3.992829 0.541608 0.817641 2.170317
4.19905 0.2241345 9.049777 0.7886789 0.8540129 4.412942
3.946565 0.6035409 5.876834 0.7122426 0.8123245 2.825611
2.994999 1.797926 3.400074 0.5402119 0.9433734 2.149193
3.261003 1.405877 4.176557 0.5325588 0.805859 2.246463
2.328427 3.351587 1.185256 0.4388043 1.19339 0.743789
3.208201 1.784395 2.583528 0.4730365 0.7348785 1.209668
3.519638 1.072285 4.748255 0.6136848 0.8225973 2.511463
2.514839 2.982313 1.31727 0.5607139 1.337569 0.9790467
2.795523 2.56341 1.67387 0.3712059 0.741306 0.7397996
3.784453 1.042304 3.763117 0.576397 0.68455 1.563302
2.716674 2.28536 2.318451 0.5075663 1.033016 1.516344
3.382768 1.59324 3.022078 0.4883338 0.7040864 1.369511
3.7144 0.8836396 5.945466 0.6587693 0.835281 3.192746
2.712685 2.662569 1.570962 0.4428254 0.9315914 0.858637
4.294058 0.1644868 7.952447 0.8120857 0.8396947 3.617554
3.701007 1.084214 3.926672 0.6485642 0.8066805 1.963983
4.150068 0.3491963 8.340844 0.8089199 0.8929248 4.377424
2.857003 2.365882 1.9444 0.4363655 0.8382895 1.004231
2.452367 3.251254 1.062486 0.4519934 1.13574 0.6336281
3.248747 1.468581 3.405699 0.5880666 0.8837247 1.951189
2.815111 2.222237 2.565206 0.5444679 1.07005 1.769864
3.248717 1.667556 2.714807 0.4450712 0.6672804 1.152555
3.425205 1.226874 4.216374 0.5708376 0.7956056 2.177492
3.824962 0.7432104 5.727412 0.6444031 0.7686794 2.7008
3.072084 2.063878 2.383542 0.4869469 0.8360411 1.271189
2.980797 2.065573 2.335284 0.5287836 0.9360043 1.387889
3.381112 1.488924 3.580565 0.5505178 0.7995127 1.876653
3.611133 0.9942146 5.331256 0.6432461 0.843672 2.911925
2.243434 3.647622 1.005422 0.4644124 1.362113 0.6800224
3.355656 1.460955 3.812179 0.5981618 0.8829246 2.22942
3.508774 1.077787 5.419213 0.5719497 0.780864 2.793958
2.22941 3.798414 0.9349283 0.5845672 1.763233 0.7955968
3.832306 0.811153 5.390417 0.598846 0.7104528 2.36011
3.453343 1.464541 3.398123 0.5473328 0.7676641 1.687191
2.290555 3.724439 0.8615838 0.5708411 1.644023 0.6833399
2.647954 2.684837 1.757131 0.4295881 0.9415961 0.9855583
3.228982 1.4874 3.746643 0.4909355 0.748693 1.854142
6.34908 -1.330219 11.26776 1.717213 1.199668 3.956556
2.960914 2.000661 2.333058 0.4294824 0.7472119 1.103289
3.383128 1.575968 2.794868 0.5165126 0.7357501 1.301207
1.591022 5.884256 0.4368596 0.3839321 2.046444 0.3046871
4.118822 0.5519906 5.212232 0.668533 0.7049207 2.068017
2.797088 2.307449 2.077844 0.4293711 0.8376834 1.084276
3.222204 1.50803 3.172503 0.5067198 0.7615525 1.552766
2.487114 2.991607 1.353975 0.4842588 1.17076 0.8836174
3.22246 1.58375 2.949583 0.5041957 0.7620619 1.43851
2.912561 2.185162 2.25846 0.402525 0.7400202 1.058962
2.722202 2.620886 1.611668 0.4295565 0.8923415 0.8479433
3.720025 0.8917359 5.225546 0.6018027 0.74497 2.439057
3.584509 0.94756 5.302828 0.5884195 0.7660412 2.591544
3.849841 0.8304882 5.118158 0.668116 0.7921734 2.489946
3.011534 1.950473 2.651619 0.5161507 0.8958608 1.536911
3.91789 0.6928861 5.849844 0.6418997 0.741296 2.628043
2.661423 2.642494 1.641127 0.4645969 1.001726 0.974259
2.44394 3.411499 0.9389404 0.6006661 1.547924 0.7365785
2.395699 3.260435 1.232075 0.4478912 1.168689 0.7691759
2.700371 2.64475 1.625566 0.4744384 1.005839 0.965944
2.8414 2.305335 1.890659 0.4921902 0.9363024 1.084475
2.507533 2.978779 1.332328 0.3854465 0.9161583 0.6809652
3.022018 1.945368 2.610556 0.4290299 0.7336702 1.235277
2.504193 3.114733 1.308566 0.4740884 1.161138 0.8327269
2.838373 2.078068 2.746181 0.4946109 0.9407982 1.686529
3.225583 1.727351 2.493723 0.4931015 0.7485396 1.173792
2.461082 3.346106 0.981856 0.4014919 1.015095 0.5135989
2.432093 3.133325 1.373576 0.5626575 1.435389 1.085118
4.424979 0.2376433 7.568995 0.839284 0.844054 3.521288
3.801369 0.9626421 4.866501 0.5968743 0.7231735 2.21071
2.33933 3.378513 1.250062 0.495419 1.357976 0.8964449
3.647754 0.8180723 6.520874 0.6322257 0.8166479 3.429727
1.664564 5.924512 0.3826383 0.5010041 2.554051 0.3273459
1.898153 4.866653 0.5636801 0.550042 2.197763 0.4908899
3.436465 1.22659 3.879805 0.5905384 0.8110797 2.006961
2.86286 2.06122 2.803798 0.4163955 0.7817412 1.439786
2.754435 2.296427 1.973178 0.3832281 0.7495575 0.9140904
3.152901 1.901731 2.406734 0.5108271 0.8255777 1.261268
3.328922 1.525259 3.324579 0.4806634 0.7032617 1.519296
2.57648 2.8239 1.524674 0.4406189 1.00462 0.8822293
3.876682 0.8935585 5.007886 0.6000207 0.7056672 2.190367
3.334279 1.679571 2.549493 0.4585112 0.6660204 1.069409
3.027161 2.092072 2.327997 0.4975608 0.869048 1.2837
2.731621 2.44937 1.97299 0.4577862 0.9391572 1.138662
3.406187 1.313121 4.223088 0.5751314 0.8198352 2.28094
2.963909 2.182362 1.982444 0.4478609 0.7960641 0.9757742
4.01961 0.6944059 5.581691 0.6963475 0.7818704 2.6208
2.789252 2.340592 1.792099 0.4676462 0.908616 0.9903163
3.104552 1.902626 2.517246 0.5047618 0.8325221 1.339209
3.065693 2.027279 2.16179 0.5341021 0.9013242 1.219211
3.220799 1.541259 3.844105 0.5381614 0.8385549 2.155625
2.504191 2.954694 1.41707 0.5560761 1.337535 1.068535
3.08649 1.797276 2.994881 0.4966777 0.8243078 1.61761
2.955847 2.04814 2.541234 0.5401184 0.9716355 1.589626
2.381958 3.280156 1.227291 0.532086 1.408262 0.9220592
2.99169 1.949571 2.865198 0.5694645 1.006457 1.888132
2.714398 2.392324 2.126226 0.5282896 1.090145 1.442569
2.957848 2.049446 2.574863 0.4789981 0.8589529 1.426486
2.626873 2.723206 1.745582 0.4683201 1.04282 1.078115
3.057773 1.967781 2.510563 0.4293569 0.7250655 1.16721
3.671643 1.067507 4.403946 0.6341393 0.805591 2.245679
2.627786 2.690135 1.775493 0.5674903 1.262721 1.334631
2.863485 2.242412 2.297609 0.3827655 0.7230154 1.052332
3.011321 1.744967 3.733122 0.4788967 0.8284259 2.097853
3.268685 1.7038 2.6564 0.4657353 0.7003356 1.185252
3.349154 1.582107 2.853965 0.5462679 0.7917511 1.436557
2.475252 3.001327 1.541296 0.6192178 1.533486 1.340104
3.101614 1.750992 2.955758 0.494465 0.8069584 1.554317
3.292421 1.614323 2.677906 0.4531063 0.6624338 1.121005
3.841795 0.84088 5.81023 0.7144704 0.8697351 3.202684
2.792236 2.194392 2.562923 0.4989835 0.98008 1.619148
2.54814 2.932038 1.411386 0.4189969 0.9801739 0.782112
3.382651 1.458973 3.261981 0.5808028 0.8295898 1.737024
3.492959 1.324511 4.125493 0.6170613 0.859011 2.329885
2.301992 3.310009 1.205606 0.5536296 1.52094 0.9712001
2.327942 3.156069 1.342779 0.4676645 1.245157 0.9147144
3.027507 2.016059 2.28161 0.5801586 0.9989507 1.439234
3.467323 1.327072 3.927419 0.531915 0.735233 1.877788
3.231044 1.580452 3.393363 0.506994 0.7806953 1.744091
3.338464 1.556319 3.201483 0.5528105 0.8126744 1.68458
3.838714 0.6450298 6.208096 0.7203548 0.858909 3.239806
2.68135 2.391662 2.110796 0.4735036 0.9871716 1.297157
2.365215 3.469517 1.038367 0.4381864 1.183498 0.626536
3.293301 1.280006 4.565168 0.5564608 0.8243276 2.503943
3.064284 2.048259 2.502781 0.4281995 0.7341248 1.180287
2.733617 2.652148 1.442563 0.5480865 1.13721 0.9508412
3.619898 1.158047 3.926933 0.5906884 0.7591669 1.878699
2.370678 3.587224 0.9104203 0.5095704 1.393869 0.6287541
3.222122 1.48216 3.786951 0.5721782 0.8813039 2.210958
3.525595 1.173709 4.353102 0.592373 0.7967175 2.238359
3.143231 1.824356 2.734935 0.4492638 0.7237591 1.278716
2.790097 2.285487 2.315912 0.5226694 1.037739 1.524166
3.274401 1.534631 3.787164 0.5851765 0.8977698 2.270029
3.713723 1.061898 4.258332 0.6054042 0.7526314 2.008419
3.839637 0.912545 4.141717 0.6021823 0.6985583 1.731483
3.036496 1.84412 2.731932 0.4712811 0.7934684 1.403863
2.682661 2.63732 1.658634 0.5638902 1.207245 1.185287
3.009865 1.752078 3.42336 0.5083855 0.8739557 2.001448
3.036864 2.076046 2.100491 0.4652346 0.7947507 1.041157
3.006246 2.226305 2.079983 0.4038723 0.7164525 0.930262
3.079869 1.956071 2.567818 0.517123 0.8751343 1.447459
2.377274 3.398743 1.118926 0.4268204 1.14053 0.663006
2.53163 3.10381 1.286683 0.4277143 1.031009 0.7272255
2.962475 2.263082 1.993285 0.4925214 0.895721 1.104601
2.1315 4.109017 0.7776093 0.402874 1.30633 0.4599085
2.84593 2.168309 2.385922 0.5690273 1.085493 1.652207
3.336159 1.277201 4.510218 0.5633412 0.821494 2.45687
2.711298 2.532664 1.911935 0.6443939 1.362769 1.588176
3.629831 1.052193 4.727345 0.6030765 0.7783807 2.352113
3.423672 1.315557 4.085043 0.5510869 0.7763159 2.075636
2.692739 2.37288 2.157745 0.4015594 0.8257086 1.11153
3.32403 1.359438 4.088321 0.4924743 0.7186679 1.939852
2.774245 2.237041 2.288482 0.5495032 1.085671 1.573721
2.973087 1.979248 2.925272 0.4473427 0.7960398 1.531135
2.743956 2.588341 1.696168 0.555006 1.151416 1.16312
2.669723 2.631242 1.77512 0.4373607 0.9425384 1.002614
3.015217 1.860172 2.656632 0.4895043 0.8299084 1.419762
3.90523 0.7497919 5.716185 0.6474507 0.7556357 2.650824
3.703863 0.9444133 5.07681 0.5579261 0.6936259 2.219742
3.777637 1.011022 3.869788 0.6248457 0.7461106 1.750034
3.066819 2.120959 2.063905 0.5113407 0.8755609 1.125666
2.694076 2.285051 2.271321 0.4956005 1.01523 1.456752
3.201415 1.637019 3.366458 0.4848234 0.7576718 1.680392
2.472447 3.173553 1.323806 0.6774225 1.712862 1.237917
3.341639 1.525584 3.507262 0.5257604 0.7746284 1.78095
2.743289 2.379179 1.979392 0.4401786 0.8841376 1.078049
2.559764 3.133099 1.175057 0.4923863 1.17244 0.7429469
3.241283 1.699705 3.396166 0.5921658 0.9362428 2.114856
2.833683 2.288164 2.313266 0.4680045 0.9110536 1.335235
2.165371 3.960226 0.7984405 0.4447928 1.391271 0.5140669
2.931868 2.229667 1.866989 0.5309532 0.962953 1.100477
3.111742 1.584166 3.579623 0.5225831 0.8431205 2.003137
3.354112 1.457094 3.460604 0.4881499 0.7020587 1.573961
3.158548 1.710106 3.038873 0.5250777 0.837896 1.660593
2.682273 2.631855 1.758744 0.4282361 0.9163531 0.963853
3.792617 0.9713308 4.539143 0.6081173 0.7338456 2.068818
2.508195 2.822695 1.680857 0.3817485 0.9025732 0.8887168
3.059959 1.903633 2.654266 0.4840177 0.8169149 1.401761
3.233083 1.488862 4.049934 0.514373 0.7934684 2.15483
3.404463 1.395775 3.744496 0.5974885 0.8542935 2.089172
3.15603 1.462261 4.237097 0.5611403 0.8930708 2.555129
3.317219 1.538153 3.337332 0.6072082 0.9042436 1.966584
3.273667 1.514146 3.425368 0.5586265 0.8395353 1.877081
1.873763 4.898171 0.5950679 0.404345 1.641929 0.3873699
3.208022 1.763469 2.48243 0.4420546 0.6771407 1.061059
1.996182 4.651565 0.6664191 0.4848431 1.804326 0.4986281
2.797137 2.207374 2.501902 0.5037993 0.9882397 1.587876
2.878636 2.203568 2.188202 0.4589965 0.8574709 1.18047
2.88883 2.27237 2.001669 0.4283469 0.7959235 0.9847341
3.037689 1.952435 2.428306 0.4363475 0.7369793 1.140308
2.859203 2.158487 2.431749 0.4982808 0.9433336 1.468658
2.878454 2.257212 2.002193 0.4250196 0.7914342 0.9814132
2.333891 3.364714 1.251559 0.6869687 1.891233 1.252175
2.660161 2.567232 1.863129 0.5995043 1.294609 1.459713
2.937885 2.214507 2.083204 0.452717 0.8229451 1.068091
3.2183 1.573978 3.44138 0.524233 0.8104309 1.835331
2.9292 2.03258 2.480022 0.4291324 0.7678659 1.22101
2.957409 2.11021 2.219721 0.4509822 0.8029274 1.122963
3.54994 1.276097 3.529656 0.5623257 0.7411904 1.650551
2.915598 2.267505 1.964843 0.5286284 0.9794653 1.18863
2.780301 2.389595 1.883949 0.499075 0.9900496 1.140646
2.413403 3.323071 1.241085 0.4769497 1.251554 0.8244195
4.712334 -0.1052312 7.655978 0.9129509 0.8322141 3.045279
3.473182 1.169409 4.865093 0.614418 0.853763 2.740134
3.106982 1.864868 2.691015 0.473556 0.7802827 1.357239
2.849149 2.502379 1.583922 0.5978989 1.165508 1.09348
2.40856 3.184751 1.227858 0.4665559 1.197036 0.7926898
1.951101 4.502479 0.7976406 0.4606847 1.737074 0.597353
3.99361 0.4980153 6.82921 0.6800071 0.7670764 3.091251
2.75024 2.507928 1.791697 0.5412264 1.111227 1.204056
2.9075 2.060258 2.437991 0.4759313 0.8643149 1.3465
3.357911 1.556562 2.902067 0.4999017 0.7174828 1.324065
2.513277 2.815573 1.706273 0.3558542 0.8337461 0.8324937
3.098396 1.809927 2.774978 0.465317 0.7623449 1.370482
3.247 1.756723 2.691424 0.5024412 0.7726039 1.331728
4.404193 0.07911853 8.796592 0.9345897 0.9553849 4.529925
3.10112 1.789005 2.8915 0.4718136 0.7724037 1.453363
3.196162 1.808188 2.533421 0.5758374 0.9084492 1.465015
2.835872 2.115843 2.525818 0.5317261 1.012613 1.647771
3.098982 1.743701 3.088625 0.5824885 0.9619314 1.952083
2.884685 1.986455 2.930584 0.4877812 0.9027274 1.744893
4.47563 0.2521095 6.637139 0.8528873 0.833805 2.968642
2.591995 2.825091 1.527958 0.5000493 1.138329 1.00266
2.629628 2.652247 1.787051 0.4692907 1.033998 1.10613
3.704363 0.7695983 5.82162 0.6427207 0.7975573 2.877277
3.29528 1.638982 3.164032 0.5226947 0.7896845 1.629544
2.513132 3.021309 1.433966 0.3953123 0.952618 0.7663921
3.071366 1.775846 3.17788 0.4620068 0.7689341 1.611583
2.995712 2.059821 2.109587 0.4981751 0.8623625 1.134544
2.360248 3.509055 0.967114 0.6167094 1.677431 0.814758
3.191233 1.599943 3.680333 0.4700784 0.7396461 1.817481
2.536293 2.824692 1.459623 0.4726536 1.093547 0.9143381
3.957424 0.5130247 6.463743 0.6862147 0.7772434 2.939885
2.480945 3.022211 1.404001 0.4977559 1.222641 0.9613094
4.231895 0.1451011 9.684678 0.7808127 0.8373508 4.558233
2.04646 4.129355 0.9011862 0.4467524 1.535364 0.6361681
2.240408 3.963783 0.7702813 0.5304411 1.603976 0.5692372
3.229682 1.643154 2.731778 0.4445963 0.6668504 1.155954
2.915543 2.051137 2.578682 0.4256148 0.771157 1.282575
2.733096 2.297174 2.426054 0.4915955 1.00242 1.552064
2.443102 3.229057 1.184289 0.4660356 1.183708 0.748575
2.973849 2.208773 1.785079 0.456754 0.8037672 0.871887
2.994205 2.018512 2.571955 0.4642643 0.815254 1.350976
3.394604 1.562301 3.300758 0.4870117 0.7030902 1.5123
3.096847 1.785113 2.945116 0.5352641 0.8845867 1.702686
2.413634 3.319661 1.149941 0.4982922 1.30219 0.7890004
3.018844 2.015013 2.458315 0.5909731 1.031792 1.623622
2.717555 2.487938 1.97071 0.4782535 0.9960559 1.204287
2.958012 2.224463 1.911669 0.4661987 0.8373203 0.9853293
3.493102 1.206957 4.521819 0.5700309 0.7814919 2.312269
3.297096 1.493091 3.734399 0.5546298 0.8334033 2.059332
3.06143 2.099083 1.939806 0.5220153 0.8838205 1.055602
3.153156 1.48547 4.262272 0.5221249 0.8327646 2.40259
2.911441 2.087072 2.588367 0.4531961 0.8324215 1.392794
2.799397 2.343005 2.419757 0.491328 0.9872014 1.522657
3.577626 1.124745 4.634584 0.5937376 0.7866962 2.361161
3.365276 1.404796 4.1316 0.5988624 0.8805912 2.425919
2.883331 1.988919 2.824735 0.4736234 0.8709808 1.610171
3.142591 1.791656 2.956553 0.431991 0.696286 1.3445
3.007699 2.071595 2.468143 0.4169654 0.7286643 1.150362
4.16117 0.559356 5.534839 0.6978981 0.7380075 2.339715
2.63795 2.771477 1.620436 0.4853884 1.079631 1.021641
2.796121 2.354576 2.205228 0.562648 1.125559 1.557764
2.473396 3.205502 1.197212 0.4164352 1.039687 0.6682738
3.356752 1.530318 3.097934 0.5593722 0.8096346 1.608213
3.412924 1.307511 4.157452 0.604501 0.859502 2.346547
3.201647 1.60031 3.734001 0.4831854 0.7602463 1.900182
2.787368 2.337004 2.183856 0.4555767 0.9043335 1.238068
3.130783 1.957681 2.280517 0.578993 0.9500895 1.364325
2.029917 4.361118 0.7481569 0.3691722 1.300403 0.4243144
2.89132 2.109362 2.241739 0.4025442 0.7322581 1.037939
2.954248 1.840536 3.124513 0.5073543 0.8951738 1.851462
3.641016 1.036149 5.035948 0.6179784 0.8008509 2.60222
3.454268 1.146231 4.695465 0.5761323 0.7954709 2.436133
3.150958 1.577942 3.955341 0.5654843 0.9144707 2.444292
3.097596 1.5164 4.56332 0.5287922 0.8731722 2.742193
2.732959 2.315199 2.146482 0.458141 0.9220796 1.238114
2.363282 3.436894 1.042098 0.4176285 1.122894 0.5998393
3.638063 1.136687 3.92102 0.5884432 0.7488633 1.841346
3.432689 1.403435 3.378493 0.5630033 0.7851207 1.698633
3.087088 1.668932 3.378503 0.524638 0.8621487 1.929521
3.318492 1.467335 3.61903 0.5706207 0.8440718 2.001448
4.048698 0.640971 5.632188 0.7536567 0.8394655 2.807856
2.216872 3.657291 1.142605 0.3848537 1.14803 0.6589481
2.919221 2.128181 2.397902 0.4766993 0.8747856 1.340048
3.784289 1.00792 4.006639 0.6199465 0.7417671 1.812778
2.772195 2.355859 2.21689 0.5484205 1.106929 1.541053
3.420684 1.331421 3.690851 0.53941 0.7517617 1.786253
3.281027 1.47814 3.610759 0.4681737 0.6946054 1.642731
3.292478 1.626057 3.027985 0.5662237 0.8518007 1.666961
2.356198 3.396332 1.14288 0.4703005 1.271276 0.7563358
3.08006 1.939516 2.552596 0.4952098 0.8320074 1.364196
2.291572 3.410907 1.249345 0.5394536 1.519271 0.9976589
2.266594 3.525431 1.079152 0.5085443 1.457257 0.800128
3.677052 0.9795657 4.874773 0.5595574 0.7017369 2.157982
2.655453 2.65288 1.603212 0.4711008 1.013408 0.9552744
2.947892 2.082163 2.248495 0.4193776 0.7440275 1.056878
2.890737 2.208122 2.083207 0.4884026 0.9062004 1.178546
3.879993 0.8921073 4.200284 0.6580912 0.7589415 1.906317
2.628319 2.62338 1.816319 0.4636388 1.016605 1.109358
3.22623 1.759841 2.844698 0.5371692 0.8409831 1.54843
2.919633 2.124047 2.261267 0.4573736 0.8296351 1.185106
2.905505 2.204202 2.059518 0.4416811 0.8113611 1.042442
3.082106 1.912354 2.481017 0.4776986 0.7929754 1.255759
4.5641 0.04818723 8.672244 0.9047094 0.8818396 4.036617
2.976014 1.784489 3.433813 0.5024647 0.8794845 2.024503
2.979773 2.154278 2.239754 0.4764609 0.853347 1.207285
2.741201 2.438397 2.056797 0.5144524 1.057891 1.346378
2.819128 2.398032 1.766904 0.7161333 1.401179 1.496886
2.406723 3.232647 1.159162 0.4713865 1.21424 0.7490968
2.749772 2.30201 2.19774 0.4099772 0.8167621 1.127688
3.273011 1.474359 3.255192 0.5255108 0.775629 1.623067
3.04422 1.842472 2.761283 0.5488096 0.9270317 1.659399
1.96814 4.506603 0.6823589 0.4745573 1.757317 0.5078923
3.046697 1.985411 2.635529 0.5021629 0.8660111 1.476437
2.986561 1.906977 3.003567 0.5622884 0.9921255 1.963467
3.516772 1.369276 3.335669 0.5335506 0.7165526 1.517086
3.331488 1.406623 3.405833 0.4832512 0.6906833 1.508166
2.631237 2.590184 2.052186 0.549084 1.21446 1.526817
3.47693 1.13162 4.817861 0.6222845 0.8569288 2.69834
2.048213 4.162282 0.8534562 0.4308289 1.476478 0.5720059
2.596095 2.850927 1.515645 0.4432699 1.008136 0.8776018
2.755618 2.460131 2.007012 0.4661464 0.949705 1.170935
2.775897 2.629878 1.464772 0.5173539 1.051419 0.8954764
3.167108 1.670115 3.037587 0.4852034 0.7631984 1.50699
2.828215 2.220263 2.450409 0.5095431 0.9906069 1.556072
3.877604 0.8680038 4.871074 0.6559861 0.7701238 2.301359
2.244932 3.643936 1.094639 0.5093594 1.504344 0.8264607
2.898708 2.351491 1.818679 0.3676629 0.6842763 0.7609421
1.905392 4.919738 0.5224287 0.5613506 2.239695 0.456679
2.766929 2.438613 1.901087 0.4324763 0.868782 1.010286
2.42745 2.990884 1.478362 0.3871276 0.9623228 0.8029902
2.449599 2.92593 1.63318 0.3893892 0.9572604 0.9007827
2.087569 4.286919 0.6796186 0.4485357 1.51435 0.4484102
2.875566 2.377463 1.630549 0.4614582 0.864311 0.8426588
2.607689 2.750964 1.749615 0.4801289 1.084566 1.122174
2.886785 2.073361 2.601148 0.5222085 0.9705136 1.633531
3.025847 1.760703 3.205167 0.5234552 0.8897118 1.886535
2.628727 2.502827 2.148279 0.409207 0.8896476 1.18807
2.358783 3.4466 1.010478 0.406882 1.094078 0.5637442
2.896685 2.160661 2.275698 0.5283479 0.9798572 1.410774
3.612844 0.9197068 5.368741 0.6296116 0.8143953 2.782093
2.05569 4.39159 0.6841321 0.4632871 1.615825 0.4756553
3.061746 1.909908 2.722049 0.432057 0.7268357 1.282537
3.483965 1.282362 4.285765 0.5815686 0.8071051 2.274318
3.184119 1.722068 2.813864 0.5015562 0.7857957 1.423323
1.870846 5.053739 0.5002737 0.438922 1.805126 0.344711
2.883729 2.307794 2.147322 0.4757189 0.9071943 1.220818
4.165672 0.1848603 7.640149 0.7934621 0.8437742 3.489327
2.609102 2.822401 1.439448 0.4151304 0.9277884 0.7638963
2.793871 2.444392 1.854856 0.4442522 0.8830147 0.9978986
2.891151 2.232884 2.084591 0.4594458 0.8544993 1.111282
2.941768 2.152271 2.116195 0.4962771 0.8955128 1.186146
2.686942 2.525942 1.782671 0.4506237 0.9448656 1.016084
2.874815 2.06885 2.633102 0.5731347 1.072645 1.830661
3.092175 2.012743 2.319591 0.5488724 0.925599 1.360822
2.243379 3.840685 0.8112965 0.5479583 1.632709 0.6247634
2.228852 3.66306 1.042599 0.3859212 1.142898 0.5939288
2.588776 2.692829 1.667293 0.460458 1.03067 1.014914
2.424478 3.174476 1.392928 0.5191862 1.336493 1.020354
3.745215 1.055665 3.792289 0.5868821 0.7078637 1.63608
4.045298 0.3756077 7.085344 0.7389134 0.8175139 3.30777
2.351858 3.520283 1.00619 0.5606172 1.539914 0.7822946
4.192556 0.4053761 7.109941 0.7189625 0.7645696 3.121319
1.887048 4.841641 0.6268669 0.4533258 1.824161 0.4596728
3.352181 1.499566 2.969113 0.4932291 0.702643 1.322988
2.997531 2.025099 2.058137 0.4977733 0.8515494 1.087117
3.423821 1.533549 3.184087 0.5071128 0.7197295 1.47939
3.207089 1.642548 2.951248 0.4849902 0.7437862 1.412153
2.865034 2.029502 2.666969 0.4039331 0.7458191 1.293921
3.047568 1.75197 3.249453 0.535816 0.904051 1.945425
2.693536 2.507038 1.909779 0.4684697 0.9836903 1.145149
2.373542 3.236608 1.315961 0.5692201 1.509404 1.073559
3.139321 1.656505 3.245039 0.4780376 0.7618198 1.621723
2.874196 2.07238 2.775704 0.5236169 0.984457 1.785799
3.102789 1.910794 2.512366 0.460903 0.7597844 1.221284
3.436864 1.502322 2.964947 0.5095812 0.7075879 1.328585
2.96386 2.338056 1.662485 0.5294819 0.9594775 0.9575605
3.168197 1.893536 2.267327 0.5427851 0.8651032 1.230096
4.0687 0.6049868 5.731268 0.710175 0.7801418 2.625952
3.08804 1.903435 2.658187 0.5577793 0.9367314 1.60903
3.305805 1.519002 3.186163 0.5019917 0.7357896 1.50887
2.75675 2.375432 2.186197 0.4312971 0.871855 1.19406
2.818241 2.448551 1.725913 0.5256416 1.03186 1.071792
2.430814 3.23473 1.103591 0.4847504 1.231788 0.7187433
3.844759 0.908566 4.612944 0.6346619 0.7497983 2.120218
2.421924 3.026543 1.441314 0.4357363 1.095443 0.8858093
3.571969 0.9779728 5.151607 0.5580774 0.7274578 2.391784
4.017982 0.4005667 8.204231 0.7693336 0.8810452 4.313868
2.556743 2.933157 1.425922 0.447095 1.044543 0.8424688
3.393187 1.391975 3.735241 0.5336823 0.7599052 1.84871
3.830887 0.9164195 4.59965 0.6275664 0.7445294 2.102485
2.719437 2.661835 1.749356 0.5047227 1.074988 1.120542
3.106682 1.737682 2.797324 0.459018 0.7371948 1.32843
3.598945 1.050884 4.882414 0.5764563 0.7511729 2.354596
3.307082 1.203456 4.97459 0.5449584 0.7994806 2.649244
3.456346 1.349963 3.700227 0.5476179 0.7586599 1.814012
4.320843 0.1432081 8.256077 0.8013579 0.8229029 3.667401
3.430398 1.266457 4.275277 0.5204915 0.7263075 2.030565
2.668519 2.479963 2.139806 0.5077703 1.086651 1.444089
3.679046 1.071393 4.546623 0.7016833 0.8984869 2.606363
2.448679 3.071057 1.360222 0.424726 1.057517 0.7967152
4.106001 0.4597214 6.575105 0.7297128 0.7939295 3.012626
2.980811 2.040784 2.385426 0.5063455 0.8925989 1.35616
2.52219 3.035314 1.371592 0.4556696 1.09698 0.8378796
2.439949 3.193044 1.3226 0.4903895 1.25262 0.9009411
3.074576 1.777154 3.069449 0.5355549 0.8936398 1.802019
4.043711 0.538225 6.477747 0.6398708 0.7063625 2.694515
3.453365 1.356655 4.197863 0.54057 0.7627053 2.119839
3.155396 1.873577 2.459075 0.4995275 0.8023113 1.254067
2.899006 2.105569 2.22578 0.4779486 0.8701477 1.220863
2.974886 1.980756 2.802998 0.5250106 0.9362357 1.71618
2.89152 2.302499 1.945217 0.5570277 1.049845 1.259289
2.921655 2.198189 2.161571 0.4384849 0.804246 1.093005
2.510335 2.984428 1.434809 0.4761876 1.147169 0.9270963
2.893445 2.235271 1.977662 0.4749915 0.8792676 1.076241
2.78823 2.433938 1.888031 0.4628527 0.9223557 1.063766
3.913719 0.6473813 6.1764 0.6500396 0.7530863 2.816258
2.732324 2.687282 1.50286 0.4772564 0.9988065 0.8732148
2.691001 2.661399 1.628478 0.4653303 0.9908491 0.9507077
2.828895 2.207169 2.292324 0.5040193 0.9671884 1.404342
3.360534 1.417205 3.169369 0.4822421 0.6764665 1.355505
2.074165 3.968971 0.9484769 0.5005683 1.666509 0.7471361
2.981894 2.178071 2.166923 0.4875535 0.8735749 1.188416
3.089617 1.788802 3.196862 0.5315797 0.8897575 1.884709
3.059492 1.769744 3.28035 0.5208861 0.8795787 1.918088
3.608086 1.058914 4.561385 0.6131075 0.7941752 2.30308
3.169344 1.67227 3.159038 0.5580822 0.8876152 1.836865
3.454048 1.383954 3.185436 0.4928933 0.6690427 1.343479
3.619532 1.030387 4.904834 0.5962684 0.7727005 2.430039
2.913715 1.961965 3.131194 0.4209486 0.766781 1.596179
3.223726 1.618136 3.052999 0.4560632 0.6938337 1.369565
2.435101 2.953156 1.656806 0.5543842 1.391381 1.327001
3.436382 1.309127 4.180395 0.4890007 0.6820432 1.869194
3.006049 1.804499 3.1751 0.4874421 0.83831 1.762393
4.401369 0.1955037 8.532629 0.8258521 0.8433288 4.006864
3.131653 1.691701 3.339928 0.4751931 0.7694317 1.704113
2.795043 2.195294 2.425442 0.4762577 0.9292568 1.443098
3.029084 1.864272 2.942691 0.517683 0.8883908 1.715074
3.186246 1.723621 3.287032 0.5247869 0.8423487 1.836148
2.013454 4.289247 0.7904477 0.5283139 1.877467 0.658391
3.752852 0.9871908 4.619016 0.6415264 0.7900248 2.286461
3.550729 1.093206 4.459169 0.5436571 0.7138321 2.028501
2.500651 3.025092 1.42039 0.3709781 0.8962918 0.7129678
3.074277 1.827682 2.991403 0.5233612 0.880659 1.731413
3.284333 1.593693 3.127819 0.566537 0.8524713 1.727679
2.268399 3.609873 1.100157 0.5230573 1.520602 0.8434908
3.295097 1.635052 3.224965 0.537019 0.8140286 1.71789
3.270596 1.382206 3.872163 0.4772246 0.7039619 1.784058
2.479716 3.205673 1.20328 0.6020706 1.510357 0.975866
3.292327 1.632957 3.306922 0.5736139 0.8755586 1.904085
2.808704 2.45767 1.755829 0.4667153 0.9203288 0.9751903
3.150282 1.647395 3.284726 0.5449301 0.8710382 1.882275
3.375218 1.411904 3.978022 0.5608637 0.8157366 2.146583
2.706509 2.461935 1.907117 0.4478987 0.925254 1.077452
3.06721 1.895741 2.81024 0.506568 0.859092 1.575427
2.399279 3.310824 1.119471 0.4350148 1.133483 0.6658627
3.865606 0.5080198 7.338458 0.7179705 0.8519841 3.769822
2.587351 2.6666 1.997754 0.4229811 0.9569494 1.160022
3.008956 2.081037 2.102418 0.4568321 0.7902146 1.038608
3.531016 1.02263 5.355922 0.5925308 0.7958651 2.774582
3.107614 1.970556 2.453238 0.4668257 0.7754218 1.213518
4.022071 0.5657314 6.700383 0.6984706 0.7890552 3.176555
2.453243 3.001936 1.5973 0.5175363 1.294593 1.178388
3.25294 1.665659 2.944312 0.5033107 0.7678516 1.461902
2.814502 2.58248 1.560687 0.5867145 1.175563 1.079919
2.317727 3.442937 1.113852 0.5163125 1.430727 0.8225527
3.042768 1.831571 2.9871 0.5323394 0.9057165 1.776625
2.388676 3.053641 1.483359 0.4779451 1.22984 1.02375
2.588089 2.734292 1.7016 0.5321764 1.208019 1.213451
2.990814 2.194209 1.984966 0.4705176 0.8354494 1.028677
2.724004 2.70342 1.489351 0.4487136 0.9398826 0.8106035
2.950256 2.105518 2.181692 0.4385085 0.7815935 1.074013
2.284235 3.567544 1.045051 0.4568828 1.300636 0.6844734
2.933272 2.005004 2.653408 0.4716155 0.8479007 1.45738
3.424392 1.203953 4.302586 0.5611112 0.7791097 2.171053
2.642523 2.518596 1.982611 0.4857808 1.048982 1.274889
2.997257 1.922873 2.751917 0.4883843 0.847858 1.515453
3.78941 0.7896964 5.644956 0.6207524 0.749111 2.615317
3.416672 1.41745 3.650587 0.5358592 0.7593558 1.805095
2.622642 2.776107 1.456926 0.5188303 1.151966 0.9656635
2.765958 2.322529 2.026557 0.5568398 1.109133 1.3952
3.447583 1.239875 4.32012 0.5937067 0.8277642 2.336547
2.796654 2.259511 2.254766 0.5540394 1.090523 1.55492
2.568112 2.787998 1.599843 0.4528154 1.034267 0.9623304
2.648471 2.607595 1.866654 0.5410587 1.179419 1.327371
2.974412 2.006624 2.12422 0.3963765 0.679406 0.9029283
2.746712 2.469907 1.833664 0.4934395 1.00621 1.121452
2.276333 3.400568 1.258755 0.5899339 1.673822 1.110469
2.762023 2.450569 1.80938 0.4905126 0.9880256 1.084625
2.7117 2.532872 1.972164 0.5265464 1.111692 1.341373
2.43857 3.177603 1.265584 0.5070585 1.288642 0.8837187
2.520012 2.973087 1.271926 0.512291 1.21512 0.8577167
1.972284 4.429058 0.7162789 0.462336 1.695568 0.5226167
3.243115 1.590873 3.037376 0.5087935 0.7680515 1.501499
3.458999 1.077338 5.471413 0.5520894 0.7647084 2.767459
3.501683 1.235029 4.030832 0.53725 0.7248009 1.879349
3.175223 1.708298 3.360696 0.4750609 0.7601138 1.695221
3.391385 1.203482 4.725913 0.5042318 0.7115507 2.214809
3.742598 0.9869964 4.789108 0.6008532 0.7427856 2.243626
2.897153 2.261914 2.049853 0.5244972 0.9838801 1.256452
2.349695 3.512227 1.003739 0.8000745 2.202668 1.116513
3.213008 1.863521 2.426818 0.5281685 0.8317955 1.280334
2.844061 2.246688 2.18753 0.5610544 1.076341 1.478845
2.322715 3.423404 1.075301 0.4617401 1.267033 0.7022643
2.952836 1.940442 3.044008 0.5121967 0.9205776 1.854451
2.769704 2.360637 1.783107 0.4885244 0.9605993 1.039987
2.696054 2.351125 2.332873 0.4678398 0.9732352 1.438719
2.278257 3.617824 0.8949305 0.5714553 1.628906 0.7154791
2.974322 2.044176 2.349837 0.4912266 0.8664132 1.294208
2.994314 2.020818 2.450718 0.5758108 1.014118 1.590596
4.369263 0.1497685 8.469358 0.8329282 0.8529909 3.953472
3.918087 0.7495054 4.947319 0.634235 0.7214855 2.122415
2.100149 3.923248 1.017303 0.4212378 1.376965 0.6709733
2.714141 2.825217 1.475414 0.5744874 1.246952 1.055395
4.025895 0.743051 4.732793 0.6519627 0.7153702 1.985246
3.272947 1.430464 3.853138 0.5060481 0.755378 1.917341
3.316024 1.55466 3.045948 0.4993184 0.7306421 1.427538
2.683689 2.687947 1.459594 0.4381022 0.9282447 0.784529
4.578887 -0.1934826 10.91041 1.000931 0.9885938 5.463611
3.637881 1.010588 4.678294 0.6078979 0.7761951 2.294708
2.550987 2.805153 1.635568 0.4487408 1.040742 0.9940941
2.782412 2.485459 1.872258 0.5043733 1.01874 1.159618
3.68352 0.8179537 6.182655 0.6812333 0.8692269 3.431242
3.08957 1.738485 3.176169 0.512534 0.8469287 1.773981
3.359379 1.435125 3.767096 0.4998586 0.7242965 1.792183
3.601266 0.8802279 5.665732 0.6012343 0.7775266 2.798704
3.186682 1.823934 2.704821 0.5116874 0.815495 1.420968
3.3357 1.494383 3.371201 0.6166837 0.9080339 1.990704
3.463397 1.087307 4.9615 0.5619085 0.770118 2.489001
3.471309 1.464802 2.93879 0.5255364 0.7158567 1.321485
2.779813 2.297143 2.178039 0.373136 0.731318 1.000764
2.595343 2.567381 2.205664 0.4231427 0.9459258 1.293846
2.82812 2.178895 2.437497 0.540609 1.040374 1.621438
3.029247 1.914048 3.013299 0.4949672 0.8591557 1.708089
3.433885 1.149894 4.983005 0.6205831 0.872947 2.87333
3.772363 1.080987 3.636158 0.5289744 0.6278675 1.387333
2.800389 2.522039 1.669034 0.4668911 0.9308465 0.9275771
3.261659 1.666647 2.787904 0.5169916 0.7808056 1.392067
3.152497 1.722016 2.823618 0.4614003 0.7286681 1.326524
3.156609 1.708499 3.170054 0.480773 0.7691017 1.602306
2.527156 3.11025 1.232747 0.3796243 0.9138578 0.6154264
3.725882 1.012553 4.342273 0.5909411 0.725894 1.957825
2.951424 2.306123 1.8698 0.4693856 0.8575398 0.9819118
2.60376 2.720227 1.859088 0.3772545 0.8516143 0.9513288
3.210478 1.729491 2.946653 0.5408529 0.8499234 1.627651
3.126474 1.867475 2.645004 0.4540383 0.7399901 1.260862
2.408342 3.25602 1.225272 0.4764363 1.239009 0.8121072
2.373907 3.306727 1.081091 0.4469201 1.171502 0.6610611
2.864843 2.181493 2.274998 0.499503 0.9397392 1.352692
3.19758 1.720167 2.911008 0.4861436 0.7604432 1.433496
2.685962 2.512236 2.013051 0.5021817 1.06639 1.317985
3.005154 1.782354 3.083174 0.4822004 0.8217703 1.665791
2.566294 3.030106 1.227924 0.4102615 0.9561079 0.6445406
2.977068 1.934717 2.607317 0.4853634 0.8461783 1.422968
1.982954 4.361421 0.759775 0.4547745 1.647077 0.5464073
2.354711 3.299081 1.32483 0.6255532 1.694472 1.205937
3.025173 1.958315 2.621788 0.5177353 0.8944063 1.514269
2.96712 2.050639 2.446621 0.4766975 0.8472393 1.326489
3.047904 2.203027 2.026134 0.4558261 0.7933152 0.9974398
3.211221 1.821971 2.736608 0.5856736 0.9320012 1.647108
2.504887 3.004481 1.534245 0.4543588 1.106476 0.9624382
3.16714 1.863274 2.527292 0.4996947 0.8018911 1.29543
2.374335 3.324041 1.016189 0.4100403 1.069835 0.5619337
2.767585 2.514292 1.773523 0.4067396 0.820864 0.8774315
3.121198 1.752127 2.861847 0.4572438 0.7347864 1.360971
3.089113 1.913583 2.74252 0.5151651 0.8670041 1.543939
2.816587 1.976786 3.13145 0.4335336 0.8222385 1.713363
2.204878 3.480113 1.315936 0.360762 1.061551 0.7305768
3.689109 0.8030496 6.400691 0.6566074 0.8364051 3.425659
2.895753 2.229957 2.332544 0.4575332 0.8613968 1.277442
3.791229 0.9813117 4.745849 0.5887045 0.714939 2.131737
2.800219 2.331566 2.179929 0.4376427 0.8617698 1.177119
3.557059 1.094203 4.874624 0.6508367 0.8723908 2.764236
2.58545 2.699584 1.700382 0.4530398 1.019394 1.02695
3.341965 1.201153 5.130534 0.5462235 0.7959353 2.73649
1.702467 5.56342 0.5068463 0.4106577 1.983063 0.3611064
2.271789 3.664874 0.8949235 0.5492772 1.584641 0.6928781
2.930599 2.132528 2.273326 0.5335104 0.9729023 1.400316
3.768536 0.8399426 5.670777 0.6619529 0.8155625 2.911932
2.418861 3.367168 1.062924 0.5448984 1.42128 0.7818801
4.148625 0.4114183 7.374445 0.7550621 0.8220264 3.531232
2.282276 3.347227 1.250533 0.3883626 1.079034 0.7148114
2.689479 2.61728 1.820124 0.5109584 1.096047 1.199523
2.334731 3.307025 1.166656 0.4011061 1.079071 0.6660476
3.041723 2.042662 2.181762 0.4838439 0.8247344 1.129054
2.445025 3.233627 1.13648 0.7465637 1.901021 1.146345
3.534921 1.265662 3.755104 0.5299338 0.7034802 1.682211
2.737826 2.333193 2.075984 0.4952798 0.9987569 1.291238
3.588448 0.9862214 5.271613 0.5340209 0.6931775 2.344304
3.69408 0.8840262 5.525446 0.6158204 0.773841 2.70405
3.137427 1.717609 3.08967 0.4892441 0.7873407 1.593135
3.012201 1.874837 2.894573 0.4601559 0.789978 1.495317
2.856831 2.330042 2.088881 0.6270302 1.214974 1.579553
3.014998 1.972494 2.485623 0.5000409 0.8639228 1.376827
3.432236 1.397294 3.381962 0.5453359 0.7583426 1.640438
3.484764 1.201529 4.369889 0.5007192 0.6777848 1.918191
3.089778 1.929037 2.603354 0.4847081 0.8129653 1.366183
3.688354 1.135723 3.815788 0.5689793 0.7085554 1.683174
2.822226 2.307804 1.983368 0.4299559 0.8267826 1.014195
3.187138 1.664041 3.072861 0.5429797 0.8522803 1.704229
3.839543 0.66439 6.970656 0.6936184 0.840242 3.664563
3.361091 1.419111 4.123967 0.5212818 0.7638491 2.100769
4.368331 0.3222402 7.18566 0.8053319 0.8209999 3.310297
2.823319 2.454615 1.911661 0.4571657 0.9046952 1.057947
2.674396 2.889026 1.471905 0.4832954 1.072355 0.8989147
2.809332 2.46256 1.94397 0.4450929 0.8856374 1.053386
2.881135 2.217687 2.221095 0.4578608 0.8572724 1.198908
2.774368 2.570886 1.664863 0.50114 1.020246 1.0104
2.957699 2.101365 2.289425 0.5132709 0.9197677 1.333265
2.570144 2.969794 1.252393 0.5214868 1.207323 0.8361
2.62768 2.776819 1.536062 0.5214053 1.161331 1.033535
2.490792 2.989121 1.3842 0.4934635 1.193807 0.9242148
3.428264 1.420529 2.956938 0.5087421 0.6952944 1.284768
2.413604 3.06737 1.487171 0.4317059 1.09864 0.9152083
3.134716 1.814724 2.82505 0.4666271 0.7561933 1.385854
2.319155 3.433338 1.123567 0.518785 1.435145 0.8340341
4.560568 -0.03579156 8.999061 0.9765241 0.9568368 4.454722
4.089237 0.7758794 4.550516 0.7038836 0.7643478 2.047094
3.246386 1.528276 3.38731 0.5116607 0.773045 1.707022
3.071058 1.942297 2.467714 0.5088879 0.8549301 1.346984
3.297333 1.575098 3.074653 0.4498231 0.6621421 1.311747
3.256026 1.56012 3.334328 0.494168 0.7479806 1.630809
3.074934 1.895919 2.516281 0.4981543 0.829161 1.334193
3.490357 1.385025 3.546087 0.6333643 0.8756267 2.002912
3.47366 1.121861 4.645832 0.5315686 0.720165 2.159714
3.900094 0.7587945 5.435775 0.6556204 0.7635074 2.530907
3.526198 1.214216 4.154965 0.5633492 0.756539 2.026201
2.6885 2.635647 1.700398 0.4278993 0.9084272 0.9169815
2.442017 3.123269 1.26065 0.4209379 1.054435 0.7252821
3.432432 1.062716 5.782927 0.5503383 0.7727939 2.982444
3.0425 1.750206 3.598987 0.5624678 0.9650114 2.342793
2.97286 1.955541 2.47098 0.5606774 0.9801595 1.547666
2.528588 3.02501 1.246893 0.7071615 1.689304 1.157671
3.07922 1.824903 2.824872 0.4467319 0.7384991 1.355457
3.082943 1.725821 3.3145 0.4599144 0.7608323 1.675166
3.001577 2.09622 2.379294 0.5716618 1.016983 1.543243
3.361026 1.624211 2.786528 0.5771401 0.841149 1.492503
2.449123 3.382028 1.037667 0.509377 1.311299 0.7009537
2.394773 3.283337 1.117647 0.4179739 1.084573 0.6379746
2.49926 3.020189 1.393264 0.3940443 0.9539645 0.7440584
2.286998 3.633585 1.00622 0.4942345 1.418845 0.7098526
3.234482 1.453499 3.947857 0.5548919 0.85018 2.232528
2.834355 2.362434 1.939991 0.376342 0.7235012 0.8647729
2.593406 2.594151 1.968686 0.4369763 0.9726323 1.166584
3.008655 2.058592 2.058311 0.4996762 0.8592114 1.099304
4.178193 0.182914 9.671188 0.8372198 0.9194742 5.087939
3.233055 1.682019 2.907729 0.4940908 0.7595912 1.427694
3.433067 1.232694 4.873393 0.5203689 0.7340614 2.385277
3.041486 1.86776 2.868383 0.4863635 0.8274848 1.551285
3.174083 1.558279 3.469039 0.5300662 0.8302839 1.895768
2.305436 3.411657 1.177891 0.5604249 1.561984 0.9598295
2.786565 2.392385 2.088457 0.498457 0.9986634 1.295579
3.091184 1.626021 3.8756 0.5344594 0.8862616 2.324037
2.610809 2.63488 1.681361 0.4142323 0.9058637 0.9041091
2.925344 1.9555 2.892458 0.459714 0.8293028 1.576319
2.383806 3.18244 1.297335 0.4488108 1.169218 0.8248857
2.425445 3.130439 1.371989 0.4527866 1.153007 0.8709469
2.814757 2.091926 2.723806 0.4934019 0.9476499 1.681467
2.38268 3.188906 1.305879 0.3079974 0.7936774 0.5637193
2.976903 2.168992 1.814848 0.4423231 0.7723451 0.8550911
2.942316 2.204014 2.205037 0.5409669 0.9947572 1.382159
2.981439 2.005611 2.593603 0.493715 0.8720842 1.460124
3.086746 1.764333 2.859187 0.4792395 0.7845661 1.456111
3.827918 1.04543 3.879521 0.5870741 0.6924998 1.640286
2.603853 2.616312 1.935587 0.4344656 0.9655657 1.134291
2.673549 2.675858 1.597381 0.4353208 0.9320858 0.8738702
3.43211 1.408729 3.423425 0.6143421 0.8627305 1.89822
2.796582 2.250386 2.321722 0.4539532 0.8878976 1.307511
2.656412 2.697734 1.666132 0.4918718 1.073554 1.054588
2.673563 2.595367 1.671278 0.4157361 0.8804049 0.8757216
3.918824 0.6411004 5.843 0.6436408 0.7370916 2.568233
3.534061 1.22339 3.940853 0.565414 0.7538126 1.899421
2.597322 2.730781 1.58743 0.4605833 1.029943 0.9559213
2.894265 2.139336 2.466184 0.4744352 0.8824774 1.395383
3.489867 1.204971 3.753819 0.5384927 0.7169545 1.694819
2.94788 2.258942 2.036977 0.3998532 0.7278322 0.9228144
2.712228 2.443256 1.74393 0.4818265 0.9816017 1.032137
1.514964 6.670776 0.3210479 0.5256516 3.179647 0.3088735
3.698666 0.9773996 4.659214 0.5974704 0.7434319 2.166561
3.035968 2.159606 2.090331 0.4626689 0.8065011 1.053639
2.387375 3.1519 1.315893 0.4404737 1.138422 0.8177907
2.288102 3.247432 1.175943 0.5458986 1.491027 0.9337363
3.58947 0.9519344 5.246112 0.5784559 0.7503581 2.507391
3.017567 1.983943 2.66582 0.5320021 0.9297446 1.607086
3.057436 2.063559 2.234324 0.4371583 0.7444145 1.04949
2.947351 1.949392 2.772131 0.4246812 0.7517172 1.358172
2.941415 2.262021 1.843272 0.4357407 0.787991 0.8884501
3.562589 1.134921 4.212067 0.6055766 0.7966154 2.13385
3.089859 2.073509 2.268981 0.4742919 0.8048148 1.155047
4.337965 0.4316462 5.650169 0.7976212 0.8024681 2.501587
2.914181 1.997823 2.599756 0.4106178 0.7379757 1.241946
2.96739 2.053237 2.516851 0.5311939 0.9520394 1.541592
3.564669 1.070005 4.303186 0.5534783 0.7166787 1.938655
3.030425 1.814869 3.083132 0.5173787 0.8841629 1.799312
2.509903 3.143964 1.17589 0.4125902 1.000207 0.6337782
3.292478 1.712893 2.578154 0.5268956 0.7883272 1.287262
3.699875 0.8869449 5.376306 0.6888849 0.8684853 2.948866
2.769884 2.478905 1.952715 0.5000515 1.019467 1.220092
3.655685 0.9527759 4.674458 0.5871503 0.7349662 2.134161
3.507312 1.134771 4.807714 0.5724536 0.7787943 2.449201
3.71383 1.02127 4.612194 0.6372959 0.797902 2.323843
1.991413 4.540842 0.6806822 0.363248 1.327662 0.380252
3.539686 1.140865 4.159753 0.5109966 0.6695839 1.768142
3.014579 1.929757 2.896309 0.4780685 0.8319336 1.580977
2.605649 2.497597 2.07273 0.4186999 0.9129061 1.168106
2.976617 2.019528 2.577254 0.5167256 0.9188469 1.529253
3.381777 1.424889 4.560678 0.6051103 0.9007438 2.796474
2.810988 2.201542 2.450564 0.4150018 0.8030988 1.262539
2.765217 2.415177 1.919649 0.453016 0.9092895 1.071079
3.051032 1.890549 2.592554 0.4586067 0.769057 1.281448
2.994245 2.047151 2.438866 0.5026455 0.8861589 1.382973
3.123115 1.910101 2.33677 0.4826639 0.7847465 1.159134
3.481855 1.254136 4.616048 0.5738555 0.7995836 2.447129
3.030862 1.698445 3.703673 0.519916 0.8861114 2.214073
2.772704 2.476932 1.835942 0.3951059 0.7914948 0.8819118
3.707932 1.105281 3.803438 0.5988688 0.738697 1.735291
2.993867 1.892969 2.701005 0.5832833 1.011722 1.768795
2.77221 2.278091 2.436494 0.4762118 0.952551 1.482717
2.695966 2.246957 2.51785 0.4140608 0.847039 1.371982
3.347609 1.540434 2.98721 0.4742177 0.6804328 1.295487
2.557313 2.719692 1.752022 0.5357511 1.230497 1.278699
2.576578 3.147678 1.188148 0.3915118 0.923573 0.5919204
3.827879 0.5092746 7.421953 0.7418218 0.8935761 4.018469
2.774308 2.243837 2.247423 0.4394121 0.8621394 1.224213
2.999344 2.165975 2.208908 0.4525533 0.8042571 1.119818
1.461792 6.955121 0.3167333 0.6594158 4.25858 0.3946193
3.369771 1.430186 3.332945 0.5026002 0.7130733 1.523493
2.852947 2.347802 1.950351 0.5429673 1.046156 1.255978
2.969701 2.105989 2.343807 0.5053789 0.9061933 1.351728
3.315527 1.631479 2.741679 0.5261801 0.7735313 1.346153
2.66559 2.672628 1.72934 0.4567753 0.9916489 1.019594
3.09733 1.798623 2.700933 0.5730562 0.939983 1.634003
3.114675 1.743102 2.915253 0.4456859 0.7169514 1.355719
2.725632 2.515851 1.857756 0.3461971 0.7114505 0.8052931
3.024068 2.018945 2.479059 0.4425831 0.7646588 1.214826
3.902489 0.6020715 6.573413 0.695045 0.8132199 3.239833
2.416162 3.243625 1.185521 0.3927292 1.007735 0.6373514
3.738102 0.9104615 5.16268 0.5932642 0.7313371 2.37214
3.242114 1.795517 2.546035 0.4761757 0.7328204 1.187507
3.518672 1.15788 4.379982 0.5182183 0.6902706 1.942244
3.08308 1.814313 2.779259 0.4969827 0.821725 1.480128
3.435148 1.154414 4.462346 0.5524198 0.7609778 2.195349
1.867378 5.18536 0.5218483 0.4704311 1.979674 0.3899234
2.985802 2.127122 2.309988 0.5136612 0.9189049 1.347867
3.497697 1.185575 4.666258 0.5015007 0.6814591 2.083809
2.603666 2.747526 1.53059 0.5825865 1.303684 1.157661
2.956932 2.121236 2.39558 0.4251354 0.7654465 1.171898
2.637891 2.857687 1.444271 0.3928178 0.8729242 0.7194465
3.671385 1.053824 3.90674 0.5783877 0.7150313 1.713393
2.805144 2.206365 2.536003 0.4319396 0.841192 1.37254
3.54334 1.23618 3.715738 0.5463014 0.7193972 1.689736
2.835904 2.274146 2.222724 0.5407776 1.048708 1.468514
3.150761 1.745772 2.807083 0.5084556 0.8088952 1.462232
2.759253 2.489241 1.755032 0.4771535 0.966078 1.02233
3.313399 1.786329 2.339095 0.4377545 0.6459749 0.9458919
2.622901 2.727851 1.798507 0.4672475 1.04486 1.116085
3.573794 1.061232 4.52971 0.571124 0.7435653 2.137775
3.486081 1.21449 4.504343 0.5722226 0.7876252 2.324673
3.278458 1.583543 2.947348 0.5614088 0.8376909 1.58095
2.625956 2.543456 2.012803 0.4743051 1.037243 1.280953
4.103488 0.5596888 6.474669 0.7059508 0.7761273 2.987423
3.432763 1.204847 4.58929 0.5086103 0.7072301 2.130079
2.709808 2.486554 2.138396 0.5439551 1.149298 1.525686
2.275685 3.441095 1.14188 0.4427943 1.249138 0.7388886
3.103112 1.907702 2.506095 0.3681645 0.59908 0.9616588
2.014471 4.391234 0.670618 0.403791 1.432071 0.4121788
2.453213 3.41795 0.9607001 0.4577826 1.172953 0.5722261
3.264844 1.477607 3.864797 0.5101682 0.7720898 1.981107
2.804377 2.260241 2.198781 0.5073312 0.9897832 1.369649
3.977045 0.6603744 6.179716 0.6668508 0.7618333 2.859942
3.343162 1.512614 3.209821 0.465675 0.6725185 1.39277
3.638242 1.248579 3.315344 0.550142 0.6946414 1.425264
2.770413 2.150945 2.542033 0.4729121 0.9255987 1.515427
3.42702 1.148045 4.658616 0.5387508 0.7454696 2.256995
2.465085 3.038323 1.447402 0.5676948 1.411245 1.143943
2.44815 2.821525 1.80303 0.4595641 1.125981 1.199365
4.109194 0.441709 6.18037 0.7060532 0.7565887 2.640376
2.035976 4.49442 0.6302694 0.4460194 1.582662 0.4192179
2.811346 2.486735 1.87469 0.4450174 0.8865055 1.01099
2.148872 4.051491 0.8147191 0.4571014 1.46523 0.5474086
2.650799 2.729573 1.618484 0.4682388 1.026152 0.9727026
3.582755 0.9658786 5.612589 0.5499011 0.720092 2.612871
3.09742 1.798762 2.876627 0.502813 0.8280343 1.550529
2.501937 3.047747 1.290891 0.3989308 0.960631 0.6836716
3.198673 1.710591 2.803273 0.5384772 0.8402115 1.51461
3.579492 1.083343 4.694588 0.5737776 0.7524769 2.267754
2.226045 3.664804 1.051472 0.5138697 1.531193 0.8019399
3.300851 1.375192 4.075012 0.5055864 0.7452742 2.005126
3.184219 2.007903 2.238154 0.4321135 0.6966204 0.9833431
2.945587 1.905617 2.556789 0.5358041 0.9381629 1.53812
3.209291 1.430746 4.39603 0.5863701 0.9165287 2.724789
2.940961 2.156267 2.358965 0.4545246 0.8279255 1.24212
2.789311 2.326293 1.841968 0.4725432 0.9178913 1.032495
3.162373 1.517151 3.452511 0.5558783 0.8679068 1.961328
2.856514 2.324375 2.145712 0.505473 0.9776935 1.312864
3.57348 1.069338 4.709504 0.5761529 0.755341 2.27763
2.453993 3.307297 1.133061 0.41112 1.048171 0.6256275
3.725732 0.7590527 5.891216 0.6202301 0.7629959 2.782461
2.812671 2.51176 1.879698 0.4718927 0.946487 1.081068
2.541887 2.905918 1.703292 0.4402876 1.047923 1.038073
1.744882 5.827591 0.399293 0.4872219 2.344669 0.3182965
2.860086 2.084634 2.514354 0.5167978 0.9679121 1.566451
2.876333 2.202152 2.421671 0.4749307 0.8991358 1.391462
3.559696 1.16786 4.181096 0.5823865 0.769085 2.055289
2.850219 2.315826 2.075626 0.4771763 0.9177406 1.185827
3.939258 0.8738213 4.36787 0.6354241 0.7207482 1.886589
2.553921 2.863236 1.554067 0.4559786 1.060179 0.9480806
2.784309 2.380991 1.969675 0.5144448 1.024005 1.243112
2.805555 2.079998 2.520864 0.575552 1.101544 1.787719
3.006863 1.679901 3.210445 0.5610124 0.9456813 1.995619
2.508777 2.88903 1.514275 0.3700587 0.8736849 0.757642
3.595055 1.065845 4.73507 0.6032774 0.7884011 2.393414
3.94142 0.7639017 5.508379 0.6567874 0.7578248 2.553964
2.26449 3.425388 1.245083 0.4275717 1.215892 0.793671
3.357574 1.535354 3.006349 0.4665386 0.6677382 1.282553
3.231901 1.585259 3.253558 0.5643583 0.8673204 1.841599
2.421004 3.303913 1.12325 0.641218 1.666932 0.984508
3.284207 1.632062 2.905084 0.4697556 0.6988889 1.302035
3.246392 1.517359 3.490091 0.4944999 0.7489221 1.715162
2.321363 3.353847 1.178124 0.5428275 1.486736 0.9202164
2.152737 3.782473 1.013608 0.4833414 1.511767 0.7479782
2.924367 2.07509 2.356738 0.3951816 0.7089599 1.065074
1.726507 5.789061 0.4094827 0.4464854 2.162456 0.3031652
2.901471 2.285518 1.829986 0.4648966 0.8577399 0.9579573
