1.342622 0.7340503 1.227613 0.1714495 0.4282722 0.2096999
1.020735 1.9063 0.7570907 0.1020102 0.3999351 0.1490125
1.041168 1.990551 0.6994131 0.1000335 0.3846843 0.1312391
0.9687984 2.1096 0.7196755 0.09359206 0.4079945 0.1471804
1.06075 1.762319 0.8228756 0.1088863 0.4026602 0.1627702
0.9413312 2.145522 0.7745467 0.0992048 0.4592635 0.1815345
0.9767664 2.128601 0.6683397 0.09216763 0.3927707 0.1293207
1.08764 1.632049 0.8868963 0.1092781 0.3838874 0.1664124
0.81344 2.774686 0.5249729 0.08213191 0.4846352 0.1213851
0.8581751 2.796124 0.5241019 0.08062099 0.4576471 0.115523
0.9308235 2.487907 0.5931532 0.08882764 0.4338721 0.1265063
0.9241508 2.389666 0.6037948 0.08618709 0.4079145 0.1204947
1.058329 1.870468 0.7899324 0.1073842 0.4067891 0.1591189
1.087099 1.592867 0.8739212 0.1154975 0.4013319 0.1684718
0.9068866 2.410378 0.5841129 0.08830606 0.4289726 0.1216971
0.8396421 2.831367 0.5132132 0.08386905 0.4883867 0.1194496
0.9826181 2.17176 0.7252209 0.1005989 0.4443424 0.1626209
0.8650764 2.318609 0.6929436 0.08902062 0.4577007 0.159289
1.129266 1.602662 0.9079239 0.1184531 0.4016925 0.1780036
1.135382 1.522591 0.8630121 0.115642 0.374467 0.1525018
1.112276 1.549163 0.9208279 0.117455 0.3990013 0.1776235
1.058693 1.798323 0.8462569 0.1080807 0.4060034 0.1710504
1.147796 1.443961 0.9951334 0.1168502 0.3777455 0.1813106
0.9311005 2.194336 0.6587951 0.08801514 0.4011268 0.1306876
1.050706 1.709989 0.8265003 0.1067858 0.3914979 0.1574042
0.9190071 2.513594 0.557281 0.08862462 0.4341905 0.1168892
1.241227 1.318575 1.012378 0.1351403 0.3951817 0.1868652
0.9967584 2.056303 0.6950127 0.1005355 0.4130019 0.1405976
1.004687 2.008681 0.7870209 0.09511145 0.3936973 0.1571191
1.106136 1.171098 1.273638 0.1292318 0.4321238 0.2623859
1.035266 2.004195 0.6499674 0.09803747 0.3732524 0.1161724
0.9926731 1.691281 1.018201 0.1044371 0.4242556 0.2217727
1.112699 1.681159 0.7791495 0.1116201 0.3766575 0.1394347
1.062574 1.71678 0.8643619 0.1089799 0.4000457 0.1704854
0.9040878 2.284952 0.6521724 0.08793438 0.4267172 0.1385243
0.9677 2.164529 0.7106975 0.1002266 0.4475269 0.1595528
0.9586613 2.424942 0.6190229 0.09612725 0.4508564 0.1376131
1.211505 1.317473 0.9786631 0.1335421 0.3954337 0.1781364
1.235491 1.246757 1.068481 0.1355706 0.395616 0.1962886
1.109204 1.386351 0.9556509 0.1169635 0.3836681 0.1719069
1.042437 1.540963 1.112997 0.114152 0.4319679 0.2444523
0.9607877 2.245268 0.6244329 0.09233052 0.4079646 0.1244183
1.126813 1.538213 0.9093464 0.1198298 0.3980542 0.1734206
1.130953 1.524282 0.9990675 0.1203719 0.4063779 0.1995333
0.9562117 2.259569 0.6883502 0.09674052 0.4418802 0.1521161
0.9664473 2.09368 0.6979676 0.09651545 0.4196103 0.1453217
1.135932 1.463259 1.155381 0.1299076 0.4465209 0.2597593
1.066674 1.810829 0.7689961 0.1046115 0.3820365 0.1430751
1.009276 1.890705 0.8124657 0.1038756 0.4165069 0.168945
0.7039955 3.500256 0.3950325 0.07428456 0.5965726 0.1041244
1.076413 1.787787 0.883505 0.1037299 0.384276 0.171413
1.076716 1.626997 0.8748265 0.1116594 0.3946666 0.1673666
1.001274 1.857539 0.7895931 0.09970123 0.3963134 0.1546419
1.053585 1.76567 0.7878708 0.1048552 0.3853466 0.1475519
1.173041 1.502573 0.8777923 0.1193137 0.3733219 0.1547053
1.144884 1.227851 1.156464 0.1308499 0.4190519 0.2286815
1.007973 1.703733 1.007249 0.1073955 0.4305183 0.2223381
0.9134094 2.159592 0.7169984 0.08868291 0.4166668 0.1504419
1.022218 1.724857 0.8937555 0.1056333 0.4072949 0.1813713
0.9239312 2.167158 0.7323762 0.09394532 0.4383575 0.1618566
1.019417 2.014241 0.6802903 0.09787354 0.3856178 0.1275395
0.8617416 2.57946 0.6168113 0.0887766 0.4878968 0.1493366
1.127752 1.47414 0.9731058 0.1185883 0.3940231 0.1851247
0.9498547 2.003935 0.8817274 0.09641122 0.4345479 0.1992833
0.941269 2.301709 0.6814489 0.0936103 0.4395591 0.1501905
0.9637371 2.285879 0.6632813 0.09589226 0.4383495 0.1451018
0.880378 2.249605 0.7645186 0.0940521 0.480209 0.1885139
0.9937356 1.913873 0.829675 0.1031412 0.4257637 0.1780569
1.064617 1.869854 0.7238193 0.1026807 0.3761478 0.1317176
0.9389583 2.164133 0.7540503 0.09536444 0.4405499 0.1687674
0.9122661 2.321317 0.6526901 0.0856886 0.4137373 0.1347771
1.013232 1.810754 0.913732 0.1063532 0.4283337 0.1994624
0.9452509 2.249555 0.6238121 0.09205021 0.4134371 0.125758
1.015608 1.736592 0.908 0.1036423 0.4066662 0.1858456
0.9280704 2.313772 0.6289825 0.0896904 0.4222152 0.1310037
1.00098 1.826176 0.8539567 0.1005795 0.4040549 0.1733836
1.182627 1.077253 1.285387 0.1401924 0.4307557 0.2570206
1.051015 2.042248 0.7241093 0.1026763 0.4033659 0.1450836
1.091566 1.579438 0.8910453 0.1135775 0.3932381 0.1691377
1.108344 1.580922 0.8804193 0.1150906 0.3908216 0.165437
1.042341 1.775797 0.9608849 0.1109782 0.4365139 0.2156052
0.9500458 2.332387 0.6135999 0.09107263 0.4164885 0.1251766
1.020053 1.695532 0.9319818 0.1032783 0.3996679 0.1871817
1.315842 1.091101 1.039432 0.1496055 0.3923557 0.1778435
1.044248 1.758594 0.8549828 0.1074647 0.4053643 0.1716492
0.9204919 2.305416 0.6337653 0.08982137 0.4234105 0.1320751
0.8576206 2.708022 0.6625726 0.0879538 0.5091693 0.1701446
0.9335719 2.386905 0.5901927 0.09091497 0.4300941 0.1238373
1.205632 1.307813 0.9708472 0.1333749 0.3958904 0.176117
0.8969982 2.171109 0.7607856 0.09173634 0.4452875 0.1724837
0.8764701 2.436488 0.6817231 0.09221196 0.4850628 0.1666141
1.083105 1.64624 0.9236488 0.1190923 0.4282855 0.1950668
0.9992876 2.049627 0.7280403 0.09676798 0.4015971 0.1457668
0.9466343 2.105187 0.6975764 0.08997829 0.3968876 0.1375687
1.026932 1.939301 0.8023051 0.1037183 0.414227 0.1669853
0.9566769 2.272485 0.6521831 0.09389755 0.4275295 0.1383216
0.9979258 1.930282 0.7918555 0.0920558 0.3755089 0.1499649
1.004286 1.851932 0.8265555 0.1029535 0.4122318 0.1700477
1.08227 1.625327 0.860224 0.1110571 0.3889666 0.1615629
1.014517 2.160065 0.6307949 0.09445492 0.3827563 0.1171933
0.9029611 2.498623 0.5311434 0.08411076 0.411995 0.1045177
0.7450396 3.260472 0.4997867 0.08286177 0.6176725 0.1448538
0.8622791 2.631939 0.6193028 0.08052005 0.4437316 0.1367792
0.9660686 2.133561 0.6748974 0.09603391 0.4132095 0.136819
0.8833391 2.553538 0.6556771 0.09300536 0.5017289 0.1654329
1.132895 1.490268 0.9495904 0.1196321 0.3937621 0.1794653
1.030348 1.837608 0.8610702 0.104232 0.4095361 0.1779513
1.011382 2.131943 0.6893364 0.09816638 0.4087286 0.139879
0.9142741 2.122094 0.787125 0.09504637 0.4530301 0.1828196
1.181704 1.31132 1.17505 0.1319951 0.4194857 0.239936
0.8716214 2.363906 0.7505535 0.09542756 0.5094572 0.1970714
1.092223 1.568067 0.9170872 0.112981 0.3925101 0.1749591
0.9258944 2.503955 0.5385042 0.08465905 0.4017593 0.1033914
1.020296 1.868585 0.7771824 0.1033806 0.4022742 0.1536587
0.8812675 2.811505 0.5018117 0.08291976 0.454119 0.1083718
0.9778612 2.187007 0.6564815 0.09275659 0.4003249 0.1295749
0.963657 2.513298 0.5282496 0.08933179 0.4132595 0.1044406
0.8822159 2.826716 0.5335178 0.09467198 0.5271171 0.1344801
0.891437 2.482352 0.647508 0.08637426 0.4494816 0.1462053
1.169327 1.459093 0.9353065 0.1256969 0.3969016 0.1758117
1.16168 1.371277 0.9694155 0.1253338 0.3929651 0.1783377
1.095504 1.882905 0.6959281 0.1070252 0.3773532 0.1254556
0.9976393 2.033075 0.7762583 0.103598 0.4372905 0.1712732
0.9958231 1.885066 0.7433389 0.09910555 0.3945923 0.1432571
1.163222 1.422812 0.9078968 0.1177384 0.3668451 0.1559009
0.9955311 2.022532 0.8068441 0.1004143 0.4243037 0.1741471
1.220532 1.329067 1.05277 0.1342429 0.4036362 0.2011118
0.9335207 2.263932 0.6265312 0.08918194 0.4067837 0.1246594
1.156645 1.462894 0.9316542 0.1235438 0.3935819 0.1735689
0.80245 2.823923 0.5407997 0.08422146 0.5160454 0.134006
1.211321 1.227592 1.115816 0.1366948 0.4096088 0.2133576
1.039842 1.965791 0.7742693 0.1052057 0.4148695 0.1604107
1.024051 2.041894 0.6817079 0.1027885 0.409002 0.1358764
1.170812 1.397901 1.053095 0.1310246 0.418761 0.212463
1.106237 1.551353 0.9012354 0.1145378 0.3881438 0.1681629
0.9907131 1.963122 0.8228424 0.1010949 0.4232141 0.1764565
1.098192 1.803534 0.7617419 0.1109948 0.3920885 0.144406
1.014099 1.771463 0.9025066 0.1081444 0.4285164 0.1947007
1.083373 1.753677 0.7983224 0.1065822 0.3786207 0.1469205
1.037347 2.095724 0.6445345 0.09898975 0.3884877 0.1212993
1.019358 1.909973 0.78284 0.100484 0.3976895 0.1549093
1.073803 1.706067 0.8842151 0.1094075 0.3983146 0.1745415
0.9612529 2.152144 0.7149582 0.09491951 0.4217779 0.1512531
0.847386 2.548883 0.5908964 0.08236186 0.4525788 0.1318517
0.9371128 2.241071 0.7024061 0.09169439 0.4272067 0.1510972
1.022096 1.928602 0.808731 0.1020204 0.4102756 0.1673128
1.013971 2.209425 0.6308096 0.09729436 0.4030563 0.1240014
0.8962866 2.308464 0.665241 0.0935936 0.4599954 0.1519854
0.9155196 2.319496 0.6419241 0.08762795 0.4201883 0.1338551
1.035633 1.724734 0.9176956 0.1056978 0.4051069 0.1869549
1.041241 2.032696 0.763487 0.1047365 0.4208886 0.1616268
1.093631 1.596571 0.9096148 0.1095356 0.379774 0.1685421
0.9574183 1.946316 0.8531661 0.1041875 0.4550119 0.1976528
1.163431 1.389786 0.9799547 0.1242134 0.390713 0.1806682
1.032775 1.918409 0.7339725 0.1023958 0.3950829 0.1417906
0.9928609 2.116548 0.6994879 0.09662468 0.4089065 0.1422252
1.01086 1.934234 0.794128 0.1020728 0.4118234 0.1636071
1.016026 1.713082 0.9720163 0.1065723 0.4206331 0.2079641
0.8383761 2.552912 0.5858124 0.08229358 0.4562073 0.1313255
1.299545 1.097326 1.047639 0.1448708 0.3850114 0.1769034
0.9857135 2.00204 0.8529029 0.09995401 0.4305755 0.1893014
0.9385362 2.52591 0.5406801 0.08772856 0.4190041 0.108875
1.099663 1.531606 0.9331306 0.1208088 0.4144874 0.186224
1.15923 1.421251 0.9717492 0.12293 0.389902 0.1797739
0.7972601 2.869519 0.5556562 0.09013899 0.5758755 0.1552652
0.9947727 1.944822 0.7609841 0.09192907 0.3749255 0.1426964
0.9656432 2.063719 0.7295848 0.09555127 0.4131453 0.1504605
0.9551966 2.046056 0.7482886 0.0969365 0.4222742 0.1578196
1.045732 1.958942 0.7154456 0.09964658 0.3831785 0.1346309
1.225191 1.218137 1.077327 0.1376859 0.4027738 0.1995542
0.9134564 2.451857 0.5970131 0.09121413 0.4490796 0.1312014
0.9567476 2.047518 0.7458956 0.09372246 0.4085483 0.1527852
1.027118 1.780472 0.8410405 0.1037529 0.3998301 0.1669373
1.002304 1.902507 0.7453124 0.09853605 0.3911542 0.1429273
1.115141 1.659312 0.8635076 0.1170226 0.4027242 0.1691074
1.00634 1.869495 0.8647289 0.1059808 0.4311683 0.1887278
1.08257 1.810287 0.8809436 0.1121524 0.418179 0.1858095
1.192414 1.478711 0.8842814 0.120667 0.3688097 0.1532993
1.094419 1.722483 0.8177411 0.1130767 0.3985414 0.1581818
0.8737864 2.533214 0.5926547 0.08628925 0.4545991 0.132229
0.9386679 2.325623 0.6119423 0.09121064 0.4219006 0.1262724
0.9017021 2.276382 0.7464178 0.09321516 0.4639812 0.1771336
1.0523 1.93965 0.6864526 0.1044667 0.3912553 0.1291252
1.063347 1.690126 0.8881134 0.1156213 0.4244822 0.185527
1.021544 1.846778 0.7823883 0.1026719 0.3979224 0.1530311
1.07054 1.818372 0.8205601 0.1084144 0.4000775 0.1622588
1.027927 1.944103 0.7613647 0.09686732 0.3810013 0.1445217
1.040287 1.705305 0.8287918 0.1041499 0.3851394 0.1554642
1.079954 1.835768 0.7396881 0.1033587 0.371133 0.1329755
0.9846646 1.988345 0.7821313 0.1011639 0.4244379 0.166393
0.9960091 1.90447 0.6841896 0.09711931 0.3801313 0.1244775
0.9634993 2.060942 0.7773608 0.09354717 0.4124268 0.1633354
0.9714696 2.121037 0.7327015 0.09530879 0.4185278 0.1546113
1.022154 2.083269 0.7062571 0.09872172 0.4021686 0.1411056
1.10862 1.6548 0.870301 0.1133505 0.3940028 0.1677294
1.204606 1.265846 1.029513 0.1322229 0.394571 0.1876235
1.22392 1.247161 0.9897161 0.1352658 0.3908715 0.1750733
0.9117978 2.221207 0.6803222 0.08513806 0.4007227 0.1362307
0.941677 2.135209 0.7424786 0.09564483 0.4355227 0.1631943
0.9409195 2.392211 0.6423802 0.08988876 0.4313866 0.1386029
1.039431 1.835288 0.7926625 0.1066473 0.407283 0.1588813
1.05765 1.796516 0.7839897 0.103912 0.3822025 0.1462126
1.050056 2.079631 0.6673813 0.09878488 0.3860465 0.1262514
0.9755107 2.027904 0.7086548 0.09592899 0.399639 0.1390629
0.9867644 1.915893 0.6965874 0.09570056 0.3801129 0.1275783
0.9794756 1.864589 0.8332233 0.09848527 0.4064589 0.1700272
1.177239 1.471845 0.9811862 0.1230559 0.3916953 0.1859003
1.01124 1.960645 0.8127987 0.1008482 0.4123151 0.1695859
1.063786 1.773638 0.7981763 0.1063077 0.3886861 0.1514479
0.9682569 2.210832 0.6751589 0.09295495 0.4111306 0.1381033
1.005701 1.974921 0.7423982 0.09746752 0.3931953 0.1446139
1.043871 1.938615 0.7284811 0.1002008 0.3851404 0.1379527
0.8547586 2.937377 0.5189269 0.09102866 0.5429867 0.1346137
0.8465686 2.631384 0.5510353 0.08100591 0.4440952 0.1182823
1.069525 1.793377 0.8172607 0.1090133 0.3987549 0.1599614
0.8679749 2.740864 0.5326993 0.08066016 0.4460722 0.1148814
0.9116725 2.335663 0.6337145 0.08995711 0.4329283 0.1352873
0.9726405 2.201563 0.6856205 0.09409725 0.4136052 0.1412863
1.033386 1.807575 0.8176544 0.1030462 0.3933986 0.1589907
0.8852436 2.565866 0.6583894 0.09016838 0.4878345 0.1621304
0.908146 2.201855 0.7031053 0.08895809 0.4247739 0.1502469
1.153716 1.402918 0.960953 0.1247075 0.3958734 0.1790002
1.022957 2.084711 0.6462177 0.09259633 0.3674274 0.1156262
1.009354 1.850617 0.7980503 0.09862964 0.3888041 0.1538728
1.026877 1.925906 0.7134514 0.1000753 0.3846988 0.1331961
1.180497 1.443935 1.066138 0.1284957 0.4140154 0.2167737
1.254609 1.152405 1.009687 0.1396983 0.3866434 0.1724456
1.040255 1.665036 1.106831 0.1115676 0.4371655 0.2523585
0.9054073 2.396144 0.6866732 0.08702731 0.4386962 0.1528059
1.058584 1.629802 0.8557776 0.1084993 0.3879933 0.1601374
0.8679564 2.452272 0.5815085 0.0822663 0.4250413 0.1208082
1.178543 1.519064 0.7864918 0.1179639 0.3578444 0.1289467
1.030135 1.890369 0.7190458 0.09652756 0.3670762 0.1283061
0.9620587 2.285261 0.6399849 0.08947349 0.4010027 0.1268577
1.068922 1.772734 0.8067752 0.1088235 0.3953161 0.1555353
1.015358 2.009355 0.7080943 0.09734142 0.3916459 0.1368615
0.9421283 2.031641 0.6524633 0.08778488 0.3733466 0.1178051
1.209424 1.368782 0.9850512 0.1305843 0.3945229 0.1827266
1.079357 1.752312 0.8440409 0.111265 0.404377 0.1682493
1.073786 1.730623 1.022215 0.1183311 0.4503691 0.2375239
1.020748 2.07535 0.6253064 0.09729085 0.3867469 0.1163652
1.017427 2.029475 0.7466322 0.1013846 0.4125877 0.1537351
1.104571 1.518797 0.9331816 0.1182337 0.4024823 0.1807781
0.9051893 2.573548 0.6011984 0.08405141 0.4338732 0.129264
0.9717231 2.007343 0.698179 0.09492842 0.3953592 0.1350339
1.056059 1.951381 0.6684823 0.100028 0.3706489 0.1187963
1.227201 1.35987 0.9254068 0.1317972 0.3835303 0.1627941
1.042476 1.704001 0.9543743 0.1085279 0.4151511 0.2004514
0.8266764 2.986444 0.465586 0.08372492 0.5077839 0.1099176
1.093592 1.703779 0.8589656 0.1080828 0.3833048 0.1622334
0.9117658 2.195087 0.736161 0.09194423 0.4394033 0.1639082
1.180752 1.390296 0.9522782 0.1259807 0.3874419 0.1724996
1.183701 1.432014 0.9952423 0.1281015 0.4035175 0.1926578
0.8604593 2.52478 0.6126029 0.07960958 0.4317037 0.1321035
1.074045 1.690506 0.8898119 0.1096167 0.3985517 0.1756965
0.9043661 2.324674 0.6897727 0.08921165 0.4418267 0.1539086
0.958026 2.078721 0.8269679 0.102291 0.4628132 0.1971269
1.125862 1.632536 0.8179533 0.1147311 0.382656 0.149249
1.00072 1.987228 0.7693789 0.09878917 0.4097271 0.1585329
0.8642532 2.688403 0.5301164 0.08522993 0.4658701 0.1186079
1.03443 1.8123 0.8194741 0.1059806 0.4064028 0.1647012
0.9674872 2.20428 0.6644945 0.09582681 0.418905 0.1369912
0.8896642 2.580495 0.5693223 0.08824862 0.4587746 0.127022
0.8610007 2.626437 0.5222471 0.07820674 0.4170765 0.1044664
1.10685 1.811148 0.6710961 0.1022218 0.3462588 0.1092455
1.074064 1.621096 1.029966 0.1186534 0.4394751 0.2294282
1.011384 2.106923 0.6594882 0.09250325 0.3769276 0.1221084
1.035687 2.020613 0.6538986 0.09857509 0.3804211 0.1199283
1.05587 1.816992 0.7607473 0.1013924 0.3744087 0.1388711
1.271403 0.9483554 1.313648 0.152191 0.423509 0.2478281
1.077495 1.834965 0.7929955 0.105527 0.3885068 0.1523123
1.090401 1.774095 0.742214 0.1088696 0.3804601 0.1347359
0.925421 2.515803 0.6101637 0.08897653 0.4453513 0.1348526
0.9214847 2.326006 0.6523299 0.0841716 0.4012068 0.1307417
1.016458 1.808904 0.8518355 0.1011249 0.3969985 0.1693109
0.978936 2.083992 0.828948 0.09987694 0.4430689 0.1900334
1.088861 1.650907 1.035162 0.1172552 0.4311072 0.2279453
1.19913 1.244871 1.167534 0.1350691 0.4158212 0.2314286
0.9478251 2.154709 0.6731449 0.08679362 0.3842743 0.1283642
0.9904474 2.107656 0.6950971 0.09235706 0.3896059 0.1347764
0.9574548 2.237062 0.6564135 0.09059326 0.4066135 0.1324161
1.011489 2.010039 0.7636633 0.1034672 0.4232695 0.1615313
0.9863463 1.833435 0.8213828 0.1002494 0.4046891 0.164972
1.007528 2.002436 0.7124214 0.0970595 0.3898451 0.1365346
1.042774 1.827148 0.7773174 0.1035614 0.3903179 0.1485424
1.321353 1.050724 1.172302 0.1500526 0.398924 0.2090424
1.006069 1.944677 0.8439554 0.1037823 0.4302754 0.1851445
0.9435537 2.338706 0.656337 0.09534824 0.449667 0.147038
0.8431067 2.780381 0.5720661 0.08414877 0.4935229 0.1382868
0.8715793 2.294012 0.7304031 0.0879997 0.4528948 0.1686716
1.07485 1.767197 0.8487943 0.1081813 0.3950618 0.1659928
1.07921 1.604863 0.9696617 0.1157991 0.4182703 0.2016605
1.094846 1.516509 1.029469 0.1172322 0.4121725 0.2102952
0.8793269 2.36405 0.6472836 0.08408355 0.4253509 0.1372066
0.9653392 2.357607 0.5896762 0.09038144 0.407226 0.1169801
0.95574 1.864976 0.9366318 0.1003746 0.4398791 0.2137441
0.8988278 2.34551 0.6464205 0.09196471 0.4544983 0.1456944
0.8830229 2.267961 0.7449987 0.09348108 0.4755318 0.1810359
1.024286 1.918933 0.7742934 0.1016611 0.399906 0.1535915
1.002982 1.883811 0.7537433 0.0986926 0.3906496 0.1444323
0.9654949 2.058355 0.7474929 0.09563939 0.4152245 0.1558403
0.9061665 2.228889 0.725228 0.0926385 0.4477047 0.1640505
1.09431 1.530893 0.9116999 0.1140149 0.3901236 0.1708002
1.092471 1.420194 1.062881 0.1249655 0.4313731 0.2222584
1.003222 1.979304 0.76822 0.1016928 0.4169029 0.1599275
0.9012305 2.489177 0.5758019 0.08375243 0.418752 0.1177444
1.098557 1.450039 1.057696 0.1156306 0.3988189 0.2072707
0.9041362 2.455422 0.5970843 0.0875676 0.4344471 0.1270602
0.9692613 2.060997 0.7295743 0.09558877 0.4110672 0.1496328
0.9151538 2.426411 0.6487022 0.08989388 0.4486293 0.1457913
1.100821 1.399225 1.040175 0.1210188 0.4100679 0.2051092
0.9325296 2.403476 0.6306517 0.09304243 0.4508304 0.1412234
1.022214 1.810825 0.8567968 0.1056619 0.4147407 0.1779229
0.9324967 2.257035 0.6753334 0.09130351 0.4279281 0.1445562
1.086324 1.602382 0.8884915 0.1123362 0.3930532 0.1693953
0.9139721 2.551206 0.6012785 0.0888167 0.4520322 0.1342658
0.9324627 2.4288 0.6056332 0.09248925 0.4444034 0.1320968
0.9901142 1.98507 0.7561243 0.1013442 0.419568 0.1576016
0.930286 2.071694 0.7674178 0.09421461 0.4290929 0.1665246
0.7924244 3.024911 0.4759748 0.08174782 0.5289279 0.1178128
0.9434743 2.316558 0.6553018 0.09021259 0.4240154 0.1390252
1.015845 1.883144 0.7701924 0.1001318 0.3948742 0.1503506
0.940803 2.07232 0.7008038 0.08872061 0.3913082 0.1361954
1.016476 2.013367 0.7387957 0.1021421 0.4115126 0.150585
0.8235024 2.834496 0.5088425 0.08527168 0.5032561 0.12119
1.132657 1.874562 0.7162394 0.1121786 0.3880188 0.1341094
1.122067 1.539901 0.9197113 0.1136629 0.3799435 0.1688839
1.117293 1.62492 0.8761607 0.1157088 0.3947619 0.167852
1.166634 1.204144 1.059252 0.1318305 0.4035452 0.1951007
0.9615956 2.222183 0.7225074 0.09388847 0.427332 0.1565308
0.8868504 2.639051 0.5386388 0.08132575 0.4302668 0.1125226
1.104187 1.580262 0.8939152 0.1162096 0.3977153 0.1714936
0.9113188 2.385853 0.6218494 0.08984475 0.4363051 0.1334907
0.8961434 2.499355 0.569901 0.08661036 0.4341812 0.1199619
1.005749 2.1267 0.690203 0.09589875 0.3991976 0.1367066
0.9824474 2.081851 0.7400732 0.0976035 0.4173286 0.1548452
1.127565 1.503406 0.9601202 0.1202935 0.4022541 0.1868943
0.9537306 1.991458 0.7950902 0.08965586 0.3901749 0.1575809
0.967955 2.022374 0.8317654 0.101154 0.4439733 0.1890992
1.012277 2.184969 0.7335227 0.1058957 0.4501312 0.1657952
1.203926 1.170996 1.129395 0.1382532 0.4125781 0.2142151
0.8736694 2.713503 0.5260452 0.0815309 0.4425842 0.1120205
1.093015 1.630237 0.8702545 0.1122664 0.391151 0.1651232
0.8713647 2.632044 0.5717255 0.08938871 0.4865241 0.1358696
1.008374 1.765719 0.8692692 0.1028205 0.4037104 0.174946
1.145332 1.372852 1.089802 0.1225564 0.4003614 0.211832
1.160459 1.434113 0.9404432 0.1231302 0.3895896 0.1729807
0.9688761 1.951741 0.9560691 0.1059612 0.4714148 0.2370265
0.975417 2.192703 0.6965003 0.0955802 0.42019 0.146289
0.8539654 2.515755 0.6533473 0.09095186 0.5003372 0.1637382
1.036782 1.894125 0.7829766 0.1052158 0.4069444 0.1576003
1.073742 1.604503 0.8691353 0.1100036 0.3876993 0.1626513
0.9968191 2.024508 0.772275 0.09689884 0.4035877 0.1569725
1.000122 2.006609 0.7267082 0.09939194 0.404008 0.1446741
1.05512 1.911672 0.7490949 0.1045197 0.3946784 0.1450752
1.101277 1.75014 0.8240395 0.1096133 0.3872141 0.1565593
1.302363 0.9613905 1.119539 0.1538961 0.4041082 0.1924968
1.039102 1.901451 0.8323606 0.1052432 0.4142145 0.1739825
0.9872658 1.909971 0.7891933 0.1009741 0.4144344 0.1627351
0.9614417 2.149413 0.6682134 0.08852345 0.3861585 0.1278118
0.8953122 2.392724 0.5886511 0.08453506 0.415001 0.1191479
1.136688 1.461959 0.9082183 0.1174572 0.3783551 0.1619982
0.8401975 2.784804 0.562045 0.08633955 0.5047805 0.1378183
0.9972631 2.041265 0.7659422 0.1004798 0.4216823 0.1625016
0.8918686 2.532097 0.6218231 0.09104243 0.4736649 0.1457732
0.8651063 2.420212 0.6864085 0.0881623 0.4729528 0.1648992
1.231113 1.281613 0.9433206 0.132951 0.3797759 0.1615219
0.8939972 2.522477 0.5902784 0.08954257 0.4596961 0.1329039
1.013618 1.999641 0.6645399 0.09551671 0.3744089 0.1201107
0.9812692 2.266887 0.6289317 0.08850637 0.3855933 0.1195907
1.054807 1.630702 0.9091933 0.1098336 0.3992369 0.1777606
1.082884 1.483749 0.9264871 0.1165669 0.3993299 0.1758449
1.00342 2.070382 0.7245579 0.09692474 0.401747 0.1451673
0.9669008 2.225914 0.6954009 0.09259823 0.4138348 0.1443706
0.8698189 2.66099 0.5682505 0.08221953 0.4451284 0.1233401
1.111057 1.668903 0.7917382 0.1104817 0.3724557 0.1403886
0.9798649 2.01687 0.7803269 0.09870016 0.4190067 0.1645925
1.083492 1.624749 0.9227916 0.1153096 0.4119864 0.1871486
1.159685 1.376929 0.9557902 0.1246946 0.3898443 0.1737281
0.8901282 2.516444 0.5749811 0.08914365 0.456606 0.1277633
0.8495765 2.532064 0.5910978 0.07885113 0.4251101 0.1236235
0.9972543 1.941798 0.8805697 0.1039771 0.438269 0.1986554
1.005117 1.763406 0.8383975 0.1023435 0.3999987 0.1655214
1.035616 1.785963 0.8769938 0.1066282 0.4111348 0.1807134
0.8680869 2.56431 0.555619 0.08301935 0.4398565 0.1186476
0.955707 2.173785 0.6825612 0.09422142 0.4171026 0.1409773
1.123178 1.542418 0.919028 0.1191904 0.3988968 0.1764767
1.225003 1.383023 1.039593 0.1323334 0.4012151 0.2000839
1.061642 1.856917 0.750756 0.1027328 0.3798719 0.1392077
1.066274 1.874584 0.7293132 0.1061175 0.3918451 0.1386028
0.930133 2.460172 0.5518358 0.08435445 0.4045841 0.1082942
1.059849 1.801862 0.9280163 0.1139844 0.4405909 0.2088624
1.013863 1.868575 0.8859216 0.1099094 0.447312 0.2017011
1.106912 1.474268 0.9618207 0.1189604 0.4010524 0.1849634
1.012946 1.74644 0.8958755 0.1047911 0.4102571 0.1839127
0.9568384 2.285893 0.6658934 0.08784818 0.4024575 0.1344951
0.9931587 2.085226 0.6602593 0.09538119 0.3908802 0.125483
1.050562 1.909087 0.7510201 0.09752648 0.3721569 0.1385927
0.9036485 2.567393 0.4992523 0.07971045 0.391864 0.09259483
1.10851 1.314856 1.124741 0.128673 0.4332071 0.2337877
1.130445 1.675156 0.7672593 0.1120731 0.367823 0.1330766
0.82015 2.783316 0.5793946 0.08355455 0.5109955 0.1460434
1.061345 1.770373 0.8741441 0.1016817 0.3783254 0.1658998
1.032782 2.019623 0.7141483 0.09892363 0.3913098 0.138117
1.281758 1.01191 1.253201 0.1505551 0.4173066 0.2354788
1.214286 1.090848 1.240615 0.1426861 0.4238469 0.2422186
0.8928737 2.400828 0.6427006 0.08513078 0.4283126 0.1372845
1.177602 1.550404 0.7729262 0.1175167 0.3592482 0.127697
1.076336 1.815416 0.7515199 0.1065871 0.3831661 0.139088
0.9577959 2.115885 0.7703272 0.09919107 0.4453871 0.1742635
0.8863026 2.50696 0.6344805 0.09093579 0.4772418 0.1508407
1.007023 1.928964 0.698679 0.09552172 0.3749225 0.1271074
0.8788921 2.375581 0.6887579 0.08583759 0.4444613 0.1552241
0.9835232 1.972503 0.8668886 0.1074537 0.4622364 0.2056106
1.000125 1.962316 0.7534799 0.09892113 0.4036672 0.1511812
1.137165 1.620095 0.8237707 0.1128936 0.3703903 0.145531
1.113595 1.452904 1.137603 0.123404 0.4283603 0.2437752
1.041741 1.992895 0.7418503 0.1027357 0.4064469 0.1502005
1.005226 1.996449 0.7081159 0.09934943 0.400494 0.1390005
1.042748 1.746272 0.9565622 0.1053441 0.4072477 0.199118
0.8786182 2.590325 0.555784 0.08197833 0.4349468 0.1182394
1.135536 1.334357 1.13443 0.1265876 0.4181141 0.2300872
0.9274189 2.328388 0.7087199 0.09915662 0.484363 0.1739504
0.9814129 2.038668 0.7485763 0.09973926 0.4235616 0.1585009
1.022632 1.922847 0.7417536 0.1020915 0.3995018 0.1453574
0.8894372 2.35392 0.6384986 0.08603094 0.4275185 0.1353178
1.150391 1.567089 0.8875582 0.1223571 0.4003499 0.1704627
1.085879 1.726068 0.8900055 0.1163444 0.4215607 0.1860086
1.019186 2.13264 0.6862559 0.0972875 0.3980024 0.1350847
1.249652 1.094607 1.135437 0.1383304 0.3895863 0.1992367
0.8331465 2.753952 0.5529876 0.0830477 0.4839088 0.1298112
0.9618631 2.057201 0.7797528 0.0977348 0.4299491 0.169871
0.8930279 2.600748 0.5695028 0.08117581 0.4235341 0.118313
0.9260553 2.047285 0.8426578 0.09343405 0.433262 0.1887353
1.100006 1.523499 0.9523713 0.1153544 0.3959924 0.1830484
0.9950315 1.900391 0.7862164 0.09873737 0.3996027 0.156181
1.033196 1.813065 0.8193967 0.104329 0.3999924 0.1622053
0.9703536 2.046119 0.7560176 0.09587318 0.4115312 0.1560994
1.07519 1.891237 0.7856299 0.1077724 0.4030798 0.1571264
0.8971984 2.334788 0.6893342 0.09258376 0.4651359 0.1617388
0.9084267 2.58791 0.4954327 0.07727036 0.3799311 0.0895218
1.078867 1.574735 0.8869395 0.1107729 0.3865238 0.1651867
0.9430732 2.215895 0.7103567 0.09435649 0.4354823 0.1557488
0.9923533 2.05519 0.6931008 0.09816827 0.4073834 0.1388471
0.9342791 2.333908 0.6288779 0.09031253 0.4251158 0.1321111
0.934188 2.477565 0.5326084 0.08831966 0.4164382 0.1058081
1.011849 1.82221 0.8435882 0.1019862 0.4033128 0.1701291
0.9324119 2.47972 0.586972 0.09207262 0.4491633 0.1291425
1.017431 1.876201 0.8243648 0.104368 0.4150706 0.1712564
1.243817 1.185326 1.042258 0.1412243 0.4009705 0.1881559
0.8335145 2.88567 0.494555 0.08367557 0.4992506 0.117073
1.091346 2.043604 0.6757986 0.1036161 0.3840508 0.1265656
1.006589 1.991069 0.7498383 0.09884821 0.402646 0.1503593
1.046614 1.945776 0.7743142 0.1085388 0.4225833 0.1625564
0.9680915 1.746743 0.9644908 0.1062259 0.446408 0.219847
0.9353778 2.291655 0.6384598 0.08519692 0.3943131 0.1248492
1.203063 1.403328 0.8255767 0.1249792 0.3654707 0.1357573
0.9822219 2.166258 0.6850516 0.1003266 0.4357962 0.1481186
0.9280935 2.604763 0.5058254 0.08653789 0.4208152 0.1007594
0.9034842 2.468596 0.6373032 0.08811036 0.4451177 0.1411875
1.067469 1.79867 0.8033161 0.1064952 0.389587 0.1534044
1.264206 1.201599 1.063085 0.1381816 0.3888955 0.1890736
1.007632 1.983939 0.8558703 0.1001175 0.4198616 0.1853013
0.957842 2.255028 0.5942055 0.08535961 0.3740486 0.1078816
0.8190472 2.682422 0.5389237 0.07926674 0.4576891 0.1190722
1.080017 1.604263 0.9019937 0.1115647 0.3931115 0.1725782
1.166317 1.276709 1.148686 0.1330174 0.4227899 0.2321287
0.905125 2.239417 0.7080979 0.08664004 0.4191171 0.1501333
0.8217953 2.804489 0.5800742 0.08338793 0.5101252 0.1457376
1.142792 1.565375 0.9407996 0.117948 0.3927155 0.1806082
0.995027 1.965543 0.8065204 0.09548154 0.3964978 0.1621806
0.9016393 2.329892 0.7024792 0.09095844 0.4562429 0.1627127
1.127436 1.464379 0.9703299 0.1186721 0.391614 0.1824236
1.055485 1.802834 0.7998854 0.1073774 0.4003049 0.157132
1.160355 1.320711 1.141508 0.128697 0.4145303 0.2290135
0.8815845 2.400913 0.6413097 0.08635776 0.4402298 0.1404594
0.928208 2.272854 0.7086346 0.09040331 0.4315856 0.155039
1.066363 1.759557 0.8372767 0.1075879 0.3942237 0.1625611
1.052106 1.523254 0.9802198 0.1128277 0.4078403 0.1952667
0.995429 1.918848 0.7745032 0.09807718 0.3962085 0.1521835
0.9612988 2.205141 0.6838572 0.09224916 0.4142711 0.1418222
0.9678139 2.01141 0.7977681 0.09643542 0.4150891 0.1675554
1.254174 0.9429253 1.423906 0.1544893 0.4452742 0.2893679
1.034011 1.692431 0.8460259 0.1024677 0.3814849 0.1578971
0.9497347 2.199202 0.7258238 0.0959219 0.4394401 0.161106
1.029642 1.771386 0.833824 0.102519 0.3916415 0.1615627
0.9860614 2.00529 0.7169908 0.1000847 0.4126518 0.1451817
1.114941 1.588519 1.043478 0.1201735 0.4250475 0.224244
1.071711 1.679748 0.991068 0.1116563 0.4140589 0.2082021
0.9595663 2.208599 0.7081345 0.09360613 0.4212924 0.1499329
1.087675 1.833031 0.7574977 0.106715 0.3830431 0.1411635
1.028308 1.734804 0.7752645 0.1006109 0.373188 0.1392495
0.9351422 2.27858 0.6623209 0.09071882 0.4215716 0.1387901
1.004029 2.091587 0.6557711 0.09495394 0.3859744 0.1232572
1.057742 1.805052 0.7302892 0.1044273 0.3787732 0.1323656
0.9582731 2.040734 0.7924163 0.09812499 0.4338911 0.1747525
0.9426978 1.917906 0.858272 0.0931314 0.4061739 0.1776139
1.103269 1.46716 0.9998088 0.1197587 0.408834 0.1979963
1.080922 1.750096 0.8450301 0.1070954 0.3875671 0.1619078
0.8730562 2.446227 0.6889065 0.08801805 0.4716865 0.1655002
1.039319 1.964512 0.7125767 0.1025021 0.3942819 0.1370078
0.9428687 2.104529 0.8005108 0.09965562 0.4569112 0.1871456
1.045334 1.930675 0.7321017 0.1043358 0.398338 0.1425702
1.041435 1.998436 0.6623331 0.1008821 0.3848965 0.1226282
0.993151 2.040797 0.7719166 0.10119 0.4292901 0.1673178
0.9417448 2.142539 0.8207066 0.09951738 0.4673235 0.1988872
0.9457206 2.306233 0.6221149 0.09308659 0.4245871 0.1291526
1.007895 2.144099 0.7287282 0.09857182 0.4161749 0.1524824
0.9790211 2.085429 0.7263752 0.09512996 0.407836 0.1483108
0.9467553 2.155918 0.7659011 0.09374086 0.4307968 0.1687144
1.155728 1.494782 0.87288 0.1227474 0.3882364 0.1585085
0.9850463 2.186257 0.6862906 0.09271354 0.4015537 0.1376581
1.053723 1.838993 0.8069407 0.1050515 0.3964748 0.1585419
0.9607107 2.141707 0.7435106 0.1015449 0.455404 0.1707412
0.9102587 2.319454 0.6521604 0.08966418 0.4343903 0.1408699
1.069445 1.863459 0.8062608 0.1070798 0.4008058 0.160638
0.8919108 2.568115 0.5892552 0.08681969 0.4542206 0.1317404
1.087315 1.684962 0.9584351 0.1167364 0.4262355 0.2055716
1.053142 1.71693 0.8888665 0.110411 0.4130382 0.1824271
0.9480082 1.941201 0.8864522 0.09664577 0.4281685 0.1958581
1.036261 1.85994 0.7449677 0.1014037 0.3814283 0.1378956
0.9548579 2.141529 0.7000293 0.09466295 0.4193482 0.146082
0.9364532 2.485123 0.606809 0.09610249 0.4710706 0.1408864
1.03729 1.83781 0.7428272 0.1024567 0.3852022 0.1385848
1.087046 1.49968 1.007481 0.1166403 0.4096512 0.2025734
0.830148 2.808729 0.5268495 0.07889885 0.467064 0.118805
1.218759 0.9368051 1.284999 0.1481523 0.4275901 0.2418199
1.029834 1.920296 0.7931463 0.1031353 0.4077748 0.1617713
0.9770671 2.167158 0.6944201 0.09495172 0.4122799 0.1425917
1.090475 1.706261 0.9238794 0.1134518 0.4119109 0.1908316
1.015647 1.989649 0.7362257 0.09910362 0.3989308 0.145721
1.37769 0.7392195 1.30355 0.1747634 0.4313102 0.2294834
0.9999619 2.012559 0.7426385 0.09935429 0.4082697 0.1507167
1.057887 1.861329 0.7406967 0.1020411 0.3789601 0.1368168
0.9619267 2.079557 0.7618555 0.09273275 0.4068167 0.1568922
1.004584 1.910102 0.7560248 0.09712893 0.3874259 0.1446993
0.8811233 2.254759 0.6792074 0.08148694 0.4029816 0.137589
1.230202 0.9717219 1.093685 0.1435789 0.3974645 0.1844008
1.065169 1.661782 0.8807883 0.1105953 0.4003921 0.1727011
1.096114 1.492489 0.8811861 0.1150079 0.383623 0.1585889
0.982355 1.799297 0.9030576 0.1047446 0.4311547 0.1967823
1.046586 1.558387 0.9815511 0.1136933 0.4181743 0.2021881
1.025637 1.730175 0.9021436 0.1074356 0.4161686 0.1879503
0.9593364 2.157703 0.6560441 0.08945012 0.3871865 0.1246553
1.194766 1.14252 1.158631 0.1417327 0.4268572 0.2266712
1.01785 1.687264 1.056642 0.1138177 0.4563375 0.2492934
1.044895 1.839427 0.8176803 0.1080734 0.4141423 0.1681638
0.9254995 2.391093 0.663734 0.09030377 0.4412369 0.1470693
1.02534 1.978143 0.7000569 0.1001927 0.3917433 0.1336244
0.8909691 2.45617 0.544802 0.08136192 0.4007951 0.104923
0.9955615 2.162283 0.7542867 0.09971339 0.4378408 0.1686518
1.009897 1.829861 0.8731681 0.1028525 0.4123084 0.1819454
1.11983 1.541257 0.8962528 0.1170209 0.3896487 0.1669203
1.193747 1.310834 1.028727 0.1313048 0.3998816 0.1924101
0.9343904 2.358025 0.6611903 0.08994406 0.4261419 0.1405143
1.368872 0.851221 1.204167 0.1626668 0.4034575 0.2029718
1.05741 1.596099 0.8625315 0.107892 0.3838744 0.159084
1.055438 1.811452 0.8439952 0.10669 0.4051963 0.1710958
1.053996 1.745679 0.8721021 0.1097805 0.4126606 0.179089
0.9705971 1.893384 0.9520839 0.1054349 0.4605194 0.2288041
1.126151 1.682955 0.8609205 0.1136196 0.3906818 0.1651297
0.9385095 2.15278 0.7159795 0.09185415 0.4176787 0.1500899
0.9673115 1.982819 0.8062357 0.095551 0.4123483 0.1689241
0.8691156 2.69524 0.5282706 0.08287091 0.4522368 0.1150855
1.020122 1.911708 0.735746 0.1006705 0.3921686 0.1410167
1.007448 1.990744 0.6909303 0.09727021 0.3867513 0.1300176
0.9308472 2.390928 0.6392101 0.09146093 0.4430413 0.1411157
1.246352 0.9777057 1.288174 0.1534237 0.4382282 0.2525121
1.021131 1.96681 0.7278944 0.1021907 0.4039714 0.1443685
0.8867439 2.589762 0.5784999 0.08771118 0.4585087 0.1293427
0.9933502 1.962059 0.758724 0.09628099 0.3940046 0.1487881
1.203545 1.299911 1.031864 0.1296886 0.3900679 0.1880497
1.128759 1.453483 0.9927867 0.1245936 0.4140346 0.1978015
0.9557989 1.962779 0.8237145 0.1012133 0.4430798 0.1852377
0.9788737 2.146652 0.6543168 0.09173388 0.3891968 0.1249009
0.9621888 2.315327 0.6481375 0.0914101 0.41579 0.13387
0.9733572 2.111209 0.7014858 0.09612764 0.4120264 0.1431362
1.077028 1.796287 0.799978 0.1075582 0.3906264 0.1531621
0.9807448 2.114954 0.7023361 0.09626608 0.4132723 0.1444635
1.099417 1.628119 0.8364125 0.1148972 0.3934942 0.1572962
0.9143712 2.344863 0.7324218 0.09602686 0.478123 0.1786742
1.196733 1.328686 0.973407 0.1302962 0.3920816 0.1764602
0.9693111 2.036637 0.7019805 0.09534488 0.4048419 0.1401312
1.219985 1.203233 1.084782 0.1383633 0.4065977 0.2024697
1.052635 1.761467 0.8072831 0.1100342 0.4070602 0.1600027
1.22126 1.216288 1.113533 0.132899 0.3927394 0.2039277
1.072572 1.872299 0.7251497 0.1039328 0.3781988 0.1327191
0.9162531 2.183606 0.8361685 0.09661878 0.4712651 0.2054315
1.147936 1.509165 0.8709585 0.1208582 0.3855267 0.1575312
1.115621 1.4728 0.9769712 0.1216315 0.4098987 0.193072
1.075511 1.692483 0.9465407 0.1118369 0.4120037 0.1963008
0.8934422 2.632062 0.5632729 0.08779897 0.4580791 0.125097
0.8563408 2.600442 0.5770029 0.08412259 0.4606276 0.1301681
0.9226334 2.205107 0.6811046 0.08963596 0.4173771 0.1417481
0.9074118 2.220024 0.7033227 0.08960787 0.4313692 0.1529124
1.1149 1.581973 0.933663 0.1183628 0.4058691 0.1851606
0.9629187 1.896662 1.015866 0.1020978 0.4553972 0.2458202
1.002631 2.087485 0.6955678 0.09886245 0.4084513 0.1401409
1.052081 1.581881 1.093327 0.1150422 0.4352295 0.2431741
0.9195088 2.481418 0.5904947 0.08490751 0.4183998 0.1215945
1.016973 1.809064 0.8633198 0.1035867 0.4086383 0.1770811
1.14739 1.546148 0.8492969 0.1197909 0.3853777 0.1542097
1.091362 1.53384 0.9612296 0.1155238 0.401601 0.1881026
0.9837704 2.124619 0.7306135 0.09587898 0.4130251 0.1516622
0.9235838 2.607949 0.4977995 0.077285 0.3774 0.08965608
1.039605 1.939164 0.7623397 0.1012395 0.3932325 0.1487738
1.208395 1.315445 1.091648 0.1316791 0.4023333 0.2097839
0.9604941 2.317095 0.5812154 0.09084698 0.4053895 0.1139118
0.9510617 2.183488 0.7193689 0.09457024 0.4303952 0.1561214
1.191487 1.207707 1.126997 0.1399655 0.4262061 0.2228466
1.056965 1.928267 0.8089087 0.1070016 0.4151522 0.1689366
0.9718461 2.11895 0.7418852 0.09333192 0.4071603 0.1524465
0.9859334 1.937565 0.7557086 0.09718367 0.3991483 0.1494945
0.8002412 2.831279 0.5711645 0.0825803 0.5192157 0.1450846
1.176261 1.383765 0.9081517 0.1247915 0.3802342 0.1589066
0.9508655 2.437052 0.5409094 0.08440854 0.3868308 0.1005389
1.015175 2.050239 0.7030637 0.09467485 0.3834151 0.1335948
1.047297 1.712201 0.8750966 0.1084587 0.4046359 0.1748918
0.9154744 2.450347 0.5360245 0.08618131 0.4137366 0.1060577
1.237279 1.360876 0.9854522 0.1332968 0.3914491 0.1806198
1.105374 1.603922 1.005231 0.1186574 0.4210022 0.2123102
0.9980005 2.064052 0.7493931 0.09833372 0.4145063 0.1563579
0.80803 2.790511 0.6039684 0.0859929 0.5412443 0.1626734
0.9451576 2.062201 0.7013743 0.0908134 0.3962704 0.1374251
1.137153 1.693277 0.7911669 0.1112868 0.3690563 0.139942
1.020116 1.919484 0.7435802 0.0974412 0.3808035 0.1393504
1.035251 1.531772 1.035786 0.1076247 0.40163 0.2076715
0.9349441 2.213068 0.6561803 0.08901347 0.4049077 0.1312553
1.151238 1.667212 0.8106498 0.1168853 0.3846134 0.1495267
0.9987516 1.929436 0.840288 0.1039758 0.4314708 0.1840097
1.023695 1.902541 0.7390379 0.09917517 0.3841543 0.1389734
0.8894779 2.370198 0.6274866 0.08585449 0.4270589 0.1324137
1.050669 1.776424 0.8509248 0.1053709 0.397091 0.168203
0.9845172 2.110343 0.6573189 0.09222694 0.3848504 0.1236874
1.037859 1.723392 0.8695406 0.1006572 0.3772129 0.1626631
1.030357 1.820625 0.8443886 0.1035357 0.4010088 0.1691597
1.116705 1.676266 0.8230487 0.1119557 0.3798783 0.1506579
1.216 1.215733 1.10111 0.1358625 0.4040354 0.2066852
1.043624 1.920941 0.7098004 0.1003186 0.379788 0.130948
1.276556 1.144351 1.129982 0.1469653 0.4113013 0.2119423
1.183898 1.385438 0.9242414 0.1254381 0.3816894 0.1633831
0.8680494 2.553246 0.5784722 0.08500763 0.4494579 0.1267934
0.8713288 2.518036 0.599173 0.08392271 0.4462146 0.1322901
0.871334 2.414368 0.58531 0.08157023 0.4102203 0.1167445
1.066996 1.680466 0.7880966 0.106278 0.3747947 0.1408847
0.9488557 2.261252 0.6632041 0.0925029 0.4221122 0.1390278
1.180755 1.522717 0.7736183 0.119734 0.3628835 0.1280952
1.006762 1.848338 0.8246744 0.1040566 0.4150651 0.1704987
0.9503615 2.129515 0.733719 0.09412427 0.4243428 0.1571636
1.147904 1.537189 1.024803 0.1234038 0.4141491 0.2104717
0.871298 2.583717 0.5525109 0.08024962 0.4209911 0.1126449
0.9773836 2.110205 0.7736917 0.09664337 0.4251638 0.167854
1.023144 2.057134 0.6690785 0.09292868 0.3696883 0.1213396
0.9783531 2.114842 0.7763256 0.09647662 0.4238382 0.167958
1.068097 1.709889 0.8476248 0.1056835 0.3811041 0.1582659
1.236771 1.259312 0.9577753 0.1380421 0.392828 0.1688895
1.044052 1.833191 0.8039927 0.107688 0.4088308 0.161947
0.9790625 1.880015 0.935267 0.1035946 0.4447883 0.2160204
0.9520178 2.247373 0.6622033 0.08990891 0.4070847 0.1340646
1.018401 1.770124 0.9367022 0.1073522 0.4251442 0.2022157
0.9318715 2.271503 0.6395238 0.08572226 0.3946266 0.1246971
0.8885004 2.438529 0.6802955 0.08933768 0.4648441 0.1599664
0.9205039 2.480248 0.6085002 0.08852977 0.4405628 0.1327615
0.9905712 2.026172 0.7403642 0.09914855 0.4127679 0.1519554
1.01583 1.979293 0.7381282 0.1002362 0.4018358 0.1467931
0.9538885 2.025695 0.7538443 0.09249385 0.4016197 0.1517627
0.8922148 2.35721 0.6393816 0.08189461 0.4039962 0.1283897
1.136743 1.554369 0.9927234 0.117972 0.3998893 0.1969023
0.8560898 2.634955 0.5248452 0.07996869 0.4311505 0.1085002
0.9796148 2.104959 0.7372362 0.09520937 0.4127844 0.1534882
1.09374 1.745937 0.8553215 0.1115035 0.4003098 0.1693958
0.9546076 2.162015 0.7090656 0.09638253 0.4319325 0.1531766
1.000195 1.879067 0.854268 0.1034939 0.4220725 0.1820899
0.8787728 2.450026 0.6483993 0.0883532 0.4594651 0.1486791
1.085318 1.795076 0.7172134 0.1055065 0.3685934 0.1255624
0.9082893 2.425278 0.6304252 0.08911274 0.4451284 0.139559
0.8307499 2.947033 0.4974461 0.08088083 0.4869424 0.1144849
1.02425 2.068641 0.6903254 0.09823871 0.3954147 0.1345926
0.9315505 2.231434 0.6900313 0.09029362 0.4176855 0.1440243
1.154401 1.695258 0.8384734 0.1161494 0.3871409 0.1582705
0.8916693 2.76017 0.5142301 0.08443675 0.4537057 0.1116494
0.9048901 2.566235 0.5960528 0.08678474 0.4453008 0.1307434
0.8381829 2.584448 0.6788053 0.09207073 0.531374 0.1824325
0.9977997 2.016383 0.7647654 0.09974365 0.4172402 0.1604935
0.9749318 2.1925 0.7283164 0.09916483 0.4435121 0.1633959
1.044275 1.619164 0.8966519 0.1031772 0.3765354 0.1652915
1.211991 1.362185 0.929574 0.1282893 0.3808291 0.1635601
0.8429651 2.480239 0.6844273 0.09224562 0.5107524 0.1760342
1.146607 1.624294 0.829327 0.118323 0.3866298 0.1527931
0.991388 2.035944 0.8388475 0.1013719 0.4392002 0.1902373
0.9355176 2.29144 0.6303045 0.09251313 0.427461 0.1322162
0.9814079 1.92248 0.9174212 0.105998 0.4567755 0.2171995
0.8075783 2.442616 0.7214596 0.07989773 0.4638743 0.1719853
0.9686376 2.189 0.7653366 0.09742282 0.4434303 0.1740876
1.184118 1.406407 1.104023 0.1283117 0.4103143 0.2223849
0.9825426 1.885356 0.824088 0.09885616 0.408044 0.1688076
1.05706 1.593904 0.8464676 0.1100001 0.3899043 0.1573313
1.077696 1.667193 0.9604297 0.1071766 0.3904674 0.188941
0.9001477 2.699155 0.5076658 0.08621116 0.45047 0.109004
1.029819 1.701681 0.9149004 0.1043461 0.398149 0.1820889
1.273847 1.202471 1.031108 0.141653 0.3937144 0.183743
0.9446487 2.394586 0.5701052 0.08790514 0.4061424 0.112126
1.024502 1.990775 0.7113832 0.1007149 0.3984335 0.1391268
1.023249 1.911261 0.7379335 0.1011798 0.3939961 0.1423047
1.035702 1.796457 0.7639455 0.1016247 0.3780636 0.1396746
0.908483 2.367011 0.5555736 0.08354916 0.3915833 0.1040583
0.9772162 1.942818 0.7354124 0.09421107 0.3863562 0.1397954
0.9574986 2.379599 0.5886906 0.09238537 0.4199178 0.1199286
0.8704939 2.419952 0.5824187 0.08557181 0.4364654 0.1236406
0.8845076 2.314555 0.646476 0.08255949 0.4077263 0.1309823
1.134004 1.803783 0.7607612 0.1106694 0.3775294 0.1391816
0.889966 2.334631 0.6517046 0.08677835 0.4294991 0.1390713
0.9260011 2.428924 0.5997929 0.08857912 0.4261496 0.1253101
1.093174 1.87712 0.7636098 0.1052161 0.3812702 0.1433035
0.9403006 2.108657 0.7006243 0.09147313 0.4065484 0.1413421
0.9757428 2.21545 0.6478304 0.09464051 0.4150557 0.1326564
0.9229373 2.358014 0.6386059 0.08784038 0.4224321 0.134142
0.9797819 2.002797 0.7866341 0.1004317 0.4278351 0.1697007
0.790591 3.120707 0.4354512 0.07579777 0.4889166 0.09719098
0.9912743 2.029404 0.7346566 0.09542886 0.3966567 0.1451989
0.9799591 1.921099 0.800287 0.1013195 0.4226983 0.1692853
0.9710415 2.180669 0.7231438 0.0940781 0.4194111 0.1534427
1.159724 1.421331 0.9628491 0.125284 0.3985462 0.1817743
1.063184 1.904909 0.7400463 0.1055909 0.3936916 0.1422581
0.9154408 2.234676 0.7010312 0.09151485 0.4362224 0.1536832
1.003114 1.94108 0.7826751 0.0980103 0.3969961 0.1552788
0.9703171 2.046624 0.7552149 0.09795797 0.4218241 0.1597437
1.006743 1.708051 0.9578106 0.1082453 0.4309134 0.2089239
0.9183117 2.55625 0.5328225 0.08820189 0.4326155 0.1101649
0.9774243 1.949483 0.7600284 0.09359299 0.3889902 0.1473322
1.003325 1.900667 0.8654709 0.1055493 0.4369828 0.192942
0.8837184 2.778847 0.5414145 0.09124466 0.5054479 0.1321131
1.02752 2.104249 0.7500387 0.1018249 0.4186272 0.1580843
0.9168953 2.372344 0.6081427 0.08751329 0.4195427 0.1251811
1.054549 1.855498 0.7270516 0.1055916 0.3876674 0.1353986
0.9618563 2.174798 0.6866736 0.09441969 0.4155263 0.1415277
0.943442 2.261145 0.6304242 0.09082024 0.4125678 0.1276485
0.8244312 2.944593 0.45802 0.08206262 0.4909762 0.1042488
0.9341572 2.405839 0.6118443 0.08504533 0.4002195 0.1204622
0.895899 2.281489 0.6732776 0.08766095 0.4281417 0.1439794
0.9838963 2.136324 0.6874747 0.09485478 0.4061737 0.1386644
1.316343 1.034655 1.09501 0.1519812 0.3983213 0.1894113
1.109131 1.750294 0.7998251 0.1116721 0.3888297 0.151057
1.261059 1.150715 1.145502 0.1434296 0.408153 0.2148743
1.016503 1.902707 0.8563718 0.1057237 0.4289948 0.186598
1.199934 1.174639 1.116684 0.138019 0.4132457 0.2118728
0.9531297 2.417316 0.6465443 0.0912852 0.4348049 0.140773
1.0403 1.875635 0.8816147 0.1084263 0.4278917 0.191955
0.983565 1.846123 0.9303307 0.103716 0.4399848 0.2116662
1.069779 1.68618 0.9714523 0.1147851 0.4288796 0.2109388
1.229362 1.226076 1.117278 0.135538 0.3988956 0.2081752
1.00981 1.902966 0.8615441 0.09990042 0.4085845 0.1799035
0.9749096 2.166517 0.6346608 0.09434845 0.402644 0.1243094
1.011493 2.061331 0.6971036 0.09678631 0.3940533 0.1356502
1.181236 1.551264 0.9275037 0.1190075 0.3800798 0.1714273
1.134277 1.422826 0.995385 0.1227854 0.401378 0.1908443
0.9348032 2.407857 0.6091997 0.09071356 0.4283601 0.1277672
0.8988075 2.242676 0.6857159 0.08809645 0.427418 0.1469071
1.022908 2.027619 0.7170214 0.09850628 0.3949721 0.1402287
1.104858 1.605904 0.9316 0.1143854 0.3971478 0.1818024
0.9544348 2.080181 0.7298404 0.09391942 0.4115596 0.1500797
0.9949585 2.076864 0.6740662 0.09270234 0.3810904 0.126055
0.9731913 2.319861 0.6131368 0.09200747 0.4092548 0.1229525
1.00891 1.979316 0.7970037 0.101723 0.4193613 0.1689153
0.9689922 2.154608 0.6905471 0.0935245 0.4088849 0.1405627
1.042287 2.09641 0.6794461 0.09948344 0.3947249 0.1320619
0.9475447 2.339186 0.5551889 0.08730465 0.3925147 0.104394
0.9976117 1.980864 0.778671 0.09778224 0.4052507 0.1588285
1.06801 1.719808 0.877919 0.1118079 0.4114243 0.178921
0.9531378 2.279608 0.6676782 0.09565479 0.4375793 0.1452011
1.145298 1.551045 0.9260751 0.1203723 0.3973758 0.1782527
1.11933 1.38098 1.003367 0.1200103 0.3941805 0.1875962
1.041498 1.93487 0.7240416 0.1007769 0.3868646 0.137225
0.8333415 2.815935 0.4960023 0.07810389 0.4523191 0.1064697
0.8953897 2.307349 0.6635829 0.08899377 0.4375502 0.1446839
0.9187291 2.188728 0.6903641 0.09374856 0.4393602 0.1512063
0.9685243 2.06977 0.7228658 0.09197416 0.3945247 0.1423522
1.0541 1.78177 0.797068 0.1051908 0.3879811 0.1509622
0.9900076 2.035256 0.7543025 0.09498031 0.3980206 0.1507431
1.052908 1.854514 0.9129028 0.1122025 0.4400606 0.2057753
1.071003 1.585553 1.03655 0.1166955 0.4280183 0.2232919
0.8791913 2.594978 0.5593995 0.08957039 0.4761742 0.1293835
0.9311209 2.287403 0.67522 0.08690952 0.4099659 0.1391143
0.944922 2.25803 0.6946754 0.09648372 0.4491142 0.1566725
0.8672717 2.527894 0.5942733 0.08158476 0.4327507 0.1267949
0.9918659 2.081256 0.7416737 0.09618444 0.4079453 0.1521856
0.9487614 2.348583 0.6640008 0.09307794 0.4397211 0.1464652
0.9957006 1.966955 0.7547755 0.09874287 0.4064741 0.1528238
1.225767 1.045837 1.247249 0.1361491 0.3943334 0.2241699
1.097391 1.436106 0.9443913 0.1177762 0.3957598 0.1768288
0.9163792 2.266631 0.713354 0.09200202 0.4457291 0.1611797
0.9809644 1.896668 0.8493006 0.09795346 0.4106924 0.1773357
0.9188306 2.485311 0.5335268 0.08341402 0.3988784 0.1017788
1.165223 1.291238 1.065499 0.1295306 0.4055217 0.202924
0.9978428 2.142412 0.7311414 0.09514037 0.4084095 0.1510657
1.205648 1.168724 1.097529 0.1341281 0.3961918 0.1985773
1.007051 1.788094 0.8167129 0.1019802 0.3975025 0.1596917
0.9870224 2.29065 0.6516729 0.09531476 0.4205868 0.1359966
0.9559164 2.238906 0.6839634 0.09413039 0.4302397 0.147558
0.9536249 2.54068 0.5009258 0.08622997 0.3953537 0.09312285
1.008249 2.027853 0.6478063 0.09353841 0.3692519 0.1152474
1.008421 1.93876 0.794352 0.09879245 0.3998402 0.1594153
1.129351 1.557445 0.9950658 0.1199439 0.4091612 0.201502
0.9938981 2.094848 0.7177169 0.09643639 0.4067697 0.1457688
1.263197 1.180079 1.058725 0.1403756 0.3931774 0.1885123
0.9260707 2.450931 0.6151583 0.08557411 0.4182178 0.1277017
1.045571 1.453149 1.098605 0.1127997 0.4148136 0.2267422
1.088752 1.783165 0.9001805 0.1124958 0.4150007 0.1885079
0.8887834 2.243836 0.7519888 0.08838577 0.4434533 0.1711163
1.025262 1.909774 0.8221623 0.1032394 0.4127069 0.1711845
1.106227 1.615123 0.8733516 0.1112197 0.3803703 0.1609182
1.109443 1.573945 0.8607223 0.1128845 0.3799386 0.1562429
1.029506 2.001436 0.606347 0.09277215 0.3487539 0.09977981
0.962208 2.105111 0.7064188 0.09026446 0.394462 0.1393956
1.046981 1.652032 0.8986983 0.1062596 0.3934564 0.17458
0.9050952 2.673623 0.5495846 0.08806567 0.4664257 0.1249812
1.096547 1.789542 0.8024153 0.1103337 0.3932202 0.1545042
0.9353914 2.364924 0.6726179 0.09525741 0.4572653 0.1540616
1.10976 1.573315 0.9953511 0.1187538 0.4150519 0.2053414
0.8560594 2.658435 0.5482314 0.08559581 0.4733869 0.1257023
0.9640492 1.856331 0.8630751 0.09683415 0.4076917 0.1780009
1.010972 1.833222 0.8632255 0.1024094 0.4105896 0.1790251
0.8923813 2.179958 0.8219581 0.09771036 0.4916772 0.2102427
1.018383 1.809767 0.797163 0.1011193 0.3893507 0.1523718
0.9823757 2.294446 0.5627015 0.08874428 0.3809988 0.1029426
1.117959 1.639092 0.9112241 0.1140837 0.3929569 0.176294
0.9714689 2.332353 0.5749862 0.09197667 0.4020253 0.1110082
0.9818413 1.984979 0.7965163 0.09792924 0.4143538 0.1668257
1.166482 1.348077 1.0547 0.13061 0.413344 0.2071882
1.072241 1.784577 0.8617831 0.107655 0.3994962 0.1721819
0.9842679 2.348336 0.6037962 0.09483698 0.4206817 0.1241872
1.039257 1.790048 0.8829933 0.1091345 0.4237381 0.1884671
1.107204 1.588945 0.9197441 0.1155227 0.3984235 0.1789087
0.9739407 1.834635 0.9825904 0.1039926 0.4456636 0.2280286
1.035344 1.811162 0.8572858 0.1028962 0.3966787 0.1704672
0.9282306 2.272705 0.6465884 0.08924027 0.4181672 0.134082
0.9538811 2.227433 0.6495797 0.09152348 0.4127714 0.132748
1.132489 1.696125 0.7556883 0.1104306 0.3636474 0.1299885
0.9159809 2.453675 0.6227874 0.08964443 0.4438262 0.1368705
0.9974338 2.065663 0.6700367 0.09984428 0.4089847 0.1333041
1.005061 2.047198 0.7201174 0.09748719 0.4021178 0.1440681
0.8956084 2.193845 0.7315598 0.09017087 0.439304 0.1628482
1.02171 1.82735 0.7749723 0.1028036 0.3956337 0.1498593
1.245897 1.241209 0.975717 0.1356664 0.3827742 0.1681487
0.8387595 2.832891 0.5337291 0.0794888 0.4663514 0.1200568
1.103777 1.531937 0.9840801 0.1144648 0.3945068 0.1905756
0.8870214 2.557132 0.5562542 0.08885855 0.4625669 0.1248065
0.9837015 2.007105 0.7516763 0.1015874 0.4274339 0.1600382
0.9202729 2.127686 0.7420369 0.08663767 0.4017087 0.1511515
0.9515575 2.107214 0.6869331 0.0928289 0.4049463 0.1371199
1.019989 1.937385 0.7484792 0.1000456 0.3959904 0.1465079
0.934483 2.264275 0.6663322 0.08885122 0.4145465 0.1380116
0.8527067 2.606437 0.5305012 0.0814636 0.4410649 0.1125012
0.9058039 2.164095 0.7168774 0.0909645 0.4305537 0.1548531
1.010036 2.028802 0.7297598 0.1012792 0.412458 0.149101
0.9838126 2.130296 0.6837455 0.0979091 0.4171998 0.1408113
0.8818562 2.433571 0.6013192 0.08607307 0.4340983 0.1276473
0.9460794 2.073993 0.7412467 0.09134696 0.4040102 0.1503356
1.001142 1.916268 0.7953115 0.09853353 0.3990231 0.1587256
0.9324226 2.472705 0.5671095 0.08506226 0.4067625 0.1122086
1.059414 1.950655 0.7124512 0.1026988 0.387127 0.1346557
0.950988 2.169947 0.6671431 0.09064771 0.4013525 0.1322525
0.9078513 2.334882 0.7368299 0.09576284 0.4824295 0.1820536
0.8612197 2.420015 0.640856 0.0865543 0.4531675 0.1441597
0.9682603 2.205729 0.6860047 0.09251348 0.4159005 0.1435062
1.110576 1.601276 0.9222016 0.11607 0.4009185 0.1811562
1.055058 1.487899 1.066735 0.1157749 0.4226317 0.2237011
0.9794474 2.078829 0.6817446 0.09503453 0.3978259 0.132926
0.8840046 2.671725 0.5663779 0.08156179 0.4402616 0.1223998
0.9294914 2.290312 0.6865969 0.09081893 0.429681 0.1480765
1.111827 1.4752 0.9305631 0.119551 0.3976447 0.1755654
1.043668 1.730276 0.8743782 0.1080911 0.406925 0.1763597
1.163121 1.446448 0.9210239 0.1236725 0.3901125 0.169137
1.127242 1.649154 0.7849719 0.111431 0.3684625 0.1370535
0.9348361 2.18005 0.6972303 0.0933243 0.4290203 0.1495441
0.9379325 2.343328 0.6231174 0.08637834 0.4031149 0.1241399
1.054228 1.796856 0.8127709 0.1035083 0.3858046 0.1547329
0.9649199 2.279331 0.6798038 0.09250042 0.4190224 0.1427027
0.9299419 2.315084 0.6594255 0.09044835 0.4288508 0.1410522
1.129613 1.590557 0.8444252 0.1178225 0.3882496 0.1556104
0.9922886 1.892804 0.8073402 0.1027176 0.4183412 0.1682429
0.9945532 2.13475 0.6199539 0.09251012 0.3792272 0.1134271
1.086463 1.815763 0.7991533 0.1126471 0.4098282 0.1608314
0.9894445 1.984349 0.7060254 0.0950027 0.3871122 0.1339702
0.980182 1.928625 0.8027347 0.0952812 0.3987137 0.1614507
1.047673 1.707772 0.8949315 0.1081168 0.4048568 0.1800258
0.9789978 2.183443 0.6361164 0.09503149 0.4053665 0.1255866
1.050228 1.70363 0.919125 0.1099511 0.4126544 0.1894342
0.9767758 2.198721 0.6652298 0.0915908 0.3997402 0.1320817
0.9655123 2.064573 0.7139688 0.09030932 0.3864438 0.1373163
1.062979 1.938903 0.7367999 0.1030126 0.3875948 0.1403405
0.9552592 2.128998 0.6975146 0.09106197 0.4001954 0.1389105
0.9963278 1.807313 0.8645035 0.1025441 0.4132073 0.179215
0.9683553 2.167139 0.6305808 0.09343755 0.4002263 0.1224892
0.9858747 2.107643 0.6713346 0.09231083 0.3870376 0.1278779
0.9257679 2.324504 0.6923137 0.09466345 0.4581331 0.1598606
1.281957 1.193116 0.9674612 0.1398076 0.377858 0.1616242
0.9646033 1.979123 0.7771255 0.09520423 0.4072883 0.1590062
0.9661133 2.206524 0.6799561 0.09272822 0.4090917 0.1382808
1.008905 1.970137 0.729233 0.1011666 0.4063379 0.1457736
1.105246 1.610468 0.8382977 0.1133647 0.383599 0.1533297
0.9068414 2.162066 0.7210469 0.09023607 0.4266254 0.1546111
0.9967503 1.897023 0.7398152 0.09643804 0.3818841 0.138024
0.9582806 2.068155 0.8456431 0.09911622 0.4478501 0.1961493
1.147164 1.348911 0.952564 0.1241689 0.3896674 0.1715132
0.787128 3.010429 0.4967481 0.0763867 0.4991824 0.1176421
0.8647207 2.49289 0.6204432 0.08223571 0.4355537 0.1341601
0.9760089 2.009236 0.776303 0.09724841 0.4159809 0.1629052
0.9401133 2.199593 0.701074 0.09499217 0.4351926 0.1525271
0.9480629 1.962425 0.8065719 0.09507651 0.4143954 0.1688003
0.9973792 1.904908 0.8196743 0.09820141 0.4001021 0.1650007
1.019323 1.865673 0.84086 0.09912317 0.3928154 0.1665591
1.137216 1.711412 0.7409634 0.1111681 0.3649976 0.1276194
0.8969343 2.605796 0.5186672 0.08634628 0.4421902 0.109556
1.072094 1.876463 0.8050763 0.105081 0.3951909 0.1590656
0.8699856 2.586575 0.6508996 0.08197205 0.449395 0.1475746
1.113184 1.48801 0.9670098 0.1180898 0.397859 0.1856938
0.9852754 1.863864 0.814764 0.09855811 0.4016759 0.1632387
1.0022 2.121401 0.6748686 0.09565363 0.396824 0.1319551
0.953749 2.129145 0.6754992 0.09357665 0.4088328 0.1358466
1.09404 1.586552 0.9453208 0.1161426 0.4071697 0.1888448
0.90964 2.148108 0.7571069 0.09474183 0.4501973 0.1727743
1.061777 1.706682 0.8694282 0.1094177 0.4017272 0.172163
0.9107914 2.472709 0.6464467 0.08790034 0.4455537 0.1445342
0.9732753 1.954566 0.757947 0.09669563 0.4030257 0.151484
1.23084 1.360371 0.9673839 0.1304769 0.3828598 0.1726033
1.026255 1.618228 1.089714 0.1115305 0.4366597 0.2449235
0.9137235 2.242673 0.6968305 0.09174902 0.4380163 0.1530907
1.08149 1.727287 0.8245192 0.1060678 0.3779277 0.15228
1.071874 1.586492 1.055994 0.1180549 0.4360946 0.2333113
0.9137054 2.34163 0.6406976 0.08797175 0.4235099 0.1344486
0.9987714 1.994559 0.8009179 0.1031428 0.4315042 0.1747764
0.9050908 2.510551 0.5844815 0.09095082 0.4602658 0.1315741
1.132228 1.486626 0.9634369 0.120348 0.3987473 0.1852656
0.9536307 2.033578 0.8400688 0.09828964 0.4407096 0.1906388
0.8834926 2.377112 0.6022277 0.08309579 0.4143243 0.1224548
0.9194178 2.304555 0.6243226 0.08792357 0.412895 0.1265124
1.117966 1.646107 0.8209975 0.1165052 0.3920967 0.1535294
1.213338 1.072171 1.156084 0.142513 0.4148807 0.2146314
0.8774705 2.59118 0.6169236 0.09299262 0.4987491 0.1517355
0.9173956 2.463942 0.6334957 0.09146458 0.4616573 0.1462834
1.170869 1.314826 1.14626 0.1350715 0.4320458 0.2389967
0.9615029 2.001946 0.7996952 0.09652739 0.4213093 0.1711155
1.028173 1.713382 0.9835964 0.1051007 0.410692 0.2065839
0.9942768 2.195375 0.63512 0.09641437 0.4086912 0.1268684
1.242922 1.139089 1.310314 0.148088 0.4404124 0.2742697
1.055883 1.694325 0.8215516 0.1070139 0.3865074 0.1534354
1.042136 1.637769 0.9790254 0.1096455 0.414612 0.2041021
0.7297355 3.199871 0.4786135 0.0775947 0.5755032 0.1285018
1.001316 1.956182 0.739681 0.09644551 0.3878465 0.1416239
1.050591 1.82498 0.8026222 0.1005033 0.3797269 0.1513965
0.9440816 2.118554 0.7642835 0.09921744 0.4507378 0.1743133
1.004035 1.86844 0.7636946 0.1004676 0.3943239 0.1472208
0.9358902 2.454321 0.6175724 0.09481467 0.4595056 0.1399566
1.034412 1.917668 0.8201968 0.1043054 0.4120252 0.1701279
0.9820506 2.442741 0.600322 0.0952254 0.4373934 0.1291978
0.8582166 2.668962 0.5041469 0.08179055 0.4413413 0.1056008
0.8486337 2.708606 0.5488046 0.0854652 0.4834724 0.1285495
0.9735275 2.115932 0.7925008 0.09848836 0.4377188 0.1778176
1.182846 1.548883 0.8799513 0.1230622 0.3873049 0.1624212
1.131836 1.42138 1.066594 0.1236405 0.4125171 0.214624
1.013277 2.045296 0.7161309 0.09420858 0.3825692 0.1363083
1.057044 1.778835 0.8294936 0.10505 0.3916154 0.1607962
1.002928 2.112071 0.6037459 0.09054054 0.3634943 0.1052004
1.152086 1.362894 1.146663 0.1297905 0.4281613 0.2410798
0.8954456 2.159289 0.7162896 0.08292637 0.3960598 0.143252
1.056404 1.945374 0.6932322 0.1025641 0.3814246 0.1274838
1.105806 1.767806 0.7584147 0.106857 0.371142 0.1358108
1.092617 1.837203 0.7679977 0.1056331 0.3781065 0.141988
1.29272 1.052392 1.121877 0.1502754 0.4053455 0.2002104
0.9984064 1.977011 0.7894478 0.1017386 0.4216599 0.1673705
0.895839 2.4818 0.5505145 0.08423653 0.4211024 0.1120248
0.885765 2.61743 0.5271316 0.0843765 0.4366638 0.1100997
0.9397837 2.186382 0.6940264 0.09203894 0.4193067 0.1453234
1.021664 2.037265 0.688827 0.09823421 0.3925054 0.1326747
1.066304 1.644324 0.8818312 0.1092789 0.3928536 0.1692056
1.074416 1.672541 0.9135526 0.1130745 0.4102056 0.1855276
0.8573007 2.678585 0.5204326 0.07721238 0.4204266 0.1051279
0.9911149 2.039781 0.7065698 0.09571859 0.3972196 0.1387363
1.044372 1.943742 0.7152342 0.1013609 0.3857572 0.1344838
0.8824564 2.411915 0.6282148 0.08928777 0.4541066 0.1409064
1.101686 1.717734 0.8116247 0.1096948 0.3808236 0.1497289
0.9878089 2.206154 0.6496361 0.09311692 0.3978094 0.1271715
0.9343077 2.352112 0.6097949 0.08622938 0.4039575 0.1212161
0.98249 2.188507 0.7053623 0.0965235 0.4263725 0.151503
1.053042 1.762562 0.7628501 0.1051998 0.3828208 0.1403307
0.858475 2.609922 0.5724431 0.08975108 0.4932932 0.1377944
0.9348423 2.350791 0.6512762 0.08804157 0.4198687 0.1368826
1.043982 1.874577 0.6720391 0.1030791 0.3775345 0.1196914
1.127875 1.336842 1.046873 0.1210758 0.3941456 0.1959316
0.8605065 2.40669 0.7008185 0.08886266 0.4777776 0.1703932
1.141062 1.429291 1.070894 0.1256858 0.4171654 0.2183955
0.9464019 2.255815 0.6892713 0.09230744 0.4277476 0.1482526
1.073802 1.827229 0.7477272 0.1076862 0.390905 0.1414008
1.037163 1.787578 0.8332061 0.1052385 0.4013043 0.1656238
0.9565254 2.013326 0.7171247 0.09270482 0.3949654 0.1397527
0.9867338 1.775825 0.8897474 0.09907711 0.4023593 0.1806044
1.023895 1.993672 0.7114387 0.09965362 0.3947085 0.1380171
0.9309385 2.156835 0.6741236 0.09060269 0.4095245 0.1363462
1.187388 1.424122 0.9129433 0.1249698 0.3815621 0.1624219
