2.124117 0.6333987 3.356602 0.3255366 0.6263816 1.091908
1.849396 1.439096 1.971882 0.2528589 0.5986658 0.6772102
2.031612 0.8323631 2.6396 0.2931167 0.5834443 0.804781
2.147862 0.7814215 2.80955 0.3339782 0.6337329 0.9300464
2.087893 0.9856858 2.604947 0.2812261 0.5575368 0.7950278
2.22951 0.3431417 3.556525 0.3481526 0.6165166 1.030755
2.070409 0.8753626 2.651686 0.3082828 0.6097274 0.8587822
1.693644 1.808665 1.648655 0.2134343 0.5851717 0.5647699
1.876409 1.306071 2.04381 0.2390764 0.5414058 0.6227775
1.637625 1.833739 1.664953 0.1912605 0.5442399 0.5337333
1.688437 1.699319 1.621442 0.2135351 0.5700461 0.5320549
2.205927 0.4094768 3.731612 0.3424538 0.623513 1.138972
2.005375 0.7833362 3.06325 0.299638 0.6156219 1.00635
1.753517 1.505849 2.041122 0.2455052 0.6279917 0.7507942
1.755206 1.625796 1.726278 0.2282049 0.5818779 0.5792396
1.758546 1.556496 1.88946 0.2300623 0.583505 0.6402554
1.972018 0.8203397 3.517745 0.3128681 0.6783963 1.339375
1.493996 2.159546 1.567283 0.2140777 0.7265779 0.6763145
2.147276 0.591797 3.513362 0.3344096 0.6380119 1.160856
2.474842 0.01415975 5.00764 0.4581134 0.7540986 1.697437
1.971672 0.9230156 2.579865 0.2913536 0.6077291 0.8398358
1.974974 1.042373 2.240671 0.2593379 0.5349134 0.6430306
1.584023 2.041515 1.257278 0.1984516 0.5914543 0.4207477
1.929689 1.265363 2.081562 0.2489149 0.5452068 0.6353863
1.919971 1.136671 2.357412 0.2751952 0.6053309 0.7952727
1.713446 1.523652 1.871361 0.2327389 0.6014508 0.6483555
2.785505 -0.2083583 3.914262 0.4978473 0.6826403 0.9966228
1.777512 1.59645 1.767748 0.247912 0.6237954 0.6350679
1.650269 1.774084 1.880982 0.2614851 0.7529783 0.8468071
2.211779 0.4760995 3.411342 0.371961 0.6774606 1.136266
2.216919 0.6631557 3.192707 0.3405631 0.6254201 1.033389
1.746575 1.487543 2.115501 0.2351104 0.6035905 0.7518778
2.044628 0.7352592 3.10469 0.2993228 0.5988063 0.9807754
2.048534 0.8947568 2.793867 0.2928159 0.591326 0.8956549
2.095572 0.8590133 2.846032 0.3156098 0.6230196 0.9542315
1.880076 1.304905 2.139474 0.2451584 0.5592721 0.6802824
1.769235 1.487466 1.821036 0.2497561 0.6179154 0.6395501
2.005915 1.030365 2.405289 0.2746854 0.5649105 0.7382939
1.924488 1.363727 1.803059 0.2386455 0.5204173 0.5185571
1.9931 0.9498028 2.421401 0.2712412 0.5522266 0.7101772
2.089223 0.8384107 2.935803 0.2850444 0.5595532 0.8836485
2.188648 0.5922941 3.500612 0.3201682 0.5943466 1.073217
2.247397 0.5398843 2.934039 0.3423261 0.5985446 0.8482559
2.705083 -0.157912 3.976789 0.5055361 0.7229249 1.109281
1.887338 1.060043 2.619464 0.2601542 0.5815228 0.8532437
2.285164 0.3296283 3.426827 0.3470202 0.5923632 0.9375588
1.945432 1.298592 2.001157 0.2523768 0.5483817 0.6126937
2.282124 0.5603262 2.994673 0.3338662 0.5762956 0.8444092
2.016142 0.8415225 3.013775 0.2941601 0.6056825 0.9906455
1.783741 1.675984 1.738262 0.234321 0.5963411 0.6030541
1.880312 1.216065 2.244656 0.2411069 0.5431021 0.6873493
2.499387 0.1898412 3.68322 0.4429152 0.6990203 1.146934
2.033257 0.9104986 2.6111 0.2837619 0.5708033 0.7973781
2.23897 0.4311446 4.015277 0.3586962 0.6552837 1.326364
1.825429 1.271804 2.403755 0.265413 0.6361235 0.8860715
1.98766 1.182672 2.172563 0.2639584 0.5552521 0.6671159
2.497336 -0.1172705 5.065297 0.4811535 0.7792921 1.675933
1.997647 0.8119025 2.827401 0.2908373 0.5943042 0.8883368
2.249919 0.5302841 3.247076 0.3424862 0.6073298 0.9753388
1.745909 1.615177 1.630115 0.225534 0.5700734 0.5276968
1.661286 1.880826 1.559347 0.2137282 0.6039309 0.5491353
1.981374 1.14622 2.28252 0.2840781 0.6035164 0.7637527
2.30372 0.3788948 3.352941 0.3646982 0.6230583 0.9812179
1.989645 0.9505918 2.638828 0.2864285 0.5962738 0.8548257
1.776817 1.527576 1.858233 0.2505725 0.6264213 0.6704536
1.969592 0.9331965 2.90504 0.2972402 0.6360412 1.023776
1.960546 1.183015 2.448483 0.2666363 0.5821119 0.811832
1.922675 1.339183 1.869056 0.2521621 0.5537651 0.5740295
1.216746 3.156709 0.8444762 0.2393741 1.160667 0.5021814
1.811725 1.458406 1.966469 0.2586853 0.6289585 0.7110753
2.043147 0.9320315 2.72192 0.2903204 0.588844 0.8726721
1.845562 1.436113 1.82965 0.2550439 0.5964225 0.6140794
2.892653 -0.2258752 3.802548 0.5146284 0.676157 0.9447013
2.070666 0.9564287 2.509771 0.294263 0.5833233 0.7863786
2.340648 0.09518154 5.018977 0.4367522 0.7677131 1.798471
1.940943 1.144586 2.310347 0.2752078 0.5977039 0.7679833
2.082898 0.9345473 2.428413 0.2787183 0.5400859 0.6926774
2.089041 0.7100402 3.176706 0.3191202 0.6263701 1.046142
2.249301 0.5479304 2.818226 0.3380617 0.5857629 0.789575
1.538917 2.241049 1.326356 0.2241979 0.7331165 0.5595462
1.462317 2.389715 1.138883 0.1854312 0.6450604 0.4128966
2.429092 0.08306423 4.362009 0.4351398 0.7173975 1.394448
1.735881 1.647163 1.63797 0.2142799 0.5476687 0.512614
2.474061 0.1803626 3.514612 0.3804037 0.5910543 0.9052281
2.131913 0.8456092 2.558407 0.2943277 0.5545354 0.7388397
2.184347 0.7073074 2.791742 0.3040461 0.5530383 0.7834406
1.832798 1.348306 2.14644 0.2722476 0.6493918 0.8000893
2.280615 0.4308826 3.107878 0.3532626 0.6054584 0.8844559
1.875049 1.167562 2.492339 0.2678024 0.6140295 0.8729804
2.125699 0.5170005 3.602263 0.3374166 0.6454866 1.17617
1.925127 0.8914396 3.062282 0.2716177 0.5916134 1.003503
2.150007 0.7056722 2.941893 0.3182644 0.5970895 0.9037454
1.816713 1.291502 2.169254 0.2435745 0.5756188 0.7096883
1.872923 1.197108 2.472951 0.2545375 0.5852182 0.8302512
2.396818 0.3189355 3.647454 0.383741 0.6339374 1.082771
2.246131 0.6080988 3.010039 0.338552 0.6012452 0.9043274
2.241588 0.4081054 3.575501 0.3591455 0.6408739 1.108885
2.115504 0.9107196 2.297264 0.2938286 0.5552264 0.6603939
1.904378 1.136317 2.333719 0.2817143 0.6249953 0.8107189
2.082111 0.7370781 3.214673 0.3185992 0.6323521 1.083256
1.785679 1.285255 2.403087 0.2395627 0.5856944 0.8186013
1.93335 1.184428 2.132992 0.2646805 0.5725775 0.6731368
1.934843 1.30363 1.981623 0.2531904 0.5535252 0.6119525
2.345319 0.6473176 2.600815 0.3448529 0.5736176 0.7256107
2.142847 0.6135784 3.316588 0.3274928 0.6214527 1.059985
1.584578 1.956664 1.502395 0.2422173 0.7333461 0.6410792
1.88121 1.14927 2.380878 0.2639524 0.5949184 0.7947939
1.972777 1.008976 2.669537 0.2879521 0.6137725 0.9085375
2.040671 1.075464 2.141223 0.2717619 0.5420475 0.6205579
2.503757 0.08638687 3.653641 0.4400693 0.682721 1.054581
2.353499 0.3162713 4.170287 0.3853279 0.6645823 1.348407
2.376568 0.02071057 5.080492 0.4532866 0.7814329 1.798888
2.007147 1.033826 2.561614 0.2906898 0.608405 0.8629717
2.487768 0.1170841 3.978449 0.4331126 0.6877221 1.204458
1.952665 1.034756 2.536177 0.2704654 0.5777499 0.8077215
1.699276 1.666683 1.809985 0.2276482 0.6117488 0.6489722
2.280628 0.2998949 3.688526 0.3880924 0.6780341 1.168574
2.516558 -0.05976443 4.38221 0.4472892 0.7002325 1.277235
3.03899 -0.6558138 4.951274 0.6831148 0.890914 1.41826
2.598935 -0.2089832 4.223089 0.4902831 0.7336798 1.184912
2.32926 0.234024 3.570732 0.3934661 0.66303 1.064079
1.935827 1.021293 2.766423 0.2785106 0.6096488 0.9467257
2.459432 0.0759693 4.072261 0.4213824 0.6749184 1.194968
2.108147 0.7058231 2.803278 0.3067548 0.5811218 0.8274369
2.267031 0.4955267 3.432352 0.3631641 0.6446811 1.096307
1.672106 1.629984 1.793587 0.2326988 0.6290791 0.6553686
2.090926 0.8196484 2.439226 0.2975241 0.5652831 0.7024789
1.672057 1.736328 1.820023 0.2411553 0.6732763 0.725307
1.936884 1.02123 2.521798 0.2738638 0.5883865 0.8134212
1.818206 1.299672 2.246449 0.2485121 0.5919646 0.7629627
1.897271 1.017972 2.765457 0.2697678 0.6017608 0.9336117
2.394735 0.2760463 3.45497 0.379109 0.6178895 0.9693854
1.527087 2.075321 1.502159 0.2481334 0.8034148 0.7067026
1.927352 1.22135 2.393781 0.2662428 0.5953239 0.8158164
1.874296 1.232336 2.198903 0.2442599 0.5517246 0.6817914
1.895554 1.129526 2.245134 0.2430213 0.5302983 0.6533805
2.330648 0.07157995 4.529898 0.3884159 0.6652202 1.347053
1.836457 1.128621 2.224298 0.2417859 0.5455131 0.6650793
1.807178 1.302401 2.328858 0.2663065 0.6466451 0.8727606
2.421501 0.09189319 4.197692 0.4042707 0.660382 1.224946
2.388067 0.4667332 3.089335 0.3670978 0.6018891 0.8825215
2.485249 0.04676327 4.265561 0.4319702 0.6875769 1.272061
2.027248 0.8245219 3.071208 0.3038435 0.6234124 1.0381
2.212612 0.4741341 3.183735 0.3423461 0.6110703 0.9363735
2.495703 0.1307332 3.861191 0.4349856 0.6860985 1.162451
2.038281 0.7971086 3.030767 0.3047401 0.6172767 1.002027
2.055062 0.8072713 3.168358 0.3040062 0.6156628 1.059591
1.853182 1.266663 2.217307 0.2602355 0.6037853 0.7602839
1.581448 1.93437 1.58707 0.2294017 0.6968636 0.6499359
1.800732 1.488513 1.801763 0.2396445 0.5782761 0.5900538
1.795117 1.359281 2.01775 0.2344118 0.5613534 0.6426241
1.546915 2.012059 1.427135 0.2064853 0.639489 0.527866
1.51727 2.122045 1.411986 0.2300724 0.7502532 0.6149584
2.341893 0.3948714 3.735 0.3865722 0.6655585 1.211227
1.656282 1.799362 1.783071 0.2528241 0.7224899 0.7639909
1.726558 1.322624 2.293775 0.253171 0.643958 0.8560922
1.245873 3.13082 0.79855 0.1995238 0.9298482 0.3785801
1.718303 1.645513 1.598588 0.2226867 0.5739093 0.5207954
2.17167 0.7226116 2.931194 0.3251764 0.6061578 0.9189107
2.380512 0.6504472 2.474185 0.3425675 0.5555949 0.6601929
2.042406 1.103672 2.010804 0.2581865 0.5083541 0.5410692
2.682688 -0.02324702 3.961847 0.4620328 0.6681744 1.087718
1.785482 1.546093 1.952899 0.2355297 0.5906705 0.6737708
2.033734 0.951767 2.495752 0.2715324 0.5441809 0.7277293
1.860564 1.196527 2.107177 0.2556306 0.5739066 0.6651109
1.74922 1.541201 1.943069 0.2294903 0.5870674 0.666062
2.611679 0.1306949 3.452314 0.4519629 0.6684599 0.9791166
1.860691 1.382877 1.800511 0.2616135 0.5977188 0.5961439
1.720487 1.818131 1.600407 0.226779 0.6114784 0.5691889
1.818173 1.281307 2.242342 0.23915 0.5655316 0.7243907
2.166034 0.6677431 3.003654 0.3335988 0.6212886 0.9520603
2.559544 0.02535897 3.252006 0.4326208 0.6366542 0.818684
1.978744 0.7046361 3.12889 0.3171445 0.6576659 1.076195
2.016396 1.030185 2.434507 0.2768718 0.5687724 0.7562974
2.233279 0.8161128 2.550333 0.3226709 0.5791833 0.7608989
2.242077 0.1543959 4.611944 0.3901799 0.7062639 1.519289
1.998958 0.7701418 3.108631 0.3058467 0.6328637 1.052004
1.878542 1.51253 1.849721 0.2262954 0.5268633 0.5598628
1.384527 2.765616 0.9853191 0.216893 0.8591874 0.4575066
1.869666 1.021166 3.123625 0.286816 0.6667779 1.204436
1.858017 1.084188 2.672882 0.2722254 0.6263352 0.9485206
1.94223 0.9930243 2.636323 0.257 0.5485151 0.7949528
1.757598 1.623736 1.837776 0.2438516 0.628737 0.6741836
2.239777 0.5227686 3.303985 0.349324 0.6250556 1.023847
1.978314 0.9536954 2.576971 0.2849203 0.5948207 0.8290935
1.90363 1.033865 2.57369 0.2599795 0.5702197 0.8115494
1.978546 1.041274 2.378538 0.26361 0.5492431 0.7113438
1.86756 1.196398 2.543764 0.2657579 0.6168837 0.9046251
1.753119 1.743089 1.576794 0.2214552 0.5721643 0.5186124
2.471316 -0.03888945 4.527392 0.4283754 0.686415 1.320192
2.512362 -0.02920018 3.830483 0.443068 0.6816266 1.05904
2.156923 0.6182618 3.31985 0.3249676 0.6116038 1.044041
1.632391 1.900401 1.617872 0.2336698 0.684004 0.6514169
2.327777 0.3425244 3.510017 0.3598296 0.6073987 0.9962432
2.072599 0.9437731 2.45777 0.289158 0.56882 0.7448391
2.074477 0.6741724 3.27628 0.2995233 0.5880443 1.007148
1.831534 1.347354 1.917395 0.2359352 0.5464335 0.5856014
2.079239 0.8107288 2.798698 0.3147802 0.6192852 0.9145155
1.76619 1.561025 1.764034 0.2484599 0.6237159 0.6294979
2.30913 0.3552136 4.048166 0.3916988 0.6909296 1.372137
2.369421 0.6821766 2.273503 0.3259236 0.5230008 0.5637496
2.255249 0.6069155 2.799159 0.3342331 0.5820948 0.7964794
2.274349 0.4893515 2.959369 0.3517487 0.6038592 0.8462801
1.937405 1.169001 2.425981 0.2750056 0.6071419 0.8348141
1.697303 1.740143 1.573134 0.2263209 0.6051587 0.5464167
2.011533 1.067816 2.336659 0.2653736 0.5445909 0.6947804
1.941659 1.053926 2.299689 0.2847361 0.6066046 0.7547922
2.639427 -0.00939994 4.250693 0.4773015 0.7140969 1.283783
1.697532 1.894193 1.439088 0.2121734 0.5799286 0.4792328
1.820161 1.233478 2.339385 0.2405035 0.566004 0.7549886
1.8099 1.375163 2.259388 0.2552011 0.624089 0.8241856
2.377997 0.278016 3.362787 0.3636988 0.5911802 0.8941131
1.492119 2.115025 1.33501 0.175824 0.5729386 0.4417793
1.760354 1.25958 2.378905 0.26105 0.6466837 0.8868019
1.708322 1.779035 1.580169 0.2124092 0.568734 0.5198461
2.147622 0.7570416 2.992096 0.3265769 0.6222684 0.9797277
1.716922 1.362024 2.219281 0.2263816 0.5768329 0.7426491
1.977884 0.9770525 3.049697 0.291768 0.6311158 1.092914
1.897858 1.272663 2.094529 0.2647796 0.5942913 0.6981939
2.044001 0.9528269 2.226604 0.2812603 0.5504264 0.6366697
2.087471 0.8481469 2.748697 0.2953588 0.5775535 0.8438414
1.90954 1.14435 2.345498 0.261704 0.5771851 0.7549262
2.062566 1.079331 2.283198 0.2901647 0.5825213 0.7235945
1.783215 1.630944 1.749319 0.2470594 0.6231797 0.629462
1.768241 1.308652 2.511913 0.2448382 0.6128429 0.9076147
2.057168 0.9530507 2.611211 0.2846034 0.5705467 0.8081756
2.046319 0.8418804 3.050762 0.3183025 0.6502281 1.079802
2.444612 0.1151264 3.998719 0.4333017 0.7017954 1.236725
1.987513 0.8604046 2.744432 0.2804276 0.5766924 0.8437033
2.34483 0.3031601 3.687091 0.369587 0.6225841 1.070562
1.818911 1.206759 2.619815 0.2668705 0.6421441 0.9792212
1.727658 1.757176 1.492547 0.2267155 0.5914641 0.5015917
1.930728 0.8721066 2.861055 0.3000796 0.6467823 1.001547
1.683114 1.882459 1.394479 0.2053838 0.5600851 0.4447776
1.324951 3.077836 0.8345723 0.2300154 1.003273 0.4313613
2.551032 -0.1614551 5.102576 0.5018846 0.7949925 1.689879
2.277651 0.5067915 3.148543 0.352637 0.6133893 0.9389997
1.962359 0.7326612 3.040632 0.2889467 0.6011132 0.9604303
1.780284 1.522879 1.999198 0.2291065 0.5762391 0.6758864
1.781161 1.211026 2.382335 0.2501944 0.6036748 0.8194656
1.586918 1.837165 1.828736 0.2452887 0.7427554 0.8136068
1.884364 1.435429 1.974366 0.2716532 0.6328432 0.7162066
2.018459 1.054268 2.120645 0.2733278 0.5481713 0.6156991
1.50099 2.179601 1.254975 0.1984334 0.6473811 0.4623618
2.096031 0.6956235 3.09807 0.3005736 0.5806248 0.934714
1.84276 1.118045 2.508032 0.2669898 0.617008 0.871956
1.884278 1.318209 1.951709 0.2364208 0.5285455 0.5747437
2.114123 0.783208 2.868987 0.3194883 0.6166671 0.9291596
1.846463 1.417989 2.043434 0.2403653 0.5690848 0.6704272
2.245098 0.7701369 2.512532 0.3174947 0.5589683 0.7085623
2.83276 -0.2894477 3.718155 0.5439879 0.7298584 0.9578698
1.654529 1.809678 1.517847 0.1971482 0.5438002 0.4751552
1.642775 1.768006 1.576682 0.2385257 0.6654829 0.6033979
1.631364 1.972323 1.518204 0.2305293 0.6787061 0.6014284
1.948207 0.9893522 2.782329 0.2906785 0.629798 0.9747797
2.310155 0.4358102 3.665375 0.3708208 0.6477311 1.170958
2.102941 0.8489388 2.626797 0.3138193 0.6068176 0.8367974
1.726574 1.553356 1.904084 0.2253037 0.5835357 0.6472967
2.189552 0.6090988 2.983145 0.3243966 0.5890715 0.8758091
2.035892 0.9605331 2.512813 0.2680814 0.5386869 0.7300408
1.850587 1.210329 2.37768 0.2356725 0.543371 0.7368253
2.320897 0.2633971 4.093652 0.4100092 0.7147644 1.386603
1.769647 1.583625 1.801832 0.2266842 0.5703816 0.5939301
1.981117 0.9214082 2.592973 0.2848531 0.5903352 0.8205886
1.872995 1.176734 2.372942 0.2423029 0.5477745 0.733855
2.097061 0.3977904 4.519863 0.369458 0.7371298 1.713512
2.158825 0.8348549 2.484721 0.298031 0.5504944 0.7040416
1.733493 1.218776 2.408424 0.2214679 0.5471043 0.7546973
1.496978 2.310809 1.285831 0.1855961 0.6289075 0.4647123
2.347291 0.4105373 3.337676 0.3578703 0.599382 0.9489554
1.927421 1.182789 2.286534 0.2618548 0.5747087 0.7364305
1.88093 1.197093 2.319243 0.265528 0.602775 0.7895461
2.813466 -0.4781789 5.092725 0.584326 0.8248628 1.490305
1.773421 1.461737 2.033579 0.2356255 0.5872376 0.6933668
2.085895 0.5927158 3.403893 0.3076033 0.5980428 1.045817
2.014023 0.874381 2.758396 0.2874421 0.5862318 0.8673241
1.764108 1.471151 1.819611 0.2163292 0.5302984 0.5480851
1.954522 1.032081 2.905822 0.2898658 0.636598 1.05409
1.833371 1.360166 2.011891 0.2494873 0.5865265 0.6690108
2.174776 0.5155987 3.359877 0.3496232 0.6468847 1.078661
2.05915 0.9261195 2.412533 0.2852204 0.5594883 0.7102282
2.128884 0.5663944 3.280406 0.3412676 0.6480221 1.07085
1.879217 1.413061 1.877896 0.2482937 0.5685485 0.6023448
2.001589 0.9821965 2.525127 0.2713488 0.5578175 0.7638521
2.163798 0.5476094 3.431074 0.3290829 0.6148515 1.067584
2.621262 -0.1213618 3.917073 0.4835136 0.7134006 1.093252
1.675466 1.723953 1.693897 0.2416334 0.6619324 0.6515212
2.830665 -0.1279206 3.888809 0.5133151 0.6989362 1.057315
1.428175 2.60238 1.004479 0.2033989 0.7542558 0.4148753
1.711513 1.638501 1.674166 0.222013 0.57915 0.5563409
1.733166 1.434694 2.071026 0.2377437 0.6053913 0.7269179
1.993182 1.151431 2.085539 0.2574416 0.5317046 0.6029647
1.875161 1.316779 2.039259 0.2443591 0.5551293 0.6373579
1.81945 1.43357 1.957973 0.2564082 0.6169905 0.6913423
2.25942 0.4028994 3.309782 0.3412165 0.591245 0.921515
1.81492 1.569677 1.805403 0.2350858 0.5760348 0.6003928
1.936794 1.007718 2.5771 0.2411982 0.5132704 0.7275617
2.083892 0.6951188 3.285317 0.3111376 0.6132566 1.064187
1.93762 0.8895523 2.995602 0.2896672 0.6272518 1.034621
1.594573 1.93459 1.51087 0.2050491 0.6098946 0.5371344
2.238541 0.6159706 3.000167 0.341007 0.6085172 0.9137532
1.579077 1.971777 1.457224 0.2154627 0.6488344 0.5467736
1.662387 1.675717 2.020228 0.2395415 0.6736476 0.816627
1.896267 1.221126 2.242982 0.2525211 0.5655555 0.714706
2.249282 0.6481614 2.513473 0.3269078 0.5630326 0.6819893
2.139217 0.7093152 2.803645 0.3171336 0.5936051 0.8467843
2.102633 0.8291107 2.614751 0.3039586 0.5835827 0.7949952
1.956395 1.050609 2.475264 0.2894602 0.6202934 0.8459758
1.918935 1.385964 1.860371 0.2593769 0.5782409 0.6024119
1.685467 1.608176 2.023914 0.2315194 0.6301541 0.75842
1.799633 1.667059 1.546908 0.2095271 0.5127812 0.4499379
1.969483 1.198683 2.058043 0.2884393 0.6132075 0.6914331
2.283255 0.08840906 4.200574 0.4007914 0.6969187 1.290004
2.024631 0.8161356 3.06688 0.3002371 0.6150914 1.019531
1.64388 1.997323 1.36768 0.2239688 0.6457476 0.5053579
1.534464 2.178995 1.277467 0.2160505 0.6942482 0.5066107
1.813564 1.597353 1.63979 0.2081065 0.500681 0.466581
2.082337 1.009231 2.522317 0.2959797 0.5910934 0.8158091
1.723332 1.405165 2.403651 0.2300219 0.598814 0.8580822
2.636961 -0.04020098 4.343698 0.4849399 0.7287368 1.33165
1.886159 1.163566 2.460833 0.2558238 0.5785381 0.8081104
2.498073 0.06948264 3.828295 0.4299223 0.6707589 1.092193
2.130648 0.7742133 2.779754 0.2994493 0.5654703 0.8157788
2.294875 0.2592704 4.276092 0.3990619 0.7067386 1.444921
1.91524 1.28954 2.028333 0.2398977 0.528508 0.5998467
1.888464 1.085176 2.618705 0.2606876 0.5861969 0.8669209
2.160118 0.7129045 3.022016 0.3148776 0.5908388 0.9278648
2.803882 -0.3407276 4.342667 0.5441268 0.7534337 1.18213
1.9687 1.088488 2.429226 0.2717337 0.5787797 0.7799339
1.862515 1.256556 2.070974 0.2609089 0.5929825 0.6836692
1.954841 0.9196107 3.143217 0.2870943 0.6239684 1.102706
2.043715 0.9576464 2.491381 0.2872152 0.5760327 0.7701609
2.149921 0.7522272 2.922096 0.3227344 0.6109321 0.9326761
1.773968 1.384946 2.306167 0.2235384 0.5564478 0.7553673
1.761969 1.241249 2.619513 0.2685559 0.6742874 1.037306
1.396776 2.46559 1.306228 0.208504 0.7941273 0.5961578
2.404273 0.1259788 4.01924 0.4092506 0.6727125 1.19805
2.018439 1.022056 2.640481 0.2757187 0.5721065 0.8390166
2.83997 -0.4276794 5.171352 0.5924851 0.8331528 1.577379
1.590472 1.939172 1.365917 0.1891583 0.550914 0.4290672
1.751678 1.542068 2.011439 0.2434601 0.6281607 0.7434799
2.273372 0.5139411 3.162975 0.3526704 0.6159037 0.9507899
2.180061 0.7093619 2.717633 0.3193058 0.5824611 0.7983865
2.158497 0.6373924 2.979051 0.3167531 0.5856319 0.8786687
1.905646 1.214458 2.088747 0.2534185 0.5560699 0.6412003
2.151302 0.7519171 2.554066 0.2962385 0.5425366 0.697515
2.028295 0.7311306 3.230476 0.3241233 0.662488 1.139958
1.826979 1.372501 1.918201 0.2644076 0.6219895 0.6695132
2.061931 0.9571599 2.484553 0.3066895 0.6114389 0.813422
2.318322 0.4481728 3.044284 0.3680204 0.6211583 0.8894519
2.483012 0.07716221 3.646421 0.41107 0.6380927 0.9782084
2.119166 0.5391087 3.6753 0.3304853 0.6377268 1.203106
1.859378 1.16054 2.684769 0.2714534 0.6352763 0.9877339
2.06589 0.9527325 2.441962 0.2837214 0.5582048 0.7249455
2.244299 0.4934844 3.14458 0.3328038 0.5833449 0.8858525
1.808034 1.336664 2.38088 0.2515517 0.6153406 0.8598332
2.44274 0.007194889 4.406725 0.436102 0.7100442 1.349601
2.106676 0.8475398 2.60057 0.2863626 0.5473677 0.7457663
1.973705 1.110112 2.257166 0.266588 0.5598913 0.6914559
1.808547 1.566959 1.75452 0.2172088 0.5275257 0.5305064
2.377121 0.4766769 3.136088 0.3684551 0.6110818 0.9199299
2.029786 0.6645169 3.159509 0.284651 0.565647 0.9239551
1.95169 1.031293 2.632181 0.2717076 0.583777 0.8531165
2.550809 0.06651273 3.984018 0.4305727 0.6601001 1.128117
2.035879 1.016048 2.367994 0.2640545 0.5299131 0.6773672
2.019505 1.013352 2.451994 0.2923402 0.5993392 0.7975639
2.216213 0.482166 3.212215 0.3433146 0.613357 0.9535223
2.7649 -0.4312415 4.918151 0.5634294 0.8053472 1.421791
1.65015 1.764943 1.768933 0.2345495 0.6650117 0.6948635
2.203125 0.3513022 3.571956 0.3558463 0.6410288 1.081669
2.005407 1.103628 2.235788 0.2760024 0.5697587 0.6942085
2.054773 0.7375639 3.327241 0.3259812 0.6622181 1.186989
2.534936 -0.1554918 4.677347 0.4679298 0.7311344 1.387086
2.242688 0.6590591 2.69323 0.3000583 0.521263 0.6930004
2.033005 0.8628719 2.66475 0.3057568 0.6149092 0.8668056
1.892263 1.063847 2.462881 0.268017 0.5927588 0.8059154
2.794551 -0.4350237 4.712126 0.5754553 0.8099567 1.351466
2.053039 1.006293 2.411007 0.2765381 0.5520432 0.7182647
1.906982 1.206978 2.425304 0.281972 0.6386244 0.8846765
1.841219 1.154954 2.466399 0.2726792 0.634825 0.8870754
2.911677 -0.7257697 5.826673 0.6351933 0.8783292 1.664015
1.904587 1.154662 2.464474 0.2781332 0.6254546 0.8733789
1.717105 1.429216 2.303471 0.2426006 0.6363256 0.8708663
1.958686 1.322468 1.803057 0.2396776 0.5082946 0.5021821
2.736475 -0.2205615 4.993567 0.544302 0.797846 1.60098
2.269605 0.5879891 3.142719 0.3357474 0.5907676 0.9302633
2.724299 -0.3359555 5.379132 0.5287926 0.7785252 1.623259
2.23346 0.6338277 2.769884 0.3339234 0.5892764 0.8036274
2.079879 0.7171389 2.988926 0.3014474 0.5875874 0.9139125
2.355628 0.3492996 3.758529 0.3803693 0.6462244 1.163284
1.744191 1.593196 1.839501 0.2529164 0.6536477 0.6979289
2.172683 0.4877664 3.600372 0.3428449 0.639257 1.1539
2.21827 0.5366289 3.415069 0.3553223 0.6487633 1.115322
1.913752 1.020384 2.523318 0.2653609 0.576219 0.7972501
2.431057 0.06769081 3.829616 0.4231439 0.679378 1.106065
1.996688 0.8311203 2.931418 0.272281 0.5593133 0.8817223
1.668286 1.871506 1.405364 0.2249649 0.6209393 0.4962772
2.484109 0.3195716 2.990937 0.3942544 0.6072584 0.8031832
1.890493 1.2588 2.111074 0.2446034 0.546835 0.6466343
1.705276 1.525782 2.099944 0.2284772 0.6053432 0.7522745
2.149355 0.5625894 3.194894 0.3009475 0.5553437 0.8848277
1.896147 1.18944 2.362934 0.2603045 0.58546 0.7827527
2.091147 0.7969048 2.769667 0.3107097 0.6029773 0.8723746
2.298276 0.7143492 2.516677 0.3446286 0.5904536 0.7357159
1.893882 1.208186 2.153365 0.2584964 0.5744801 0.687247
1.733412 1.782324 1.409911 0.2201415 0.5693449 0.452029
2.064677 0.9786824 2.355991 0.2784993 0.5469877 0.6849164
1.780939 1.270045 2.262504 0.256829 0.6237179 0.8057264
2.119541 0.8469059 2.467125 0.2722215 0.5095395 0.6501658
1.814396 1.253505 2.398261 0.2508307 0.5995223 0.8285002
1.756305 1.787658 1.556767 0.2293976 0.5979328 0.5362208
1.625628 1.831651 1.716394 0.2271158 0.6601973 0.6696938
1.923169 1.222004 2.321931 0.2463517 0.5447453 0.7174709
1.746327 1.440999 2.108682 0.2504253 0.6376492 0.7836926
2.403409 0.3237544 3.307324 0.3664914 0.5905169 0.8890722
2.219698 0.6257184 2.888998 0.3255294 0.5806034 0.8334026
2.07676 0.8165655 2.780903 0.2975634 0.5833 0.8561852
1.750472 1.566969 1.702169 0.2290901 0.5745537 0.5555545
1.752741 1.491613 2.019019 0.23361 0.5923241 0.6965957
1.870421 1.463534 1.897081 0.2467635 0.5764751 0.6255654
2.300272 0.3108109 3.85136 0.3578242 0.6187446 1.128828
1.968266 0.8900389 2.830621 0.2923207 0.6167183 0.9472766
2.069214 0.9335706 2.589137 0.2995021 0.5956465 0.8291516
1.765959 1.536297 1.92514 0.2273617 0.573454 0.6424827
1.7856 1.496368 2.056914 0.2412132 0.6052798 0.730815
1.860907 1.436104 1.958454 0.2769808 0.6530131 0.7309989
1.606944 1.883859 1.505866 0.2060147 0.5973492 0.5200026
2.637241 -0.1228242 4.210071 0.4585967 0.6750056 1.132116
1.747148 1.416303 2.288455 0.2487677 0.6378148 0.8621775
2.657635 -0.08206343 3.688611 0.4539225 0.6500572 0.9344762
2.543793 0.09023356 4.066528 0.4465886 0.6939874 1.23417
1.458111 2.39155 1.255008 0.2070341 0.7377368 0.5296482
1.911019 1.255537 2.249807 0.2673708 0.6009016 0.7677759
2.074705 0.878016 2.760401 0.3050586 0.6060791 0.8988299
1.642062 1.698469 1.798675 0.2268178 0.635591 0.6713848
1.969584 0.9438566 2.629766 0.2932897 0.6173577 0.8796225
1.914891 1.093964 2.251477 0.2531873 0.5448745 0.6677357
2.039647 1.013982 2.342438 0.2781635 0.5577431 0.7016493
2.017793 0.9349991 2.672566 0.3010403 0.6190494 0.897175
1.944956 1.044626 2.697296 0.2905592 0.6358391 0.9642548
2.215314 0.3293997 4.077108 0.351013 0.6389777 1.263944
2.243871 0.5693498 2.915113 0.3173565 0.5529263 0.7849438
2.880847 -0.4782809 4.975665 0.5669615 0.7740236 1.353093
1.940334 1.184461 2.141835 0.2459972 0.5268555 0.6222891
1.824745 1.477717 1.857874 0.2200753 0.5234212 0.5556084
1.842769 1.066279 2.957243 0.2737389 0.64451 1.101773
1.999496 1.105316 2.488679 0.2772703 0.58532 0.81507
2.455196 0.2597719 3.626753 0.4036457 0.647503 1.072568
1.997577 1.005867 2.21396 0.2788622 0.5654931 0.6613204
1.974191 1.234244 2.07425 0.2562576 0.5442283 0.6261455
2.115771 0.8361531 2.726859 0.2920856 0.5597022 0.8054323
2.046176 0.6750771 3.028934 0.2916674 0.5724367 0.8887535
2.112778 0.8254457 2.673294 0.314747 0.6057235 0.8489637
2.370531 0.3762465 3.038717 0.3513617 0.5693153 0.788716
1.799993 1.431006 1.898198 0.2379331 0.5722138 0.6164492
2.060382 0.7572208 2.997005 0.3018731 0.5979552 0.9435686
2.157326 0.6445137 2.96688 0.3261777 0.6053551 0.9055553
2.159427 0.6954324 3.019316 0.3368627 0.6338226 0.9881125
2.06626 0.8635484 2.755342 0.2911589 0.5766153 0.8487234
1.757441 1.665665 1.63346 0.215296 0.5455467 0.5103914
1.957631 1.069049 2.465614 0.260433 0.5544211 0.7557488
2.268551 0.7792748 2.463822 0.3203444 0.5579808 0.6936146
1.884401 1.156679 2.513298 0.2582369 0.5862099 0.8389443
2.305289 0.4971551 3.052306 0.3575325 0.6103911 0.8943975
2.198142 0.6495149 2.833822 0.3186627 0.573503 0.8098084
1.896601 1.387713 1.888709 0.2506266 0.5660719 0.6011019
1.684655 1.900915 1.395637 0.2396496 0.6609363 0.5251172
1.970226 1.034964 2.253765 0.2628311 0.5427544 0.6540601
2.229682 0.6354553 2.576517 0.3253456 0.5664397 0.7044848
1.893704 1.410352 1.978104 0.257414 0.5914949 0.6681271
1.927852 1.256393 2.144429 0.2608565 0.5752986 0.6932695
1.981043 1.099846 2.176645 0.2790902 0.5810019 0.68368
1.781972 1.461677 1.992214 0.2392331 0.5916792 0.6811591
1.871423 1.228516 2.186255 0.2578603 0.5852325 0.7178392
2.327368 0.261649 3.738265 0.375654 0.6372582 1.096107
1.962428 1.204183 2.153492 0.2586435 0.5523363 0.6596755
1.663535 1.639987 1.955177 0.2359719 0.6542342 0.7594494
2.272902 0.5065026 3.126359 0.3509934 0.6108446 0.9261217
2.012384 0.9413362 2.792558 0.3198719 0.6688048 1.027135
2.181189 0.7712123 2.726037 0.3176776 0.585578 0.8230922
1.994706 1.248759 1.88221 0.2519506 0.5197227 0.5306001
1.868615 1.281195 2.52937 0.2521382 0.5940746 0.8837009
1.915306 1.140063 2.393428 0.2680458 0.5923791 0.794288
1.797703 1.434352 1.912752 0.2374302 0.573442 0.6245596
1.490196 2.409613 1.176898 0.2307563 0.8020107 0.5328092
1.909043 1.104138 2.759336 0.2753112 0.6218541 0.9850875
2.331435 0.4141635 3.488152 0.3600325 0.6130656 1.028914
1.844115 1.346165 2.142818 0.2384025 0.5596542 0.688389
2.57431 -0.01605546 4.09002 0.4440779 0.6737808 1.148981
2.241512 0.3032642 3.760145 0.3704037 0.658203 1.16198
2.429518 0.5835957 2.563185 0.3534399 0.5588122 0.6760043
1.86909 1.438349 1.92282 0.245766 0.5717835 0.6273221
1.816727 1.390104 2.100134 0.2270404 0.5437955 0.6593455
1.915913 1.205167 2.158684 0.2611627 0.5733385 0.6871558
1.896109 0.8678498 3.693499 0.252337 0.5697544 1.211166
2.10745 0.9237223 2.3565 0.2862578 0.5453717 0.6719482
2.031148 0.8916902 2.69005 0.3012002 0.6110829 0.8820658
1.734785 1.541024 1.959087 0.2293527 0.5920423 0.6777367
2.411918 0.2274097 3.581784 0.4186496 0.6830721 1.098281
2.381547 0.3553552 2.996126 0.3653471 0.5876441 0.7908687
2.008256 1.220253 1.770523 0.2651196 0.5350798 0.5016558
2.724354 -0.2664287 4.441356 0.5132932 0.7350962 1.232194
2.170573 0.5930839 2.828237 0.3298551 0.5986786 0.8267851
2.084484 0.8883948 2.620285 0.2963577 0.5798918 0.8072619
2.052183 0.9596626 2.434661 0.2806216 0.5566719 0.722693
1.994841 1.034751 2.388238 0.2902003 0.6032999 0.7830678
2.449243 0.2231665 3.479897 0.3947681 0.6258066 0.9656791
1.925326 1.282836 2.055835 0.2734064 0.6043322 0.6945633
2.073881 0.9095358 2.605141 0.2987925 0.5908294 0.8232363
1.957008 1.167775 2.407365 0.2559087 0.5544421 0.7544305
2.037202 1.136461 2.047954 0.2673693 0.5366602 0.5914542
2.423147 -0.08875281 5.224036 0.4488619 0.7511798 1.699416
1.917574 1.350982 2.088829 0.260936 0.5888492 0.7017733
2.122326 0.8293134 2.563847 0.2894473 0.5449933 0.7230354
2.292383 0.5761539 2.876532 0.3546297 0.6100447 0.8545448
1.974999 0.8096193 3.178959 0.2971605 0.6279993 1.086748
2.37554 0.3162188 3.861827 0.3853145 0.649243 1.193258
2.043335 1.147867 2.090078 0.2634438 0.5297243 0.6008458
1.998543 0.8079924 2.803941 0.2778653 0.5633521 0.8312245
1.930615 1.244572 2.169795 0.2543155 0.5592125 0.6827966
2.173438 0.5553049 3.432626 0.3192942 0.5916415 1.028369
2.051191 0.9042364 2.651045 0.3025785 0.6068552 0.8621886
2.096343 0.8461607 2.664777 0.2969462 0.574727 0.806812
1.528643 2.17693 1.289736 0.2388414 0.7725393 0.5689347
1.788285 1.591028 1.651882 0.2388664 0.587061 0.5488797
2.303704 0.4931918 3.165766 0.3515547 0.6028496 0.9235276
1.534685 2.060375 1.444502 0.2073137 0.6578775 0.553294
1.802963 1.328664 2.393383 0.2453914 0.6000869 0.842023
1.79578 1.378094 2.111195 0.230989 0.5587827 0.6787052
2.608846 -0.157331 4.287169 0.4783037 0.716008 1.211159
2.159796 0.6873127 3.328006 0.3206567 0.6095747 1.070777
1.692982 1.661924 1.814095 0.2096069 0.562483 0.5987608
2.260052 0.7349686 2.67927 0.3122876 0.5474775 0.7436267
1.863582 1.365938 1.902214 0.2479463 0.5667346 0.6030082
1.851341 1.183129 2.369799 0.2588588 0.5968874 0.8000785
2.310959 0.4714008 3.034073 0.366803 0.6225002 0.8948627
1.631112 1.826264 1.625529 0.2240254 0.6420914 0.6098069
2.253981 0.7655363 2.383047 0.3144332 0.5445531 0.6436808
1.842609 1.263155 2.020295 0.2588582 0.5931525 0.6642622
2.106453 0.847675 2.668913 0.3085029 0.5963155 0.8392354
1.497715 2.51581 1.096936 0.229816 0.8060666 0.4918521
1.476636 2.115388 1.625116 0.2459715 0.843329 0.8166468
2.016276 0.9151829 2.535139 0.2931063 0.593871 0.800212
2.370554 0.3421139 3.801872 0.3749495 0.6318619 1.149773
2.095661 0.8089436 2.933327 0.290428 0.565518 0.8826698
2.205875 0.5777564 3.131308 0.3360024 0.6091017 0.9522095
1.630358 1.972366 1.502533 0.2241562 0.6579959 0.5757024
2.352964 0.3202296 3.479104 0.3809564 0.6368777 1.024515
2.036149 0.9586494 2.468671 0.3013764 0.6081573 0.8036543
1.531249 2.185356 1.392154 0.234559 0.7700188 0.6228888
2.062156 0.9725896 2.502589 0.2945032 0.5880894 0.7937847
2.164417 0.6246346 3.004335 0.3219059 0.5938816 0.8963581
2.329204 0.4519949 3.299875 0.3619783 0.6153994 0.9776216
1.89116 1.279555 1.975045 0.2550548 0.5669286 0.6190955
2.203638 0.6258854 3.315141 0.3468725 0.6427836 1.100521
1.708389 1.533861 2.010089 0.2334677 0.6147324 0.724961
3.179821 -1.04226 5.858156 0.7918314 1.012028 1.631546
1.825257 1.17227 2.584861 0.2446429 0.5777132 0.8604053
2.123719 0.7864256 2.501428 0.3081126 0.5762279 0.7304911
2.286618 0.3418845 3.693907 0.373693 0.6519827 1.143923
2.312526 0.4012231 3.179114 0.3591129 0.6065001 0.9003442
1.69375 1.795093 1.498789 0.2254203 0.6062655 0.5189789
1.768498 1.502758 2.01547 0.2378208 0.6002588 0.7066898
2.040029 0.8081188 2.994108 0.2879001 0.5792854 0.9284226
1.928276 1.064365 2.433898 0.2782779 0.6037273 0.8090714
2.221035 0.2456743 4.308858 0.357239 0.647932 1.326345
2.054368 0.9684279 2.379947 0.2693866 0.5304285 0.6711738
2.470083 0.1457213 3.930121 0.4050347 0.6442248 1.123541
1.89185 1.198086 2.211063 0.2481361 0.5519754 0.6812623
2.319281 0.4797364 3.101484 0.3545914 0.6003479 0.8902972
1.747435 1.605575 1.749368 0.2458106 0.6286195 0.6317719
3.136622 -0.9229922 5.536776 0.7566439 0.9722164 1.55705
2.19745 0.6298878 3.121651 0.3362034 0.6169678 0.9794665
1.764838 1.403345 2.187274 0.2482251 0.6233252 0.795821
1.901376 1.237194 2.194947 0.2578734 0.5765855 0.711855
2.055757 0.8558307 2.78479 0.283997 0.5640814 0.8385571
2.485316 0.08060089 3.709687 0.4134096 0.6432375 1.009286
2.116185 0.8476336 2.387489 0.2922089 0.5482064 0.6698466
1.907818 1.077362 2.543371 0.2590067 0.5717093 0.8133984
1.949689 1.055333 2.19875 0.268829 0.5630799 0.6624565
2.473846 0.04263443 3.686682 0.4249168 0.6637362 1.017453
1.833086 1.259881 2.278146 0.2589229 0.609301 0.791824
1.604512 1.788381 1.661883 0.2053016 0.5936997 0.5781371
2.064213 0.7219268 3.020306 0.3053228 0.6009998 0.9458165
2.348284 0.2606097 3.641814 0.3623422 0.6026795 0.999203
2.703529 -0.05243182 3.465796 0.4878468 0.6867045 0.9253502
2.813547 -0.4321028 5.213173 0.5794763 0.8223971 1.570821
2.236977 0.4595177 3.905268 0.3547354 0.6480176 1.280553
2.14969 0.6801482 3.246493 0.3195053 0.6072624 1.031893
1.822618 1.424774 1.933717 0.2324392 0.552282 0.6088707
1.816962 1.450379 1.962931 0.257463 0.6225372 0.7011873
1.520064 2.394099 1.146187 0.1848945 0.6185015 0.3990456
1.881286 1.38314 2.019895 0.2504513 0.5771119 0.6655616
2.012625 0.8781715 2.710795 0.2940533 0.5999219 0.8691341
2.286857 0.3233636 3.569799 0.3616912 0.6234509 1.037485
1.83 1.161297 2.556807 0.2507235 0.5879095 0.8595126
1.811932 1.552608 1.588471 0.2252457 0.5349864 0.4739577
2.082156 0.8543635 2.509823 0.2775552 0.532332 0.6938145
2.220245 0.5031372 3.57067 0.3432705 0.6252722 1.121828
2.236323 0.4052607 3.793319 0.3428723 0.6153091 1.143764
1.454795 2.217559 1.290652 0.2055635 0.7038637 0.5202191
1.984657 1.013744 2.511354 0.2823185 0.5912184 0.8117504
2.147915 0.7620432 2.840582 0.3104347 0.5848652 0.8654484
2.033697 0.9347079 2.363924 0.2700572 0.5336606 0.6628791
1.69459 1.723849 1.727296 0.1931097 0.5183868 0.5248691
2.046887 0.8392581 2.619218 0.2802549 0.5511335 0.7547401
2.023719 0.9743117 2.553326 0.2859605 0.5841255 0.8097295
1.63138 1.885802 1.497489 0.2176049 0.6237448 0.5399309
1.789716 1.411173 2.211988 0.2358654 0.5829882 0.7551363
1.962721 1.236334 2.078087 0.2520674 0.5379202 0.620101
1.911204 1.250987 2.243432 0.2448695 0.5466591 0.6967563
1.767211 1.635247 1.584312 0.2329063 0.5810089 0.5199577
2.145882 0.7082215 2.962084 0.312694 0.5874741 0.8968591
1.94968 1.017803 2.580535 0.2595308 0.5535783 0.7880062
2.083631 1.030808 2.278746 0.2965497 0.5832984 0.7122878
2.050519 0.8296443 2.851765 0.2864709 0.5704075 0.8657345
2.225124 0.2797997 4.616082 0.3641721 0.670996 1.523407
2.680974 0.1568722 3.121063 0.4382253 0.6185935 0.8034394
2.387864 0.3560704 3.176447 0.3933421 0.6431284 0.9362286
2.091043 0.9264166 2.280611 0.2942701 0.5637611 0.6669477
2.019124 0.7245182 3.888963 0.3314026 0.7022746 1.521475
2.048991 1.062909 2.125862 0.2675031 0.5280669 0.5966561
2.242488 0.5196242 3.050323 0.3337736 0.5848713 0.8627202
2.336847 0.3836459 3.553552 0.3641716 0.6184913 1.050299
2.152617 0.9032128 2.430014 0.2998488 0.5620273 0.7162332
1.791423 1.465897 2.090737 0.253161 0.6305979 0.7705688
1.624317 1.762772 1.933603 0.2367555 0.6926808 0.8059769
1.691373 1.809706 1.60351 0.2337051 0.6415566 0.5978707
1.609942 1.973402 1.453353 0.2138259 0.6316747 0.5313937
1.768741 1.377674 2.19249 0.2468787 0.6141453 0.781458
2.583458 -0.009972355 3.662759 0.4581221 0.6829809 1.01207
1.785403 1.536981 1.741609 0.2128557 0.5177388 0.5124503
2.378009 0.3613835 3.61202 0.3590826 0.5963268 1.02265
2.292083 0.2974725 3.853028 0.3692886 0.6421633 1.165792
2.175424 0.8886753 2.115904 0.2940409 0.5276657 0.5601639
1.69414 1.786025 1.521238 0.1983655 0.5309011 0.4641033
2.121584 0.9500615 2.302171 0.2845818 0.5387996 0.6503994
1.522255 2.040866 1.609174 0.2122502 0.6882188 0.6576554
1.934682 1.056515 2.576724 0.2699697 0.5870648 0.842977
2.517326 0.1194242 3.945503 0.4298742 0.672118 1.164432
1.751308 1.548812 1.782797 0.2374827 0.5989054 0.6109407
2.397303 0.3206032 3.074657 0.3862189 0.6208158 0.8527664
1.969089 1.108103 2.548005 0.2822826 0.6098837 0.875815
3.028976 -0.6717082 5.256446 0.6423532 0.8409039 1.430679
1.66348 1.872996 1.634854 0.215748 0.6116079 0.587513
1.849774 1.214085 2.50051 0.2581471 0.6047334 0.8719548
1.713044 1.785226 1.525967 0.2206675 0.586623 0.5132207
1.723175 1.529301 2.093166 0.2717267 0.7182023 0.8880177
1.764415 1.642251 1.599398 0.2223063 0.5571418 0.506235
2.116837 0.6693653 3.201097 0.311959 0.5990694 0.9963087
2.061998 0.8865177 2.503155 0.295774 0.5810155 0.7639305
2.124032 0.9689817 2.326029 0.2985277 0.5701906 0.7013441
2.11156 0.6829738 3.273681 0.3435005 0.6710758 1.154411
1.89927 1.24408 2.234775 0.2685552 0.6056004 0.7654581
1.847529 1.460885 2.058918 0.2541768 0.6101124 0.7305109
2.913295 -0.563214 4.996939 0.5836863 0.787549 1.327076
1.934483 1.211464 2.15696 0.2633898 0.5739978 0.6892033
1.883171 1.297839 2.072871 0.241762 0.5457897 0.6372115
1.785889 1.614983 1.543591 0.2276382 0.5554924 0.4801684
1.663885 1.921608 1.453232 0.2184434 0.616912 0.5173809
2.030184 0.9812391 2.221269 0.2777612 0.5506677 0.6416991
2.02638 1.095391 2.341086 0.2618954 0.5361368 0.6913947
3.223396 -0.9062911 5.630272 0.7567363 0.9446279 1.554198
1.6662 1.794943 1.561585 0.2055253 0.565138 0.510229
2.16092 0.5315513 3.874749 0.3189934 0.6048537 1.214956
1.612019 1.935974 1.512119 0.22655 0.6681101 0.5874066
2.034684 0.9132977 2.663949 0.2883518 0.58273 0.8355438
2.178659 0.6091871 3.472043 0.3407924 0.641658 1.157803
1.890722 1.259312 2.143061 0.2595771 0.5844489 0.703933
1.591174 1.788913 1.832382 0.2558342 0.7642679 0.8343131
2.299995 0.5045275 2.800024 0.3522523 0.5936567 0.7808607
1.800762 1.510984 1.776098 0.2274735 0.5503764 0.5559598
1.870618 1.32808 1.954097 0.2309483 0.5213361 0.5698134
2.233211 0.6723554 2.553713 0.3344685 0.5859003 0.7308372
2.166486 0.7468987 2.724235 0.3226955 0.597868 0.833697
2.501953 0.2595974 3.069015 0.4079949 0.6231053 0.8297171
2.010505 1.209368 2.073665 0.2563975 0.5304106 0.6059327
1.940774 1.230247 2.155117 0.2615669 0.5699809 0.6867655
2.469044 0.1392074 3.876409 0.3994355 0.6328941 1.081462
2.417845 0.2285877 3.411664 0.391064 0.625837 0.9418611
2.109638 0.9326438 2.389277 0.3042808 0.5844293 0.7343958
1.951367 1.128475 2.477537 0.2741042 0.5963317 0.8313498
2.004614 0.9497079 2.754437 0.30479 0.6373149 0.9643387
2.362141 0.2101562 3.655042 0.4307958 0.7218565 1.183385
2.061014 0.7620446 2.675716 0.2874014 0.5562818 0.7625542
1.767036 1.531535 1.778961 0.2221513 0.5497895 0.5579176
1.901196 1.34853 2.08268 0.2499689 0.5674339 0.6741444
1.981444 0.7164262 3.179328 0.2953094 0.6112063 1.02567
1.384386 2.533506 1.091863 0.2075875 0.7913561 0.4807118
1.539488 2.105066 1.453352 0.1969222 0.630534 0.5367197
2.052555 0.8370662 2.617996 0.2848429 0.5589762 0.7646015
2.122685 0.9141515 2.258856 0.2958952 0.5554605 0.6464185
1.81337 1.581569 1.626312 0.2172085 0.5218317 0.4799489
1.677716 1.699931 1.704164 0.2137804 0.5792404 0.5741577
2.080019 0.8607816 2.602527 0.3034468 0.5931032 0.8126248
2.175118 0.654023 2.603344 0.3096751 0.5542606 0.7036022
2.354649 0.3123639 3.362412 0.3918957 0.6524543 1.002324
1.682285 1.631325 1.860232 0.2386881 0.6463548 0.7041621
2.200897 0.5378955 3.381051 0.3332318 0.6085469 1.031498
1.622842 1.711707 1.874233 0.2344125 0.6732692 0.7490305
1.982058 1.065646 2.590762 0.2816312 0.6004251 0.8701505
2.019259 0.9267525 2.808862 0.285883 0.5888112 0.9053369
2.433347 0.2376062 3.268333 0.3802059 0.5992516 0.8579061
1.823292 1.449849 1.889381 0.2504781 0.5989932 0.6444366
2.090249 1.000391 2.116727 0.2933569 0.5628366 0.6200044
1.673047 1.975991 1.391786 0.2224166 0.6281065 0.5015431
2.003915 0.8904515 2.716763 0.2960023 0.6087839 0.8882164
2.35795 0.1108104 4.278554 0.4264919 0.7253035 1.393523
1.875968 1.082749 2.550169 0.2520137 0.566042 0.8090095
1.630841 1.847845 1.454345 0.2169317 0.6112028 0.5076134
2.107501 0.6627371 3.287288 0.339197 0.66144 1.135232
2.205341 0.7809364 2.622088 0.3006749 0.5425406 0.7296093
1.612324 1.785328 1.751702 0.2146611 0.6227238 0.6447152
1.884459 1.243173 2.066372 0.265956 0.5954671 0.6821427
2.048149 0.8758067 2.688427 0.2847324 0.5671647 0.8124685
2.169356 0.6201707 2.813841 0.3160895 0.5733145 0.7941322
2.2204 0.6361481 3.121756 0.3448092 0.6278804 0.999322
1.899058 1.180782 2.32534 0.2577683 0.5753058 0.7519684
2.140498 0.8419639 2.729789 0.2976194 0.5644928 0.814499
1.649765 1.782383 1.666917 0.2283571 0.6423063 0.6252683
2.515944 0.1964364 3.368196 0.4269226 0.6564133 0.9593922
1.952061 1.169019 2.074929 0.2653301 0.5627061 0.6356949
1.913585 1.036475 2.429199 0.2528923 0.545556 0.7240389
1.49415 2.386918 1.138855 0.2295272 0.786604 0.5024397
2.199127 0.3634113 4.20741 0.3497151 0.6482969 1.354093
1.751668 1.820702 1.519187 0.2216766 0.5811885 0.5083802
1.863002 1.415877 1.956093 0.2438841 0.5681917 0.6343194
2.521135 0.2284942 3.164814 0.4011844 0.6070671 0.8291733
1.755267 1.502607 1.825814 0.2404386 0.6007364 0.6254651
1.639588 1.773972 1.611524 0.2052851 0.5737092 0.5364142
2.226424 0.5603918 2.998586 0.3073426 0.5409583 0.79523
2.220887 0.5884365 2.935328 0.3336505 0.594254 0.858459
1.918815 1.158992 2.168008 0.2671684 0.5813977 0.6926958
2.068215 0.9354593 2.453702 0.2913252 0.5730276 0.7458955
1.845164 1.151326 2.480805 0.2566613 0.5931753 0.8333133
2.218905 0.6330202 2.868259 0.3146822 0.559507 0.7978186
1.721829 1.706847 1.652312 0.2335464 0.6165919 0.5886943
2.192258 0.6445323 3.045227 0.3129848 0.5711289 0.8835378
1.993667 0.9344466 2.713047 0.2912505 0.6071622 0.8974951
2.184233 0.6645308 2.598502 0.3207042 0.5747158 0.7315655
2.794946 -0.2488569 3.985999 0.5105247 0.7007025 1.030594
2.310217 0.4536032 3.228181 0.3546723 0.6054928 0.9373871
2.338806 0.4188101 3.073345 0.350065 0.5802676 0.8300428
1.633019 1.827039 1.65901 0.2239145 0.6422982 0.6245816
1.667083 1.639378 1.958308 0.240592 0.6652743 0.772597
2.222282 0.4366713 3.751148 0.3717661 0.6801651 1.266624
2.091042 0.825222 2.627734 0.2886479 0.5545206 0.7581503
2.192983 0.7892351 2.306873 0.2946469 0.5222457 0.598061
1.659352 1.582553 2.128854 0.2504737 0.697708 0.8893962
2.054568 0.7840097 2.793797 0.2990304 0.5890695 0.8578395
1.906199 1.324457 2.348935 0.2732475 0.6318961 0.8659054
2.06617 0.8510658 2.817596 0.3048917 0.6071037 0.9151726
2.227381 0.3778317 4.485822 0.3744445 0.6973823 1.590305
1.810133 1.365222 2.099668 0.242861 0.5825085 0.7009047
1.92682 1.140515 2.177935 0.2532851 0.5439661 0.6480321
1.882864 1.203753 2.245393 0.2565947 0.5772792 0.7268038
1.778582 1.62761 1.778563 0.244003 0.6195675 0.6397479
2.17908 0.6137645 2.964081 0.3120158 0.5672397 0.8382384
2.225959 0.7196118 2.583681 0.3063761 0.5401666 0.6968045
1.899063 1.41112 1.883037 0.2746026 0.6257571 0.6644727
2.202896 0.610067 2.914764 0.3114788 0.5566795 0.8025614
1.706895 1.678282 1.904091 0.2380617 0.6450738 0.7282785
2.092204 0.6766435 3.2095 0.3228485 0.6309944 1.055845
2.052587 0.7929584 3.009813 0.3077291 0.6182818 0.9943288
2.159021 0.7701366 2.568412 0.3094962 0.5700624 0.7439345
1.999376 1.021972 2.427505 0.2864229 0.5933081 0.7828929
2.043667 0.8896752 2.953744 0.2933395 0.5989038 0.9705557
2.120844 0.7774189 2.848198 0.3099536 0.5939236 0.8861688
3.285307 -1.149396 7.293559 0.8802356 1.128656 2.316175
1.992117 1.214902 2.239515 0.2529927 0.5362022 0.6753147
1.885685 1.2861 2.213324 0.2395668 0.5435538 0.6852958
2.196036 0.5357447 3.376192 0.340009 0.623953 1.056934
2.005056 1.037712 2.18662 0.2606684 0.5255496 0.6109049
1.924867 1.19575 2.080124 0.2501615 0.5396831 0.6162607
2.14816 0.5289926 3.167421 0.3136033 0.5768981 0.8956082
1.886083 1.355417 1.97375 0.2584754 0.5886321 0.6552881
2.011086 0.9173238 2.599403 0.2754407 0.5597589 0.7797499
1.471983 2.388363 1.248397 0.1904359 0.6678688 0.4766293
1.708163 1.588614 1.851911 0.2412345 0.6355629 0.6836708
1.870985 1.282565 2.400902 0.2832887 0.6655665 0.9279762
1.566657 2.14158 1.35539 0.2184594 0.6877402 0.5382424
1.645639 1.697385 1.754739 0.2490183 0.6957642 0.712236
2.169323 0.837261 2.274222 0.3073293 0.5574094 0.6374215
1.784111 1.509028 1.932458 0.2240233 0.5537625 0.6193339
1.506834 2.121272 1.457015 0.1934971 0.6351982 0.5421804
1.787962 1.650162 1.725316 0.2351632 0.5921444 0.5908135
1.79193 1.399317 1.989874 0.2339645 0.565115 0.6411675
1.783902 1.243399 2.26301 0.2633621 0.6356577 0.8161952
2.338609 0.4197104 3.34118 0.3639806 0.6149856 0.9806835
2.022651 1.148181 2.148854 0.2748648 0.563654 0.6617147
1.410841 2.474333 1.099086 0.2152463 0.7950876 0.4871987
2.041988 1.015036 2.435245 0.2937722 0.5952102 0.7863992
2.018425 1.098169 2.218689 0.2706439 0.5523612 0.6654616
2.186705 0.6828101 2.702981 0.3350009 0.6085018 0.8206554
1.888942 1.377305 1.875366 0.2489495 0.561711 0.589309
1.909319 1.352169 1.865002 0.2519743 0.5584671 0.5785454
1.545535 1.795052 1.905529 0.2003659 0.6158308 0.7071456
1.806715 1.412442 2.042671 0.2099381 0.5030636 0.5929466
2.102447 0.9176764 2.489274 0.2861312 0.5513316 0.7268415
1.927003 0.8791443 3.067845 0.2985433 0.6530241 1.105845
1.950632 1.168904 2.294616 0.2558323 0.5521044 0.7086093
2.076085 0.8663884 2.826342 0.2876611 0.5689448 0.8652332
1.956167 1.171916 2.131433 0.2555149 0.5424156 0.6349244
2.545019 0.09332666 3.464845 0.4222346 0.6351238 0.9173022
1.915472 1.242475 2.242857 0.2860201 0.6418569 0.8143445
1.990836 1.066156 2.291473 0.2843092 0.5903779 0.7333934
2.120045 0.7956804 2.688811 0.3077239 0.5852191 0.8163222
1.774243 1.335586 2.317287 0.2527106 0.6275295 0.8475004
1.776541 1.532963 1.732366 0.2146863 0.525096 0.516513
1.695839 1.674096 1.846529 0.2310389 0.6262155 0.6815472
1.928331 1.004482 2.520632 0.2855469 0.6161536 0.846937
2.370757 0.2505448 4.593821 0.412363 0.7139873 1.593739
2.137161 0.9012475 2.380315 0.2920594 0.5472936 0.6776977
2.310054 0.4349957 3.028078 0.3666763 0.6190357 0.8745999
1.940871 0.9724461 2.835643 0.2754318 0.5974515 0.943885
2.437544 0.2280501 3.648036 0.4090537 0.6595729 1.083843
1.655405 1.72913 1.625051 0.2003575 0.5475222 0.5142098
1.990657 1.157576 2.295785 0.2761415 0.5844014 0.7469535
2.074821 0.7647551 2.831605 0.3084018 0.6030128 0.889477
2.669204 -0.3041354 5.001661 0.5196182 0.7743583 1.49225
2.332917 0.2471761 4.1008 0.3768665 0.6460362 1.2436
2.607076 -0.1014496 4.567847 0.4797364 0.7295122 1.377609
1.765456 1.302287 2.339242 0.2582447 0.641247 0.8690545
2.61442 -0.03231278 4.269401 0.4645429 0.7004132 1.255808
1.920727 1.115703 2.348218 0.2690489 0.5875449 0.7638683
2.353922 0.144421 4.050121 0.4032967 0.6796702 1.232926
1.925066 1.07649 2.55254 0.2824737 0.6213809 0.8868594
2.173783 0.7954565 2.829996 0.3345229 0.6296692 0.9380486
2.11279 0.8948051 2.384192 0.2828674 0.5341679 0.6608589
1.818427 1.030558 2.916672 0.2527643 0.5935077 0.9861308
1.944527 1.265697 1.930892 0.2621791 0.5641123 0.5984576
1.660861 1.706348 1.873102 0.2358174 0.6608 0.7346062
2.142546 0.7002204 3.067505 0.3196227 0.6061876 0.9659212
2.202573 0.4939527 3.536212 0.3612377 0.6650693 1.175455
2.248991 0.5693254 2.831815 0.3478952 0.6074425 0.8312497
2.079312 1.095584 2.174911 0.2698507 0.5317928 0.6257678
2.180762 0.7654323 2.801823 0.3175037 0.5880266 0.8550077
1.92892 1.210304 2.437481 0.2709648 0.6060704 0.8463093
2.08275 1.010133 2.158395 0.2804246 0.5414209 0.6137088
2.146875 0.732254 2.950509 0.3262118 0.6180239 0.9489119
2.128697 0.7208702 2.727777 0.317106 0.594803 0.8222391
1.954585 1.3024 2.162437 0.2686747 0.5922746 0.7289505
2.267461 0.604417 2.908682 0.3300125 0.5740604 0.823829
1.911895 1.091746 2.478332 0.2604962 0.5730928 0.7924856
1.858692 1.129073 2.623755 0.2719847 0.6294646 0.9426594
2.149969 0.784301 2.499139 0.2992285 0.5505704 0.6973659
1.672782 1.78859 1.570043 0.2145751 0.5882291 0.5336087
2.108589 1.017992 2.089419 0.2787091 0.5276269 0.5745055
2.373139 0.3860721 3.284674 0.3711135 0.6124586 0.9403984
2.110075 0.8759609 2.203369 0.2862053 0.5327594 0.5935722
2.277242 0.7687022 2.454781 0.3266985 0.5656769 0.6963583
1.786357 1.41093 2.149337 0.2299286 0.5654268 0.7068737
1.610042 1.661111 2.099554 0.2139071 0.6213254 0.7894375
2.170694 0.6148955 2.910632 0.322245 0.5883876 0.8498308
1.792393 1.641344 1.630321 0.2279266 0.5632306 0.5229227
2.193763 0.7400596 2.63224 0.3119036 0.5645732 0.7525497
2.096256 0.7766197 3.004476 0.3161991 0.6196487 0.9873307
1.871253 1.245261 1.996831 0.2517217 0.5621406 0.6172494
2.312767 0.3722789 3.068626 0.3438426 0.5715819 0.7994773
1.839363 1.286656 2.183361 0.2552645 0.5970756 0.7407998
2.236815 0.4635394 3.421709 0.3717912 0.6679775 1.118967
3.149339 -0.7027554 4.857771 0.6951293 0.8687194 1.310229
1.652276 1.807999 1.663201 0.2007709 0.5629987 0.5488715
2.164895 0.6668364 2.780966 0.320497 0.5871271 0.8156125
1.79827 1.611721 1.731742 0.2263489 0.5594579 0.5572138
2.021112 0.7804095 3.144751 0.3282826 0.677605 1.147446
2.739054 0.1168974 3.394576 0.4222488 0.5840238 0.828389
1.977183 0.8464485 2.954825 0.3020055 0.6344831 1.013268
1.823275 1.596873 1.71486 0.2282536 0.5537198 0.5440647
1.969546 1.048705 2.465346 0.2586002 0.5444495 0.7383812
1.98234 1.061722 2.369129 0.2765781 0.5794492 0.7508834
2.235941 0.7274814 2.58668 0.3275755 0.5796301 0.7511679
2.112665 0.6897123 2.663412 0.315909 0.5918002 0.7852796
1.941996 1.025275 2.201133 0.2644961 0.5528782 0.6464952
2.365988 0.1167797 4.153868 0.3858926 0.6430811 1.185292
2.100352 0.7006696 3.335693 0.3318912 0.6547294 1.16084
2.177741 0.5435984 3.658046 0.3502642 0.6598673 1.240588
1.825977 1.556342 1.523226 0.2138261 0.4998379 0.4221514
2.354454 0.3815623 3.130273 0.3600668 0.5931222 0.8559844
2.450095 0.1972308 4.035822 0.4368955 0.7149064 1.324576
2.173577 0.6807185 3.012185 0.3342787 0.6220431 0.9609847
2.143286 0.490111 3.217338 0.3161979 0.5822009 0.9096623
1.628853 1.613471 2.134795 0.2305132 0.657441 0.8453581
2.291457 0.4747663 2.933123 0.3414911 0.5772469 0.7945545
1.909076 0.9770283 2.79547 0.2765203 0.6096272 0.9469606
1.920319 1.206629 2.491704 0.2773645 0.6265073 0.8986326
2.715015 -0.5258966 5.49724 0.568951 0.8405476 1.639794
1.951749 1.189783 2.232672 0.2830798 0.6145769 0.7653909
1.800352 1.181825 2.795371 0.2364085 0.5723191 0.9381185
2.107501 0.7800852 2.830937 0.3197935 0.6181745 0.9160445
2.038551 0.7618987 3.462455 0.315446 0.6512933 1.235859
2.32667 0.3121961 3.846157 0.3838777 0.6607922 1.206729
2.046515 0.8466224 3.04277 0.3035467 0.6186225 1.026762
1.820256 1.448849 1.995165 0.2327635 0.5601539 0.644805
1.455487 2.392943 1.098453 0.1865442 0.6496383 0.3984535
2.378013 0.5794408 2.712576 0.3689352 0.6060919 0.7887109
1.775127 1.355724 2.258866 0.2326373 0.5732396 0.7523007
2.303661 0.5873958 2.678486 0.3382591 0.5695291 0.7305732
2.058276 0.9514318 2.547186 0.299155 0.5985807 0.8206057
2.329313 0.3876227 3.255254 0.3881779 0.6567799 0.9996522
3.132066 -0.687795 4.567823 0.6911466 0.8608281 1.204142
2.199496 0.6488597 2.610288 0.3363621 0.599565 0.7626634
1.628599 2.017496 1.340246 0.2256491 0.6592043 0.504541
2.509932 0.1613207 3.65279 0.4294002 0.669111 1.071415
1.549105 1.937697 1.808119 0.1991504 0.6276924 0.6858178
2.361613 0.3208428 3.78645 0.3723341 0.6272088 1.124483
2.450572 0.1449202 3.963386 0.4166261 0.6714897 1.184208
2.848366 -0.5437316 5.120871 0.5826288 0.809485 1.424262
2.597111 -0.2652215 4.736854 0.523783 0.8015248 1.470432
1.887344 1.25433 2.170823 0.2497529 0.5630669 0.6891701
1.481436 2.41008 1.129022 0.1898132 0.6546597 0.4147325
2.509502 0.3357777 2.937993 0.3817725 0.578791 0.7533156
2.082356 0.8024338 2.84788 0.3187232 0.6270008 0.9428547
1.845123 1.292996 2.185562 0.2609983 0.611038 0.7609875
1.695425 1.777998 1.635095 0.2246688 0.6121197 0.5829869
1.895324 1.331794 1.941652 0.2518839 0.5639986 0.6113594
1.905563 1.465637 1.762254 0.2458185 0.5554002 0.5503069
1.994932 1.321124 1.819173 0.2653241 0.5562014 0.5543627
1.700097 1.978045 1.460185 0.2463993 0.6923401 0.5848229
2.067003 0.9200171 2.391425 0.2963834 0.5793352 0.7259691
2.184627 0.891054 2.503116 0.3145586 0.5834941 0.7674982
2.180802 0.5146044 3.468005 0.3433828 0.6359137 1.104599
1.935612 1.224112 2.071392 0.2628992 0.5698728 0.6525315
1.67265 1.611875 2.020793 0.2479777 0.6836822 0.8218232
2.64729 -0.1032988 4.461325 0.480497 0.7157632 1.309191
2.068373 0.8506187 2.627853 0.3140029 0.6185289 0.8540082
1.90342 1.241564 2.282352 0.2693455 0.6085629 0.789893
1.454202 2.451043 1.227711 0.2492847 0.9047112 0.6310684
1.750858 1.759284 1.66267 0.2361318 0.6205908 0.6003532
2.423962 0.3154844 3.227225 0.3752604 0.5978552 0.8703569
2.05758 0.9702134 2.643278 0.3053313 0.6200731 0.8983387
1.879474 1.35356 2.022349 0.2502266 0.5722865 0.6557636
2.219295 0.7278164 2.820447 0.3308819 0.5998331 0.8676122
2.228308 0.5732533 3.23465 0.3360492 0.6051656 0.9833823
1.894363 1.181897 2.238264 0.2631506 0.5861872 0.7310588
3.012801 -0.7360624 4.923539 0.6624032 0.8652653 1.303311
1.696495 1.682187 1.793926 0.2128786 0.5722698 0.602432
1.872804 1.324887 1.995116 0.2547133 0.5811129 0.6515515
2.351539 0.1870886 3.85997 0.4168098 0.7040632 1.225157
1.990747 1.047581 2.567242 0.2793772 0.5888517 0.8389183
1.783183 1.540249 1.810569 0.2201566 0.5427133 0.5643722
2.088773 0.8585761 2.661263 0.2856213 0.5540271 0.7790952
1.980908 1.005992 2.770205 0.292032 0.6238616 0.9660376
2.193927 0.4363921 3.462255 0.3225124 0.5814163 0.9742586
2.254262 0.5114423 3.227646 0.3451502 0.6085193 0.961909
2.183948 0.6313743 2.969444 0.3338285 0.6109517 0.9096822
1.569934 1.851756 1.690625 0.2170272 0.6555446 0.6550629
1.537882 2.017371 1.563908 0.2249762 0.7150229 0.6584724
1.898578 1.048525 2.739983 0.2687861 0.6009504 0.9279577
1.738513 1.582766 1.950303 0.2220967 0.5770207 0.6624453
2.094098 1.010463 2.30079 0.2866294 0.557873 0.6857034
1.597471 1.734871 2.025085 0.2023643 0.5967894 0.7315349
1.76649 1.566251 1.908144 0.2405472 0.6112743 0.6796413
1.748546 1.519093 1.860488 0.2439532 0.6179268 0.6611435
2.308551 0.5455194 3.038706 0.3731475 0.6428196 0.9544681
2.096314 0.9092685 2.351204 0.3083131 0.5925361 0.7244026
1.967075 1.120137 2.402521 0.2808966 0.6031024 0.8081617
1.923302 1.102472 2.491686 0.2522578 0.5516781 0.7703327
2.430833 -0.01249544 4.727119 0.4278676 0.7047071 1.451698
1.781308 1.294513 2.471953 0.2589941 0.6423344 0.9307259
2.463834 0.02404324 4.478799 0.4495545 0.7300674 1.428389
1.956945 1.082534 2.345346 0.2633125 0.5576501 0.7164315
2.730077 -0.02743099 3.352024 0.4437322 0.6081663 0.7912232
2.117115 0.675201 3.226783 0.322335 0.6222626 1.047639
1.726855 1.664391 1.62894 0.2197758 0.5691915 0.5314297
1.827646 1.391198 2.060943 0.2380802 0.5660666 0.6694579
1.532547 2.095053 1.392131 0.2106239 0.6715189 0.541092
1.871928 1.300578 2.264769 0.2488881 0.5761964 0.7511173
1.974869 0.9369414 3.029814 0.303223 0.6530956 1.109074
2.223949 0.3251899 4.115759 0.383825 0.7031123 1.408953
1.89065 1.551362 1.608646 0.2352485 0.5368323 0.483145
2.213171 0.5590694 3.369811 0.3075857 0.5560571 0.948296
2.256909 0.567306 3.088745 0.3700803 0.6572697 1.005586
2.010311 1.0195 2.582496 0.2922168 0.6085251 0.8661564
2.041722 0.9544963 2.843146 0.2852254 0.5849704 0.9213367
2.416515 0.4060573 3.349539 0.3698071 0.6025337 0.9580418
2.429105 0.1618665 3.661353 0.3931291 0.6291996 1.009497
2.388899 0.1495626 3.768232 0.3846026 0.6272639 1.037755
2.281402 0.3441569 4.147341 0.3889226 0.6966338 1.421456
2.034555 0.7480842 2.986059 0.2903896 0.5797003 0.9075293
1.967547 1.098794 2.431714 0.2775458 0.593153 0.8014118
2.284405 0.4161748 3.475289 0.3527969 0.6133555 1.026653
1.91376 1.228293 2.212737 0.2428286 0.5364979 0.6681955
1.67589 1.728944 1.568378 0.2036287 0.5456496 0.4901529
2.15871 0.8448634 2.516895 0.3250221 0.6078036 0.7934413
1.468448 2.255783 1.451835 0.2370033 0.8317681 0.7079251
1.947176 0.9984543 2.721502 0.2725061 0.5869046 0.8864937
1.403206 2.428886 1.270533 0.1990571 0.7442114 0.541512
2.224817 0.4779794 3.393636 0.3451808 0.6190818 1.029118
2.426953 0.2342505 3.421726 0.408092 0.6551153 0.9950056
1.535557 2.095038 1.483227 0.2131087 0.68618 0.5970436
2.842473 -0.4402087 5.062899 0.5731294 0.799268 1.460442
1.76036 1.538083 1.793948 0.2449015 0.6147321 0.630858
2.370126 0.3910292 3.279528 0.3651716 0.6033247 0.9275546
2.360269 0.3598932 3.430848 0.3814913 0.6377204 1.025055
2.09847 0.8121924 2.733755 0.3013405 0.5819367 0.8336252
1.902461 1.348908 1.845745 0.2523688 0.5597679 0.571714
1.697974 1.625543 1.824118 0.2198303 0.5834371 0.6200974
2.336238 0.2530876 3.953723 0.3927705 0.6724779 1.241196
1.975153 1.070116 2.405892 0.265057 0.557776 0.7383111
