2.710825 0.40112 7.05703 0.4815787 0.794352 3.216018
2.514603 0.839611 5.22458 0.4520923 0.8261125 2.671065
2.841095 0.2712705 7.354735 0.5318708 0.8326463 3.396798
2.161112 1.472177 3.850411 0.3551865 0.8129482 2.076358
0.9881661 6.538842 0.3492497 0.2296448 2.09726 0.2264267
1.610957 3.138355 1.276051 0.3080344 1.176652 0.8187975
2.031098 1.995506 2.409621 0.3075331 0.7850065 1.205087
2.03169 2.138064 1.824657 0.3086189 0.785054 0.8738845
2.036257 1.771843 2.978131 0.319575 0.797751 1.551906
2.261325 1.227228 4.472142 0.3769778 0.8016373 2.35145
1.721104 2.996074 1.369897 0.2906401 1.015466 0.7774973
1.664208 3.030705 1.210992 0.2552064 0.9146303 0.6068693
1.894487 2.21629 2.193528 0.3390485 0.9689959 1.337459
2.107618 1.641648 3.474868 0.3938596 0.950732 2.197534
2.01736 1.889162 2.679274 0.3076908 0.7827735 1.353568
2.356334 1.039671 5.138796 0.395448 0.7946148 2.649489
2.23327 1.439876 3.825878 0.3303386 0.721896 1.820176
1.94381 2.403618 1.622103 0.3363734 0.9380452 0.9074465
1.613519 3.243449 1.29352 0.5328258 2.087666 1.456909
2.08575 1.79261 2.850355 0.3335731 0.8134051 1.506583
2.114891 1.734689 2.990258 0.3291828 0.7851775 1.530625
1.8352 2.323496 2.367992 0.3007171 0.9130577 1.373727
2.430682 0.9424975 5.500169 0.3916781 0.7541242 2.662063
2.086102 1.910419 2.472293 0.3171015 0.7759876 1.223132
1.988586 2.164869 2.040952 0.3347289 0.8909107 1.130282
2.718073 0.3549859 8.097684 0.5030502 0.8418615 3.981288
2.172575 1.58562 3.276849 0.3680972 0.8405081 1.797891
1.975078 2.173982 2.142344 0.3082936 0.8323215 1.119402
1.957906 2.072808 2.704508 0.3116173 0.8535307 1.502187
2.270374 1.448231 3.562378 0.3288467 0.7021076 1.63279
2.102369 1.853793 2.802448 0.3200922 0.7814715 1.424571
2.384728 1.111493 4.31489 0.3812085 0.7454275 2.04278
1.759365 2.756022 1.510951 0.3074612 1.013832 0.8871526
2.03817 2.025156 2.513569 0.3003559 0.7721852 1.246231
1.706237 2.948086 1.468688 0.3206776 1.129826 0.9400856
1.382644 4.299255 0.6919917 0.3113998 1.594482 0.4811365
1.597882 3.013147 1.608269 0.4016841 1.550427 1.419951
2.692627 0.7508622 4.819245 0.4509366 0.7449967 2.121391
1.887652 2.264664 2.051665 0.2759516 0.7872876 1.004674
1.904371 1.884429 3.052651 0.2935647 0.8051533 1.62375
2.089826 1.725807 3.295334 0.2872098 0.6953836 1.516015
1.48773 3.732536 0.9724492 0.2859541 1.278622 0.6088288
1.800991 2.723446 1.445458 0.2684135 0.8523155 0.7120816
2.07498 1.734677 3.237346 0.3362318 0.8267838 1.768177
2.018987 1.945086 2.611568 0.3251532 0.8371486 1.410535
2.221141 1.607786 2.97218 0.343266 0.756684 1.444773
2.060346 1.769174 2.957864 0.3459264 0.8549932 1.650425
2.028723 1.994644 2.341453 0.3345175 0.8559903 1.272586
2.087447 2.034831 2.16034 0.3082158 0.7623793 1.033344
1.680262 2.90172 1.596643 0.343552 1.231335 1.132284
1.826817 2.304308 2.209885 0.3545327 1.075883 1.497856
2.8537 0.2194957 7.768948 0.512562 0.7965567 3.401806
1.782059 2.59353 1.729267 0.336423 1.077786 1.114049
1.96253 2.204561 2.001255 0.3220096 0.873976 1.084639
2.233778 1.526721 3.00053 0.3734904 0.809363 1.549184
1.963811 2.240121 2.048681 0.3569121 0.9803629 1.248492
1.680529 2.772126 1.676038 0.3502623 1.229836 1.208587
2.40354 0.9958083 5.203136 0.4372952 0.8592825 2.877867
2.574861 0.7049635 5.05808 0.4346986 0.7513846 2.240467
2.987839 0.2633284 6.819413 0.5632223 0.8280643 3.059687
2.430285 0.9845099 5.081215 0.402198 0.773165 2.507412
1.520986 3.509504 1.105569 0.2921658 1.24322 0.7027968
2.71814 0.5836914 5.402511 0.436813 0.7050307 2.187493
2.370354 0.9026164 6.034711 0.4311941 0.8637009 3.384972
2.590248 0.8306523 5.010513 0.3989906 0.6947247 2.123455
2.060388 1.938342 2.601129 0.3226197 0.8110088 1.35913
1.769174 2.65378 1.764827 0.3219264 1.053476 1.11056
1.66374 3.079809 1.314582 0.236169 0.8596839 0.6234337
2.730975 0.6391263 5.32743 0.4397886 0.7113883 2.209413
1.414648 4.025778 0.752637 0.3465022 1.676932 0.5762521
2.07236 1.698222 3.270289 0.340156 0.8332433 1.799582
1.422333 3.831725 0.9893125 0.2955383 1.405076 0.67203
1.600208 3.220331 1.308716 0.3626051 1.420643 1.006363
1.861198 2.309589 2.147774 0.3260772 0.9642595 1.296207
2.181545 1.417944 4.313739 0.3364599 0.7627461 2.208417
1.942182 1.955816 2.638307 0.335657 0.9045541 1.543946
2.355277 1.081871 4.743471 0.3856416 0.7707899 2.352541
1.922282 2.304278 2.03656 0.3077785 0.8715745 1.101254
2.071285 1.932037 2.527102 0.3476234 0.8667515 1.403207
2.657935 0.6549595 5.516518 0.4509582 0.7584595 2.473347
2.116112 1.879031 2.307192 0.4222651 1.012016 1.468341
1.759596 2.777983 1.481174 0.3306616 1.093718 0.9331047
1.662656 3.171438 1.100644 0.2778675 1.015939 0.5953673
1.871038 2.359722 1.896904 0.2927876 0.8545187 0.9935411
2.318778 1.305319 3.692348 0.3384925 0.6881001 1.625215
2.115134 1.624476 3.3508 0.3746676 0.8908124 1.966407
2.322928 1.133094 4.762596 0.3514784 0.7163981 2.222041
1.825244 2.344541 2.175916 0.4004225 1.225227 1.670695
2.829581 0.5266915 5.345852 0.4812156 0.7417631 2.229824
2.31188 1.236979 4.499639 0.383157 0.7983615 2.36122
2.163466 1.643891 3.02844 0.3066877 0.6986785 1.370332
2.173585 1.578121 3.413406 0.3752827 0.8610229 1.932619
1.912971 2.34223 1.938732 0.3404828 0.9748293 1.162744
2.122095 1.842841 2.425839 0.2916396 0.6867584 1.055639
2.220919 1.532933 3.018919 0.3576183 0.7784132 1.499167
1.949819 2.427062 1.529253 0.3482615 0.9666499 0.8723939
2.217711 1.571457 3.431983 0.3601191 0.8074972 1.82338
2.272193 1.450487 3.434147 0.3429652 0.7279043 1.615971
2.065799 1.756392 3.172282 0.344169 0.8536989 1.787703
1.98935 1.968872 2.696012 0.3822995 1.014673 1.777014
2.276415 1.51853 3.1209 0.3432932 0.72812 1.456667
2.657542 0.4415318 8.236996 0.5592171 0.9800665 4.903682
2.488078 0.6733008 6.906471 0.438343 0.8180472 3.535476
1.586386 3.176511 1.302261 0.3888713 1.526976 1.081777
1.479427 3.662964 0.9790882 0.2935342 1.304316 0.6305277
1.811114 2.516899 1.852227 0.2631214 0.8170543 0.9196043
2.193816 1.536085 3.255987 0.308505 0.6837602 1.443821
2.114229 1.815786 2.624163 0.2927702 0.693656 1.164791
1.680496 2.868641 1.546786 0.3414971 1.21312 1.080055
1.795866 2.421402 2.195659 0.3536625 1.116156 1.53335
2.217256 1.661356 2.585317 0.3815575 0.8405335 1.369267
1.676993 2.866882 1.807494 0.3222173 1.16097 1.232449
2.118634 1.591071 3.655487 0.3777782 0.9012572 2.197671
2.266871 1.29802 4.71417 0.4054939 0.8824745 2.796889
1.382232 3.995841 0.917965 0.2929742 1.462528 0.6296314
1.775745 2.828571 1.435184 0.3051102 1.004231 0.8228729
2.121253 1.534487 3.859178 0.367196 0.8699166 2.246866
1.533751 3.563053 1.127576 0.4075876 1.747301 1.003182
2.119698 1.706123 3.025228 0.3042971 0.7193388 1.42086
2.731669 0.3640147 8.101166 0.5374558 0.9004921 4.285565
1.681505 3.054376 1.127169 0.3112159 1.105506 0.6735695
1.764398 2.634363 1.743197 0.2942243 0.9565352 0.9943506
2.374166 1.167827 4.096522 0.3901335 0.7709006 2.011658
1.750676 2.756988 1.554009 0.3387946 1.129442 1.020678
2.136675 1.59886 3.34641 0.3311392 0.770686 1.693608
2.205354 1.460724 3.603413 0.34248 0.756711 1.781615
1.534727 3.559994 1.083652 0.3564654 1.518914 0.8343787
1.565572 3.316013 1.227263 0.372585 1.510289 0.9840589
2.069684 1.604073 3.141569 0.2901982 0.6872099 1.399554
1.897527 2.346677 1.756862 0.3136263 0.8934345 0.9507041
1.776686 2.817535 1.475122 0.3058563 1.007537 0.8531311
2.122277 1.659527 3.592267 0.3122678 0.7466227 1.79575
1.4599 4.014319 0.872057 0.3244913 1.533717 0.6220923
1.957026 1.92624 2.889024 0.3256776 0.8740605 1.656631
2.639575 0.761207 5.479952 0.423597 0.7264022 2.426146
2.16411 1.556851 3.47402 0.3529184 0.8099495 1.852261
2.076152 1.729263 2.915118 0.295765 0.7118051 1.345161
1.858701 2.388528 1.831871 0.2658952 0.7785248 0.867353
2.038164 1.914678 3.067906 0.3927549 1.0221 2.077409
2.266567 1.419134 3.279839 0.3713539 0.7829423 1.637445
1.826733 2.565507 1.836911 0.3505712 1.097348 1.218073
1.785004 2.584791 1.892474 0.2831062 0.9100141 1.045692
1.449536 3.85882 0.8554335 0.3015806 1.395959 0.5650117
2.624907 0.6352277 5.479626 0.4555219 0.7744038 2.493503
1.648 3.266117 1.040262 0.3600104 1.349999 0.7333609
2.00741 1.975116 2.777058 0.3709137 0.9785394 1.772815
1.828227 2.493468 1.752793 0.3711641 1.139653 1.203846
2.166621 1.487795 3.681099 0.3405993 0.7736574 1.876893
2.101524 1.915333 2.409751 0.3151906 0.7638755 1.169252
1.632745 2.988255 1.36757 0.489053 1.815311 1.387441
1.420727 3.822762 0.9338393 0.332223 1.574746 0.7068489
1.802683 2.649352 1.570413 0.2986882 0.9455688 0.8734486
2.103869 1.552867 3.466256 0.3622322 0.8561347 1.952091
2.520932 0.818771 4.995996 0.4220579 0.7582866 2.306304
2.24476 1.36189 3.939437 0.3614608 0.7807271 2.016777
1.791949 2.65552 1.731178 0.3181005 1.026575 1.059467
1.321279 4.737709 0.56161 0.3175166 1.78567 0.4035351
2.14001 1.471571 3.872388 0.3258575 0.7503343 1.927135
1.851873 2.396073 2.114473 0.3243332 0.9795868 1.289209
1.734262 2.887881 1.352923 0.2750748 0.9313719 0.7106471
2.343536 1.202359 4.152732 0.3410501 0.6833504 1.823268
1.860328 2.430944 1.664198 0.334261 0.9865893 0.9843296
2.122695 1.492792 3.953183 0.30665 0.7148686 1.886398
1.538615 3.686834 0.848444 0.376887 1.604291 0.6587845
1.694654 2.789084 1.792003 0.308038 1.081649 1.147077
1.812984 2.512352 1.777703 0.2905935 0.8996549 0.9657586
1.744359 2.877503 1.341364 0.2900486 0.973953 0.7359454
2.165858 1.710175 3.211552 0.3475532 0.8140093 1.722611
2.156513 1.48566 4.198932 0.3489951 0.8120942 2.303845
2.111715 1.488535 4.068317 0.3217602 0.7593485 2.074834
1.636094 3.093294 1.366573 0.3868798 1.456802 1.100189
2.351663 1.147614 4.45744 0.3704011 0.742557 2.13315
2.080383 1.883974 2.412506 0.302774 0.7360466 1.127506
2.104251 1.683302 3.05393 0.3026222 0.7166204 1.4255
2.901747 0.5345305 5.13765 0.4958576 0.7423065 2.130726
2.471203 0.9905147 4.525372 0.4352625 0.8136215 2.300341
1.967397 2.058904 2.56137 0.2856595 0.7692274 1.272189
1.737004 2.851187 1.524208 0.386862 1.322993 1.15839
1.92383 2.127937 2.140138 0.28618 0.7823 1.049303
2.129756 1.683463 2.772927 0.3221378 0.7466604 1.326653
1.817481 2.341802 2.107071 0.3858955 1.179805 1.55008
2.028809 1.92962 2.645958 0.3143916 0.8024615 1.371319
1.494848 3.714435 0.9532003 0.5361644 2.390955 1.115145
1.241499 4.918325 0.5433287 0.2907668 1.778189 0.3783246
2.052161 1.866918 2.753554 0.3015663 0.7530783 1.345121
2.086217 1.816165 2.644637 0.3220735 0.7810249 1.32779
1.924961 2.164288 2.539307 0.3414887 0.9672454 1.584018
2.046493 1.936688 2.522041 0.3754651 0.9503163 1.534125
1.925931 2.138109 2.389673 0.3167896 0.8813501 1.342597
2.124553 1.81811 2.804319 0.3725415 0.8972163 1.631596
1.878966 2.249147 2.355965 0.3138718 0.918368 1.378835
1.702822 2.982418 1.257703 0.350856 1.23031 0.8553263
2.270686 1.327327 4.060657 0.3684702 0.7842308 2.086515
1.955527 1.963461 2.829712 0.3083264 0.8300226 1.535927
1.977107 1.900466 2.939177 0.311691 0.8225792 1.587312
1.789846 2.712434 1.401475 0.2762407 0.8770059 0.7066328
2.321944 1.110921 4.467203 0.379067 0.7665129 2.192342
1.283519 4.646456 0.5986782 0.3259653 1.873397 0.4599907
2.027296 1.90624 2.822892 0.3248121 0.8335868 1.535292
1.967836 2.146442 2.122378 0.3695061 0.9980134 1.325036
2.156436 1.398655 3.778965 0.3196873 0.7159858 1.767431
1.894877 2.297594 2.014455 0.3546437 1.02209 1.276596
1.420186 3.936578 0.978282 0.3521158 1.705919 0.7942298
1.823038 2.431955 2.176195 0.3323331 1.031136 1.399875
2.08416 1.750725 3.168397 0.3485059 0.8553888 1.786992
2.010918 1.927586 2.654506 0.3043624 0.7821467 1.340252
2.008353 1.90173 2.536854 0.2699449 0.6827959 1.108671
2.672599 0.7071681 4.96593 0.4536966 0.7543144 2.201765
2.060978 1.913528 2.586019 0.3019989 0.7518197 1.249555
1.756687 2.76786 1.487377 0.2634482 0.8666397 0.7445165
2.380564 1.204058 3.985528 0.3604728 0.7085669 1.799306
1.76182 2.773846 1.680415 0.2773534 0.9223777 0.9088712
2.122935 1.77169 2.52163 0.2985102 0.695766 1.113268
1.989691 1.952204 2.61306 0.3211835 0.8406877 1.418066
3.062567 -0.2714918 11.61888 0.6656629 0.9847362 5.690438
2.325432 1.417558 3.240266 0.3337737 0.6806039 1.404751
1.963113 2.039974 2.333282 0.3034743 0.8079152 1.19739
2.225366 1.479112 3.03346 0.3963221 0.8561189 1.647635
2.098061 1.7 3.314 0.3364191 0.8140931 1.784145
2.323294 1.341084 3.591152 0.3529181 0.7207684 1.658582
2.364559 1.334449 3.657923 0.3333293 0.6670632 1.568402
1.818179 2.546778 1.718255 0.2531019 0.7782406 0.8008149
2.381601 1.126283 3.979382 0.4062515 0.7919436 1.977785
2.141605 1.657448 3.287906 0.3526419 0.8290004 1.79422
3.020358 0.02190419 8.463217 0.5992311 0.8784922 3.866539
1.801576 2.60211 1.744635 0.4112898 1.313332 1.37173
2.088925 2.067841 1.975532 0.2927516 0.7179109 0.8762314
2.064398 1.882771 2.615114 0.3114974 0.7703432 1.294035
1.370065 4.129984 0.8011768 0.3496507 1.783086 0.6477313
2.069515 1.609297 3.915622 0.3257828 0.8019942 2.124719
2.040431 2.120839 2.049557 0.3096189 0.7927308 1.010419
2.20501 1.469863 3.522008 0.3240167 0.7137361 1.639381
2.516089 0.8610994 5.215259 0.3952857 0.7178253 2.324837
2.517715 0.9312497 4.828121 0.4272787 0.7807753 2.348774
1.923036 2.131432 2.429039 0.361613 1.013535 1.575284
1.788319 2.90709 1.306258 0.2903071 0.9542678 0.698358
2.130652 1.490097 3.713909 0.3241451 0.7490131 1.837518
2.129506 1.62868 3.307767 0.3484054 0.8188572 1.779186
2.112612 1.672875 3.044804 0.3636821 0.8629168 1.709919
1.937715 2.297976 1.895048 0.3260058 0.9080766 1.055457
1.968372 1.85033 3.176535 0.3052324 0.8082092 1.7046
2.416711 0.8496948 5.628634 0.3947995 0.7548456 2.672827
2.367861 0.9016545 5.798245 0.4059216 0.8055327 3.000815
2.3487 1.10397 4.692498 0.3689745 0.7392259 2.235746
2.168623 1.527662 3.071708 0.3203979 0.7122584 1.399615
1.813121 2.488187 1.866779 0.3595168 1.118133 1.269292
2.635495 0.7380302 4.95816 0.4156982 0.6996143 2.051214
1.713559 2.719731 1.689467 0.2655667 0.9027576 0.9027064
1.934299 2.069532 2.912543 0.3552966 0.9978052 1.913699
1.118372 5.822752 0.4134626 0.2178419 1.6243 0.2285587
1.958047 1.93826 2.862287 0.3316124 0.8899885 1.666862
1.89941 2.418784 1.771791 0.3411248 0.9904508 1.062637
2.138597 1.506655 3.437471 0.3149258 0.7185229 1.611173
2.110849 1.540647 3.546886 0.3441704 0.8085274 1.889267
2.5153 0.581116 7.791383 0.4540652 0.8417936 4.09608
1.716459 2.93457 1.477529 0.3477151 1.218027 1.022178
1.635416 3.254974 1.10673 0.3265449 1.238971 0.7239376
2.23 1.378824 3.93131 0.3343552 0.7266584 1.87776
2.113137 1.896035 2.507582 0.2973636 0.7164699 1.149981
1.711742 2.761923 1.565568 0.3213511 1.095218 0.9965486
1.658155 3.110612 1.337512 0.371633 1.381762 1.016798
1.607386 3.221595 1.218779 0.3450968 1.337395 0.87459
1.528961 3.714657 0.8977575 0.3834316 1.65584 0.7211485
1.789445 2.626694 1.69913 0.3433892 1.10027 1.111301
1.920454 2.314334 1.863241 0.2796954 0.7844337 0.8952138
1.810387 2.516332 1.810589 0.270842 0.84228 0.9254081
2.104501 1.704813 3.261064 0.3300069 0.7957713 1.714811
1.874906 2.149238 2.81578 0.3018909 0.8819608 1.626284
2.391988 0.9564271 5.604346 0.4255544 0.8426534 3.059749
2.239419 1.48954 3.281887 0.3631092 0.7873165 1.667759
2.027871 2.003572 2.479388 0.3477511 0.8985777 1.427042
1.921373 2.139676 2.528088 0.2937846 0.8243585 1.3428
1.876323 2.433233 1.787667 0.4591943 1.362045 1.473784
1.563274 3.539357 0.9874759 0.2943075 1.212345 0.6013187
2.615919 0.5509843 6.932578 0.4733701 0.8269599 3.459124
2.227321 1.483645 3.087987 0.3662289 0.7902821 1.554037
1.561016 3.258905 1.318816 0.3210052 1.296037 0.9214843
1.880636 2.128635 2.60225 0.2778688 0.7953111 1.338206
1.832703 2.557796 1.715735 0.3713909 1.149367 1.179897
2.122581 1.459309 4.07181 0.3434254 0.8039986 2.191274
2.083683 1.818808 2.501407 0.3198269 0.7706192 1.226597
2.086094 1.656587 3.165572 0.3287343 0.7874423 1.628963
2.051527 1.938547 2.756984 0.2845859 0.7190971 1.288776
1.73896 2.732475 1.632318 0.3089525 1.034832 0.9911329
2.283743 1.435673 3.353456 0.3884516 0.8202892 1.768043
1.646768 2.966144 1.466997 0.397068 1.461718 1.212823
1.559442 3.26704 1.33534 0.378113 1.537783 1.108833
1.709707 2.861169 1.339006 0.2255333 0.766216 0.5806645
2.15954 1.638744 2.969097 0.347476 0.7964237 1.527697
1.903582 2.342219 2.021287 0.3748189 1.08805 1.363455
2.00924 1.855913 2.952975 0.3236939 0.8347322 1.617897
2.046223 1.951199 2.459233 0.3270959 0.8253422 1.296306
2.556421 0.6322208 6.85717 0.4602021 0.830911 3.516017
2.17639 1.786816 2.382617 0.2925989 0.6607635 0.9901487
2.013906 1.88548 2.90654 0.3549288 0.9195951 1.751195
1.971882 2.131303 2.110571 0.344674 0.9232205 1.217518
1.317861 4.466047 0.7483781 0.3310832 1.833869 0.590761
2.109375 1.578813 3.590566 0.3627936 0.8639291 2.059804
1.875417 2.37297 1.997938 0.3373627 0.9955494 1.228282
1.812485 2.170088 2.670386 0.358066 1.086274 1.882728
1.914014 2.234704 2.257368 0.3556801 1.014731 1.447725
1.763366 2.603632 1.691152 0.3025702 0.9753927 0.9810515
1.715703 2.641811 1.838369 0.3442518 1.165372 1.287229
2.379716 1.30135 3.708811 0.3782675 0.7527916 1.786534
1.860637 2.450892 1.851307 0.3072184 0.9178072 1.033353
2.577101 0.8137271 4.432836 0.4009766 0.6875148 1.799904
1.949569 1.999532 2.750991 0.3499259 0.9533789 1.709138
1.977843 2.140095 2.114385 0.2880686 0.7657579 1.012439
1.980772 1.977227 2.331081 0.3688684 0.9650135 1.424565
1.862474 2.369266 1.965443 0.2937974 0.867292 1.050537
1.305737 4.686166 0.5911533 0.3468761 1.969294 0.4743802
2.090328 1.952893 2.329232 0.2972451 0.7263623 1.071725
1.854806 2.1933 2.334166 0.3014984 0.8796773 1.305413
2.108405 1.803782 2.614045 0.3120282 0.7427425 1.242464
2.132329 1.606196 3.27603 0.3448066 0.8056562 1.730069
1.875863 2.395471 1.95965 0.3446308 1.019443 1.228565
2.932518 0.3145122 6.352785 0.5487212 0.8193939 2.832135
1.821312 2.438734 2.071978 0.2725995 0.838542 1.076715
2.471309 0.9411487 4.545947 0.4015588 0.7401976 2.074071
2.574085 0.9635522 4.425816 0.4238065 0.7513078 2.051836
2.670792 0.5643137 6.099815 0.4495072 0.7528611 2.700741
1.55275 3.465011 1.215461 0.3968552 1.66415 1.053271
2.130325 1.763053 2.568588 0.3051358 0.7078627 1.153606
1.942731 2.238742 2.044533 0.3156095 0.8746688 1.113437
2.012724 1.880646 2.465369 0.3415943 0.8651655 1.358456
2.170972 1.684981 2.9119 0.3747075 0.862095 1.622003
2.962568 0.3384952 6.265391 0.5091762 0.748391 2.55877
1.829857 2.363048 2.194955 0.3354905 1.025078 1.411442
1.566706 3.304197 1.223376 0.2774412 1.113322 0.7230853
2.85018 0.4905601 5.71439 0.4922758 0.7576878 2.443426
2.37731 1.14198 4.227404 0.3753236 0.7384606 1.989405
2.324393 1.379569 3.536189 0.3653019 0.7517724 1.710447
1.800547 2.539084 1.850358 0.3335381 1.054399 1.183071
1.96295 2.049089 2.583933 0.3297081 0.8934172 1.491267
1.750489 2.696048 1.534202 0.2991067 0.9824738 0.8804744
1.676156 2.786583 1.848336 0.3554701 1.269262 1.394286
1.373296 4.153756 0.8192299 0.3352488 1.714267 0.6365926
1.976751 2.244968 1.900442 0.304333 0.8211805 0.9604417
1.516988 3.522196 1.13231 0.2802519 1.198724 0.6945729
1.781119 2.67997 1.513867 0.3354051 1.079009 0.9522814
2.290744 1.309121 3.959947 0.3641485 0.7618225 1.960504
1.786494 2.572334 1.721748 0.3851901 1.229472 1.266877
1.574962 3.291118 1.141033 0.4049238 1.616886 0.9738783
1.551297 3.460051 1.03666 0.2699201 1.112751 0.5907729
2.038606 1.583326 3.786824 0.3561219 0.8854791 2.250359
2.400343 1.065368 4.523216 0.4000222 0.7776616 2.233882
2.454907 1.204574 3.296212 0.3960305 0.7368689 1.488596
1.977032 2.055319 2.366388 0.3342564 0.8912163 1.343267
1.768184 2.754015 1.567223 0.3740915 1.236443 1.127674
1.617874 3.27397 1.145411 0.3455323 1.333556 0.807215
2.214975 1.321099 4.689144 0.3641165 0.8104682 2.55932
2.877077 0.2835988 7.332382 0.4866048 0.7445822 3.016318
2.514755 1.038369 4.503792 0.4065837 0.7484404 2.123448
2.168566 1.646738 3.112563 0.3248667 0.743905 1.507931
2.101789 1.668895 3.530354 0.3476578 0.843235 1.987722
1.250134 4.824377 0.6492239 0.2658142 1.610431 0.4225098
1.986448 2.032412 2.63095 0.3500971 0.9363105 1.593511
2.011034 2.161341 2.070285 0.3866494 1.021821 1.317087
1.684664 2.950275 1.381752 0.2582476 0.9125533 0.7093882
2.732876 0.2338815 9.618046 0.5214386 0.8771168 4.905672
1.807745 2.246555 2.402046 0.3317806 1.011617 1.5504
2.161174 1.488113 3.433708 0.3626498 0.8218938 1.83961
2.170797 1.449145 3.870373 0.3510843 0.7964437 2.040875
1.745086 2.832133 1.34817 0.3763416 1.261261 0.9627053
2.180906 1.812625 2.41285 0.3176978 0.724546 1.104144
2.037169 1.91171 2.735068 0.3125003 0.7949087 1.412081
1.795015 2.63344 1.784957 0.3594943 1.157488 1.236656
2.380461 1.111727 3.994212 0.4131573 0.8051911 2.014915
2.297249 1.395861 3.100473 0.3176465 0.6463456 1.259643
2.118518 1.9012 2.473352 0.2912752 0.6973585 1.099744
2.329082 1.089134 4.953949 0.4079412 0.8351501 2.697322
2.059847 1.919337 2.759656 0.3238353 0.8163076 1.463233
2.111889 1.943643 2.381967 0.3163945 0.76667 1.159311
2.032126 1.922633 2.539564 0.3607853 0.9182051 1.495697
1.623587 3.188122 1.312318 0.3333958 1.277462 0.9107452
2.308643 1.080185 6.041298 0.4335456 0.9224874 3.777809
1.492041 3.719678 0.8696237 0.3470525 1.529694 0.6418014
2.001017 2.054781 2.342071 0.3193554 0.8390226 1.25043
1.476842 3.714354 1.047075 0.3425215 1.551364 0.8040283
1.98271 2.03418 2.30537 0.2881935 0.7555643 1.104184
1.758506 2.636293 1.689277 0.307211 1.000806 1.003659
1.987685 2.100149 2.341669 0.3171615 0.8455087 1.258426
1.904216 2.121257 2.490517 0.2924157 0.8239645 1.320006
2.083614 1.65555 3.013178 0.3490495 0.8338427 1.627907
1.590254 3.265546 1.231896 0.3011312 1.186289 0.780807
1.928058 2.246212 2.018158 0.2929453 0.8145778 1.019899
2.028101 1.953548 2.742068 0.3485836 0.9018406 1.607527
1.476141 3.852205 0.816571 0.2817237 1.276966 0.4924456
1.752836 2.776817 1.651996 0.2718984 0.9085021 0.8787632
1.907278 2.331447 1.960977 0.2922817 0.8334308 1.00684
2.303952 1.221964 4.01739 0.3773705 0.7742267 1.994912
1.88663 2.023196 2.740074 0.362049 1.026671 1.834324
1.985034 1.79577 3.305127 0.281 0.7293619 1.60557
2.058261 1.881856 2.911036 0.3609363 0.9143079 1.743997
1.931086 2.304239 1.960447 0.2631534 0.7348325 0.8901045
2.134907 1.72394 2.709205 0.3053727 0.7056198 1.220104
1.82039 2.494747 1.832145 0.3529863 1.091784 1.212274
2.199939 1.627563 3.049796 0.3701548 0.834561 1.648942
1.708834 2.881292 1.51048 0.366173 1.277735 1.103837
2.329984 1.180214 4.513415 0.4160455 0.8553225 2.516843
1.826531 2.379361 2.073761 0.2833142 0.8589693 1.106086
1.812674 2.713683 1.476591 0.4293059 1.366541 1.167556
2.521806 0.9847026 4.150684 0.3835252 0.685644 1.737467
1.803039 2.579 1.773455 0.3202689 1.013391 1.080384
2.10024 1.903946 2.46848 0.3466519 0.8441014 1.327715
2.166618 1.400797 3.847948 0.3728124 0.8406667 2.124478
2.144389 1.768315 2.731268 0.3533351 0.8293222 1.457085
2.087082 1.969328 2.289873 0.3267935 0.805552 1.167122
2.026904 2.046465 2.234671 0.3548633 0.9155986 1.29056
1.679234 2.982855 1.355122 0.2753745 0.9787473 0.7392964
3.077674 -0.163785 10.41522 0.6227665 0.9056705 4.765519
2.091722 1.746032 2.954993 0.3575934 0.8661464 1.665851
2.223486 1.388588 3.499409 0.2885762 0.612887 1.376908
1.813299 2.654949 1.546787 0.2958989 0.926543 0.8382093
1.822593 2.454339 1.841258 0.2553818 0.7770711 0.8722535
2.390662 0.9107287 6.209552 0.3950784 0.7835971 3.176862
2.130801 1.669579 3.224413 0.3355669 0.7925249 1.680793
1.824941 2.585313 1.803529 0.3544176 1.112238 1.206619
2.103532 1.620382 3.309303 0.3775286 0.9009591 1.959449
1.957697 2.248851 2.003648 0.2850495 0.7808275 0.9714583
1.901875 2.392207 1.838356 0.3083445 0.8896244 0.9966613
1.891304 2.237344 2.466097 0.3435466 1.001423 1.58155
2.148475 1.565794 3.958333 0.3378684 0.7938116 2.116209
1.635324 2.898766 1.710005 0.3214532 1.189249 1.181849
1.664798 3.145154 1.173713 0.2695948 0.98359 0.6212317
1.861024 2.242596 2.098198 0.3231908 0.9386155 1.22879
1.977062 1.779157 3.461343 0.3895224 1.032094 2.399963
2.106403 1.68557 3.32986 0.3433144 0.8280928 1.827607
2.062358 2.095162 2.1077 0.3302916 0.8362263 1.100241
1.402556 4.364128 0.6521386 0.4709569 2.400476 0.6728914
2.155502 1.511513 3.814165 0.3667328 0.8490506 2.156433
1.700522 2.786606 1.666676 0.2682694 0.927714 0.906174
1.994277 2.04279 2.496605 0.3269221 0.8660085 1.388196
2.198889 1.584386 3.121517 0.3066483 0.6797096 1.370598
2.402418 1.16975 4.155369 0.383588 0.7497353 1.991045
2.085784 1.639126 3.40301 0.3151719 0.7578759 1.703907
1.327794 4.689612 0.6138518 0.2526218 1.40617 0.3525379
1.934766 1.964656 2.687347 0.290318 0.7836105 1.365695
1.873497 2.520133 1.614797 0.3220948 0.9537348 0.912676
2.558737 0.8934054 4.471616 0.4253344 0.7499575 2.033991
2.433642 1.113447 4.100384 0.3755594 0.712602 1.835463
1.827809 2.544415 1.660471 0.3137615 0.9635312 0.9535912
1.708398 2.661103 1.899427 0.2883698 0.9815663 1.122259
1.930289 2.257123 2.030078 0.2820265 0.7862613 0.9931488
1.150771 5.608141 0.4228077 0.3006525 2.14303 0.3182025
2.15921 1.509148 3.317334 0.3394703 0.7655751 1.644672
1.555503 3.305677 1.304642 0.2818966 1.147414 0.8015083
1.794962 2.700622 1.480386 0.2918618 0.9296595 0.7988008
1.890187 2.236165 2.339626 0.3311692 0.960153 1.428717
1.217014 5.219601 0.4689261 0.306691 1.977979 0.3449713
1.991775 2.033724 2.362728 0.3097285 0.8134181 1.223619
2.160339 1.474545 3.739987 0.3259714 0.7401854 1.824961
1.981036 2.051156 2.758996 0.3346378 0.9056261 1.630405
2.070749 1.911359 2.522991 0.3448461 0.8551719 1.379667
1.257784 4.558524 0.7631362 0.3197079 1.883362 0.6128376
1.521483 3.718182 0.9061983 0.378296 1.645252 0.7242811
1.742236 2.765672 1.57085 0.3306664 1.110783 1.015851
2.218872 1.399934 3.812578 0.3807782 0.8372811 2.093187
1.649692 3.081228 1.366243 0.346952 1.28972 0.9746108
1.560609 3.575287 0.9888865 0.3541905 1.476043 0.7301187
1.905204 2.270847 2.013349 0.3793121 1.08207 1.350693
2.03207 1.928206 2.686601 0.3010228 0.7667791 1.333755
1.610682 3.368574 0.9978527 0.3387133 1.320014 0.6768725
2.073642 1.881799 2.952848 0.3565177 0.8973991 1.740397
2.555145 0.9841153 4.246249 0.4268888 0.7608764 1.985308
2.029475 1.838696 2.840847 0.3137728 0.79163 1.462758
1.97258 1.874252 3.287241 0.2909897 0.7741546 1.700855
1.9945 1.956958 2.718839 0.3118254 0.8179274 1.445006
2.183638 1.632734 2.791228 0.3432777 0.7683771 1.366677
2.162234 1.520457 3.501127 0.3460413 0.7877259 1.806823
2.236523 1.436308 3.698311 0.3344074 0.726323 1.758389
2.49612 0.9618688 4.404353 0.3789634 0.6890564 1.871478
1.889301 2.390714 1.903565 0.3624389 1.06139 1.237467
1.938343 2.053538 2.529663 0.3234717 0.8855099 1.441538
2.147355 1.695024 3.012639 0.3360405 0.7827387 1.532323
2.48911 1.046111 3.997145 0.3958262 0.7243714 1.78407
2.626214 0.7513339 5.662937 0.4682327 0.8162901 2.838847
2.124106 1.465767 3.949629 0.3435569 0.8012245 2.107285
2.738612 0.5686827 6.485681 0.4799545 0.7931288 3.070337
1.408557 4.028102 0.8725546 0.2924944 1.433296 0.5803252
1.880203 2.49068 1.668027 0.2844997 0.8394917 0.8399463
1.882689 2.323748 2.107396 0.2925026 0.8530786 1.122363
2.109109 1.709087 3.445085 0.3290641 0.7976031 1.83291
1.565003 3.485212 1.005505 0.3977546 1.631159 0.8307183
2.078037 1.722141 3.621835 0.2730871 0.6702692 1.631029
2.493027 0.6557673 7.064533 0.4386864 0.8173569 3.611483
1.767541 2.678533 1.62006 0.3245668 1.057049 1.006959
2.148881 1.572127 3.356042 0.3540297 0.8175297 1.798028
1.91459 2.263158 1.962156 0.3331213 0.9385251 1.137937
2.336267 1.217232 4.294936 0.3535741 0.7176413 1.998819
1.288974 4.286996 0.8680284 0.3326042 1.855805 0.7221016
1.821028 2.352379 2.154245 0.2491619 0.7541846 1.017716
1.534564 3.455562 1.208388 0.4159514 1.762228 1.109184
2.461651 1.035697 4.722964 0.4016464 0.7610975 2.287786
1.715573 2.768065 1.70961 0.3112398 1.070624 1.078538
1.959808 2.125604 2.377157 0.3581334 0.9801269 1.485175
1.867793 2.389502 1.874144 0.3325651 0.9826762 1.126861
1.868898 2.379362 1.858333 0.3315544 0.9731157 1.102759
2.040808 1.724984 3.291726 0.3151414 0.7866047 1.714741
1.87291 2.433504 2.074075 0.3822265 1.153833 1.484481
2.175546 1.756739 2.82043 0.3221873 0.7432704 1.35515
2.575478 0.727955 5.083286 0.4611446 0.8040965 2.433283
1.868294 2.270413 2.136138 0.2947352 0.8583821 1.148741
2.246635 1.62841 2.786307 0.3513313 0.7628149 1.352466
1.966059 2.20652 2.209568 0.3198221 0.8765099 1.219692
2.052159 1.902253 2.539203 0.315587 0.7872154 1.280433
2.547804 0.9549865 4.5638 0.3684484 0.6547219 1.844612
1.898955 2.167278 2.408356 0.366678 1.048267 1.612895
1.715877 2.826656 1.543018 0.3537454 1.219631 1.086125
2.214282 1.488716 3.491235 0.3589029 0.7943802 1.813015
2.149618 1.687544 2.681268 0.3266943 0.7464675 1.273216
1.306499 4.477629 0.7436795 0.3021153 1.68808 0.5390362
2.080848 1.888536 2.496414 0.3342897 0.8189576 1.303965
2.574315 0.7312141 5.648938 0.4209201 0.7409561 2.548409
2.475823 0.8676453 4.876061 0.3851731 0.7049533 2.110185
2.258588 1.240085 4.704607 0.3013384 0.6375878 1.985759
1.986716 2.054281 2.23409 0.3813714 1.006312 1.415822
2.261191 1.255634 4.086118 0.3956922 0.8387832 2.224732
2.493437 1.027675 4.183575 0.3872328 0.7080624 1.83262
2.236172 1.551434 2.853349 0.3162347 0.6763352 1.220841
2.66736 0.5076908 7.157451 0.5069607 0.8699866 3.734524
2.817478 0.09142322 11.10612 0.5598394 0.9184548 5.813222
1.64443 3.005559 1.315894 0.3389403 1.2419 0.9069473
1.527216 3.60552 0.9895453 0.3590701 1.538454 0.7589449
1.673204 3.181042 1.107548 0.445536 1.636715 0.9646426
1.289483 4.807745 0.5994761 0.3418416 1.999803 0.4815995
1.600667 3.19349 1.360342 0.4055153 1.588851 1.179524
2.150551 1.507272 3.677821 0.3530403 0.8133473 1.977745
2.03605 1.885841 2.86903 0.3235368 0.8255144 1.549738
1.633307 3.177362 1.193175 0.3805108 1.437442 0.921605
2.078046 1.660976 3.220866 0.3526518 0.8539157 1.804828
1.962142 2.214767 2.110659 0.3288456 0.900009 1.186823
1.746093 2.76823 1.600127 0.3145389 1.056376 0.9872698
2.010571 1.861855 2.777061 0.3182059 0.813304 1.466038
1.674069 3.068324 1.265118 0.3693669 1.339614 0.9282492
1.940477 2.293666 1.978906 0.302074 0.8431017 1.032145
2.058098 1.896615 2.471232 0.3081926 0.76187 1.199847
2.010768 1.979082 2.616253 0.3828815 1.002849 1.695293
1.497508 3.783049 0.9530167 0.2694292 1.197816 0.5519697
1.9735 2.213102 2.164901 0.3157108 0.8609179 1.170293
2.058865 1.903621 2.629374 0.4442504 1.122146 1.90219
1.887237 2.196082 2.44981 0.4013639 1.167223 1.832444
1.654158 3.179129 1.205277 0.3508108 1.308976 0.8491499
2.167367 1.576143 3.591357 0.3703328 0.8579036 2.04615
1.982665 1.988325 2.716032 0.3149678 0.8370116 1.478012
2.116131 1.921048 2.185853 0.2784152 0.658357 0.8996563
1.914505 2.071022 2.606511 0.4055169 1.140268 1.923238
2.029965 1.885696 2.701701 0.3007131 0.7597342 1.326725
2.106589 1.894962 2.377319 0.315634 0.7582862 1.141195
1.59346 3.312713 1.081253 0.3068435 1.199618 0.6762913
1.716591 2.828153 1.824693 0.3227 1.130225 1.219397
2.678684 0.2487411 10.34478 0.5357966 0.9337557 5.756673
1.767113 2.528424 1.768464 0.3346982 1.068555 1.136656
1.787583 2.547395 1.80397 0.3384608 1.075935 1.170797
1.735648 2.662999 1.705517 0.3853235 1.288372 1.304978
2.129808 1.887297 2.307845 0.3212878 0.7584441 1.10061
1.1032 6.397429 0.3359489 0.1312657 1.047314 0.1123498
1.961209 2.1836 2.445245 0.3514449 0.9760419 1.528406
1.793021 2.219803 2.653327 0.3709996 1.150923 1.980471
2.201897 1.26517 4.749152 0.3580212 0.7931443 2.51608
3.808241 -1.026246 12.23253 0.968229 1.134296 4.887011
1.729558 2.76155 1.689583 0.2848825 0.9633722 0.9550327
2.378869 1.127054 4.533784 0.3489209 0.6867489 2.00137
1.931732 2.362512 1.960471 0.331436 0.9452378 1.142626
2.1536 1.472571 3.993243 0.3385972 0.7792716 2.07573
2.384473 0.7898561 6.999646 0.4273656 0.8511789 3.870732
2.046358 1.850728 2.726579 0.306499 0.7643056 1.347764
1.531538 3.496111 1.179411 0.3035217 1.286976 0.7834295
2.139287 1.735072 3.184589 0.3517625 0.839688 1.765656
1.850258 2.418963 2.073194 0.2913163 0.8796611 1.130487
1.75192 2.790041 1.27872 0.2638003 0.8601052 0.6203575
1.680712 2.966102 1.23141 0.3212293 1.138 0.7759481
1.909945 2.278688 2.002584 0.2764805 0.7788467 0.9656672
1.609666 3.425848 0.9590431 0.30908 1.208329 0.5874781
1.729839 2.639635 2.059 0.3210441 1.089976 1.372763
2.297457 1.488355 3.351077 0.324228 0.6812374 1.47699
1.56138 3.311317 1.258436 0.3289514 1.335458 0.8952193
2.21524 1.526233 3.2453 0.3481412 0.7656506 1.605952
1.509916 3.282584 1.310792 0.2550541 1.064548 0.7502254
1.923235 2.383854 1.770098 0.2734102 0.7729251 0.8307066
1.881565 2.364694 1.872169 0.2983476 0.8671346 0.9940658
1.806189 2.601978 1.727114 0.3315362 1.048703 1.081715
2.027873 2.003939 2.352368 0.2775022 0.7075705 1.059586
2.018333 2.144157 2.049113 0.4069446 1.067747 1.360167
1.695039 3.016172 1.375995 0.3662149 1.310831 1.005712
1.8286 2.498647 2.107283 0.3657772 1.146596 1.496226
1.518215 3.633306 0.9396049 0.3408564 1.467914 0.6805498
1.843944 2.42772 2.149718 0.4021633 1.237083 1.657662
1.921171 2.077414 2.600564 0.3360854 0.9377873 1.577157
2.163976 1.637821 3.240223 0.3770033 0.8744679 1.858485
2.210835 1.275797 4.881006 0.3330423 0.7347564 2.406466
2.032431 2.229183 1.972253 0.3762953 0.9934286 1.211839
2.000399 2.044903 2.153333 0.2790266 0.7183963 0.9689101
1.750236 2.71972 1.658186 0.4271891 1.428663 1.393689
2.03068 2.156017 2.005324 0.3043292 0.786375 0.9774144
2.084881 1.664676 3.183306 0.3000859 0.717642 1.49492
2.150398 1.848409 2.3517 0.3634717 0.8492542 1.257813
2.451725 0.8579715 5.153234 0.4250325 0.795372 2.538072
2.01162 1.880655 2.835859 0.321783 0.828655 1.533437
2.326246 1.143546 4.578005 0.3426191 0.6932858 2.052809
1.8003 2.430725 2.071151 0.2805194 0.8724094 1.119589
2.227071 1.432497 3.672003 0.4062928 0.8938603 2.148354
1.922652 2.142272 2.254568 0.3552385 0.9884862 1.408674
1.750614 2.685865 1.563537 0.2963397 0.9731061 0.8919241
2.228188 1.318782 3.642199 0.3600986 0.7676345 1.790567
2.273553 1.496873 3.33859 0.3961925 0.8526594 1.846854
2.373091 0.9411008 5.699439 0.4039486 0.8036545 2.963688
2.297911 1.54463 2.887614 0.374769 0.785964 1.437986
1.790854 2.424714 2.167541 0.3258779 1.028228 1.391252
1.545554 3.890752 0.7057464 0.559548 2.420583 0.7873586
1.872048 2.089544 2.497403 0.2747243 0.7802932 1.253112
1.916431 2.289365 1.816549 0.2796825 0.7793822 0.8639285
1.763783 2.520234 1.886253 0.3174473 1.019985 1.169423
2.299384 1.180981 4.582976 0.3817119 0.7933041 2.373409
2.191284 1.419311 3.767854 0.3642323 0.8118348 2.007208
1.88566 2.436548 1.839676 0.2489741 0.7252553 0.8122088
2.17321 1.446922 3.676847 0.3214287 0.7196365 1.734491
1.417931 4.047794 0.8604254 0.3149956 1.535764 0.6098414
2.295898 1.490307 3.089654 0.3987355 0.8386255 1.653246
2.458313 0.8424265 5.806609 0.4176711 0.7897857 2.900076
1.566842 3.219092 1.30383 0.3887396 1.556852 1.098472
1.364933 4.098384 0.8926613 0.3613926 1.857521 0.7648791
2.344553 1.121375 4.302737 0.3953439 0.7898482 2.162602
2.220834 1.496395 3.524508 0.3324519 0.7319395 1.68862
2.346626 1.242555 4.105761 0.3667497 0.7414481 1.966
1.727555 2.997172 1.296698 0.2405116 0.8273716 0.595375
1.806211 2.404343 2.308878 0.3253823 1.019514 1.483339
2.370274 1.227798 3.788268 0.3457073 0.6794424 1.631692
2.702851 0.8189509 4.44047 0.4696648 0.7750125 2.041072
2.047176 1.907387 2.698592 0.3462386 0.8771801 1.53316
1.833097 2.179964 2.270521 0.2899512 0.8501057 1.222114
1.829279 2.381396 2.128668 0.309775 0.9460068 1.25773
3.214628 -0.202678 8.628521 0.6498958 0.8801474 3.599854
1.862486 2.458714 1.913892 0.3045512 0.9139413 1.069169
2.236578 1.405754 3.790504 0.3376401 0.7316842 1.816039
1.866709 2.484904 1.94772 0.3184519 0.9626534 1.148213
2.302178 1.178197 4.735479 0.3549837 0.7366237 2.289297
1.925497 2.219081 2.257731 0.3725934 1.053856 1.503573
1.976147 2.12656 2.13709 0.2979984 0.7928783 1.061429
1.929313 2.187881 2.317529 0.2761377 0.7671259 1.126552
2.00797 1.99298 2.352445 0.2987312 0.7686526 1.148224
1.916192 2.118516 2.677712 0.3041394 0.8592631 1.496733
2.911684 0.04980305 9.336194 0.5829837 0.9011908 4.530614
2.219896 1.647505 2.692394 0.3354291 0.7361357 1.256995
2.69433 0.620943 6.133245 0.4673959 0.7851218 2.889916
1.920775 2.318029 1.934651 0.2891482 0.8142017 0.9684454
2.394759 0.9392699 6.375655 0.3969588 0.792643 3.339751
1.608991 3.253645 1.173894 0.4714784 1.836036 1.145956
1.581156 3.259142 1.253794 0.2823589 1.11806 0.7514735
2.536698 0.8076133 5.161377 0.4014982 0.7158728 2.255661
2.018946 1.864028 3.179044 0.3186446 0.82592 1.745283
2.073231 1.763744 3.230478 0.3357274 0.8314156 1.778096
1.976023 2.018211 2.500825 0.2549013 0.6702526 1.075992
2.376359 1.556486 2.510447 0.3763655 0.7490164 1.161346
2.468857 1.032417 4.315174 0.4088858 0.7626773 2.054209
1.714396 2.944709 1.329833 0.2540205 0.8746306 0.6501237
1.974132 1.969303 2.742458 0.3483223 0.9307769 1.661968
1.471432 3.856474 0.9122011 0.3229549 1.483721 0.6465287
1.622952 3.245754 1.174607 0.3102959 1.189796 0.7444076
1.50382 3.654153 0.9788712 0.3082622 1.345421 0.6506285
2.028053 1.75289 3.074172 0.3245833 0.8152672 1.645873
1.783881 2.591657 1.903329 0.3929864 1.274957 1.471695
2.215056 1.503877 3.344915 0.3709753 0.8179528 1.773363
1.943734 2.004405 2.812794 0.2795875 0.7604689 1.399311
1.269731 4.640358 0.7180568 0.3057536 1.792621 0.53844
2.063751 1.648111 3.578444 0.342289 0.8438143 2.018124
2.470389 1.128319 3.792546 0.4073947 0.7590378 1.788753
1.973251 1.937245 2.747683 0.339965 0.9012619 1.609554
2.931555 0.3043285 6.484059 0.5215929 0.7769162 2.73843
2.558539 0.8032928 5.819314 0.4584989 0.8311855 3.033407
2.354733 1.390576 3.296329 0.3434135 0.6896439 1.445755
1.810325 2.624876 1.622022 0.3593173 1.133162 1.085591
2.024998 1.869415 3.212882 0.4055382 1.059408 2.268464
1.545927 3.603663 0.9962714 0.3138485 1.324976 0.6585488
1.799951 2.66503 1.544506 0.2917648 0.9243127 0.8358672
2.177575 1.742386 2.587601 0.3586297 0.8178098 1.344543
1.906397 2.171103 2.372596 0.2958889 0.8359781 1.264152
2.173596 1.678157 2.899902 0.3865252 0.8866489 1.657663
1.671986 3.105972 1.455133 0.2757256 1.016921 0.823925
2.245039 1.315138 3.922552 0.3621274 0.7734612 1.969801
1.781909 2.346464 2.556788 0.322286 1.022278 1.675243
1.927068 2.174741 2.359022 0.2941248 0.8217336 1.234586
2.212937 1.385997 3.800256 0.3617462 0.7932205 1.97107
1.942088 2.07551 2.374542 0.3424026 0.9338466 1.411925
1.858248 2.2223 2.288158 0.3514394 1.03223 1.496428
2.045047 1.843511 2.668669 0.3188636 0.7920563 1.358783
1.904496 2.20035 2.237364 0.2909737 0.8217454 1.160739
2.285547 1.211437 4.584078 0.4177934 0.8838315 2.666222
1.95791 2.004991 2.613245 0.3048255 0.8179331 1.380319
1.275865 4.62872 0.7039028 0.3105164 1.808804 0.532756
1.980946 2.165563 2.192055 0.4336322 1.178022 1.625057
1.902042 2.092084 2.83635 0.291535 0.8296677 1.544956
2.425873 0.9924025 5.361863 0.3756269 0.726219 2.51256
1.756154 2.587717 1.852107 0.279228 0.9088444 1.016756
2.277075 1.542837 3.00271 0.3333842 0.7057165 1.352907
2.378576 1.101145 4.525133 0.3874296 0.7644039 2.215029
2.013386 2.158223 1.936881 0.2851674 0.7393141 0.883395
2.162062 1.680954 2.781641 0.3269119 0.7446217 1.324716
1.816269 2.339857 2.418662 0.2724939 0.8378604 1.290637
1.907402 2.060057 2.567363 0.3643946 1.022742 1.696327
1.967424 2.223813 2.084514 0.3290478 0.8989381 1.168766
1.741525 2.917689 1.383223 0.4238841 1.451755 1.130741
1.590919 2.942164 1.691703 0.3118775 1.19461 1.167895
1.71999 2.746394 1.722382 0.3230321 1.104875 1.124082
2.162283 1.521712 3.740336 0.3809902 0.8800362 2.187109
1.669139 2.902854 1.658015 0.2457071 0.8795383 0.8423292
1.361848 4.28753 0.6949353 0.2936406 1.520418 0.4610464
1.762894 2.638688 1.656931 0.3236833 1.051548 1.031266
2.917504 0.01850172 9.944275 0.6243942 0.9738685 5.245706
2.279575 1.169271 4.811547 0.3766468 0.793957 2.515848
1.809025 2.584274 1.724536 0.3397722 1.070992 1.105269
1.854489 2.559754 1.778528 0.3125313 0.9535376 1.018422
2.54758 0.7619552 5.145479 0.4308647 0.7625944 2.365718
2.138723 1.802532 2.766833 0.3027795 0.7143193 1.277854
1.918015 1.960242 2.934873 0.3567876 0.988433 1.908053
1.988588 2.09855 2.303958 0.3461348 0.9236752 1.349941
1.995715 1.996912 2.587398 0.3428685 0.905058 1.51234
2.050888 2.031712 2.151578 0.3486 0.8789571 1.182594
2.18323 1.509216 3.438687 0.3437194 0.7709904 1.729604
1.861763 2.361211 1.933026 0.3385763 0.9993524 1.186274
2.112895 1.936448 2.207737 0.3046097 0.7283699 1.007562
1.658077 2.896337 1.541588 0.3699477 1.340295 1.185144
1.734878 2.684394 1.678961 0.288928 0.9608173 0.9531091
1.791068 2.6478 1.59481 0.3155592 1.005555 0.9431636
1.606711 3.186824 1.247319 0.3323616 1.28316 0.8652502
2.186088 1.693202 2.753841 0.339818 0.7693949 1.357502
1.971776 2.045335 2.461372 0.3683905 0.9905889 1.562862
2.031287 2.021344 2.081617 0.3005083 0.7565845 0.9798566
1.900797 2.312796 2.085124 0.3788723 1.097776 1.425918
2.592157 0.8642348 4.284591 0.4067483 0.696048 1.772764
2.086031 1.858463 2.581709 0.3213429 0.7828815 1.295441
1.980413 2.00067 2.477939 0.3488872 0.9234043 1.465603
1.965807 2.018389 2.6093 0.3709 1.00098 1.6877
1.836263 2.454173 1.942359 0.3511061 1.074425 1.278822
2.441801 1.015117 5.162781 0.4160297 0.8038969 2.678487
1.423123 3.976884 0.7976161 0.2881335 1.374687 0.5063081
2.489925 0.7310602 6.438845 0.4139252 0.768685 3.101341
2.037391 1.826754 3.203888 0.3119336 0.7945579 1.690786
2.553951 0.7183285 6.276813 0.3967738 0.7100301 2.760123
2.340774 1.172232 4.101838 0.397403 0.7984759 2.088166
2.526839 0.9452826 4.319458 0.4144146 0.7423301 1.956364
2.056261 1.789805 3.272739 0.2919923 0.7294379 1.585524
2.53666 0.8881188 5.170187 0.4624635 0.8448637 2.736292
1.590095 3.166068 1.383342 0.3429573 1.344482 1.020187
1.838795 2.469908 1.922556 0.3178344 0.9711253 1.141921
1.869768 2.348262 1.881066 0.2639319 0.7655711 0.8826734
2.063972 1.562016 3.880324 0.3735044 0.9176298 2.395369
1.902543 2.311753 2.034587 0.3126834 0.8960465 1.129913
1.980334 2.07733 2.385059 0.3728922 1.00038 1.520636
1.951014 2.307671 1.981604 0.3323782 0.9275553 1.135968
1.374706 4.41434 0.7004295 0.2925901 1.530401 0.4606042
1.729364 2.727628 1.717636 0.2868808 0.9689088 0.9843821
1.959332 2.224371 2.026151 0.3296117 0.9007317 1.132441
2.427955 0.9688415 5.255526 0.386186 0.7418671 2.491211
1.511007 3.538165 0.9687838 0.3948931 1.690673 0.8215002
1.792444 2.666018 1.559837 0.2937728 0.9354021 0.8549667
2.187372 1.570452 3.071621 0.3345376 0.7463879 1.476503
1.854302 2.338929 2.206691 0.3204589 0.9597337 1.330046
2.453091 1.122391 3.99462 0.3651898 0.6848102 1.713521
1.324207 4.570024 0.6339325 0.2604638 1.429968 0.3766567
2.038734 1.93906 2.49884 0.3557778 0.9031461 1.444212
1.768233 2.657216 1.882439 0.3395467 1.121599 1.272645
1.760607 2.690389 1.521969 0.3550725 1.15885 1.027054
1.746678 2.848587 1.544931 0.4282353 1.461716 1.301406
2.291167 1.299394 3.553547 0.3808492 0.7843446 1.769037
1.979514 2.008964 2.565611 0.2799583 0.7385369 1.219677
2.265776 1.463428 3.513599 0.3859199 0.8323896 1.906188
2.261358 1.255998 4.152749 0.3742067 0.7918447 2.137812
1.420727 4.112157 0.778199 0.355174 1.738099 0.6126828
2.177275 1.631854 3.236358 0.3529771 0.8087977 1.712096
1.756886 2.803596 1.574087 0.3017215 1.009891 0.9227274
2.404953 1.170531 3.82703 0.3800798 0.7318479 1.756954
1.827146 2.175992 2.552032 0.3194672 0.9556308 1.573723
1.51552 3.586878 1.093586 0.2842369 1.2246 0.6755911
1.926681 2.21871 2.209907 0.3156675 0.8848018 1.230571
1.933353 2.144546 2.522766 0.3144191 0.8782863 1.425291
2.43398 1.01245 4.794127 0.4047946 0.7749458 2.359636
1.986468 1.95999 2.773073 0.2806916 0.7384328 1.335773
1.591606 3.222617 1.357037 0.214455 0.8387297 0.6208926
2.105901 1.67926 3.148534 0.3007209 0.7134214 1.470346
2.19384 1.56377 3.182839 0.391133 0.8790073 1.81293
2.074746 1.616783 3.435984 0.3592121 0.8717787 1.981371
1.977595 2.228503 2.038335 0.3533452 0.9617206 1.219291
2.124839 1.687597 2.913178 0.2989496 0.6960369 1.309381
2.124391 1.73832 2.792462 0.340013 0.8017234 1.44233
2.016306 2.084776 2.302619 0.356244 0.9358481 1.367464
2.585432 0.7461769 5.040021 0.4108302 0.7090971 2.132506
1.884633 2.295951 1.927123 0.3381696 0.9726524 1.153514
1.860778 2.428704 1.787488 0.3228417 0.9588022 1.038812
2.58397 0.8581501 4.960286 0.4184184 0.7360461 2.24326
2.148146 1.472114 4.078599 0.3626113 0.8428632 2.306064
2.041885 2.045653 2.407291 0.2862377 0.7333102 1.12763
1.848611 2.575695 1.465952 0.3325873 1.001473 0.8557753
1.393535 4.127159 0.7905228 0.2934842 1.461138 0.5218286
1.847182 2.511281 1.818458 0.3546306 1.083934 1.192656
1.680026 3.017152 1.323633 0.2462826 0.8770177 0.6439396
2.438407 0.9489812 5.655655 0.390905 0.7536427 2.754688
2.252506 1.572587 2.883745 0.3673094 0.7908549 1.450612
2.315625 1.348922 3.624839 0.3798888 0.7844294 1.82994
2.679239 0.5879703 6.577156 0.5101403 0.8719615 3.468707
1.562208 3.109857 1.390929 0.3101287 1.225157 0.9423399
1.707324 3.139905 1.22714 0.3181263 1.142308 0.7605002
1.938568 1.760485 3.71269 0.3348041 0.9055349 2.28297
2.697508 0.5093221 5.376385 0.4533996 0.7310403 2.1987
2.459338 0.961643 4.510714 0.3875771 0.7177504 2.000248
2.086713 1.847648 2.720964 0.3134871 0.7671781 1.35129
2.327633 1.214191 3.793317 0.3521751 0.7042228 1.688143
1.812425 2.417685 2.071931 0.3570321 1.106789 1.420635
1.901734 2.258142 2.254862 0.3337381 0.9604522 1.36675
2.061659 1.738497 3.306734 0.3587365 0.894798 1.965733
2.75558 0.3842031 7.261291 0.4808094 0.781485 3.262246
1.841323 2.518336 1.747786 0.31704 0.9671795 1.01707
2.331185 1.101759 4.947812 0.3723405 0.7582985 2.44587
2.092221 1.795806 2.88614 0.3366618 0.8189925 1.536822
1.485834 3.688135 0.9948384 0.2392295 1.060235 0.5207631
1.943296 2.162774 2.074111 0.3079632 0.8380558 1.083201
1.952155 2.291498 1.896501 0.285894 0.7839544 0.9109172
2.331384 1.049869 5.163296 0.397622 0.8102527 2.723425
1.737197 2.463914 2.2632 0.3124614 1.028273 1.458244
2.471718 0.9190399 4.765338 0.4033404 0.745185 2.19622
1.359239 4.187391 0.8277822 0.2978903 1.543234 0.5764145
1.623993 3.226096 1.258339 0.3977842 1.535367 1.040814
2.113758 1.72656 3.154345 0.2965222 0.7060861 1.461062
1.875781 2.165834 2.686136 0.3155448 0.9217886 1.610674
2.117449 1.822184 2.560256 0.3711278 0.8869342 1.449735
2.070489 1.90886 2.525411 0.3206235 0.7930057 1.281324
1.739737 2.929731 1.476415 0.3235029 1.113109 0.9326228
2.160534 1.436377 3.522809 0.327554 0.7324916 1.674635
1.296792 4.735331 0.5360481 0.3402643 1.946021 0.4181531
2.128729 1.718222 2.895808 0.3510409 0.8274599 1.551159
2.22539 1.364116 3.681685 0.3441932 0.7406699 1.762627
2.161723 1.567276 3.262207 0.4141785 0.9512037 2.021715
2.414918 1.064649 3.96702 0.3753726 0.7080644 1.733399
2.748602 0.4889151 6.174221 0.501543 0.8134179 2.891138
2.373852 1.222765 4.159802 0.4060727 0.8147418 2.190435
2.129955 1.673682 3.022382 0.3319671 0.7766332 1.524135
2.056491 1.851207 2.839342 0.3783256 0.9520259 1.762136
2.155266 1.911491 2.364513 0.3203353 0.755939 1.133796
2.080176 1.71841 3.017427 0.3481482 0.8453643 1.664357
1.788216 2.646783 1.683596 0.2987018 0.9574423 0.9558713
2.278123 1.344839 3.685563 0.3588412 0.7526655 1.78871
1.768252 2.753782 1.559667 0.3089833 1.015216 0.9202503
1.925127 2.198118 2.284274 0.4039908 1.141703 1.651719
2.6064 0.5852283 6.625021 0.4267574 0.7410828 2.95337
2.671246 0.5476046 7.649647 0.4328114 0.7424906 3.478186
2.433836 1.050446 4.812356 0.3958504 0.7622827 2.350672
2.355098 1.370318 3.070683 0.3606151 0.7140541 1.367103
1.820638 2.395371 2.091668 0.3046616 0.93479 1.216699
1.639149 2.912924 1.668892 0.3067873 1.132283 1.093797
2.09154 1.687447 3.111159 0.3493737 0.8415304 1.713014
1.840186 2.610807 1.585759 0.2987168 0.9174952 0.8578776
2.404398 0.8862439 6.255163 0.4202579 0.8290399 3.372417
2.370413 1.149921 4.475744 0.3755646 0.7477495 2.158848
1.915166 1.990633 3.150794 0.3304615 0.928559 1.948346
1.311157 4.52174 0.715427 0.2676105 1.490351 0.4526764
2.371927 1.08078 4.77418 0.3824494 0.7604759 2.344982
1.585886 3.4227 1.03442 0.3181375 1.273326 0.6752111
1.660216 3.014502 1.326146 0.3270825 1.185778 0.8709452
2.089255 1.705842 3.182089 0.3254019 0.7869079 1.645647
2.209944 1.413177 3.658391 0.3282067 0.7172431 1.709571
2.074773 1.63941 3.472038 0.3097052 0.7509558 1.730694
2.606607 0.7243417 5.722596 0.4267204 0.7424171 2.587286
2.294879 1.157385 5.557089 0.4150401 0.8877509 3.332866
1.795155 2.530624 2.170163 0.3526221 1.135025 1.527354
1.83516 2.419666 2.053112 0.3286711 1.005255 1.279072
1.88869 2.552822 1.569358 0.3197226 0.9443952 0.8747621
1.309363 4.532178 0.6950609 0.2850372 1.589931 0.4668887
2.060986 1.843981 2.744115 0.3433903 0.8529617 1.514016
2.071461 1.940579 2.25918 0.3125457 0.7663325 1.088604
2.717722 0.3577898 8.042283 0.4859364 0.8102703 3.796843
2.44469 0.945556 5.296115 0.4184935 0.8000076 2.700044
1.654226 3.072552 1.255389 0.2646408 0.9668436 0.6655075
2.215151 1.456686 3.731326 0.3596573 0.796681 1.955694
1.6958 2.927234 1.466058 0.3277428 1.157304 0.962618
1.500798 3.652956 1.148828 0.2955144 1.308663 0.7578396
2.111119 1.658942 3.134121 0.3568358 0.8479498 1.737247
2.582404 0.7288798 5.750506 0.4699448 0.8326006 2.929891
1.900289 2.367694 1.913879 0.3516708 1.018336 1.19506
2.414839 1.19863 3.947382 0.3888286 0.7548138 1.894757
1.728714 2.620779 1.752115 0.2992546 0.9930063 1.040222
2.542913 0.8721475 5.365974 0.4636725 0.8468257 2.85515
1.936275 2.026286 2.59719 0.3190682 0.872165 1.463942
1.746246 2.791819 1.582028 0.3203324 1.076493 0.9883773
1.80155 2.546328 1.827518 0.290044 0.9115372 1.006878
1.767377 2.711742 1.75755 0.2520403 0.8291569 0.867234
1.859579 2.655476 1.550585 0.3271441 1.002114 0.909272
1.892073 2.333186 2.049325 0.2869614 0.8308352 1.058021
1.655966 2.891518 1.651051 0.3747549 1.367037 1.30698
2.183269 1.554732 3.239723 0.3145827 0.7032484 1.477852
1.645562 2.7002 1.821332 0.3221252 1.148215 1.249082
2.038242 1.970668 2.655891 0.3332668 0.8586865 1.479671
2.154438 1.594538 3.526522 0.3580677 0.8338457 1.94807
2.242985 1.366227 3.681331 0.3139493 0.6666617 1.586997
2.150417 1.615794 3.23594 0.3740673 0.8677468 1.834531
2.548698 0.8682587 4.95163 0.4589695 0.8258938 2.52407
2.636666 0.5025949 7.406401 0.466502 0.8085364 3.601859
2.525141 0.6310736 6.321257 0.4443985 0.8019968 3.073154
1.880328 2.140368 2.522039 0.2862225 0.8197484 1.330692
1.931393 2.143397 2.381465 0.378109 1.057173 1.606682
2.286178 1.193822 3.887447 0.3591727 0.7323754 1.80034
2.045473 1.625702 3.607816 0.3767821 0.9378403 2.261542
2.503453 0.9664333 4.540805 0.4515793 0.8310566 2.345128
1.798861 2.671002 1.603078 0.2875231 0.9139951 0.8609561
1.872808 2.263003 2.229353 0.2779418 0.8104923 1.142451
1.830194 2.753706 1.408514 0.3566356 1.125685 0.9097564
2.222654 1.41214 3.84138 0.3363191 0.7355722 1.855662
1.742296 2.774345 1.484135 0.3736029 1.252718 1.072716
2.143602 1.615946 3.311188 0.3682247 0.8589291 1.865316
2.01598 1.985011 2.484425 0.3103459 0.7999132 1.272107
2.574217 0.9194272 4.610959 0.3832544 0.6717163 1.898697
1.923358 2.0548 2.795561 0.3115838 0.8695693 1.590257
1.935597 2.27177 2.024451 0.3981004 1.118039 1.402772
1.464755 3.800337 0.8784779 0.3049419 1.384782 0.5811717
2.088045 1.779089 2.774404 0.3396541 0.8220319 1.472602
2.052062 1.827335 3.289873 0.3207906 0.8146699 1.788043
1.770677 2.455485 2.034513 0.2613107 0.8289773 1.042955
1.916388 2.22894 2.313229 0.3032782 0.8611546 1.264082
2.125136 1.659446 3.672318 0.4355876 1.056129 2.607489
1.82792 2.576497 1.7338 0.2639605 0.8150634 0.8464992
1.929769 2.070165 2.461339 0.3641772 1.006128 1.587833
2.19025 1.689378 2.855564 0.372013 0.8464006 1.556747
2.39503 1.147165 4.185883 0.4052634 0.7943706 2.118705
2.726726 0.2759131 8.758573 0.5331867 0.8935217 4.526429
2.278458 1.358821 3.405113 0.3514461 0.7301477 1.582903
1.232924 4.961793 0.5367801 0.3190164 1.978443 0.4134655
1.775145 2.480702 2.062768 0.3430814 1.099087 1.399362
1.722536 2.964821 1.405913 0.3282849 1.143689 0.9032858
2.371427 0.9949743 5.412842 0.413721 0.8266373 2.902075
1.709927 2.970797 1.356203 0.3141702 1.099679 0.833688
3.010198 -0.2115359 11.31908 0.6124235 0.9164541 5.230881
1.888903 2.105952 2.645337 0.3712937 1.066463 1.83096
3.278797 -0.3068502 9.07437 0.6684931 0.8863522 3.679492
1.651562 3.041546 1.319437 0.2360285 0.8566205 0.6244252
2.191086 1.395399 4.074032 0.3862819 0.8688817 2.351122
1.875524 2.448527 1.99081 0.3522942 1.055005 1.2903
1.855108 2.297826 2.182295 0.2749697 0.8111142 1.111879
1.824105 2.39626 2.006121 0.2552246 0.7724914 0.9580197
1.803499 2.634758 1.619005 0.3144456 0.9939556 0.9495903
1.836283 2.469879 1.946047 0.3181705 0.9753968 1.163636
1.638888 3.086672 1.336305 0.3307169 1.233979 0.90814
2.117277 1.538827 3.762086 0.398612 0.9480033 2.381181
2.208952 1.391494 4.083434 0.354734 0.7861836 2.12619
1.974845 1.99744 2.925206 0.3225817 0.8717357 1.679822
2.418034 1.013126 4.923405 0.3756876 0.7226593 2.266452
2.651631 0.4138202 7.562015 0.4522205 0.7690367 3.403267
1.76056 2.486602 2.085391 0.3119579 1.008387 1.300314
1.89305 2.187161 2.07967 0.3053564 0.8595559 1.115636
1.959064 1.906539 2.927362 0.2798098 0.7441669 1.432755
2.000145 1.93994 2.638879 0.3021285 0.7841634 1.338579
1.874762 2.302725 2.012604 0.3277921 0.9539022 1.189996
2.143184 1.380229 4.667554 0.3211229 0.7422741 2.347653
1.816822 2.39315 2.004268 0.3758767 1.156501 1.433471
2.030118 1.929165 2.498463 0.3279485 0.832384 1.331034
1.802425 2.605952 1.822147 0.296204 0.9424853 1.033949
3.1208 -0.371673 12.27536 0.646434 0.9328901 5.490906
1.786458 2.843726 1.423818 0.2588984 0.845387 0.6865913
2.19685 1.586151 3.075893 0.3586032 0.8027196 1.595229
2.515349 0.7998055 5.893638 0.4570988 0.843946 3.123056
1.516698 3.473515 1.139768 0.2886997 1.228408 0.7223837
1.672375 2.965517 1.500682 0.4193119 1.52284 1.295796
1.827449 2.7082 1.450225 0.2972854 0.929867 0.7800274
1.771466 2.659835 1.544481 0.318028 1.023894 0.9248874
1.903109 2.093702 2.373774 0.2719342 0.753789 1.139851
1.886706 2.353553 1.899079 0.3029055 0.8777219 1.023164
1.76344 2.492466 2.021618 0.2538837 0.8136038 1.014412
2.559499 0.9934288 4.320096 0.4136354 0.7377053 1.969828
1.964607 2.133476 2.338465 0.3082952 0.836853 1.243878
2.168942 1.56288 3.638962 0.3708707 0.8568775 2.070498
2.232814 1.47881 3.838898 0.4198725 0.9359838 2.384894
1.867059 2.355301 1.927047 0.2828488 0.8286718 0.9830327
2.269601 1.257689 4.342039 0.3361839 0.708887 2.017373
1.336185 4.430471 0.7085206 0.2858305 1.543747 0.4698066
2.474325 0.9861902 4.402385 0.3681249 0.6755784 1.838931
2.217322 1.511147 3.420464 0.3744711 0.8295656 1.850445
1.726889 2.83697 1.413631 0.3045558 1.031342 0.829824
2.275585 1.365802 3.6415 0.3710617 0.7820282 1.837459
2.033844 1.957829 2.625804 0.3253005 0.8337051 1.413683
1.947189 2.187914 2.106315 0.3447456 0.9472244 1.246761
1.827506 2.25791 2.503854 0.3169548 0.9618851 1.547276
2.105848 1.695286 2.859494 0.3729886 0.8852344 1.631656
2.577342 0.8528318 4.785854 0.4320097 0.7589059 2.2112
2.295433 1.325 3.63675 0.3584223 0.7409058 1.726211
2.253425 1.546724 3.165996 0.3650457 0.791669 1.617943
2.086964 1.661495 3.482939 0.3779236 0.9234886 2.141898
1.795028 2.520689 2.025434 0.3778251 1.207402 1.502825
2.333556 1.0404 4.920303 0.3954489 0.797322 2.520514
2.577357 0.7034209 6.026004 0.4182288 0.7381921 2.72255
2.020745 1.990419 2.514299 0.3079322 0.7953479 1.285459
2.161434 1.548786 3.652703 0.2874846 0.6554671 1.585716
1.623636 3.268726 1.215597 0.4048808 1.569633 1.017806
1.80164 2.632997 1.918276 0.3012475 0.96856 1.123328
1.907837 2.285539 2.366637 0.3512082 1.022418 1.540543
2.140378 1.467206 3.584026 0.3872244 0.8889703 2.084415
2.633438 0.5673302 7.124025 0.4387365 0.7604795 3.293705
2.160285 1.869858 2.321404 0.3449568 0.8018202 1.169652
2.461456 1.118243 4.102209 0.329409 0.6115103 1.574064
1.977483 1.908086 2.806492 0.3058415 0.8021402 1.465421
2.289879 1.294016 4.137137 0.3724455 0.7834098 2.120613
1.363382 4.308825 0.7858155 0.3154843 1.655373 0.5747086
2.12004 1.566454 3.795527 0.3489147 0.82952 2.10981
