2.934804 2.021392 0.6765015 0.2745007 0.3767917 0.124312
3.213335 1.825273 0.8106486 0.3261549 0.401141 0.1604244
3.152405 1.819354 0.8454638 0.3197029 0.4050377 0.1710144
2.940142 2.177405 0.6120367 0.2690437 0.3749865 0.110809
3.341898 1.519338 0.9449908 0.3494399 0.3940606 0.1803024
2.861657 2.15781 0.7370833 0.2932478 0.4430961 0.165013
2.662252 2.448487 0.6101837 0.2620874 0.4454871 0.134049
3.101729 1.873307 0.797917 0.306817 0.3966279 0.1573884
3.170836 2.061816 0.6850759 0.3044348 0.3967549 0.1339718
2.892865 2.058634 0.7719806 0.2833377 0.4108808 0.160302
2.929462 2.148385 0.6408997 0.2790788 0.3953816 0.1235899
3.222587 1.766574 0.7880615 0.3216613 0.3856699 0.1475306
2.905211 2.193847 0.6906157 0.2880557 0.4290526 0.1483884
2.717291 2.498939 0.5841487 0.2614874 0.4382419 0.1254126
2.989847 1.965935 0.7519047 0.2990827 0.4058992 0.1510641
2.975551 1.949136 0.8020758 0.3124754 0.4321039 0.1738145
2.729314 2.242539 0.6966073 0.2703493 0.4337653 0.1520034
3.014232 2.088956 0.7139118 0.2906773 0.4017042 0.1427522
2.915427 2.193697 0.7077481 0.3005856 0.4460672 0.1581946
3.293136 1.628158 0.9029818 0.3437205 0.4006469 0.1770163
2.9885 2.067812 0.8037553 0.3017212 0.4320295 0.1777931
2.561104 2.580226 0.5966301 0.2401665 0.4381856 0.1292247
2.900058 2.267818 0.5900495 0.2481132 0.3590271 0.1031455
3.268475 1.765393 0.8520275 0.351536 0.4248225 0.1787232
2.940298 2.211352 0.5809248 0.2676308 0.3742961 0.1041196
2.801368 2.313633 0.6122079 0.2650061 0.405946 0.1213081
2.916169 2.408427 0.5903734 0.2692115 0.4056026 0.1169444
2.827072 2.256297 0.7000748 0.2821077 0.4389336 0.1547876
2.939715 2.082311 0.7253438 0.2828082 0.4019951 0.1457832
3.28554 1.674986 0.8357852 0.3254645 0.3775321 0.1531115
3.418481 1.5371 0.8575494 0.3542111 0.3828189 0.1550304
2.688473 2.412691 0.5911045 0.2464355 0.4015365 0.1158195
2.800393 2.227646 0.6949986 0.2937321 0.4542389 0.1573241
2.431947 3.198965 0.4584979 0.2307451 0.5079676 0.1082434
3.75836 1.072782 1.268969 0.4336384 0.4157269 0.2434438
3.181579 2.063037 0.57999 0.2843386 0.3494683 0.09538599
3.360525 1.491544 0.8988595 0.3521327 0.3859934 0.1640194
2.919417 1.913902 0.8136371 0.2987313 0.4173845 0.1703676
2.955159 2.132762 0.7204755 0.2849689 0.4087071 0.14777
3.1125 1.728129 0.9121928 0.3147345 0.3998935 0.183077
3.002061 2.029033 0.6755594 0.286166 0.3826854 0.1255967
2.803169 2.282994 0.59281 0.2536121 0.3835917 0.1104789
2.962109 2.285821 0.5807589 0.2732672 0.3883209 0.108606
3.181786 1.666967 0.9688722 0.3295595 0.4096832 0.2002341
2.847851 1.994175 0.8008112 0.2852765 0.4195063 0.170535
3.203807 1.739633 0.931243 0.3361235 0.4198421 0.1974945
2.58852 2.672878 0.5047178 0.2225939 0.397783 0.09612055
2.503032 2.799794 0.5157525 0.2434097 0.4740915 0.1171995
3.189693 1.77537 0.8121762 0.3253025 0.3985375 0.1585198
2.957305 1.969853 0.7359419 0.291452 0.3995667 0.1451789
3.183639 1.68749 0.8735461 0.3319965 0.4047746 0.1736703
4.005838 0.9047394 1.167177 0.4893111 0.4178891 0.2055113
2.930138 1.998013 0.7637011 0.2951048 0.4151087 0.1583657
2.883132 1.725491 0.9463813 0.3034043 0.4228982 0.203019
2.745162 2.078584 0.7751913 0.2789688 0.432023 0.1697978
3.042032 1.876027 0.7960029 0.3053617 0.4025082 0.1590454
3.588471 1.241081 1.020019 0.3990254 0.3951327 0.1835526
2.90843 2.305738 0.6268152 0.2786501 0.416904 0.1287534
3.23755 1.682995 0.8273947 0.3130758 0.3672669 0.1474315
2.861389 2.216502 0.6935984 0.2765668 0.4203145 0.1465904
2.678049 2.572065 0.544136 0.2483966 0.4195464 0.1098432
3.136944 1.672059 0.8812226 0.3210884 0.3953412 0.1711066
3.05928 2.079045 0.6711435 0.2829495 0.3765366 0.1237455
2.703978 2.529113 0.581244 0.2578552 0.4327754 0.1226857
3.04114 1.967895 0.7330098 0.2998445 0.3991364 0.1442301
2.838427 2.355011 0.629767 0.2738212 0.4276977 0.1334495
2.958955 1.992004 0.7989855 0.3010682 0.4248517 0.1717745
3.203902 1.473358 1.145051 0.3458281 0.4211307 0.2439262
3.155219 1.780614 0.8135773 0.3173764 0.393342 0.1570707
3.204028 1.79085 0.8129729 0.3226512 0.3951214 0.1579532
2.925887 2.183082 0.6502838 0.2778372 0.396959 0.1265323
3.017817 1.834274 0.8641358 0.3197825 0.4294545 0.1866888
3.158806 1.777526 0.810642 0.3219359 0.3971326 0.1574082
2.928844 2.01494 0.7648875 0.2962869 0.4190895 0.1604741
3.704619 1.478111 0.8656921 0.379115 0.3725005 0.1506894
2.726392 2.433562 0.5975119 0.2518432 0.4107089 0.1204523
3.58686 1.362405 0.9852833 0.3914727 0.3982856 0.183982
3.160534 1.964242 0.7187304 0.3110289 0.3949686 0.1389379
2.924886 2.015072 0.7534227 0.2930282 0.412119 0.1546563
2.623536 2.279021 0.7170127 0.269388 0.4569681 0.1659601
2.656152 2.632276 0.5011194 0.2532171 0.4350016 0.1030507
2.979578 1.955402 0.8114413 0.3004209 0.4181679 0.1717639
3.040585 2.074635 0.7129074 0.2955652 0.4024948 0.1423232
2.859357 2.09121 0.6828219 0.2799427 0.4049119 0.1359311
3.332963 1.433506 1.107739 0.3651721 0.4199411 0.2305404
2.783053 2.119209 0.7209715 0.2654739 0.403213 0.1459422
3.283273 1.651609 0.8450968 0.3388693 0.3914873 0.159488
3.068992 2.058887 0.6800696 0.3013058 0.4004603 0.1329856
2.834628 2.169736 0.7105734 0.2785376 0.4201357 0.1496324
3.478438 1.469556 0.9339098 0.3668158 0.3908866 0.1738218
3.003516 1.943105 0.8306847 0.3123378 0.4316245 0.1817832
2.97026 2.260116 0.6733765 0.2874309 0.4209173 0.1415043
2.52597 2.700604 0.5485434 0.241435 0.4559199 0.1214024
3.020233 1.749116 0.8839462 0.3071903 0.4019743 0.1773936
2.786934 2.249536 0.6998542 0.2869427 0.452259 0.1590285
3.152693 1.801143 0.8843709 0.3249974 0.4157877 0.1855663
3.129016 1.877207 0.7423895 0.2947954 0.3705744 0.1346215
3.581013 1.103294 1.270515 0.4139345 0.4188667 0.247723
3.230811 1.753883 0.7808938 0.3304579 0.3926026 0.1476156
3.214246 1.94713 0.7031328 0.3119485 0.3843959 0.1311279
2.762567 2.286489 0.7182351 0.2836645 0.4589857 0.1672881
3.179492 1.679757 0.9150673 0.3324203 0.4077324 0.1849827
2.841426 2.183712 0.7204947 0.2801636 0.4252684 0.154387
3.366975 1.556624 0.9516408 0.3667893 0.4147877 0.1921778
2.628083 2.659593 0.4847559 0.2363584 0.409323 0.09342897
3.089978 1.857342 0.7730572 0.3115933 0.3996339 0.1516086
3.080564 1.64939 1.029431 0.3211804 0.4162072 0.2189759
2.834942 2.235664 0.7490781 0.3013377 0.4729625 0.1807023
3.538452 1.498902 1.016443 0.3708946 0.3983356 0.1989283
3.125867 1.919293 0.7987082 0.3112602 0.404879 0.1618922
2.568944 2.679673 0.5541787 0.2571533 0.479517 0.1293078
3.221694 1.770452 0.8106961 0.320909 0.388854 0.1546106
3.271804 1.636016 0.9222658 0.3439622 0.406222 0.184544
3.01499 1.893235 0.8047531 0.3109691 0.4184846 0.1680685
2.712199 2.38509 0.6582819 0.2559147 0.4255372 0.1407782
2.799899 2.309383 0.6420776 0.2635546 0.4079474 0.1295075
2.904721 1.991132 0.8842165 0.3143084 0.4626789 0.2117576
2.626556 2.48786 0.5924843 0.2477726 0.4308985 0.1258658
3.014172 1.884457 0.8298996 0.3084461 0.4175714 0.1744424
2.70754 2.426002 0.651421 0.2500814 0.4215028 0.1383202
2.951409 1.862831 0.816489 0.2944474 0.4011609 0.1635761
2.942893 2.007953 0.7533271 0.2834473 0.3972326 0.1498281
2.88047 2.165742 0.7169732 0.2792865 0.4188324 0.1516617
2.883043 2.074341 0.7629914 0.2842011 0.4197705 0.1625854
3.296247 1.726368 0.8164409 0.3332315 0.3892919 0.1544713
2.736741 2.410568 0.6520424 0.2820498 0.4675483 0.1520243
2.552427 2.523846 0.6025412 0.2473472 0.4468114 0.1328839
2.690365 2.401469 0.6042266 0.2479785 0.4105387 0.1224183
2.919282 2.192601 0.7110841 0.290452 0.4311122 0.1543011
3.255691 1.694825 0.8455915 0.3318605 0.3923178 0.1617677
3.281836 1.51077 1.069265 0.3500001 0.41293 0.2208469
3.49707 1.312693 1.066996 0.3868488 0.4052736 0.2043468
2.900861 2.152802 0.7280625 0.2816063 0.4148802 0.1522092
3.070106 1.871106 0.8585761 0.3179956 0.4235349 0.1840147
2.896098 2.068238 0.7524817 0.284113 0.4116527 0.1558648
2.549824 2.707253 0.5309914 0.2478346 0.4643603 0.1189389
2.721723 2.449155 0.6296495 0.2614248 0.4407183 0.1386581
3.449282 1.306621 1.234547 0.4056358 0.4478678 0.2720466
3.228368 1.745569 0.8062056 0.3287466 0.3931061 0.1539039
2.728476 2.393233 0.6368117 0.277312 0.4582935 0.1449484
3.535192 1.415756 0.9615497 0.3809986 0.3957113 0.179642
3.033448 1.974502 0.7918588 0.299853 0.4079705 0.1627588
2.630567 2.391389 0.6187882 0.246399 0.4182668 0.1282739
2.736683 2.536243 0.6185754 0.2797035 0.476745 0.1461522
3.187032 2.101489 0.6090006 0.2944937 0.3722128 0.1085618
2.163028 3.401126 0.4087284 0.2319669 0.5881757 0.1067688
2.783484 2.370746 0.6620044 0.2599246 0.4176563 0.1388341
2.527887 2.754992 0.5997519 0.230949 0.4568047 0.1371826
3.309843 1.575189 0.8468674 0.3408367 0.3835453 0.1543216
2.487842 2.654879 0.5712072 0.2456392 0.4684619 0.1307163
2.956337 1.92505 0.7856721 0.305455 0.4190522 0.1636166
2.920626 2.168332 0.7307833 0.2943582 0.4330579 0.159336
2.809775 2.148227 0.7759658 0.2950623 0.4564134 0.1805544
3.086662 1.97766 0.7973989 0.3202899 0.4313983 0.1733829
2.634891 2.445913 0.6154017 0.2800355 0.4861996 0.1476972
3.03433 1.812921 0.8936312 0.3129463 0.4173276 0.1888434
3.568323 1.533089 0.9078993 0.3723027 0.3906589 0.170206
2.989062 2.026962 0.7236378 0.2835358 0.3895168 0.1400763
2.939286 2.058608 0.7544629 0.2897074 0.4142672 0.1574431
3.272961 1.474176 1.033623 0.3574517 0.4143649 0.2094385
3.074595 1.954708 0.7404949 0.3005419 0.3938834 0.1438369
2.538884 2.513526 0.6012035 0.253666 0.4590679 0.1357836
2.771195 2.614598 0.5322728 0.2573727 0.4258093 0.1088725
3.301465 1.645132 0.8453278 0.3379537 0.3895384 0.1590908
3.396429 1.364923 1.078097 0.3780344 0.4148016 0.2150619
3.491836 1.366235 0.9020341 0.3741355 0.3818097 0.1572279
2.703585 2.48523 0.5166608 0.2537218 0.4144381 0.1017425
3.16068 1.600377 0.9778585 0.3399229 0.4178459 0.2029221
3.444246 1.514722 0.9512506 0.3649323 0.3994349 0.1838808
3.083994 1.974758 0.6818883 0.2931657 0.3773303 0.1245884
2.82853 2.308075 0.6958675 0.2851871 0.4485067 0.1572331
2.965476 1.982646 0.658893 0.2810729 0.3731623 0.1179301
3.241842 1.623657 0.8806675 0.335782 0.3940316 0.1683485
2.965323 1.907488 0.7803662 0.3023098 0.4102558 0.1585013
2.933363 2.16131 0.7504914 0.2982895 0.4379494 0.1662533
3.037879 1.935299 0.8247109 0.2992018 0.4083772 0.1713285
2.944859 1.968666 0.8115638 0.2979581 0.4222628 0.1739656
3.194567 1.882759 0.7048216 0.3076414 0.3725258 0.1260198
2.944932 1.960895 0.8445074 0.2989689 0.4255187 0.1839122
2.88456 2.159928 0.7222878 0.2829717 0.4223683 0.1538878
2.572683 2.488236 0.6837368 0.2756661 0.5035109 0.1740223
2.718735 2.572638 0.5374311 0.249107 0.4171546 0.1081156
2.846992 2.135885 0.7473393 0.279713 0.4205156 0.159059
2.716878 2.483673 0.5819704 0.2540188 0.4245981 0.1213053
3.379925 1.342075 1.060328 0.3743219 0.4082439 0.2058101
2.948969 2.212805 0.6351066 0.2869056 0.4107572 0.1274773
2.967537 2.088501 0.7256391 0.2987945 0.4215465 0.1524139
2.722121 2.37305 0.6405958 0.2625916 0.4264069 0.1352966
2.789397 2.270655 0.6820441 0.2812713 0.4442576 0.1518719
2.876342 2.283853 0.6258553 0.2767541 0.4127972 0.1265626
2.764127 2.370966 0.6021118 0.2679096 0.4202836 0.1230136
2.410506 2.90187 0.5415717 0.2401844 0.5047846 0.1321598
2.725836 2.231357 0.7213515 0.2871574 0.4618082 0.1678542
4.072033 0.9012865 1.172323 0.4949002 0.4155865 0.2053353
3.018198 2.031698 0.7217809 0.2874108 0.3932278 0.141305
2.667062 2.366331 0.7176588 0.283551 0.4887284 0.1788375
2.953658 1.867426 0.9456198 0.3215243 0.456377 0.2236594
3.059835 1.952679 0.7808284 0.3107415 0.4140396 0.1611657
3.031383 1.996942 0.7335978 0.2966751 0.3972549 0.1439577
3.003064 1.911269 0.7765056 0.2885486 0.3891632 0.150849
3.00499 1.869554 0.916359 0.3130725 0.4317623 0.2035266
4.456572 0.366375 1.739973 0.6372319 0.4912568 0.3243041
2.870358 2.257408 0.6647928 0.2706085 0.4093043 0.1358047
2.912517 2.043342 0.7788621 0.2947367 0.426385 0.1680174
2.995626 2.018314 0.7067433 0.2850564 0.3868398 0.1346648
2.823391 2.15138 0.7343649 0.2712031 0.4145398 0.1544573
2.80273 2.350266 0.6143354 0.26254 0.4091207 0.1235412
2.836325 2.29113 0.5759014 0.2701706 0.4039731 0.1118524
3.250937 1.61231 1.00638 0.349845 0.422834 0.2137745
2.772458 2.158157 0.7430968 0.2851298 0.4460619 0.1678979
3.234704 1.477233 1.052809 0.3518072 0.4158345 0.2158659
3.072878 1.807467 0.9342253 0.3146375 0.419397 0.2012004
3.077259 1.939558 0.7254536 0.2985149 0.3871984 0.1375275
3.14009 1.738654 0.8843525 0.3251367 0.4087465 0.1799826
3.086596 1.983016 0.7302093 0.3103294 0.4097263 0.1475744
3.206678 1.590343 0.9920166 0.3383002 0.4101025 0.2028452
2.684941 2.491217 0.5830883 0.2462815 0.4174275 0.1197554
3.16297 1.568861 0.8804528 0.33004 0.3921866 0.1656528
2.958076 2.083997 0.7259088 0.3017733 0.4275842 0.1546025
2.671619 2.367885 0.5701784 0.2554495 0.412842 0.113356
2.925317 2.267031 0.6418138 0.2793724 0.4123696 0.1307891
3.87546 0.9538643 1.090034 0.4475937 0.3911172 0.1796563
3.279023 1.639911 0.9130037 0.3408337 0.4009268 0.1800914
2.919129 2.073866 0.7766656 0.2829461 0.410852 0.1623118
2.623552 2.560865 0.5906446 0.2358272 0.4188242 0.1226733
2.984488 1.960326 0.7128835 0.2829259 0.3790853 0.1323606
3.249146 1.63933 0.9321666 0.3401355 0.4068654 0.1878721
3.083733 1.838274 0.8218737 0.3196 0.4151385 0.1695707
2.567498 2.422108 0.6129307 0.2601692 0.4540646 0.1366856
2.941151 1.985636 0.7541273 0.2828239 0.3950718 0.1489928
2.875327 2.177405 0.708606 0.278245 0.4138537 0.1470737
3.042821 1.868305 0.7749334 0.2912843 0.3800826 0.1455658
2.916331 2.031217 0.7382754 0.2832077 0.4041646 0.1493785
2.766116 2.521049 0.5413288 0.2585207 0.4223588 0.1103458
2.97469 1.995246 0.7897848 0.2836899 0.3959555 0.1584676
2.698791 2.51805 0.5915331 0.255871 0.4325798 0.1256433
3.623381 1.43567 0.9405152 0.3815182 0.3855979 0.1711566
2.148636 3.340955 0.4544855 0.2309422 0.5905745 0.1221577
2.708582 2.337436 0.6738824 0.2610112 0.4289068 0.1451683
3.153972 1.552841 0.9977527 0.328506 0.4006445 0.1981087
2.646963 2.625066 0.5751076 0.263524 0.4668866 0.1309525
2.907466 2.17051 0.7234961 0.2771092 0.4107916 0.1503711
2.636273 2.438848 0.6187266 0.2602395 0.4466579 0.1366424
3.171063 1.609118 0.9167355 0.3325092 0.4017682 0.1801886
3.486772 1.586909 0.7939709 0.3514211 0.3700737 0.1374626
3.230551 1.745331 0.8419093 0.3378867 0.4076471 0.1682642
3.070624 1.985312 0.7931874 0.3114864 0.4229759 0.1695232
2.743618 2.331682 0.6139843 0.2658084 0.4252692 0.1283971
2.801007 2.21055 0.7361467 0.2757581 0.4323958 0.1621111
3.079363 1.87456 0.8338188 0.319621 0.421368 0.1762865
3.451685 1.43576 1.026682 0.3672179 0.3998462 0.1993371
2.858001 2.137504 0.7724779 0.2848591 0.4324371 0.1708408
3.506391 1.35516 0.9722792 0.3809815 0.3935831 0.1781338
2.657228 2.439649 0.6455764 0.2479413 0.4226123 0.1364548
2.823352 2.150511 0.7648799 0.2756777 0.4227536 0.1651501
2.868759 2.096254 0.7442552 0.2953608 0.4352093 0.1624518
3.481836 1.197533 1.201838 0.4084594 0.43132 0.2447969
2.63722 2.491812 0.6452474 0.2480668 0.4348814 0.1408646
3.179987 1.743076 0.8701899 0.3260689 0.4028123 0.1738328
3.12366 1.786782 0.8131976 0.3040908 0.3803712 0.1523233
3.516046 1.303307 1.131512 0.3876608 0.4083684 0.2217059
2.890944 2.024704 0.732709 0.2783214 0.3951393 0.1439259
2.940838 1.903113 0.7741889 0.2964169 0.4059093 0.1555878
2.449185 2.683314 0.5977734 0.2576254 0.5102931 0.1503824
2.618711 2.576951 0.5223921 0.2433943 0.4214092 0.1052878
3.408402 1.335438 1.06125 0.3836024 0.415437 0.2093006
3.271352 1.948092 0.7158914 0.3110342 0.3794193 0.1329628
2.886376 2.11272 0.7045843 0.2890616 0.4231655 0.1484613
3.220497 1.722031 0.8887939 0.3305149 0.4022347 0.1775328
2.619957 2.553619 0.5802738 0.2474597 0.4326284 0.1227087
3.4996 1.446874 0.9425896 0.3699966 0.3898509 0.1742928
3.096425 2.031567 0.6857067 0.2944513 0.3843638 0.1287929
3.103698 1.575745 1.095454 0.3422257 0.4379594 0.2446713
3.662998 1.139284 1.016871 0.4073942 0.3856924 0.1729251
3.292554 1.579713 0.8891921 0.3399131 0.3875889 0.1658437
3.498931 1.515138 0.9244095 0.3643689 0.389307 0.1728553
2.778841 2.288387 0.6332476 0.261089 0.4069693 0.1273056
2.663838 2.560579 0.5937893 0.267874 0.4683417 0.1366817
3.25421 1.859073 0.6977802 0.316319 0.3733184 0.1241508
2.80222 2.569858 0.5659049 0.2568663 0.4234719 0.1172743
2.694618 2.535936 0.5604462 0.2565201 0.4317825 0.1172715
2.596736 2.434176 0.6635189 0.260909 0.4638207 0.1551165
3.210555 1.612062 0.9494178 0.3334665 0.4025361 0.189464
2.856633 1.955532 0.8757765 0.2918747 0.4326771 0.1959601
2.839544 2.208041 0.7579201 0.2828965 0.4379712 0.1697071
3.105444 1.68665 0.9107168 0.3317962 0.4204817 0.1903346
3.406677 1.504967 1.004948 0.3564766 0.4002571 0.1983067
2.703392 2.598437 0.5432563 0.2554008 0.4334586 0.1135144
2.826973 2.356439 0.6023126 0.2737166 0.4229949 0.1244233
3.009046 2.079482 0.6896045 0.2856221 0.3905727 0.1327712
3.558938 1.338572 0.9847104 0.3843788 0.3914214 0.1796477
3.464631 1.519699 0.9335098 0.3705831 0.4016317 0.1803628
3.180392 1.744581 0.7711594 0.3195498 0.3834189 0.1418484
2.786425 2.186378 0.7201282 0.2664868 0.4147252 0.1512342
2.466981 2.746447 0.5546017 0.2265418 0.4475482 0.1215642
3.347646 1.773566 0.8143273 0.3411107 0.3980026 0.1587701
3.113134 1.854945 0.8980315 0.3384804 0.4483514 0.2052507
3.02379 1.948242 0.7470644 0.2985478 0.3983941 0.1469467
3.250451 1.746588 0.8636633 0.3329432 0.4019421 0.1718736
2.914539 1.918015 0.8369131 0.3048556 0.4313053 0.1825423
2.881618 2.436199 0.6241667 0.2747057 0.4274842 0.131955
3.497306 1.601005 0.8483194 0.348601 0.3721627 0.1511271
2.812572 2.132528 0.7532013 0.2888828 0.441741 0.1683974
2.710561 2.217179 0.7129584 0.2632764 0.4250363 0.1534323
3.053251 1.995115 0.6670542 0.2865327 0.3707113 0.1191963
3.033735 1.92231 0.7537125 0.2934288 0.3874439 0.1441834
2.947984 1.90301 0.838172 0.2980822 0.4141758 0.1755456
3.416138 1.477739 1.006858 0.3818168 0.4234522 0.2070502
3.020521 2.042092 0.626216 0.2858763 0.3760099 0.1123873
2.666461 2.373483 0.6572452 0.2550757 0.4291823 0.141361
3.478652 1.334849 1.086372 0.3792823 0.404504 0.2108337
2.490191 2.827087 0.5239228 0.2128377 0.4156601 0.1052459
3.172486 1.813574 0.7906187 0.3220849 0.398805 0.1543739
3.34723 1.544949 0.9181519 0.3540658 0.3979135 0.1760125
2.747087 2.354283 0.6188132 0.2603803 0.4143397 0.126049
2.769959 2.391993 0.6254535 0.2686205 0.4337717 0.1343842
2.755455 2.286556 0.6726151 0.2627338 0.4202009 0.1418999
2.836956 2.309774 0.6737453 0.2795298 0.4385221 0.1484104
3.285658 1.717912 0.8102307 0.3271521 0.3820469 0.1501647
3.008014 1.773732 0.8192286 0.2999037 0.3891649 0.1566514
3.279933 1.838628 0.7983293 0.3201148 0.387177 0.1530489
2.84332 2.279189 0.603836 0.2557532 0.3801819 0.111834
3.112755 1.657232 0.9012283 0.3231436 0.4027455 0.178963
2.850056 2.151901 0.6862296 0.2708227 0.4037071 0.1381906
3.020514 1.932688 0.7754265 0.3090547 0.4162129 0.160438
2.945078 1.972506 0.7591527 0.2866217 0.3977797 0.1506313
3.235798 1.714413 0.8205754 0.3282029 0.3889444 0.1547718
3.215648 1.725298 0.8138117 0.3213152 0.3824433 0.1508996
2.791203 2.37677 0.6367341 0.2802999 0.4455983 0.1401614
3.330539 1.802361 0.7141908 0.3249831 0.3720858 0.1264299
2.592223 2.820955 0.5191955 0.2481006 0.4705155 0.1174451
2.738502 2.195316 0.7608154 0.2711851 0.4317908 0.1675755
3.383368 1.6547 0.8904993 0.3454721 0.39221 0.1712087
2.600089 2.688665 0.5309871 0.247323 0.4475925 0.1142821
3.272225 1.439995 0.9847075 0.3431928 0.3892629 0.1838545
2.910163 1.99923 0.7490702 0.2691757 0.3781415 0.1417201
2.829664 2.275118 0.5856517 0.2600885 0.3879502 0.1098031
3.261623 1.601804 0.941292 0.3385883 0.3998704 0.1855945
2.686565 2.426249 0.6219046 0.2717761 0.4596497 0.1416133
3.017609 1.966864 0.7151084 0.2910834 0.3868898 0.135519
2.656444 2.430133 0.6858951 0.2807891 0.4889575 0.1694583
3.328404 1.674952 0.8815845 0.3449206 0.4014798 0.1739336
2.997901 1.925457 0.7845023 0.2970153 0.4035834 0.1582699
2.947269 2.240125 0.6578631 0.2885138 0.4211541 0.1371325
2.933082 2.002011 0.8595621 0.3104198 0.4537373 0.2016099
3.366593 1.525279 0.9075879 0.357622 0.3962904 0.1717828
2.925757 2.035381 0.7785772 0.2984102 0.4268892 0.1674995
2.954219 2.278154 0.6313278 0.2883844 0.4213572 0.1307174
3.00794 2.096778 0.6499556 0.2733922 0.3681364 0.1164461
2.848473 2.127346 0.7780141 0.2926752 0.4465067 0.1776395
3.189117 1.703601 0.8756196 0.3268642 0.3974101 0.1713047
3.047083 2.015502 0.696273 0.293443 0.3883494 0.1321807
3.317453 1.705251 0.8182417 0.3321476 0.3829572 0.1518426
2.656909 2.486455 0.6283899 0.2597318 0.4525454 0.1419598
2.434238 2.867379 0.5104307 0.2409216 0.485203 0.1175572
3.180244 1.729978 0.8430351 0.3255818 0.3981991 0.1647103
3.061744 1.757715 1.106086 0.3410232 0.4699066 0.2760839
3.018752 1.784708 0.809245 0.306286 0.3970082 0.1574823
3.391465 1.627682 0.89442 0.3596091 0.4060798 0.1769209
3.176945 1.802467 0.8176617 0.3212298 0.4008009 0.1621279
3.449242 1.464797 1.042524 0.3758005 0.4133422 0.2108701
2.970555 2.040695 0.6719167 0.2725398 0.3718599 0.1223051
3.01683 1.892018 0.8861226 0.3047737 0.4164561 0.1888445
2.907932 2.232224 0.6960922 0.2861312 0.4298166 0.1504854
3.002394 2.027622 0.7080608 0.2948143 0.4012088 0.1398527
2.744431 2.20199 0.6918487 0.2542342 0.3973484 0.1379539
2.674439 2.347691 0.6457179 0.2618009 0.4323146 0.1384938
3.353626 1.52558 0.9436747 0.3505039 0.3924316 0.1789911
2.953155 1.851864 0.7724769 0.2938875 0.3920669 0.1483514
2.829917 2.272672 0.6764371 0.2809385 0.4347341 0.1469508
3.667125 1.173321 1.121918 0.418102 0.4092332 0.2109904
3.106834 1.720089 0.8618673 0.3170243 0.3974172 0.1687672
2.993739 1.981059 0.7119919 0.2889043 0.3877267 0.135233
2.929522 2.056731 0.7598144 0.2972911 0.4265148 0.1630176
3.152565 1.76997 0.8481393 0.3299065 0.4133563 0.1734437
2.753399 2.321027 0.6212819 0.2548104 0.4030521 0.1235427
3.236107 1.726759 0.7902262 0.3267468 0.386247 0.147027
2.628731 2.471054 0.6585274 0.267758 0.4745972 0.1573113
3.143955 1.951196 0.6891898 0.3023039 0.3783575 0.1258127
2.917346 2.211859 0.6591863 0.283675 0.413017 0.1342477
2.81795 2.338818 0.6401199 0.2704359 0.4226188 0.1341691
3.402852 1.627008 0.8638823 0.3539891 0.3966416 0.1658552
2.559246 2.692095 0.5823878 0.2578899 0.488637 0.1400249
2.567502 2.373319 0.6831133 0.2592842 0.4623248 0.1600481
3.295088 1.442636 0.9210969 0.3470814 0.3855589 0.1670663
3.269967 1.660069 0.8074935 0.335405 0.3862192 0.1487707
2.98084 2.092545 0.6582145 0.2818388 0.3868272 0.1242169
2.959747 2.075509 0.7162569 0.2874526 0.4075382 0.1458226
2.668417 2.344457 0.6447716 0.2588588 0.4281788 0.1370372
2.987477 2.093038 0.6768941 0.2943665 0.4050422 0.1341398
3.125859 2.079362 0.6771224 0.2900934 0.3784724 0.1257321
3.265597 1.793259 0.7238862 0.3115776 0.3629653 0.1254753
2.792749 2.325307 0.6731631 0.2744173 0.4372861 0.1476846
3.08728 1.746919 0.8519852 0.3093563 0.3940209 0.1664142
2.775986 2.286684 0.6965661 0.2569907 0.4099247 0.1448465
2.610969 2.507958 0.6982491 0.259105 0.4726537 0.168913
3.344721 1.588288 1.019531 0.3620038 0.4243482 0.2171385
3.009427 1.988264 0.7653384 0.2903987 0.3960961 0.1518211
3.31129 1.620002 0.896612 0.3430912 0.395542 0.1728557
2.988811 2.079688 0.7392807 0.2940657 0.4130599 0.153176
2.984461 1.911112 0.8868113 0.2926875 0.4074096 0.1861465
4.722831 0.2241084 1.687428 0.7280983 0.5211868 0.3071802
3.219414 1.497078 1.036882 0.3438955 0.4091106 0.2095908
3.290748 1.677283 0.8989185 0.3404663 0.4023066 0.1786775
3.365541 1.58436 0.9610306 0.353682 0.4053765 0.1924481
2.758882 2.140611 0.7378936 0.2704861 0.4211511 0.1572683
3.105416 2.012266 0.678324 0.2918992 0.3765765 0.1242839
3.49019 1.488712 0.9092098 0.3658871 0.3862156 0.1662912
3.485716 1.327474 1.070888 0.3758338 0.3963083 0.2019995
2.5526 2.671994 0.519862 0.239334 0.4402186 0.1099265
2.486092 2.74374 0.5885662 0.2639439 0.528201 0.15352
2.965358 1.982342 0.8531116 0.3004892 0.429248 0.1886656
2.962768 1.903415 0.8588423 0.3080231 0.4307264 0.1884161
2.80632 2.157618 0.7237855 0.2775087 0.4260946 0.1555896
3.423866 1.564731 0.8459469 0.348222 0.3772344 0.1513393
2.748307 2.259393 0.6843946 0.2779999 0.4393739 0.1498484
3.159111 1.939321 0.7373129 0.3160578 0.4003271 0.1446308
3.092772 1.837618 0.7426015 0.3086601 0.3883611 0.1393706
2.923507 2.091485 0.7266261 0.2932562 0.4225184 0.1534951
3.183087 1.747346 0.803998 0.3152472 0.3820469 0.1495032
3.800525 1.023263 1.235976 0.4557502 0.4264193 0.2368112
2.452142 2.820798 0.5410516 0.2462844 0.4991134 0.1308303
3.11445 1.934354 0.8029556 0.313121 0.412476 0.1665413
3.38261 1.298873 1.03027 0.3660221 0.3916605 0.1883551
2.696944 2.046333 0.7375356 0.2692153 0.4124101 0.1512561
2.988339 2.083033 0.7199685 0.2868323 0.4042342 0.145891
3.505499 1.330138 1.069333 0.398538 0.420758 0.2138731
3.197215 1.726165 0.8521442 0.3215282 0.3913337 0.1642184
2.796125 2.291442 0.6193235 0.2521721 0.3876222 0.1181956
2.66115 2.632491 0.5758956 0.265159 0.4735605 0.1337496
2.749144 2.512442 0.5646032 0.2664698 0.4390695 0.1202874
2.298863 3.21575 0.4113553 0.2170456 0.4903266 0.09081149
3.065595 1.859606 0.8471087 0.3189926 0.4217165 0.1794855
2.778624 2.280994 0.688465 0.2774695 0.4412229 0.1527157
2.878373 1.970186 0.8213055 0.2790144 0.402303 0.1682259
3.351291 1.575018 0.9424538 0.3461664 0.3949657 0.1826344
3.419263 1.521294 0.8774931 0.3567952 0.3867757 0.1608426
3.091135 2.03568 0.715458 0.3000991 0.3994295 0.1415574
2.819242 2.084522 0.8043545 0.2837144 0.4320688 0.1781796
2.812015 2.209573 0.7360438 0.2852775 0.4460703 0.1668911
2.787098 2.108251 0.7106138 0.2604281 0.390757 0.1387183
2.652015 2.666814 0.5105701 0.2442765 0.4286913 0.1046586
3.013875 1.893793 0.8181059 0.3057631 0.4128692 0.169543
3.071777 1.916699 0.804538 0.3118817 0.4166012 0.1684635
2.756658 2.148747 0.7421954 0.2797521 0.4389622 0.1650379
3.152787 1.683935 0.8721443 0.3414847 0.41989 0.1790155
2.637454 2.501444 0.629283 0.2541156 0.445834 0.1399852
2.946483 1.867378 0.7951604 0.2817127 0.3826488 0.151637
3.446525 1.195115 1.216175 0.4055481 0.4339913 0.2500913
2.424568 2.958198 0.4952788 0.2455732 0.5122817 0.1199533
2.816424 2.265507 0.6871466 0.2825867 0.4405457 0.1517686
2.97965 1.925783 0.8325503 0.312187 0.4345555 0.1833387
2.915517 2.123351 0.7454725 0.2576447 0.373662 0.1417085
3.421486 1.458612 0.9511499 0.3538298 0.383158 0.1742514
3.884418 1.260568 0.9010107 0.4184957 0.3728286 0.1483739
3.17285 1.880322 0.7429709 0.3185262 0.3952902 0.1428256
2.722754 2.156369 0.7031535 0.2671362 0.4177473 0.1467757
3.557057 1.208458 1.078002 0.3965635 0.3996039 0.1981073
3.186204 1.855132 0.6992406 0.3072779 0.3717791 0.1242647
3.264992 1.459368 1.02217 0.3588028 0.4144509 0.2056594
2.424846 2.904333 0.5050592 0.2628706 0.5381439 0.1281937
2.796966 2.379354 0.6208759 0.2690762 0.427503 0.1311457
2.738913 2.303344 0.6528035 0.2616699 0.4188746 0.1361501
3.050357 1.956297 0.7651629 0.3087742 0.4138117 0.1575717
3.746642 1.155829 1.052795 0.4284953 0.4028635 0.1899037
2.698397 2.368277 0.6469046 0.267692 0.4419533 0.1420693
3.310256 1.656887 0.8857249 0.3374203 0.3931256 0.170964
2.701521 2.428643 0.6053965 0.2520176 0.417924 0.1248145
2.602865 2.755691 0.5454555 0.2486961 0.4613772 0.1218958
3.037083 1.771724 0.9220276 0.3108594 0.412437 0.1930875
2.492432 2.861544 0.5435317 0.2601301 0.5233056 0.1373005
3.125134 1.765317 0.8680872 0.3125178 0.396125 0.1717707
3.295073 1.524412 1.024661 0.3539678 0.4142532 0.210504
2.994571 1.759755 0.9372522 0.2925952 0.3926807 0.1879328
3.1775 1.598972 0.8789052 0.3270245 0.3888127 0.1649647
3.641292 0.9433913 1.436214 0.447789 0.4446149 0.2917834
3.060973 1.689931 0.9142011 0.3208958 0.4113603 0.1870833
2.900675 2.169118 0.7579795 0.3059542 0.4630658 0.1789678
2.709724 2.189598 0.7764434 0.2655571 0.434817 0.1744917
2.890749 2.003687 0.7808383 0.2914446 0.4185089 0.1643777
3.165645 1.888728 0.711991 0.3066225 0.3788959 0.1303068
3.020008 1.946951 0.7645777 0.3026837 0.405056 0.1533958
2.686118 2.332123 0.6210068 0.2558268 0.417505 0.1278505
3.062239 1.878968 0.766814 0.2945806 0.38107 0.143932
3.3088 1.759741 0.8589987 0.3454917 0.4118707 0.1752466
2.804275 2.449659 0.6278749 0.2716002 0.4390451 0.1368071
3.430266 1.692745 0.776486 0.3422438 0.3750627 0.1385503
2.934915 2.40919 0.5791972 0.2692616 0.4011466 0.1129304
2.714787 2.46452 0.5382704 0.263461 0.4298646 0.1107009
3.284837 1.763861 0.7491663 0.3319173 0.3855724 0.1378971
3.313655 1.737563 0.8268605 0.3325721 0.3884693 0.1570626
3.189665 1.741736 0.8845434 0.3329671 0.4113688 0.1808959
2.851684 2.176148 0.7544521 0.2728566 0.4175907 0.1612793
2.584846 2.358558 0.7204978 0.2685813 0.4771468 0.1756936
2.825914 2.260486 0.6080341 0.2592822 0.3893786 0.1155291
3.267328 1.443049 0.9925119 0.3515522 0.4019721 0.1918676
3.283584 1.746505 0.8135342 0.3236215 0.383396 0.1528408
3.307876 1.346837 1.149628 0.3691135 0.4207253 0.2361328
2.833409 2.129493 0.7539883 0.280259 0.4261136 0.1633225
2.537069 2.591333 0.5257509 0.2238453 0.4011767 0.1014787
3.094904 1.740935 0.8172705 0.3155901 0.3939774 0.1567412
2.85162 2.066634 0.8016006 0.3105035 0.4647624 0.1893031
3.094162 2.027379 0.7441523 0.3065939 0.407471 0.1508243
3.299915 1.637844 0.8772626 0.3321755 0.3837473 0.1640448
2.982507 2.070384 0.6970795 0.2836472 0.392732 0.1354287
2.247311 2.991648 0.5185664 0.2363383 0.5420586 0.1339381
3.388165 1.637129 0.8380908 0.3399934 0.3772453 0.1518275
3.010262 1.797779 0.9478178 0.3228268 0.4392886 0.2133713
2.910462 2.074827 0.710811 0.2752474 0.3928758 0.1390472
3.092498 1.809921 0.9414546 0.3317582 0.4396205 0.2119512
3.229451 1.723906 0.8411238 0.3217979 0.3865462 0.1596586
2.747424 2.22803 0.6799283 0.2662194 0.4170736 0.1413356
2.864047 2.288199 0.6023124 0.2716284 0.4052974 0.1187476
2.567934 2.743161 0.5319387 0.2421977 0.4489847 0.1147699
3.248972 1.644829 0.8053902 0.3315377 0.3817153 0.1460236
3.619815 1.310002 0.8967607 0.3906752 0.3786646 0.1521595
3.083596 2.030934 0.6284323 0.2959831 0.3794819 0.1134836
3.219825 1.708067 0.8277785 0.3230525 0.3856319 0.155364
3.28171 1.697105 0.861222 0.3247101 0.3831436 0.1624799
3.267938 1.712417 0.8134384 0.3382063 0.3976299 0.1564182
3.380268 1.679868 0.8855042 0.3403843 0.3895559 0.1700622
3.279881 1.709358 0.8235639 0.3309041 0.3866179 0.1545108
3.117337 1.891536 0.8380277 0.322668 0.4221992 0.1781457
2.897623 2.435528 0.6122337 0.2903668 0.4510002 0.1358497
2.345949 3.073852 0.4852437 0.2552996 0.5670421 0.1286984
3.073712 1.665049 0.9819479 0.3261086 0.4209787 0.2088155
2.564863 2.531548 0.6610161 0.2726725 0.5070161 0.1691176
2.706725 2.535717 0.6214783 0.2635466 0.4578055 0.1421683
3.63272 1.259069 1.098805 0.4127483 0.4143441 0.2133919
3.792321 0.9100213 1.42191 0.4703773 0.4451193 0.2850962
2.674356 2.369564 0.6370611 0.2525809 0.4189312 0.1325897
3.037 2.070258 0.6916305 0.2937214 0.398803 0.1359329
2.667305 2.34449 0.6471917 0.26096 0.4322644 0.138916
3.043493 1.943145 0.8005889 0.2955777 0.3986769 0.1610144
2.616515 2.752396 0.5678128 0.2765823 0.5161911 0.1425839
3.206485 1.877568 0.7937421 0.3263103 0.4092887 0.1612231
2.941511 2.061233 0.7194077 0.2845417 0.4007754 0.1433686
2.773479 2.483324 0.6420478 0.2910986 0.4854949 0.1552507
2.781319 2.365093 0.5626336 0.2601085 0.4005323 0.1081298
3.557934 1.395473 0.9343671 0.3781789 0.3857832 0.1681239
2.374398 2.959642 0.5134088 0.258613 0.5521352 0.1341709
3.748515 1.091311 1.102514 0.441269 0.4124899 0.2014107
3.24872 1.826604 0.8389793 0.3259587 0.402057 0.1687254
2.69023 2.330436 0.6068015 0.2564521 0.4115883 0.1218409
3.317516 1.560794 0.947901 0.3499873 0.4024276 0.1864646
3.00425 1.952186 0.7773939 0.2907691 0.3946996 0.1535891
3.287474 1.758489 0.8691232 0.335105 0.4043581 0.1753338
3.85498 0.8828004 1.294096 0.469168 0.4240762 0.2373637
3.289855 1.651981 0.9219633 0.3403635 0.4020698 0.183639
3.083539 1.821472 0.8495836 0.3287942 0.4286963 0.1818138
3.342215 1.527101 0.9420686 0.3417167 0.3847642 0.1758431
2.890697 2.251371 0.6861573 0.2809358 0.424985 0.1464163
3.071733 1.859786 0.8388999 0.3041899 0.3989138 0.1681234
3.01167 1.890989 0.8558313 0.3098848 0.4237204 0.1842032
3.265093 1.58345 0.8445906 0.327569 0.3723354 0.1496233
3.11179 1.901628 0.8020421 0.3079928 0.4019627 0.1615086
2.723441 2.531758 0.5417881 0.2471185 0.4054329 0.1056708
3.316748 1.505728 1.028295 0.3590314 0.414154 0.2098365
2.790025 2.366812 0.6307313 0.2711442 0.4301427 0.1341422
2.341901 3.105823 0.4655029 0.2471449 0.5528662 0.1196059
3.187754 1.648845 0.9004932 0.338493 0.4119046 0.1823414
2.618634 2.466354 0.5808643 0.2315618 0.3960822 0.112988
3.100263 1.810667 0.7860203 0.3200384 0.4025175 0.1539187
3.581819 1.29504 1.04666 0.3914958 0.3966342 0.1942566
2.656114 2.517939 0.6289772 0.2468029 0.4326885 0.1363768
2.911487 2.128233 0.6322385 0.2707212 0.3795612 0.1162563
2.814748 2.544603 0.5340089 0.2577979 0.4137122 0.1063212
3.094426 2.027967 0.6565768 0.2913024 0.3755647 0.1190192
2.836804 2.292518 0.6163888 0.2688889 0.4052462 0.1219661
3.060226 1.985485 0.8016522 0.3142381 0.4276034 0.1731877
2.926304 2.13849 0.6306984 0.2757492 0.3857541 0.1177663
3.35618 1.692016 0.8269703 0.3335218 0.378157 0.1514384
2.89247 2.140836 0.6526657 0.2721281 0.389875 0.1245903
3.51654 1.427535 0.9141655 0.3777503 0.390496 0.1663934
2.937908 2.321762 0.5115207 0.2607089 0.3662987 0.08770555
3.516065 1.256469 0.9724971 0.3825459 0.3838705 0.1687633
3.379615 1.495897 1.053743 0.3539742 0.4022266 0.2107096
2.726009 2.404249 0.6514755 0.2641506 0.4391266 0.143328
2.912023 1.88994 0.8488538 0.3018772 0.4253134 0.1826716
3.232339 1.880702 0.7576344 0.3196205 0.3915423 0.1453623
2.9896 1.651833 0.999592 0.3195543 0.4247578 0.2149824
3.293792 1.557292 0.9497708 0.3529468 0.4085985 0.1893734
3.101394 1.892593 0.7781153 0.3071051 0.3965777 0.1527425
3.021446 1.924205 0.7740906 0.3009677 0.4018064 0.1543065
3.056721 2.047543 0.7049884 0.3079435 0.4133067 0.1432037
3.092878 1.945827 0.7721866 0.3047169 0.4003113 0.1540078
3.146425 1.776999 0.8840719 0.3419363 0.4340418 0.1916455
2.513225 2.752625 0.5426797 0.2312855 0.4419085 0.1161411
2.996155 1.892686 0.7646713 0.293563 0.3894608 0.1465981
3.268844 1.586027 0.8856163 0.3401645 0.393437 0.1681415
2.941661 1.960262 0.7439483 0.2919886 0.4017726 0.1476153
2.92572 2.100864 0.7070008 0.2887924 0.4120807 0.1445556
3.298619 1.915837 0.7352938 0.3317778 0.3994925 0.143239
2.841001 2.220107 0.6846269 0.2784843 0.4245803 0.1453895
3.577764 1.27689 0.976244 0.3814477 0.3788832 0.1690294
3.464983 1.435388 0.9779159 0.3836972 0.4099817 0.1905519
2.976008 1.918127 0.7570528 0.2951125 0.3987515 0.1490514
2.628761 2.535931 0.5781232 0.238638 0.4141551 0.1173896
2.822505 2.116506 0.7438666 0.2769808 0.4152928 0.1555312
3.445847 1.340154 0.9925048 0.385189 0.4062991 0.1878091
3.178121 1.713144 0.9280284 0.3325362 0.4141305 0.1927427
2.724721 2.20136 0.7758066 0.2930001 0.4769149 0.1896482
3.283588 1.706017 0.8403674 0.3263124 0.3834857 0.1577216
3.003901 1.867206 0.8532393 0.3060016 0.4137733 0.1781265
3.1132 1.541284 0.9175142 0.328198 0.3967617 0.1754253
2.881963 2.267647 0.6042634 0.2595961 0.3807487 0.1121337
3.011617 2.045076 0.7405377 0.2896855 0.3998745 0.1483206
3.088944 1.907912 0.837942 0.3179732 0.4255307 0.1808702
2.988607 1.918461 0.7769249 0.299774 0.405376 0.1563879
2.852112 2.098906 0.7601518 0.2670499 0.3979945 0.1539645
2.58495 2.404367 0.6283928 0.2479153 0.4294913 0.1338291
3.103269 1.877884 0.8255392 0.3185885 0.414762 0.1712635
3.073173 1.676163 0.9364554 0.3191962 0.4070397 0.1902789
2.674039 2.17861 0.7633653 0.2766986 0.453586 0.1767425
3.310533 1.58871 0.8747135 0.3367506 0.3824828 0.1610558
2.836058 2.247595 0.6038804 0.2647134 0.3932293 0.1152219
2.815137 2.143568 0.7438844 0.2809684 0.4285486 0.1612164
3.182246 1.813431 0.7632571 0.3175297 0.3873904 0.143311
2.845863 2.205185 0.6552135 0.2712827 0.4038353 0.1304766
3.236595 1.637707 0.9047087 0.3169898 0.3767378 0.1683193
2.479834 2.924039 0.495669 0.2417192 0.4845633 0.1135036
2.882346 1.826742 0.8282638 0.2862626 0.3957489 0.1633228
3.399088 1.522266 0.9470523 0.3607203 0.4009185 0.1839317
3.070773 1.775229 0.8764029 0.3226283 0.4191475 0.1836279
2.8623 2.27842 0.6383052 0.278078 0.4229382 0.1334841
3.135441 1.728445 0.9090065 0.3172317 0.4004463 0.1826875
3.232791 1.691328 0.9031655 0.3365751 0.4075814 0.182689
2.688973 2.61545 0.5908756 0.2882874 0.5060398 0.1462746
3.070119 1.765266 0.8393979 0.3100419 0.3967452 0.1645721
2.675883 2.823132 0.4928963 0.2324815 0.4166373 0.0976576
3.158535 1.842354 0.8269119 0.3262951 0.4140668 0.1704528
3.011833 1.745379 0.9185717 0.2927147 0.3869723 0.1801133
3.09392 1.780074 0.9017654 0.3235607 0.4201761 0.1910631
2.683943 2.42232 0.6384493 0.2679983 0.4526458 0.143783
2.98908 2.108063 0.6662881 0.2927918 0.4054288 0.1322371
2.713439 2.332691 0.6481067 0.2598986 0.4197657 0.1349519
2.875181 2.092015 0.7490522 0.2753857 0.4079499 0.1550068
2.759427 2.37487 0.6704812 0.2758224 0.4511278 0.1518935
2.925449 2.161052 0.6599337 0.2737137 0.3905978 0.1268746
3.091555 1.9051 0.7599795 0.3077592 0.3976275 0.1487367
3.383366 1.529536 0.8537353 0.3490162 0.3784463 0.1518739
3.147189 1.8883 0.7829503 0.3179682 0.4069038 0.1579715
2.340838 3.333111 0.414129 0.2364713 0.5452619 0.1011519
3.337791 1.503939 0.8532478 0.3486043 0.3806029 0.1514648
3.045891 2.005155 0.7459284 0.3068622 0.4150636 0.154017
3.328996 1.636122 0.8905992 0.3420159 0.393654 0.1713364
2.914563 2.175185 0.7007985 0.2886895 0.4248868 0.148996
2.892959 2.065489 0.8185238 0.3149156 0.4714376 0.1981965
2.97681 2.136003 0.7373909 0.2792355 0.4010341 0.1499531
3.369992 1.488572 0.9608513 0.3505286 0.3903631 0.1813479
3.319481 1.521412 0.9467716 0.3572351 0.4058921 0.1856656
3.219255 1.747385 0.7922737 0.3057375 0.3655626 0.14116
3.155956 1.841905 0.8913164 0.3308301 0.4289015 0.1944083
3.023895 2.067339 0.7647046 0.3015056 0.4219031 0.1631924
3.088416 1.947738 0.8165086 0.3205014 0.4303849 0.1776326
2.458824 2.703606 0.5724938 0.2540803 0.5013551 0.1404798
3.728844 1.069471 1.186464 0.4423523 0.4218346 0.2255697
2.854304 2.166639 0.7000795 0.2885532 0.4334628 0.151581
2.960235 2.198612 0.6992808 0.2688015 0.3875925 0.1362243
3.310595 1.720789 0.8097312 0.3254964 0.3780112 0.1488503
3.152113 1.776257 0.8085747 0.3246676 0.4025614 0.1591474
2.76663 2.281872 0.6081942 0.2548249 0.3891705 0.1151143
3.236477 1.618571 0.9980641 0.3505248 0.4262323 0.2135767
3.345399 1.752951 0.7915354 0.3375379 0.3868714 0.1479345
3.508372 1.336899 1.087577 0.3890209 0.4110806 0.2140434
2.934354 2.08054 0.6953962 0.2856231 0.4039448 0.1388645
3.46389 1.333692 1.310143 0.4013002 0.4501608 0.2978862
2.937526 2.149626 0.6696913 0.2956605 0.4220999 0.1388547
3.059982 2.038489 0.7077729 0.2939447 0.3934156 0.1374933
3.119621 1.741263 0.8296637 0.3174688 0.3960024 0.1609645
3.156171 1.721453 0.860418 0.3234016 0.4007721 0.1701769
3.425826 1.438227 0.9043079 0.370711 0.3928923 0.1652357
2.998109 2.001553 0.8369921 0.3218466 0.454899 0.1946174
2.942342 1.982708 0.7157394 0.2956489 0.4051697 0.1418497
3.168149 1.712467 0.8850385 0.3259126 0.4022281 0.1763313
2.739725 2.289505 0.7144316 0.2768194 0.4481218 0.1618655
2.916233 2.251078 0.6666356 0.279898 0.4153238 0.1378442
2.68619 2.485545 0.5886459 0.2578676 0.4344268 0.1252426
2.849071 2.458046 0.5671997 0.2491005 0.3904856 0.1084205
3.601392 1.346675 0.9815909 0.3877312 0.3898748 0.1784195
3.127866 1.906379 0.7454872 0.3112763 0.3948131 0.1439281
2.832787 2.209393 0.6486148 0.2683783 0.4022263 0.128614
3.068423 1.988972 0.7568608 0.3057975 0.408137 0.153769
2.865724 2.219085 0.697377 0.2812275 0.4265226 0.1494365
2.879871 2.223431 0.6713193 0.2978161 0.4479254 0.1492452
3.221576 1.426584 1.078333 0.3468052 0.4074563 0.2154224
3.756268 1.066965 1.07459 0.4269898 0.393468 0.1849887
3.222167 1.810901 0.8301104 0.3072192 0.379062 0.1573323
3.10206 1.812955 0.7881255 0.3093158 0.3898423 0.1502672
2.579842 2.496943 0.6551409 0.2741478 0.4953585 0.1623588
2.678901 2.512306 0.5705369 0.2589238 0.4393199 0.1220481
2.831834 2.131112 0.7553345 0.2715345 0.4148962 0.1601295
3.130961 1.802671 0.8285008 0.3134494 0.3974271 0.1635425
3.072711 2.023668 0.6063325 0.2826892 0.3587343 0.1027027
3.036759 1.946042 0.736356 0.290765 0.3834876 0.139035
3.258526 1.94484 0.7806543 0.3323585 0.4158977 0.1618008
3.015142 1.993018 0.6690244 0.2755182 0.3644806 0.1184836
2.288897 3.099962 0.5418529 0.2486043 0.5822124 0.1510182
3.168969 1.813743 0.7911767 0.3148872 0.3911611 0.1520359
2.614469 2.640906 0.5885624 0.2644828 0.4803592 0.1387335
2.969403 2.159532 0.6419338 0.2666644 0.3703299 0.1163586
2.699379 2.451389 0.5985085 0.2735816 0.4551509 0.1330956
2.718475 2.444493 0.5834431 0.2682495 0.4417383 0.1255802
2.441425 3.01448 0.5045997 0.2238758 0.4783365 0.1161104
2.685993 2.11505 0.7958798 0.2592257 0.4173959 0.1710602
2.954119 1.873543 0.7840189 0.2867941 0.3873521 0.150521
3.466836 1.48544 0.9344384 0.3644556 0.3916172 0.1750961
3.44 1.418606 0.9002623 0.3683967 0.3858799 0.1605936
3.105191 1.968938 0.818141 0.3115045 0.4176876 0.1736026
2.736312 2.232702 0.68507 0.2703523 0.431042 0.1480033
3.641486 1.164282 1.056737 0.4129589 0.3996124 0.1896619
2.984565 2.049769 0.6859245 0.2889883 0.3966583 0.1335031
3.088048 1.997707 0.6910912 0.3014877 0.391404 0.1315176
2.936638 2.197553 0.6851338 0.2869811 0.4173478 0.1422721
3.050157 1.830201 0.8024996 0.3059717 0.3985719 0.1581609
2.930137 2.076151 0.7257128 0.2986241 0.4264557 0.154058
2.926506 1.973656 0.8481479 0.3022959 0.4361276 0.1898106
3.011215 1.926773 0.7482484 0.2995705 0.3984934 0.1466042
3.024325 2.038316 0.7471602 0.3103271 0.4282658 0.1598926
2.793529 2.146405 0.8043044 0.2712305 0.4259833 0.1775924
2.990691 1.751606 0.9075352 0.29271 0.3907221 0.1794778
2.690782 2.385592 0.6739897 0.2765153 0.4682528 0.1588667
2.727537 2.334083 0.6612139 0.2635202 0.4279476 0.1413936
2.599261 2.31256 0.6947266 0.2487237 0.4253748 0.149378
3.098851 1.892565 0.7458307 0.312464 0.3975958 0.1443763
3.098353 1.841146 0.7777392 0.3095462 0.3939314 0.15021
3.503573 1.506232 0.9641847 0.3794399 0.4074219 0.1897014
3.022199 1.901159 0.7475929 0.2973506 0.391939 0.1437868
2.946889 2.132791 0.6747017 0.2709857 0.3826898 0.1277342
3.1693 1.906882 0.775318 0.3163905 0.4008683 0.1538514
2.879733 2.155615 0.7702949 0.3019449 0.4564542 0.1791522
2.676593 2.558927 0.5763003 0.2514898 0.438046 0.1242814
2.848424 2.172191 0.6875147 0.2727634 0.4059414 0.1388867
2.746493 2.301513 0.6539024 0.2560183 0.4079698 0.1330805
2.774642 2.450084 0.6006445 0.2521193 0.4062993 0.120212
2.475475 3.169213 0.432561 0.2343954 0.4922709 0.09730909
2.858783 2.205027 0.6952861 0.2842609 0.4319711 0.150735
2.919816 2.051933 0.7088396 0.2850449 0.3997873 0.1396976
2.824461 2.272253 0.5871442 0.2649771 0.3941909 0.1114686
3.247725 1.687452 0.8908141 0.3338605 0.3995743 0.1757543
3.119479 1.959113 0.7137701 0.3108131 0.3963722 0.1375492
3.01312 2.100393 0.6503475 0.2753485 0.3699077 0.1169776
3.315529 1.336416 1.023424 0.3661135 0.4037308 0.1943024
3.163604 1.990418 0.7099275 0.3041835 0.3889186 0.1356562
2.668052 2.471288 0.5916741 0.258325 0.4369845 0.1266505
3.03962 2.056675 0.6683623 0.2934041 0.391007 0.1270496
3.025832 1.92097 0.7310976 0.2910308 0.3823855 0.1369027
3.102049 1.714304 0.8856855 0.3242921 0.4111577 0.1806976
3.150491 1.680377 1.043855 0.3286183 0.4207951 0.2264802
2.804862 2.270269 0.6207698 0.2787371 0.4275518 0.1297211
2.275112 2.991519 0.5238895 0.2236702 0.5048688 0.1264815
3.222256 1.868937 0.8077451 0.3291008 0.4099755 0.1645838
2.937507 2.134647 0.7181761 0.2970574 0.429269 0.1540691
3.140901 1.848315 0.7704755 0.3245094 0.4086634 0.1538786
2.840348 2.048091 0.7489411 0.2726068 0.4008309 0.151
3.371852 1.576549 0.8457064 0.3472747 0.3832944 0.153911
2.740347 2.58343 0.5298576 0.2576479 0.4247878 0.107546
3.301778 1.610121 0.8182859 0.3408822 0.3848219 0.1491306
3.249533 1.744911 0.7789211 0.3233842 0.3804119 0.1426734
3.013315 2.026351 0.6470669 0.2799985 0.3684682 0.114637
2.440651 2.790566 0.6040384 0.2767608 0.5729859 0.1710707
3.784517 1.036252 1.097159 0.4312538 0.3932458 0.1878678
2.66718 2.481319 0.6252205 0.2628398 0.4495812 0.1392136
3.018372 2.111943 0.6732953 0.2829546 0.3866133 0.1280037
2.993681 1.819422 0.8098183 0.306834 0.4057187 0.1620186
2.959877 1.971387 0.7836083 0.3002759 0.4190776 0.1648647
3.023238 1.882915 0.8332962 0.3050687 0.4091673 0.1713935
3.20648 1.845229 0.748878 0.3149891 0.3823266 0.1388415
2.584114 2.558638 0.6129461 0.2613503 0.4748285 0.1442562
3.015605 1.726539 0.9917534 0.3262668 0.4400623 0.2239148
3.525471 1.257942 1.14915 0.3913267 0.408756 0.2237154
2.763498 2.319303 0.6480358 0.2585692 0.411191 0.1327858
3.207628 1.874121 0.7561614 0.3195967 0.3940914 0.1457685
2.81852 2.232149 0.709562 0.2779173 0.4311546 0.1543777
2.985142 2.003471 0.7752571 0.2920895 0.4058275 0.1584352
3.28971 1.578514 0.9503029 0.345837 0.4033299 0.188338
2.909983 2.019239 0.6880076 0.2756717 0.3845613 0.1297008
2.992997 2.171365 0.6062341 0.2760291 0.3781374 0.1104377
3.157702 1.908077 0.7841505 0.3126451 0.3983072 0.1551592
2.548458 2.630087 0.5600902 0.2313809 0.4292769 0.1180653
3.108997 1.659874 0.8912214 0.3270295 0.4075314 0.1783966
2.511374 2.706556 0.5810928 0.2389305 0.4588178 0.1310525
3.783078 1.088022 1.160637 0.4313849 0.4034251 0.2112468
3.356035 1.707584 0.7956788 0.3259538 0.3696506 0.1419939
3.172406 1.789146 0.7949118 0.3191059 0.3927112 0.1525342
3.347155 1.704186 0.7927552 0.3396533 0.3866955 0.1472034
2.677807 2.488387 0.5794306 0.2547108 0.4296532 0.1215964
3.057324 1.762573 0.799228 0.3147022 0.3998695 0.1553927
2.922914 2.166241 0.6939968 0.2754585 0.4003118 0.1388415
3.428055 1.578257 0.8403045 0.3478713 0.3762028 0.1499242
2.730276 2.157029 0.6807742 0.2654046 0.4114536 0.1389566
2.652334 2.589375 0.57586 0.2524178 0.445248 0.1258518
2.914252 2.128998 0.7453505 0.2802239 0.4126855 0.1561972
3.748992 1.008931 1.342992 0.4603341 0.4440867 0.2732931
3.639418 1.187078 1.119181 0.4134707 0.4085751 0.2108476
2.90696 2.039776 0.7892442 0.3027012 0.4385772 0.1750439
3.442353 1.17836 1.120395 0.391335 0.408529 0.2107095
3.175419 1.869001 0.7764479 0.3144614 0.3943426 0.1510429
2.733458 2.581058 0.5407615 0.2464561 0.4090269 0.1066592
2.865517 2.227768 0.665579 0.2814495 0.4186812 0.1376208
2.91011 2.222911 0.6777171 0.2838236 0.4213046 0.1424372
3.139122 2.015145 0.6241124 0.2927625 0.3666597 0.1088419
2.556753 2.80599 0.4986376 0.2329317 0.4374179 0.103738
2.736533 2.357791 0.6593618 0.2692892 0.4379445 0.1440526
2.945951 2.11483 0.7015358 0.2897367 0.4147493 0.144852
3.049249 2.004373 0.7487733 0.3093505 0.4186287 0.1560455
2.7954 2.209607 0.6701762 0.2759774 0.4217365 0.139952
3.283027 1.453706 1.028809 0.351558 0.4045613 0.2029597
2.928249 2.142778 0.6511075 0.2945648 0.4196014 0.1332451
3.22231 1.950388 0.7293904 0.306562 0.3804396 0.1363992
3.11779 1.889841 0.7783696 0.3071747 0.3959789 0.1529112
2.919984 2.199195 0.666294 0.2835008 0.4134356 0.1363408
3.128063 1.777217 0.7826421 0.3027436 0.3735578 0.1422279
2.870094 2.171059 0.6649129 0.2757614 0.4076545 0.1341677
2.64111 2.506496 0.6571935 0.2817562 0.5034666 0.16641
3.187438 1.682043 0.9029253 0.3215338 0.3936534 0.1766021
3.755823 1.329365 0.9358267 0.3995786 0.3796396 0.1627565
2.680991 2.340174 0.6608475 0.2719558 0.4536272 0.1497999
3.90354 0.9617483 1.172555 0.4577911 0.4054555 0.205703
3.246582 1.435678 1.102466 0.342441 0.4021236 0.2197204
2.600139 2.268039 0.7405404 0.2639442 0.4523525 0.170865
2.723616 2.35883 0.6748765 0.2713391 0.4460992 0.1509795
3.156031 1.884435 0.7602369 0.3095815 0.3896741 0.1456132
2.564933 2.684918 0.5427837 0.2457771 0.4562298 0.1201139
2.699248 2.319253 0.6863558 0.2856325 0.4704229 0.1615716
3.069795 1.86935 0.8410859 0.3124238 0.4129251 0.1747427
2.462848 2.652437 0.6258902 0.2711006 0.5362529 0.1670435
2.928497 2.06497 0.6785176 0.2860816 0.3982771 0.1319214
2.80594 2.025865 0.8812212 0.2975525 0.4575846 0.2096714
3.062701 2.063138 0.7028692 0.2897208 0.3870847 0.1342786
2.932163 2.313427 0.6057612 0.2715748 0.3974153 0.117531
2.880959 2.302034 0.5764006 0.2660227 0.3912648 0.1086894
2.939836 2.07222 0.6860545 0.2828936 0.3950056 0.1331576
2.766023 2.418671 0.6307103 0.2763479 0.4493004 0.1402297
2.924717 2.128302 0.6461351 0.2791692 0.3925299 0.1234043
2.896635 2.113747 0.6921546 0.2842684 0.407526 0.1391532
3.343813 1.369933 1.155994 0.3673287 0.4158785 0.236418
2.742025 2.598055 0.5560593 0.2527396 0.428735 0.1163206
3.5754 1.185089 1.184422 0.4188106 0.427272 0.2367457
2.774769 2.24853 0.6931378 0.262493 0.4125538 0.1439967
3.666836 1.220147 0.9663468 0.4063042 0.3871058 0.166561
3.568564 1.307011 0.9726826 0.3817676 0.3819809 0.170768
3.317182 1.69595 0.8057422 0.333275 0.3821187 0.1482321
2.790347 2.281088 0.6204928 0.2651139 0.4092652 0.1246079
2.818023 2.127858 0.7374668 0.2759477 0.4199407 0.1567027
2.812089 2.384567 0.6074605 0.2709686 0.4252168 0.1266926
2.962674 2.122272 0.6825813 0.2859128 0.4012493 0.1350498
4.204569 0.7275378 1.166864 0.53825 0.4242326 0.1934926
3.333618 1.577428 0.8624783 0.3449542 0.3868462 0.1592808
3.072891 1.976514 0.8042716 0.3072046 0.4150858 0.1689377
3.215005 1.68992 0.8758682 0.3302649 0.3979703 0.1713791
2.629278 2.319404 0.7496987 0.2755823 0.477841 0.1839463
2.811048 2.239883 0.6632541 0.264564 0.4074948 0.1348219
3.33928 1.483146 0.8939834 0.3485012 0.3839513 0.1618259
2.893539 2.222847 0.658273 0.2794912 0.4102992 0.1331807
3.02777 1.962095 0.7555723 0.2908565 0.3920003 0.1477225
2.831677 2.000128 0.8239077 0.2871057 0.4249776 0.1781775
2.634463 2.449142 0.6602094 0.259446 0.4527776 0.1502518
3.210931 1.814483 0.8297533 0.3227034 0.399145 0.1645529
2.912175 1.734009 1.061579 0.3366529 0.4788114 0.2647802
3.481327 1.402965 0.9946381 0.3755906 0.3985411 0.1886097
2.457682 2.5783 0.6123682 0.2329764 0.4453139 0.1355176
2.649956 2.544749 0.598047 0.2535317 0.441118 0.1299112
3.426342 1.313809 1.032215 0.377968 0.401366 0.1939751
2.821722 2.583807 0.5166422 0.2682194 0.4302905 0.1057812
3.644134 1.30769 0.9942981 0.3972123 0.392044 0.1802103
2.635164 2.808299 0.5293381 0.2599836 0.4861186 0.1241122
2.975484 2.007706 0.7843733 0.2961762 0.4143309 0.1639865
2.927012 2.162178 0.7378788 0.286604 0.4232005 0.1583465
3.312491 1.712542 0.8244652 0.3376025 0.3924296 0.1572671
2.69641 2.507287 0.5502878 0.2592357 0.4316146 0.1144319
2.332621 2.993612 0.5091342 0.2438325 0.5372677 0.1298563
3.34781 1.582395 0.9659028 0.3536671 0.4071949 0.1942231
2.541457 2.701198 0.561692 0.2506049 0.4739104 0.1297846
2.558511 2.568682 0.5644593 0.2481324 0.4476915 0.1230018
2.918666 2.201207 0.6352517 0.2803843 0.4039613 0.1253835
2.899348 2.195295 0.7094999 0.2861895 0.424606 0.151126
3.434464 1.657534 0.8377137 0.3482207 0.3853098 0.1558748
2.973375 2.046522 0.7194948 0.2844536 0.3952659 0.1414353
2.538133 2.537542 0.5953026 0.2476296 0.4523765 0.13276
3.207773 1.796693 0.8603391 0.3181402 0.3944813 0.1699131
2.975329 2.025212 0.7594256 0.2982499 0.4161339 0.1582853
3.394565 1.424981 1.07184 0.3756897 0.4209494 0.2210507
3.11498 2.05879 0.7148425 0.3110987 0.4132753 0.1462341
3.01515 1.991182 0.7560543 0.2909471 0.397181 0.1502966
3.147776 1.790942 0.8434527 0.3208934 0.4022761 0.1681387
2.979455 2.181891 0.6793483 0.2901716 0.4144093 0.1398029
2.890324 2.160572 0.6698568 0.2783839 0.4064169 0.1346003
3.145519 1.949387 0.7147735 0.3058056 0.3894652 0.1361367
3.013074 1.966267 0.7906517 0.3018593 0.4128892 0.1641406
2.75659 2.236448 0.6932523 0.2658982 0.4209386 0.1468312
3.327614 1.586462 0.8597403 0.3437388 0.3867136 0.1588968
2.91138 2.379976 0.6094726 0.2687617 0.4086481 0.1229335
2.563085 2.675902 0.5729491 0.2412053 0.4518262 0.1273761
3.556732 1.407503 0.9405428 0.3783457 0.3872241 0.1705556
2.869912 1.943879 0.8195162 0.2966195 0.4270808 0.1767505
3.149754 1.773033 0.799606 0.3118038 0.3851134 0.1505346
2.513209 2.681614 0.5624472 0.2403452 0.4566541 0.1254407
2.776959 2.347292 0.6146462 0.2471347 0.3898762 0.1186087
2.692742 2.50414 0.6065768 0.2560897 0.4351545 0.1304005
2.84204 2.333655 0.634286 0.2781094 0.4299036 0.1347325
3.030118 2.015421 0.7394228 0.3055436 0.4152946 0.152485
3.181827 1.877829 0.7509719 0.3124747 0.3889933 0.1430412
2.736217 2.334638 0.6272466 0.259945 0.4182981 0.1298611
2.692226 2.366409 0.6556506 0.2720471 0.4556026 0.1494152
2.759382 2.575276 0.5444591 0.2533079 0.4156727 0.1090206
3.131027 1.725071 0.8513002 0.3185619 0.3950934 0.1652261
2.86969 2.012414 0.735808 0.2850574 0.4089692 0.1494919
2.73912 2.441739 0.5792461 0.2660254 0.4315927 0.1214601
3.399612 1.47496 0.9907176 0.3682451 0.4081198 0.1957934
2.970023 1.944054 0.7904914 0.3002715 0.4129522 0.1632777
3.121767 1.680836 0.9110234 0.3247775 0.4075476 0.1845243
3.078417 2.075863 0.7275869 0.300694 0.4058874 0.1471417
2.927586 1.735381 0.9423457 0.3039257 0.4167202 0.1992244
3.005649 2.09696 0.6989536 0.2972183 0.4116146 0.1422809
3.014291 1.931438 0.7565817 0.2936771 0.3909383 0.1461342
2.467391 2.772609 0.5831893 0.227569 0.452205 0.1298627
2.981046 2.128946 0.6742102 0.2938584 0.4105362 0.1360134
2.940687 1.89595 0.8068093 0.3053385 0.4207442 0.1692659
2.71698 2.430501 0.5619593 0.2455657 0.3945065 0.1071328
2.641944 2.595342 0.5347879 0.2501808 0.4334497 0.1113771
3.648778 1.430822 0.8965818 0.3834683 0.3801915 0.1584049
3.724428 1.078208 1.176175 0.4321206 0.4114682 0.2183261
3.631549 1.379374 0.9240955 0.3855807 0.3815572 0.1628956
2.648391 2.347948 0.6643931 0.2596132 0.4386206 0.1460921
3.295347 1.851978 0.6589856 0.3082073 0.3524869 0.1090879
3.154518 1.795263 0.8251582 0.3247765 0.4053199 0.1648004
2.970058 2.190581 0.6969071 0.2873524 0.4136441 0.1440792
3.056238 1.937006 0.7480895 0.3030474 0.3994645 0.1473892
2.853364 2.396867 0.6470138 0.2726145 0.4311555 0.139597
2.798079 2.153025 0.723714 0.2944112 0.4499332 0.1628673
4.079704 0.8692185 1.31149 0.5021446 0.4288207 0.2425621
3.424892 1.549952 0.9232814 0.3567008 0.3932712 0.1758255
3.203539 1.8948 0.7569369 0.3204718 0.4000994 0.1489605
2.938847 1.930321 0.7986667 0.29467 0.4087531 0.1635351
2.65682 2.640847 0.5271568 0.2600039 0.4571088 0.1157094
3.112207 1.890927 0.7041485 0.304752 0.3817633 0.1292355
3.338701 1.524198 0.9102362 0.3444089 0.3845806 0.1677455
2.872957 2.218151 0.7237883 0.2920599 0.4454029 0.1630582
3.032102 1.870763 0.8340325 0.319582 0.4286075 0.1792766
2.730023 2.19475 0.7315501 0.2762101 0.4451229 0.1655986
2.838998 2.107602 0.767905 0.2893973 0.4383332 0.1711504
2.982498 2.181202 0.6253077 0.2878813 0.3976175 0.1200676
3.164888 1.867122 0.7867539 0.3175905 0.4001334 0.1555367
2.703462 2.325905 0.6529635 0.2531165 0.4148148 0.1355688
3.211209 1.740308 0.8198958 0.3185929 0.3840766 0.1539894
2.595228 2.479314 0.5714318 0.2456931 0.424486 0.1179624
2.660143 2.55068 0.5659258 0.2511447 0.4315671 0.1188735
2.886681 2.232572 0.602773 0.2691435 0.3918846 0.1145559
2.881365 2.146668 0.6481949 0.2691696 0.3863976 0.1224688
2.609904 2.651085 0.5532435 0.2550455 0.4610742 0.1238511
3.234675 1.731707 0.7835521 0.3195042 0.3782505 0.143006
3.008019 2.011717 0.7590239 0.3055604 0.4227118 0.1607264
3.449556 1.398001 1.049401 0.3660505 0.3962011 0.201118
3.2276 1.711557 0.8362836 0.3250957 0.3890615 0.1589799
3.032247 1.829297 0.8523575 0.3218973 0.4258974 0.1812137
2.681977 2.601608 0.5979409 0.2728657 0.4832201 0.1427494
2.432415 3.092504 0.4327854 0.2249391 0.4705895 0.09345776
3.176163 1.809633 0.8283092 0.3192113 0.3990543 0.1641378
3.135513 1.898274 0.830356 0.3270782 0.4270336 0.1784887
2.810415 2.245321 0.6946027 0.2685066 0.4181008 0.146412
3.37028 1.591928 0.9433338 0.3623707 0.4146862 0.1922931
3.032658 1.732158 0.9121233 0.3187875 0.4168978 0.1904343
2.615917 2.569036 0.6116805 0.2489088 0.4467251 0.1358615
2.983477 1.929452 0.7636257 0.2967169 0.4014831 0.1518457
2.865181 2.06325 0.7639194 0.2821251 0.4130094 0.1590669
2.921135 2.139485 0.6945387 0.2819444 0.4048251 0.1395208
2.963281 1.892692 0.7807323 0.3046447 0.4132778 0.1595195
3.484278 1.582907 0.8657086 0.3512838 0.3771025 0.1565369
2.928659 2.00638 0.7123098 0.283532 0.3922688 0.1373664
3.514861 1.29305 1.115174 0.3993556 0.4187381 0.2218282
2.852395 2.262535 0.6513267 0.2671981 0.4055967 0.1312942
2.893807 2.084297 0.7045487 0.2866547 0.4120601 0.1437387
2.961047 1.903501 0.7968663 0.3115381 0.4265472 0.1689999
2.914813 2.068738 0.6676943 0.2750338 0.3824978 0.1244469
3.203269 1.368047 1.031994 0.3516035 0.4052564 0.1989652
2.784509 2.214574 0.6674734 0.2711874 0.4185203 0.1387538
3.064417 1.82652 0.9499584 0.3117743 0.420828 0.2070439
3.054129 1.848955 0.9372582 0.3211778 0.4344265 0.2096314
2.643222 2.399704 0.6525833 0.264101 0.4527623 0.1477484
2.481018 2.724304 0.5832936 0.2325241 0.4579054 0.1320578
3.176644 1.78282 0.7849614 0.3209573 0.3934487 0.150292
3.328832 1.720951 0.8561855 0.3435434 0.4017437 0.1690663
3.080485 2.060304 0.6860495 0.2935745 0.3886006 0.1307564
3.106941 1.920204 0.754347 0.3091301 0.3992502 0.1484146
3.105463 1.939816 0.7654824 0.2965469 0.3879995 0.1482357
2.854009 2.37919 0.5878764 0.2683069 0.412358 0.1182613
2.874379 2.212499 0.6992588 0.2675849 0.4013899 0.1412775
3.367135 1.564277 0.9111031 0.3490257 0.3908176 0.172186
3.410187 1.350012 1.088109 0.3818829 0.4163504 0.2173572
2.827048 2.096431 0.8032327 0.3050076 0.466953 0.191906
3.376462 1.617273 0.9133152 0.3627527 0.4129225 0.1843468
2.908829 2.044874 0.6879476 0.2797676 0.3908032 0.1316032
3.194888 1.805558 0.9064002 0.3322265 0.422061 0.1942901
2.745489 2.242001 0.6963885 0.2694316 0.4301583 0.1508748
2.918414 2.226563 0.6516796 0.2853321 0.4143861 0.1326338
2.72195 2.451098 0.6080663 0.2409099 0.3969997 0.1196075
3.644989 1.351651 1.142416 0.4128175 0.427435 0.2380946
2.4712 2.881519 0.5206905 0.2451673 0.5011319 0.1257288
2.918895 2.273777 0.7031642 0.2817203 0.4261553 0.1515881
