3.46887 0.5382331 3.04598 0.3610554 0.4098631 0.6084375
2.746028 1.312673 2.257494 0.2712803 0.4308226 0.5610657
3.521297 0.3247536 3.331949 0.3998289 0.4434327 0.6762757
2.614553 1.603938 1.796401 0.2476122 0.424611 0.4416148
3.414939 0.5494339 3.071952 0.3400429 0.3917635 0.5909263
2.745515 1.312203 2.06388 0.2499023 0.3883267 0.4527543
3.258603 0.6683141 2.813439 0.3471149 0.4240458 0.5980125
3.108794 0.7523502 3.164075 0.3253034 0.4312555 0.7279305
2.881459 1.261107 1.982604 0.2668248 0.3872142 0.4233148
3.825923 -0.08446183 4.525356 0.5012452 0.5203597 0.9808605
3.257376 0.6922742 2.862292 0.3394688 0.4174477 0.6078211
2.931425 0.9457926 2.83072 0.2942121 0.4197913 0.6558595
2.868687 1.124184 2.32553 0.277078 0.4047113 0.5216087
2.795754 1.266838 2.240455 0.2821279 0.4348422 0.5542433
2.860128 1.142845 2.366466 0.273983 0.4036698 0.5337793
3.283497 0.5330704 3.551653 0.3606561 0.4459361 0.8033384
3.313312 0.5690231 3.021174 0.3410714 0.4068765 0.6058346
2.957078 1.072306 2.211816 0.2870231 0.3982374 0.4745087
3.080832 0.9418686 2.411036 0.300847 0.3958867 0.5052059
2.75108 1.400271 2.086029 0.2685361 0.4279515 0.5148446
2.838572 1.414244 1.812786 0.254513 0.3823778 0.3880575
3.601635 0.3592152 3.285485 0.3947735 0.4273278 0.6487967
3.245352 0.7497677 2.655611 0.3294343 0.4042281 0.5457541
3.214811 0.6958466 3.034897 0.3528097 0.4464732 0.7013464
3.103539 0.8803123 2.535802 0.2981084 0.3873464 0.5163181
2.800726 1.284844 1.943974 0.2585546 0.3869114 0.4153439
2.544236 1.641725 1.823194 0.225374 0.4004725 0.4270579
3.67085 0.2823309 3.34635 0.435155 0.4628152 0.6976599
3.38513 0.4706941 3.275131 0.377824 0.4432969 0.7028981
3.171279 0.5953062 3.237438 0.3427159 0.4360246 0.7156282
2.590896 1.645705 1.836333 0.2428894 0.4261852 0.4584162
3.583909 0.1949206 4.051271 0.414925 0.4600873 0.8533914
3.303859 0.6264555 3.148828 0.3493577 0.4258238 0.6823325
3.2568 0.597961 3.236819 0.3609106 0.4480892 0.7356976
2.894331 1.288171 2.171327 0.2787481 0.4137084 0.5102708
2.877025 1.2529 2.053907 0.2712095 0.3966633 0.452347
3.200117 0.7400784 2.858518 0.3414256 0.4314533 0.637321
2.787689 1.290948 2.15252 0.2609081 0.4006558 0.4890237
2.752344 1.311439 2.346834 0.2553599 0.4045547 0.5515233
2.998357 1.015682 2.263652 0.3017038 0.4108222 0.4955941
3.324736 0.5173933 3.468498 0.3643535 0.4424346 0.7698896
3.116874 0.8040361 2.755832 0.3242672 0.4225074 0.6099052
2.531342 1.708597 1.733575 0.2469562 0.4469453 0.4518375
2.89408 0.8708113 2.877813 0.2914286 0.416013 0.6478236
2.603604 1.391416 2.419562 0.2433648 0.4179459 0.601779
3.357951 0.4009177 3.67511 0.3782938 0.4519391 0.8075519
3.298655 0.6254642 3.011592 0.3528963 0.4280731 0.6481743
2.901891 1.116251 2.288681 0.2757269 0.3951677 0.4973187
3.10848 0.8081308 2.657418 0.3156 0.4089904 0.5643508
2.621989 1.506295 1.837696 0.2535619 0.4252656 0.4469209
3.036312 0.8994137 2.488593 0.2937214 0.3904096 0.5111058
2.481521 1.771291 1.56404 0.2274424 0.4177224 0.3758423
2.779001 1.315205 2.168474 0.275104 0.4286573 0.5310342
2.933464 1.058839 2.438007 0.2893316 0.410696 0.5499227
3.318284 0.6694108 2.980248 0.364193 0.4430357 0.6735285
3.001559 1.058562 2.452326 0.2825141 0.3909482 0.5277235
3.037605 0.8648405 2.808848 0.2941557 0.3965796 0.5979381
3.449155 0.5738925 2.741868 0.3629318 0.4098701 0.5396056
3.038816 0.8046395 3.194035 0.3250611 0.4466833 0.7765397
2.370828 1.877444 1.650926 0.2147069 0.4289647 0.4179814
3.184804 0.9307605 2.335295 0.3034597 0.3824152 0.4672701
3.197688 0.7572327 2.868249 0.3349765 0.4249259 0.6347606
2.658884 1.379858 2.106565 0.2425245 0.3966504 0.4810061
3.246251 0.6723551 3.078138 0.3440984 0.4291378 0.680302
2.566014 1.8446 1.551124 0.2304114 0.4173003 0.375911
3.740657 0.2080601 3.417065 0.4256152 0.439306 0.6568676
2.930033 1.09792 2.400374 0.2892184 0.4138921 0.5503882
2.637437 1.370809 2.153618 0.2530287 0.4199907 0.5229294
2.828723 1.199316 2.432248 0.2839185 0.4319248 0.5996021
2.868907 1.157533 2.273409 0.2844276 0.4172352 0.5267519
2.936886 1.112828 2.184835 0.2900515 0.4086409 0.4851738
3.701161 0.1746591 3.936 0.4432634 0.4737281 0.8381895
2.891008 1.196816 2.201298 0.2700194 0.3930082 0.4824162
3.121816 0.822875 2.633628 0.3115941 0.4017326 0.5504125
2.951021 1.066891 2.375194 0.2992474 0.4223306 0.549204
2.980001 1.006611 2.497039 0.3046244 0.4241338 0.5765914
3.199507 0.7987271 2.659886 0.3307734 0.4165232 0.5735729
3.530171 0.3642778 3.449306 0.3846829 0.4283409 0.6937614
2.910623 1.203538 2.203296 0.2854607 0.4146161 0.5097709
3.340344 0.6778339 2.736898 0.3378716 0.4001368 0.5480551
3.085486 0.8086771 2.865935 0.3215387 0.4266038 0.6480664
2.648679 1.438025 1.917974 0.2441558 0.4006983 0.438552
3.321079 0.548162 3.191228 0.3507513 0.420154 0.6634249
3.377555 0.490154 3.146689 0.3689114 0.4316697 0.6562674
3.149503 0.8471802 2.542908 0.3074926 0.3918639 0.5183098
2.347451 1.962724 1.553642 0.2361511 0.4839189 0.4405068
2.511525 1.803131 1.590165 0.2373121 0.4370158 0.4032357
3.33901 0.6161913 3.065016 0.3651646 0.4391836 0.6780218
2.876914 1.086449 2.60957 0.2933677 0.4339484 0.6384533
3.381936 0.7076541 2.856038 0.3559272 0.4229705 0.6176339
2.870445 1.239969 2.011166 0.2717351 0.3963409 0.4395298
3.007178 0.9715589 2.52514 0.295102 0.4036193 0.5505985
2.86779 0.9590215 2.674746 0.2870812 0.4157958 0.6078482
2.710173 1.469099 1.98791 0.2624034 0.4276881 0.4915006
2.760484 1.545926 1.746904 0.2580716 0.4106321 0.4085488
3.205649 0.6621997 2.986008 0.3467834 0.4356312 0.6618799
2.830204 1.289145 2.271525 0.2751268 0.4212882 0.5495171
3.13801 0.7986954 2.639818 0.308578 0.393571 0.5363107
3.146239 0.7848275 2.750573 0.3169132 0.4064852 0.582005
2.556542 1.653339 1.842186 0.2348184 0.4186151 0.4531092
2.92499 1.099707 2.431284 0.2818691 0.4042393 0.546286
2.992962 0.9404049 2.516763 0.2982095 0.4074333 0.5481656
3.449796 0.5373845 3.107663 0.381101 0.4392593 0.6693592
2.780187 1.339748 2.123726 0.2762473 0.4314263 0.5239398
2.763089 1.45434 1.818257 0.2433119 0.3792677 0.3899293
2.939189 1.026983 2.414903 0.2888669 0.405739 0.5321003
3.437141 0.5333967 2.915229 0.3762819 0.4296508 0.6019708
3.114285 0.9816071 2.25479 0.2933202 0.3791932 0.4503737
2.92545 1.189345 2.252344 0.2761765 0.3982604 0.5016499
3.187734 0.8147136 2.513491 0.3266845 0.4097162 0.5281657
3.014258 1.027206 2.393623 0.2951456 0.4039056 0.5244901
3.075996 0.9387915 2.488778 0.2953073 0.3903444 0.5175075
2.755412 1.213977 2.37509 0.2737934 0.4272392 0.5784209
4.048909 -0.3084921 4.672241 0.5568047 0.5410175 0.9503865
3.022006 0.8406915 2.735411 0.2996533 0.4028775 0.5824044
2.815308 1.256375 2.23897 0.2747527 0.4185878 0.5319516
3.003466 0.9780549 2.635904 0.309546 0.4298941 0.6209754
2.834453 1.251375 2.208736 0.2726691 0.4107609 0.5127318
3.230959 0.7559467 2.816017 0.3298596 0.4117702 0.6007777
2.960149 0.9978806 2.518196 0.302637 0.4241511 0.5814731
2.779364 1.269381 2.227988 0.2811981 0.4362467 0.5530196
3.256087 0.7578681 2.739059 0.3219178 0.3953239 0.5565269
2.89572 1.016371 2.600853 0.2856584 0.4122369 0.5920421
2.536252 1.689291 1.755883 0.2571307 0.4641391 0.4751726
2.819362 1.260784 2.063421 0.2407581 0.3573789 0.4111265
2.583619 1.700779 1.657597 0.2350184 0.4113786 0.3938307
2.912021 1.084749 2.385386 0.2749745 0.3930719 0.5168766
3.05734 1.099588 2.186916 0.2944907 0.3964582 0.4692737
3.004092 0.9179011 2.816812 0.315904 0.4390344 0.6766613
3.090548 0.8717674 2.780321 0.30945 0.4115006 0.6145604
3.203898 0.7855998 2.77518 0.3257874 0.4113326 0.595462
2.776638 1.281893 2.328167 0.263273 0.4113618 0.5524882
2.888952 1.032052 2.52244 0.2833771 0.4086845 0.5671929
2.726551 1.341468 2.179869 0.2625499 0.4194213 0.5264637
3.774384 -0.1094332 4.439218 0.4834084 0.5044665 0.9147486
2.943726 0.9674726 2.686719 0.3015869 0.4274517 0.6300355
3.151904 0.844331 2.730951 0.3121388 0.4028938 0.5826782
3.219199 0.7347791 2.919056 0.3399961 0.4283153 0.6491324
3.200688 0.8575658 2.577277 0.3068046 0.3858885 0.5212132
3.054795 1.058958 2.297726 0.2817435 0.3788285 0.4726753
2.696051 1.40179 2.285569 0.2464147 0.4055835 0.5465638
3.124611 0.721435 3.47175 0.3475365 0.4655234 0.8742854
2.879799 1.212296 2.399102 0.2907562 0.4351319 0.5961422
2.911368 1.236503 2.114052 0.2653017 0.3831454 0.451475
2.838079 1.136829 2.501571 0.2829987 0.4251212 0.6014924
2.780438 1.327595 2.031228 0.2384648 0.3642916 0.4180177
2.896513 1.299594 2.037648 0.2758306 0.4052142 0.4631041
2.892795 1.104346 2.563646 0.2986485 0.4401154 0.6365485
3.087812 0.8052552 2.934865 0.3276043 0.4362421 0.6815633
3.122312 0.8565204 2.688879 0.3127846 0.4077275 0.5803241
2.830699 1.300408 2.135263 0.2673815 0.405128 0.4908089
2.680948 1.367235 2.137288 0.2658721 0.4336857 0.5338599
3.37581 0.5494294 3.196306 0.3658793 0.4331839 0.6875982
3.318343 0.6023796 3.284003 0.3536225 0.4307736 0.7214337
3.021955 0.8989351 2.657587 0.2933934 0.3971099 0.5653843
3.393247 0.7165397 2.670351 0.3395827 0.39593 0.5320795
3.017903 0.9742534 2.513211 0.2916398 0.3972375 0.5398504
3.129934 0.7821748 2.918404 0.3278574 0.4280131 0.6588509
3.341423 0.6995767 2.644552 0.3274912 0.3852571 0.5085674
2.97537 0.9941585 2.556576 0.2874411 0.3997694 0.5581064
2.854666 1.228807 2.085231 0.2673886 0.3925968 0.4532393
2.747229 1.312482 2.14113 0.2583731 0.4044937 0.4929858
3.047393 0.9012214 2.46808 0.3002122 0.3978763 0.5158472
3.488894 0.3942977 3.160872 0.3962238 0.4438506 0.6513855
2.817726 1.119982 2.470818 0.2747452 0.4124131 0.5718353
3.045413 0.9162724 2.743305 0.3189341 0.4347699 0.6475177
3.286613 0.5908538 3.124036 0.3443547 0.4184427 0.6549042
3.050639 0.8864883 2.800575 0.3129244 0.423865 0.6413094
2.662698 1.582661 1.87781 0.2515518 0.4245759 0.4646361
3.201525 0.6854474 3.081267 0.3473307 0.4410355 0.7030777
3.582728 0.28627 3.803578 0.4072137 0.4513894 0.8028841
2.97178 0.9351452 2.704025 0.3052998 0.426612 0.6280831
2.662877 1.343879 2.242874 0.2557652 0.4204381 0.5467219
3.204421 0.7659835 2.712983 0.3191206 0.3985014 0.5558848
3.133177 0.8468146 2.630601 0.3233231 0.418749 0.5779901
2.934962 1.184605 2.190737 0.2775163 0.3964837 0.4816858
3.530062 0.4332231 3.250053 0.3848222 0.4288808 0.6631978
2.868686 1.062677 2.592502 0.2741349 0.4017841 0.5820625
3.60321 0.4102707 3.089419 0.3957958 0.4272227 0.6128291
2.873195 1.101735 2.353522 0.2783883 0.4045459 0.52535
2.89209 1.011738 2.816375 0.2917077 0.4274904 0.6767552
2.517735 1.457554 2.41022 0.2583261 0.4691068 0.6815105
2.350132 2.152846 1.343553 0.2224671 0.4665624 0.3615765
2.922135 1.053632 2.433968 0.2843275 0.404324 0.539831
3.508313 0.5393738 2.914891 0.3635947 0.4046347 0.567533
3.570523 0.3568331 3.127165 0.3882714 0.4198943 0.5977605
3.081482 0.7710092 2.950856 0.3250667 0.4314523 0.6714429
3.223275 0.8133062 2.452922 0.3282538 0.4049451 0.5055327
2.605348 1.561706 2.066062 0.2396983 0.4174758 0.5118608
2.926715 1.245114 2.044968 0.266163 0.3810933 0.4321055
2.804593 1.373024 1.886304 0.2568621 0.3904402 0.4128457
2.8387 1.199774 2.191545 0.255972 0.3782358 0.4621374
2.60957 1.472441 2.004945 0.2402009 0.4061683 0.4721554
3.085971 0.9481314 2.619977 0.3085863 0.4127988 0.5858894
2.57957 1.607791 1.768552 0.2265197 0.3918562 0.4010357
2.909038 1.05985 2.51162 0.2859451 0.4118879 0.5733302
2.976157 1.124931 2.439822 0.2957988 0.4205031 0.5746429
2.71658 1.548166 1.799999 0.2466589 0.4004477 0.4137113
3.21553 0.6837883 2.98358 0.3462768 0.4348052 0.6646861
2.704861 1.40872 2.011706 0.2430978 0.3901525 0.4499704
2.884555 1.208741 2.103851 0.2712628 0.3933668 0.4571644
3.065165 0.9529583 2.38868 0.2943691 0.3887873 0.4917028
3.02059 0.8442624 2.9155 0.3047908 0.4159228 0.653051
2.39898 1.886909 1.61964 0.2472228 0.490604 0.4667438
2.679138 1.478445 1.89834 0.2412169 0.3940448 0.4294395
3.115211 0.8787193 2.607349 0.3109776 0.4056435 0.5593225
3.164316 0.6408104 3.379605 0.3409706 0.4414607 0.7787546
2.589695 1.604315 1.915179 0.2653573 0.4668465 0.5250652
3.121542 0.7218698 3.065024 0.3310541 0.4327045 0.6941282
2.769833 1.428711 1.801948 0.2499772 0.3860048 0.3899955
2.754201 1.304114 2.310962 0.2896028 0.4607403 0.6155667
3.144052 0.864579 2.481057 0.3122367 0.3988827 0.5145219
2.943213 1.079654 2.50559 0.2888959 0.4135219 0.578249
3.256624 0.5822867 3.111858 0.3420829 0.418593 0.649436
3.045633 1.029161 2.244578 0.2952124 0.3948095 0.4728784
2.775321 1.29655 2.253252 0.263505 0.4109935 0.5318392
2.714129 1.359814 2.310977 0.270357 0.4406436 0.5958864
2.706832 1.487391 1.98496 0.2502172 0.4088966 0.4709139
3.20258 0.8200959 2.55413 0.3136301 0.3914209 0.5158343
3.219656 0.686816 3.126832 0.3395234 0.4289815 0.6974274
4.201286 -0.3535485 4.87163 0.5861163 0.5518693 1.002527
3.141659 0.772253 2.860171 0.3211291 0.414849 0.6211316
2.690234 1.298539 2.211615 0.2591141 0.4163847 0.5269885
2.732546 1.369099 2.082125 0.2643581 0.4207874 0.5019505
3.081501 0.891322 2.595604 0.296803 0.3911761 0.5393073
3.058697 0.8472013 2.826818 0.300962 0.4025629 0.6083256
2.556073 1.779883 1.537305 0.2200348 0.391059 0.3455526
2.832459 1.251652 2.099234 0.2683295 0.4005895 0.4696794
3.091945 1.08508 2.178025 0.2882847 0.381207 0.4471945
3.170412 0.8224458 2.693793 0.3221901 0.4118319 0.5814195
2.828979 1.160071 2.484989 0.283068 0.427979 0.603523
2.795677 1.236255 2.361542 0.2796029 0.4319718 0.5838621
3.566838 0.2960542 3.540788 0.4133633 0.4566503 0.7449767
2.917711 1.080549 2.439624 0.283938 0.4074511 0.5506197
3.404018 0.4746797 3.235103 0.349592 0.4035771 0.6303308
2.929435 1.126936 2.289607 0.2779176 0.3957246 0.5000829
2.819607 1.185243 2.469135 0.2850656 0.4353664 0.6140263
2.654023 1.554421 1.781586 0.2407571 0.3998513 0.4082584
2.57826 1.787925 1.539534 0.2273077 0.4022926 0.3564988
2.991469 0.9498704 2.66073 0.2996246 0.4151652 0.6018384
2.839885 1.199459 2.317167 0.2790524 0.4189505 0.548081
2.98406 1.109549 2.221936 0.2745779 0.3792146 0.459375
2.744813 1.267859 2.228744 0.2670925 0.4179982 0.5295833
2.79762 1.327417 2.087049 0.2575032 0.3952812 0.4689153
3.132418 0.731098 2.941822 0.3124533 0.4023563 0.6143299
2.923839 1.088718 2.365073 0.2854168 0.4068495 0.5293932
3.567936 0.3143655 3.380464 0.4032021 0.4417794 0.6838996
3.134552 0.8543578 2.587015 0.3076946 0.3959361 0.5364636
3.443505 0.4305626 3.092332 0.3786988 0.4290504 0.6211437
3.475182 0.4713685 3.035433 0.3676887 0.4124453 0.5929741
2.898024 1.286889 2.081468 0.2942483 0.4341555 0.5076474
2.600182 1.671418 1.71471 0.2643064 0.4618891 0.4585252
2.287715 2.352709 1.154488 0.2096478 0.4632176 0.3011569
3.438987 0.4887452 2.998826 0.3712693 0.4221307 0.6019723
3.108084 0.8012241 3.050165 0.3207526 0.4262868 0.6991394
2.748354 1.379949 2.067319 0.2559154 0.4047609 0.4801683
3.198076 0.7308555 2.938716 0.3397837 0.4311293 0.6577546
3.107085 0.8615 2.696001 0.3099803 0.4065818 0.5818325
3.179069 0.6873324 3.084168 0.3375178 0.4309545 0.6880526
2.618491 1.644781 1.758136 0.2660306 0.460174 0.4688289
2.743021 1.110738 2.604758 0.2707478 0.420992 0.6219202
2.913004 1.115199 2.258971 0.2813067 0.401537 0.4975651
2.648496 1.531798 1.849763 0.2438636 0.4068008 0.4333121
3.442123 0.6158378 2.776199 0.3650157 0.4170706 0.566723
2.961157 0.9388267 2.786306 0.2808359 0.3930017 0.6006196
2.854817 1.280815 2.050305 0.2701231 0.4008889 0.4594271
2.973468 1.051185 2.404779 0.2818856 0.3922681 0.5160143
3.056171 0.8078003 2.941575 0.3054379 0.4091318 0.6416172
2.912266 1.094127 2.393038 0.2955113 0.4260577 0.5641533
2.779055 1.38687 2.143252 0.2700656 0.426493 0.5289029
3.214017 0.7222408 2.615897 0.3189509 0.3912467 0.5131417
3.242273 0.6846247 2.926331 0.3358907 0.4155125 0.6200013
3.127941 0.6953243 3.016866 0.3356698 0.4352014 0.6782527
2.463669 1.729469 1.719009 0.2111545 0.3920559 0.3947031
2.161753 2.501929 1.129555 0.2072995 0.5033316 0.3189271
3.457994 0.3850607 3.916958 0.3947014 0.4618111 0.8881984
2.870432 1.29289 2.03498 0.2777751 0.4114057 0.4685212
2.716902 1.352084 2.208197 0.2678339 0.432001 0.5520349
3.017934 0.9529125 2.620824 0.3032807 0.4153791 0.5905017
2.831437 1.36295 1.86655 0.2611871 0.3917397 0.407896
2.229286 2.218283 1.327244 0.221991 0.4986176 0.3812604
2.521968 1.698891 1.817254 0.2461143 0.4505901 0.482679
3.156989 0.7665105 2.687576 0.3228981 0.410273 0.5667682
3.136981 0.7529499 2.864375 0.317664 0.4089816 0.6088606
2.837104 1.291913 2.0707 0.2615705 0.391538 0.4555518
3.047293 0.828466 2.780978 0.3154652 0.4228771 0.6223984
2.721068 1.41441 1.933924 0.2436168 0.3866017 0.4254331
2.718693 1.223683 2.528042 0.2698413 0.4323176 0.633886
2.87244 1.202956 2.061385 0.2642659 0.382355 0.4328056
2.815075 1.25863 2.179678 0.2656724 0.4019279 0.4941982
2.712188 1.494983 1.950941 0.2639278 0.431743 0.4876633
2.902109 1.273806 2.019744 0.2697677 0.392264 0.4413206
2.893057 1.13282 2.40481 0.2878063 0.4210536 0.5669699
3.12288 0.7638504 2.982852 0.331217 0.4343665 0.6839035
2.869655 1.045323 2.782749 0.2834447 0.4200899 0.6613953
2.821877 1.190712 2.375048 0.2845989 0.431547 0.5804224
3.084165 0.8142821 2.717077 0.3084961 0.4046182 0.5756906
3.320024 0.4548773 3.57138 0.3769401 0.4574232 0.8056478
2.725883 1.3197 1.980227 0.259887 0.4056469 0.4496384
2.731393 1.335965 2.330844 0.2691497 0.4341222 0.5907418
2.989774 1.03234 2.438845 0.2954981 0.4100107 0.5462207
2.642592 1.620957 1.837694 0.2492956 0.4263732 0.4572215
2.7868 1.287276 2.228341 0.274086 0.4250922 0.5413743
3.214323 0.7279853 2.885514 0.3216005 0.4018869 0.5978633
3.219476 0.8411577 2.694188 0.3454553 0.4383231 0.6226747
2.826984 1.419947 1.937785 0.2564616 0.3928363 0.4338214
2.898626 1.097582 2.441261 0.2782398 0.4028255 0.5471702
3.83739 0.01981901 3.860162 0.4810167 0.4879012 0.7840284
2.967928 1.151724 2.071044 0.2777958 0.3853252 0.4327061
3.209348 0.6561459 3.066277 0.3374741 0.4236527 0.663907
2.672893 1.411211 2.051976 0.2697774 0.4430064 0.5229685
2.563606 1.672419 1.828648 0.2649448 0.4748485 0.5095036
3.230518 0.7667768 2.817544 0.3272044 0.40896 0.599248
3.434356 0.4789227 2.975046 0.3710351 0.4212477 0.5923617
2.835246 1.237588 2.128874 0.2774597 0.4145331 0.4928442
3.256353 0.688197 3.023032 0.3251534 0.4010574 0.6232057
2.652787 1.584848 1.89154 0.2498348 0.4238293 0.4680696
3.06471 0.9785976 2.300141 0.3049792 0.4038624 0.4913992
3.206763 0.6647031 2.961596 0.3383139 0.4233275 0.6369231
3.403471 0.6182805 3.002159 0.3691874 0.43414 0.6536283
2.936169 1.180142 2.193446 0.2862887 0.4093764 0.4973805
2.708567 1.366489 2.090461 0.2502864 0.4007321 0.4803809
3.559587 0.3783628 3.385978 0.3891169 0.4292306 0.6824381
3.395662 0.5574598 3.017042 0.3497794 0.4056411 0.5989853
2.744142 1.395182 1.9033 0.2556158 0.4000149 0.4292979
3.029705 0.9812244 2.594826 0.2898241 0.3952032 0.55946
2.838615 1.23145 2.180615 0.2683365 0.4007179 0.4903989
3.056437 0.9850711 2.531688 0.2977178 0.4017494 0.5522794
2.739006 1.277677 2.240924 0.2818592 0.4454623 0.5698183
3.026678 1.005635 2.296901 0.2961015 0.3987857 0.4886955
3.081184 0.8611736 2.745606 0.2961436 0.3916359 0.57346
2.787127 1.334189 2.028829 0.261397 0.4018137 0.4607383
2.761132 1.394314 2.052783 0.272525 0.4310637 0.5075997
3.333134 0.5051333 3.459 0.3700376 0.4474175 0.7716295
3.11367 0.889037 2.552604 0.3012806 0.3916302 0.527878
3.469125 0.4363372 3.086836 0.3783015 0.4253946 0.6160342
2.982549 1.025365 2.307119 0.2752336 0.3759431 0.4659558
3.180011 0.6922899 2.952965 0.3356124 0.4254518 0.6443391
2.961732 0.946507 2.595575 0.3068895 0.4281612 0.6003144
2.744609 1.471869 1.877006 0.2513267 0.3991415 0.4277385
3.0449 0.9958043 2.400202 0.2980584 0.4011932 0.5177739
3.046346 0.8915802 2.760245 0.2987933 0.403408 0.600865
3.237285 0.7647546 2.777568 0.3422814 0.4275189 0.6149484
2.360212 2.048798 1.377371 0.2205615 0.4497004 0.356928
2.804234 1.322442 2.057943 0.2615445 0.3988975 0.4638318
3.27559 0.6097022 3.09349 0.3483185 0.4263381 0.6645333
3.011714 0.8422129 2.733383 0.3086477 0.417952 0.6044844
2.328719 2.096711 1.435321 0.2309278 0.4871313 0.4068688
3.419513 0.444226 3.409619 0.3723425 0.4323472 0.7134119
2.745302 1.194268 2.431632 0.2628054 0.4100268 0.5683837
3.195918 0.7534293 2.985758 0.3469493 0.4443865 0.6973731
3.213748 0.8083352 2.738563 0.3206619 0.4036904 0.5790353
2.711368 1.421268 2.09893 0.2781478 0.4535969 0.5517361
3.649104 0.1239002 3.661587 0.4298787 0.4570526 0.719912
3.012344 0.9436322 2.409938 0.2843511 0.3819311 0.4879756
2.696842 1.387496 1.954452 0.2625327 0.4204243 0.4652965
2.606054 1.479166 2.196832 0.2498693 0.4322193 0.5632067
3.395896 0.491885 3.242434 0.3848974 0.4516657 0.7135382
3.096888 0.8744494 2.756065 0.3190549 0.4238497 0.6264358
2.522617 1.486714 2.182558 0.252324 0.4520684 0.5846919
2.765022 1.398712 2.060748 0.2661179 0.4214559 0.5003894
2.760103 1.392052 1.995477 0.2560843 0.4017962 0.4573868
2.852213 1.207518 2.26264 0.2714874 0.4040264 0.5144141
2.99246 1.003812 2.526268 0.2820485 0.3895292 0.5379991
3.29717 0.7618413 2.636941 0.3368413 0.4075405 0.5478244
2.99482 1.079108 2.225516 0.2877247 0.3946834 0.4746071
2.678601 1.524392 1.961555 0.2512608 0.4186463 0.4787265
2.849536 1.197581 2.194378 0.2765278 0.4091056 0.4997759
3.132969 0.6397626 3.11437 0.3345363 0.4307791 0.6844334
3.336673 0.5125917 3.400838 0.36615 0.4407178 0.7453379
3.373503 0.5436774 2.944045 0.3552127 0.4129891 0.5880033
2.75456 1.412962 1.970548 0.2665953 0.4220157 0.4754368
3.07616 0.766992 3.289696 0.336585 0.4568664 0.8140676
3.163163 0.9067834 2.617597 0.3270294 0.4241354 0.593204
2.889542 1.214051 2.273072 0.2849834 0.4204701 0.5389168
3.032994 0.9863236 2.455912 0.2869739 0.3868478 0.511491
2.814493 1.151454 2.494266 0.2651133 0.4006933 0.5667462
3.761416 0.1317463 3.736692 0.4346251 0.4491252 0.7284253
3.104308 0.8870529 2.5654 0.3040451 0.3968172 0.5374444
2.768757 1.269918 2.431876 0.2554393 0.4009304 0.5661584
2.660733 1.490326 1.917703 0.262994 0.436885 0.4824429
3.918813 -0.2166673 4.647056 0.5165869 0.5196299 0.9495077
2.993231 0.8660952 3.001722 0.3112507 0.4339687 0.7124375
3.123171 0.7652246 2.896885 0.3274478 0.4263095 0.6459945
3.461872 0.5652911 2.776565 0.3704038 0.4177319 0.5568518
2.9754 1.084593 2.289091 0.2981104 0.4159337 0.5193047
2.5201 1.702532 1.783611 0.2439282 0.4451793 0.4659639
2.607075 1.505862 2.029297 0.2431843 0.4164683 0.4945935
3.112039 0.8390757 2.733975 0.328667 0.431973 0.624992
2.680846 1.587867 1.648554 0.2462067 0.4031248 0.3763682
3.072046 0.8521505 2.815191 0.3175756 0.4251611 0.6407343
3.129142 0.7524393 2.814443 0.3298931 0.425914 0.6196908
3.112092 0.6054575 3.290091 0.3258617 0.4232471 0.7122609
3.316926 0.5688025 3.101399 0.355681 0.4272385 0.6574366
2.827761 1.169228 2.450851 0.2803842 0.4242737 0.5904491
2.790699 1.266552 2.127322 0.2559294 0.3894505 0.4664657
3.171104 0.6858674 3.033338 0.336376 0.4290785 0.6703419
2.608735 1.481307 2.153223 0.2722322 0.4712936 0.5991204
2.967383 1.077085 2.372593 0.2938662 0.4126799 0.5377122
2.8869 1.15293 2.42476 0.2872564 0.4236276 0.5794432
2.932258 1.063017 2.477248 0.2914175 0.4162268 0.5702911
2.843989 1.230543 2.121924 0.2760649 0.4100169 0.4846219
2.826412 1.359524 2.002265 0.2644379 0.4024061 0.4566835
3.656536 0.1257875 3.826707 0.4394535 0.470861 0.7865864
3.124666 0.8224983 2.647736 0.3154056 0.4074522 0.5626209
3.242537 0.7104401 2.813402 0.344634 0.4264078 0.611051
2.603039 1.613829 1.783792 0.2205136 0.3780383 0.391397
2.951706 1.028685 2.353945 0.2826542 0.3929639 0.499635
3.420122 0.5013677 2.940589 0.360838 0.4113008 0.5756415
3.455828 0.1468694 4.564397 0.4178242 0.4887871 1.034537
2.756597 1.256769 2.273437 0.2587349 0.4024887 0.521343
3.199789 0.7768889 2.660683 0.3082674 0.3836148 0.5239207
3.410268 0.4439436 3.298248 0.3817161 0.4434934 0.7022974
3.379602 0.5626289 3.228361 0.3604829 0.427322 0.6903412
2.631357 1.518381 1.924528 0.2391865 0.4030264 0.4499882
3.191265 0.8037594 2.837983 0.3175518 0.4045695 0.606019
3.899504 -0.03286242 3.864192 0.4897949 0.4863563 0.7625842
3.987061 -0.1524669 4.197266 0.5226581 0.5108693 0.8427194
3.470642 0.4546844 3.447792 0.3781377 0.4343647 0.7306297
2.744909 1.40531 1.960658 0.2663595 0.4214246 0.4704153
3.412072 0.4504826 3.25894 0.3795013 0.4400462 0.6881983
3.102241 0.8588687 2.593199 0.316489 0.4137977 0.5637781
3.080865 0.931607 2.581754 0.3049587 0.4060094 0.5631574
3.154846 0.8378611 2.650808 0.3245929 0.4172544 0.5798863
2.742959 1.199217 2.32619 0.2593328 0.4023837 0.529304
3.155833 0.9239088 2.469571 0.3176347 0.4093204 0.5351088
3.058765 0.9867674 2.388899 0.2949908 0.3934739 0.5031449
3.18209 0.8683379 2.459653 0.3121494 0.3932681 0.5023161
2.86729 1.101335 2.470774 0.2899164 0.427267 0.5895718
2.85681 1.242406 2.101662 0.2516248 0.3692175 0.4324208
2.819398 1.24755 2.15411 0.2743116 0.4133924 0.4994722
2.750078 1.27765 2.26828 0.2784075 0.4386016 0.5694177
3.285486 0.6179535 3.183528 0.3486138 0.428015 0.6941719
2.211098 2.374482 1.205163 0.2198294 0.5106444 0.3492488
2.77197 1.402431 1.839936 0.2460286 0.3780031 0.3897149
2.857962 1.262953 2.045472 0.2653273 0.3910308 0.445057
3.204548 0.6735583 3.008756 0.3277197 0.4107712 0.6320967
2.969032 0.978644 2.570201 0.3013707 0.4208523 0.5887554
2.476867 1.791397 1.534959 0.2419952 0.4486663 0.3959235
3.07419 0.8689915 2.674688 0.3169354 0.4212217 0.5979074
3.707902 0.06003341 3.979025 0.4614037 0.4886055 0.8325064
3.079125 1.068576 2.068933 0.2919149 0.3831911 0.419367
3.185185 0.8502452 2.540081 0.3203039 0.4047934 0.5350531
2.505879 1.862216 1.593856 0.2530665 0.4763922 0.4437394
3.121491 0.9486477 2.30471 0.3156434 0.4083829 0.4932471
3.045307 0.9196135 2.650159 0.3050544 0.4122441 0.5887732
2.676386 1.460056 2.073519 0.2414347 0.3989803 0.4826977
2.878481 1.188397 2.337735 0.2829461 0.4189175 0.5528302
2.793587 1.183936 2.40765 0.2733223 0.4181286 0.5710898
2.929537 1.128552 2.237501 0.2976236 0.4243156 0.5209366
2.873766 0.9253359 2.906812 0.3085312 0.4519513 0.7261171
2.720438 1.356039 2.185975 0.2674014 0.4300236 0.5428041
2.982611 0.9422368 2.681966 0.2973046 0.4128252 0.6028181
2.549072 1.673464 1.785514 0.2260281 0.403401 0.4219608
3.185693 0.8388227 2.416307 0.3217084 0.4021384 0.4969656
2.636966 1.592432 1.861104 0.2394863 0.4076853 0.442329
2.750975 1.414083 1.976555 0.257167 0.4063428 0.459026
3.148352 0.9431029 2.553324 0.314854 0.4106542 0.5636741
2.883841 1.221355 2.135998 0.2826471 0.4133747 0.4908075
3.356726 0.6426981 2.723671 0.3406556 0.3976763 0.5325402
2.733929 1.373979 2.097199 0.2757775 0.4408133 0.5307712
2.69298 1.499166 1.864496 0.256128 0.4184301 0.447374
2.61583 1.658068 1.793047 0.246018 0.4275899 0.4478487
2.957365 0.9011771 2.921997 0.3105177 0.4394527 0.705075
3.139195 0.8730902 2.653893 0.3105327 0.4023968 0.5662139
2.92941 0.9088206 2.957352 0.3122381 0.4482113 0.7318146
2.980884 0.9771818 2.616274 0.3017877 0.4207716 0.6014454
3.136065 0.5554811 3.675788 0.3370373 0.4395422 0.8339106
3.143473 0.8897046 2.530323 0.3062892 0.3940243 0.5253275
3.374277 0.4145926 3.36543 0.3795315 0.4453599 0.7147484
2.918167 1.201167 2.026949 0.2792541 0.3972628 0.4396269
3.20587 0.6923221 2.993823 0.3382993 0.4263639 0.6569708
2.760532 1.362782 2.26003 0.261571 0.4164817 0.548491
2.981402 0.9013368 2.664673 0.2901973 0.3978873 0.5678595
2.858939 1.108561 2.320433 0.275679 0.4021536 0.5142327
3.161746 0.7958883 2.840284 0.3316386 0.4280433 0.640344
3.424922 0.5439757 3.024592 0.3780859 0.4372553 0.6451199
3.011337 0.8763773 2.78432 0.3128696 0.4292966 0.644198
2.74339 1.43109 1.933825 0.2527213 0.3999339 0.4411546
2.548334 1.739902 1.606934 0.2374875 0.4232923 0.3916626
2.969088 1.160679 2.107441 0.2616221 0.3626861 0.4174449
2.872371 1.096729 2.445698 0.2701835 0.3940737 0.5362773
3.040924 1.033088 2.425552 0.305474 0.416638 0.5509148
2.888756 1.010383 2.754732 0.2813234 0.410002 0.6314239
2.727156 1.375105 2.143429 0.2435614 0.3890715 0.4823538
2.826245 1.244808 2.097027 0.2665122 0.3982036 0.4658057
3.059123 0.9858017 2.597366 0.2871654 0.3878763 0.5510759
2.896276 1.121697 2.390636 0.297002 0.4330623 0.5765467
2.34986 2.201719 1.28628 0.2414836 0.5103712 0.3755145
2.725885 1.388736 1.953098 0.2482703 0.3922566 0.4347789
2.580339 1.498124 1.948297 0.2393722 0.4102819 0.4628067
3.059811 0.9022327 2.631721 0.2934604 0.3911934 0.5506949
3.455289 0.4488718 3.314724 0.3763656 0.4311948 0.6886216
3.49659 0.5273061 2.772565 0.37064 0.4105636 0.5377529
2.651221 1.489729 2.127419 0.2634035 0.4468709 0.5600662
2.897311 1.129018 2.3403 0.2786638 0.4040453 0.5259556
2.739039 1.425712 1.953954 0.2534935 0.401843 0.4481323
2.833401 1.342386 2.070564 0.2736077 0.4170251 0.4913251
3.524876 0.4150266 3.143111 0.3762229 0.4150278 0.6089873
3.08102 0.8518306 2.680808 0.3145797 0.4158086 0.5889503
2.897583 0.9948226 2.876172 0.3060874 0.4494018 0.7270394
2.696869 1.162622 2.582125 0.2634964 0.4206427 0.623263
2.837423 1.150979 2.406864 0.267166 0.3987326 0.5406284
2.923433 1.026179 2.687502 0.2835532 0.4078228 0.6118078
2.962885 0.9792629 2.639303 0.2937992 0.4125581 0.5972068
2.841285 1.262822 2.175438 0.257466 0.3853664 0.473832
2.42267 1.823802 1.61956 0.2332603 0.449719 0.425377
3.520171 0.2924892 3.682436 0.3917432 0.4389967 0.7507946
3.510006 0.4173985 3.0849 0.3829539 0.4242951 0.6091428
3.067239 0.8687223 2.763743 0.3135289 0.4200902 0.622093
3.165447 0.8011161 2.704569 0.3292287 0.4207377 0.5922761
3.035307 0.8848767 2.794852 0.2952389 0.4004663 0.6053247
2.696147 1.456908 1.96295 0.2527953 0.4114566 0.464852
3.281976 0.6477389 2.860672 0.3383326 0.4088095 0.5842879
2.731755 1.366464 2.019731 0.2566245 0.4048255 0.464375
3.259316 0.7283505 2.640551 0.3324303 0.4042337 0.5375628
2.999639 1.070417 2.396842 0.2935374 0.4074957 0.5367618
2.848758 1.210843 2.215608 0.2793107 0.4154688 0.5152212
2.866324 1.102822 2.785551 0.2874664 0.4329382 0.6944143
2.813809 1.280052 2.260583 0.2751452 0.4224088 0.5461517
3.066682 0.886811 2.577865 0.2928098 0.3863343 0.5266382
3.282164 0.4696234 3.551409 0.3774869 0.4644625 0.8172964
2.676669 1.576804 1.72473 0.2454336 0.4046566 0.3987074
3.683142 0.1874032 3.752288 0.4278905 0.4556885 0.7634478
3.147803 0.7244079 3.058733 0.3379088 0.4387413 0.7031605
2.888037 1.165357 2.239254 0.2673059 0.3872126 0.4811126
2.831531 1.257308 2.160104 0.262096 0.3932424 0.47849
3.502912 0.3583719 3.372943 0.3834238 0.4290465 0.6750806
2.93403 1.150696 2.242102 0.2667255 0.3784026 0.4689892
2.920467 0.9232261 2.741972 0.2878221 0.4073274 0.6070287
3.013558 1.078688 2.244572 0.297867 0.4077896 0.4958014
3.421486 0.5330317 2.974865 0.3604624 0.4132144 0.5934569
2.865357 1.287 2.072397 0.2855327 0.425172 0.4943767
2.971152 1.029332 2.336373 0.2810922 0.3875029 0.4884522
3.318196 0.5514194 3.175043 0.3446479 0.4130199 0.6503911
3.049792 0.8821573 2.615548 0.3035777 0.4049695 0.5612821
2.981464 1.173277 2.2417 0.2890208 0.4078375 0.5083108
2.585519 1.56069 1.88978 0.2559117 0.444113 0.4878675
3.065198 0.9094474 2.492476 0.2997906 0.395904 0.5208591
3.25579 0.5584299 3.5023 0.3401742 0.4231954 0.7567395
2.832566 1.335497 2.036861 0.2628581 0.3976287 0.4582875
2.987206 1.054342 2.325683 0.2901566 0.4007302 0.5060436
2.922472 1.179581 2.335911 0.2941674 0.4284356 0.5629981
3.058309 0.9577564 2.432277 0.2868294 0.3806189 0.4935181
2.877776 1.193432 2.306225 0.2735122 0.4028794 0.5226065
2.992931 1.055052 2.493951 0.3036946 0.4253524 0.5861604
3.045711 0.9353806 2.610016 0.3048814 0.4121684 0.5804328
2.893537 1.192281 2.209923 0.2735678 0.3975588 0.4890865
3.638936 0.1985666 3.728246 0.4278244 0.461603 0.7701278
2.943714 0.9503738 2.722583 0.3062745 0.4338569 0.6464435
2.503618 1.710448 1.742106 0.2345038 0.4290821 0.436943
3.07968 0.7995912 2.744786 0.3237427 0.4266123 0.611587
3.169438 0.7807026 2.712072 0.3333965 0.4242217 0.5946524
3.503103 0.3216156 3.768977 0.390023 0.4426761 0.7899754
3.362238 0.6745597 2.670023 0.3547688 0.4161176 0.5500689
2.589826 1.568042 1.930217 0.2358602 0.4090981 0.4623589
3.058982 0.9428308 2.333189 0.3018175 0.398024 0.4873551
2.832234 1.183932 2.35361 0.275996 0.4147818 0.5509526
3.268416 0.5297647 3.23263 0.3741704 0.4594773 0.7349572
3.000327 0.9989794 2.40839 0.2837695 0.3867967 0.5016407
2.994751 1.007755 2.434212 0.2783824 0.3813152 0.5030382
2.998781 1.151401 2.203593 0.2819289 0.391786 0.475777
2.993603 0.9910391 2.466225 0.2946032 0.4047472 0.539208
2.845616 1.213237 2.157486 0.265424 0.3922132 0.4710834
3.127097 0.9822858 2.411493 0.309986 0.4058673 0.524695
2.55205 1.62796 1.823202 0.2448198 0.4340745 0.4613145
3.035672 0.9249707 2.558372 0.2921883 0.392521 0.5368889
2.82498 1.229336 2.424811 0.2870037 0.440457 0.6138913
2.772944 1.364595 2.122025 0.2722342 0.4283005 0.5223387
2.78588 1.2194 2.283316 0.2670742 0.4091633 0.5287817
3.510222 0.388795 3.401392 0.3969348 0.4471321 0.719881
3.040405 1.06754 2.29569 0.2845287 0.3850375 0.4802349
3.100222 0.7329557 2.895653 0.3165905 0.4117472 0.6165125
2.987404 1.191905 2.070429 0.2676986 0.3712679 0.4218902
3.319966 0.6375144 2.941664 0.3389258 0.4060789 0.5998334
3.189607 0.8642823 2.719692 0.3218861 0.4124911 0.5971682
2.784546 1.216687 2.272708 0.266194 0.4065883 0.5210978
3.033588 0.8521141 2.775632 0.3149545 0.4258734 0.6300033
2.790691 1.440758 1.721493 0.2424738 0.3689554 0.3536246
3.253936 0.6063185 2.983981 0.3370985 0.4111476 0.6106845
2.966834 1.121356 2.255312 0.2789221 0.3909715 0.485042
2.909086 1.04774 2.470192 0.2938868 0.4218507 0.5730474
3.037962 0.9078455 2.634164 0.2951224 0.3973147 0.5609897
2.743735 1.288212 2.237198 0.2658987 0.4188794 0.5363334
3.065998 0.989526 2.229553 0.3006506 0.3957311 0.4639134
3.283934 0.5088363 3.56842 0.3647699 0.4503662 0.8096525
2.889024 1.158623 2.321735 0.2817494 0.4119764 0.5346897
2.572992 1.613457 1.748345 0.2474093 0.4308069 0.4342758
3.050841 0.8719926 2.731052 0.3065584 0.4116858 0.6011199
3.660024 0.1141944 3.986902 0.4526275 0.4887565 0.8576384
2.624833 1.735712 1.539929 0.2313543 0.3963803 0.3487082
3.288355 0.7101969 2.820026 0.3459983 0.4220073 0.6067853
2.660595 1.516401 1.946932 0.2480277 0.4142952 0.4685522
3.414992 0.4413258 3.535611 0.3725061 0.4361738 0.754172
2.920177 1.151029 2.277334 0.2797391 0.4016999 0.5075843
2.795839 1.308685 2.231755 0.2805466 0.4363459 0.5592032
2.990547 1.153228 2.132848 0.2824653 0.391034 0.4553669
2.806968 1.24676 2.303163 0.2451246 0.3724294 0.4895838
2.856515 1.254532 2.1759 0.2814659 0.4211316 0.5169273
2.761484 1.402704 1.910117 0.2535585 0.3950693 0.4268408
2.987725 0.9464183 2.812795 0.3040734 0.4260187 0.6608943
3.057518 0.9932381 2.481198 0.2933441 0.3950186 0.5317663
2.831619 1.241803 2.236589 0.2756459 0.4159687 0.5260918
2.968937 1.12855 2.282607 0.289282 0.4073232 0.5131043
2.791347 1.356664 2.010568 0.2756637 0.4259953 0.4850551
2.571308 1.789962 1.564825 0.2533376 0.4533413 0.4090311
3.498445 0.3314139 3.6504 0.3896629 0.4412228 0.7589432
3.210973 0.6829916 2.97243 0.3405925 0.4272676 0.6496657
2.820956 1.293778 2.302932 0.2803843 0.4332706 0.5759297
2.616596 1.659666 1.648994 0.2365471 0.4042663 0.3824698
3.223379 0.7768684 2.622185 0.3153896 0.3895511 0.5228825
2.848303 1.308746 2.061885 0.2611307 0.390698 0.4542779
2.704226 1.553938 1.857305 0.2559606 0.4215499 0.4529268
3.679564 0.2400353 3.381817 0.4240997 0.4472534 0.6710324
3.210552 0.7988338 2.81198 0.326401 0.4130716 0.6106545
3.213878 0.6687003 3.076028 0.3285455 0.4119034 0.6508918
2.972981 1.009019 2.690005 0.3043345 0.4308587 0.6439286
3.654887 0.3273822 3.204405 0.4058795 0.4298396 0.6236875
2.878533 1.153747 2.228834 0.2778947 0.4037439 0.4969641
2.399963 1.999722 1.549534 0.2404229 0.4868995 0.4435573
2.688425 1.469188 1.907117 0.2387727 0.3879663 0.4247502
2.731149 1.462473 1.966988 0.2470739 0.39675 0.4500936
2.913851 1.130173 2.450369 0.2947834 0.4296146 0.5913508
3.222476 0.6177282 3.124919 0.3406266 0.4245527 0.6716754
3.617623 0.1979283 3.955949 0.4253838 0.4663955 0.8402408
3.143291 0.8385351 2.547524 0.2933898 0.3728054 0.4935755
2.938546 1.113308 2.327496 0.2801329 0.3979852 0.5117529
2.836579 1.249391 2.092408 0.26448 0.3933785 0.4592012
2.59707 1.746169 1.603371 0.247904 0.4351348 0.4020709
3.000418 0.9659799 2.54511 0.2967952 0.4076117 0.5612941
2.8496 1.202981 2.215573 0.2623057 0.3875063 0.4798121
2.868326 1.174121 2.306243 0.2794033 0.4124559 0.5331522
3.017424 1.148237 2.221303 0.2910272 0.4025934 0.4926994
2.885167 1.146833 2.30923 0.2863494 0.4181005 0.5370745
2.994805 0.9986137 2.572826 0.2911607 0.4033072 0.5682339
2.81916 1.361335 1.946124 0.2536661 0.3841175 0.4211412
2.535426 1.81332 1.552934 0.2172218 0.3935995 0.3538649
3.013536 0.9542817 2.574635 0.296989 0.4054883 0.5640122
2.772212 1.242324 2.272898 0.2651038 0.4094337 0.5284925
2.690173 1.423266 2.02159 0.2402764 0.389408 0.4533631
2.71541 1.51 1.800201 0.2453543 0.3947219 0.405159
2.859956 1.194031 2.250907 0.27338 0.4037642 0.5083304
3.195929 0.7305309 3.080122 0.3411995 0.4366021 0.7062254
3.495826 0.3781576 3.506119 0.3905907 0.4425199 0.736475
3.062988 0.8464624 2.833062 0.3099671 0.415205 0.6291545
2.656809 1.466041 2.022292 0.2428792 0.4035333 0.4739224
2.556011 1.736886 1.686264 0.2392989 0.4295733 0.4220869
3.691668 0.08699149 3.789349 0.4502257 0.475448 0.7698713
2.431892 1.97794 1.476816 0.222321 0.4374404 0.3764268
3.487379 0.403142 3.478969 0.3768612 0.4277679 0.7127915
2.930976 1.182749 2.162721 0.2677016 0.3810581 0.4557905
3.424484 0.3452769 3.764906 0.3923979 0.45857 0.8259206
2.541149 1.539648 1.870679 0.2409013 0.4216345 0.4561953
2.935871 1.005987 2.728485 0.2892191 0.4139515 0.628975
3.390993 0.4329533 3.439907 0.3738999 0.4384066 0.7286105
2.873957 1.078308 2.457929 0.2781817 0.4054513 0.5527844
2.68512 1.527234 1.840024 0.2331285 0.3818695 0.4046509
2.557934 1.646363 1.882328 0.2459989 0.4396434 0.4871439
3.209475 0.7534028 2.710561 0.3238514 0.4034968 0.5601094
3.053096 0.8392814 2.782361 0.3253049 0.4373222 0.64674
3.176237 0.6115011 3.087956 0.3337105 0.4206812 0.6546446
2.73988 1.367247 2.019192 0.2592729 0.4085441 0.4690889
3.633222 0.0531792 4.526217 0.4629849 0.5116134 1.027401
3.427435 0.4896709 3.069425 0.3602413 0.4117564 0.6054688
3.145888 0.7507236 2.671376 0.3313564 0.4214036 0.5735368
3.054421 1.046248 2.295753 0.2856122 0.3831426 0.4752547
3.562059 0.2597079 3.77217 0.3974678 0.4402021 0.7659742
2.66165 1.6228 1.850671 0.2592226 0.4421699 0.4786624
2.73668 1.240273 2.258598 0.2529994 0.394331 0.5051435
2.867807 0.9945106 2.928579 0.2981493 0.4430812 0.7329255
2.935537 1.01752 2.607381 0.3087487 0.4419306 0.6366944
3.366269 0.5394568 3.260193 0.3634383 0.4321203 0.7007135
2.640708 1.641698 1.784524 0.2436785 0.4176471 0.4344842
2.549621 1.678726 1.685858 0.2287164 0.4047329 0.3947643
3.293568 0.7109004 2.84903 0.344999 0.4206517 0.6125422
2.900086 0.997924 2.938917 0.2911539 0.4271501 0.7100686
2.683683 1.337822 2.148749 0.2520539 0.4068623 0.5012257
3.206038 0.7265535 3.013711 0.3554477 0.4532172 0.7132926
3.477748 0.5436429 3.112013 0.3735076 0.4261854 0.6515798
2.79017 1.271858 2.15205 0.2628804 0.4024498 0.4897158
3.25276 0.7489798 2.91136 0.3324714 0.4141641 0.6286662
2.498477 1.804554 1.524385 0.2296791 0.4211556 0.3689979
2.730262 1.405629 1.880759 0.2563743 0.4038792 0.4283054
3.403336 0.5015884 3.120072 0.3473611 0.4000977 0.6028547
3.293927 0.521959 3.356396 0.3626205 0.4420858 0.738284
2.876286 1.211289 2.277597 0.2667612 0.3938465 0.5064059
2.69963 1.551286 1.852037 0.2622606 0.4328061 0.4630776
2.9528 1.088904 2.34522 0.2801958 0.3939651 0.5073427
2.637096 1.41663 1.988076 0.2457688 0.4055299 0.4614728
3.008291 1.011089 2.274084 0.2908992 0.3932594 0.4762716
3.149403 0.6540498 3.161331 0.3349346 0.4309884 0.7015369
3.269652 0.5981595 3.114022 0.3423496 0.4185969 0.6546749
3.049689 0.8939428 2.67356 0.3105584 0.4177412 0.597588
3.304704 0.665889 3.041631 0.3675496 0.4503638 0.700908
3.318557 0.5459765 3.254605 0.3662996 0.4430931 0.7189205
2.946725 1.03999 2.455169 0.2812096 0.3956141 0.5323385
3.103196 0.9119005 2.425368 0.3170191 0.4138051 0.527127
3.176134 0.8422193 2.610683 0.3151251 0.4002227 0.5461542
2.663117 1.395404 2.14671 0.2629619 0.4347489 0.5410482
2.423012 1.909288 1.584446 0.2298439 0.4501654 0.4178027
3.108347 0.9027737 2.57076 0.3046358 0.3990839 0.5457484
2.616082 1.599908 1.791317 0.236445 0.4033855 0.4179511
3.250436 0.7189389 2.880151 0.3282128 0.4056287 0.6009692
2.768226 1.269153 2.080055 0.2625557 0.4020104 0.4679121
2.875835 1.021411 2.3749 0.2720799 0.3881614 0.4985018
3.182744 0.7920207 2.635016 0.3208419 0.4037231 0.5476801
3.007205 0.9063209 2.548901 0.3144631 0.4274962 0.5784205
2.40762 1.887683 1.569717 0.219047 0.4280383 0.3923863
2.770365 1.277876 2.216282 0.2588547 0.4008466 0.5058351
2.563116 1.740133 1.675884 0.2498867 0.4478728 0.4365203
2.872583 1.369801 1.926754 0.2594925 0.3852753 0.4173947
3.32262 0.6057519 3.115167 0.342788 0.4124947 0.6473021
3.173424 0.7127751 2.838 0.3193191 0.4021052 0.5825736
3.158171 0.8862638 2.387049 0.3154952 0.4005441 0.4957257
3.249827 0.7440793 2.775253 0.3351739 0.4144108 0.591111
3.130907 0.763674 2.927801 0.3315131 0.4318363 0.6633704
2.993209 1.071496 2.415024 0.2885761 0.4017157 0.5343631
3.130952 0.9197903 2.630079 0.3069384 0.4020944 0.5687219
2.984499 0.9941152 2.506107 0.2956053 0.4093925 0.557604
3.08159 0.7647927 3.047474 0.3280632 0.4375336 0.707345
3.31352 0.6560018 2.97834 0.3465441 0.4192327 0.6335393
2.664722 1.464113 1.995445 0.2500551 0.4138274 0.4778422
3.032213 0.9670091 2.70604 0.2978756 0.4088915 0.6080708
3.08573 0.7795993 3.083132 0.3110616 0.4148377 0.6852718
2.779463 1.328337 2.086346 0.2495597 0.3848204 0.4563938
3.040771 0.9153038 2.686243 0.2969184 0.4015544 0.5825481
2.647918 1.539143 1.851636 0.2515585 0.4212149 0.44949
3.240087 0.7501542 2.764231 0.330885 0.409882 0.5824928
3.264264 0.5510292 3.177124 0.3420585 0.4167415 0.6557485
2.828695 1.119616 2.517291 0.2904078 0.4373455 0.62056
2.928522 1.085952 2.372277 0.2775843 0.3945147 0.5156353
2.996669 1.094279 2.274862 0.2694274 0.3691288 0.457329
2.929441 1.148624 2.332704 0.2800328 0.401958 0.5225023
2.813012 1.200886 2.268447 0.2712496 0.4091603 0.521575
3.359292 0.5132335 3.28681 0.3526002 0.4174034 0.6761532
2.739678 1.40714 1.925922 0.2383767 0.3737985 0.4086294
2.970148 0.9565339 2.539121 0.2864823 0.3951826 0.5402306
2.737181 1.490178 1.763195 0.2738107 0.4353493 0.4329087
2.779397 1.181508 2.587786 0.2820809 0.4401945 0.6570461
3.246407 0.6764275 3.015703 0.3340963 0.4140058 0.6397392
3.096428 0.7942698 2.920537 0.3217106 0.4254527 0.6587093
3.160356 0.7066441 2.9951 0.3370663 0.4323542 0.6697757
2.701336 1.428433 2.072106 0.2322335 0.3756464 0.4513119
3.012884 1.020985 2.436633 0.2872941 0.3931864 0.5212533
3.347766 0.5062077 3.315301 0.3575916 0.4259296 0.6963675
2.70639 1.419611 1.964737 0.2590701 0.4168258 0.4677812
3.381278 0.4884615 3.342878 0.3670569 0.4329724 0.7104206
2.87329 1.078529 2.424103 0.2886249 0.4207078 0.5632302
2.941813 1.202621 2.094048 0.2750816 0.3900761 0.4499775
3.167463 0.753291 3.008265 0.339531 0.4386269 0.6942715
2.958872 1.003913 2.433592 0.288564 0.4013026 0.5282907
3.553312 0.3455696 3.473434 0.4066406 0.4514781 0.7323999
2.928644 1.102244 2.426086 0.2969159 0.4270121 0.5758739
3.574707 0.4067709 3.207904 0.3958533 0.4335255 0.6515762
3.437211 0.4120558 3.358843 0.359809 0.4107026 0.6556373
3.025526 1.016622 2.421452 0.3033831 0.4145582 0.5448141
2.417547 2.074433 1.373601 0.2172019 0.4344535 0.3445747
2.922587 1.078828 2.392201 0.2772739 0.394385 0.519094
2.962053 0.9309788 2.602605 0.287373 0.3976451 0.5568112
2.60403 1.628481 1.678874 0.2432786 0.4163749 0.4003778
2.925957 1.031119 2.614833 0.2866418 0.4110094 0.5972564
3.68067 0.1003409 3.928849 0.4364191 0.4642982 0.7922301
3.408935 0.4585366 3.716338 0.3786482 0.4493373 0.8324196
2.766004 1.292962 2.108444 0.2711896 0.4200808 0.500196
3.100058 0.869965 2.628303 0.315467 0.4141402 0.5752872
2.996883 1.035864 2.347367 0.2893717 0.397584 0.5057239
2.321027 2.040123 1.454081 0.2273873 0.4757011 0.4026389
2.982694 0.881927 3.113585 0.3023992 0.4258956 0.7349119
3.4328 0.4421359 3.180169 0.384372 0.4415348 0.6680765
3.027718 1.003267 2.527096 0.2838572 0.386849 0.5337327
3.509319 0.3869368 3.400959 0.3816112 0.4281576 0.6885241
2.938873 1.057482 2.671545 0.300177 0.4339101 0.6522046
2.91402 1.113459 2.355996 0.2784071 0.3999496 0.5223535
2.628789 1.399852 2.12712 0.2389546 0.3982771 0.4914483
3.399718 0.7581131 2.461501 0.3471517 0.401806 0.4935815
2.924298 1.032498 2.52894 0.3046348 0.4365003 0.6081844
2.933313 0.975295 2.780623 0.2972222 0.4255517 0.6562552
2.614277 1.641994 1.741417 0.2478849 0.4268154 0.429807
3.037673 1.006592 2.475983 0.3045269 0.4149957 0.5588419
2.633868 1.403418 2.162222 0.2600394 0.4365319 0.5495922
2.632647 1.560626 1.805097 0.2618346 0.4427718 0.4597339
3.069696 0.7135868 2.996485 0.3310093 0.4382528 0.681299
2.724597 1.262503 2.36337 0.2776173 0.4430917 0.6027815
3.119655 0.9878046 2.390085 0.285756 0.3725288 0.4777528
3.3562 0.5439521 3.149228 0.3565543 0.421993 0.6549832
3.25443 0.7297339 2.607296 0.3218125 0.390031 0.5108345
3.085559 0.9087324 2.533707 0.3158318 0.4174905 0.5610729
3.485592 0.3138531 3.56414 0.3885496 0.4387151 0.7261571
2.868626 1.238259 2.356101 0.2682689 0.4023634 0.5432717
2.766377 1.366878 2.036734 0.2544898 0.396838 0.4605119
3.245827 0.6212756 3.127237 0.3453355 0.4281842 0.6795922
2.968618 1.055361 2.703828 0.2962309 0.4235368 0.6453898
2.84927 1.291018 2.124994 0.2699364 0.4047817 0.4859272
3.130531 0.8391043 2.570192 0.2974344 0.3809767 0.5104525
2.506152 1.778212 1.607548 0.225408 0.4121898 0.3839163
2.892857 1.295391 1.964348 0.2756279 0.4020406 0.4382223
2.983027 1.034382 2.34566 0.2835776 0.3902983 0.4951829
3.232946 0.7018097 2.859104 0.3364512 0.4172788 0.6084828
3.050867 1.000615 2.41301 0.286274 0.3843863 0.5009567
3.294587 0.6942582 2.978064 0.3246459 0.3953075 0.6054182
2.963317 1.111082 2.420537 0.282137 0.3996204 0.5386647
3.470052 0.338439 3.688327 0.4009253 0.4608425 0.8063518
2.906975 1.136982 2.377373 0.2906423 0.4225853 0.5611804
3.013768 0.9132024 2.60385 0.3085865 0.4203786 0.5861286
2.931795 0.9190062 2.852445 0.297014 0.4222527 0.6605301
3.037939 0.9626683 2.430372 0.3024808 0.4072218 0.5291735
2.889586 1.296263 1.906171 0.2771952 0.4024027 0.4221245
2.571824 1.592514 1.838852 0.2314807 0.4032266 0.4314041
3.194829 0.5710932 3.297549 0.3531196 0.4464579 0.7434013
2.89845 1.379526 1.946614 0.2870223 0.4272861 0.4699744
2.772587 1.265394 2.318664 0.2655956 0.4141576 0.5514162
3.542973 0.4216719 3.305502 0.4014774 0.4482009 0.705292
2.970283 1.089592 2.203354 0.2701715 0.3726505 0.4448239
2.848085 1.237318 2.208464 0.2783846 0.416406 0.517803
2.824976 1.194239 2.257749 0.2835119 0.4262798 0.5394449
3.263345 0.705213 2.722577 0.3552502 0.4350657 0.5975788
3.128077 0.8925962 2.56785 0.3126396 0.4064037 0.5525051
3.312372 0.6666111 2.857223 0.3372463 0.4042272 0.5803348
2.975198 1.097529 2.451433 0.279365 0.3935735 0.5374044
3.157264 0.7196609 2.912406 0.330232 0.4221161 0.6338415
2.681251 1.404994 2.126757 0.2671851 0.439697 0.5424801
3.366338 0.5122468 3.465468 0.3730516 0.4470317 0.7745507
2.87689 1.181576 2.143122 0.2713391 0.3936097 0.4650154
3.519653 0.1872938 4.058639 0.4174728 0.4720623 0.8746422
3.392172 0.5109223 3.159446 0.3719119 0.435009 0.6697701
2.559181 1.702038 1.683393 0.2320499 0.4115144 0.4017874
2.52161 1.671637 1.7922 0.2408633 0.435822 0.4567882
3.368916 0.575548 3.319147 0.3773434 0.4540258 0.7642474
2.832324 1.310824 2.080597 0.2630548 0.3967959 0.4664415
2.758692 1.326481 2.062194 0.2449409 0.3788546 0.4423185
3.048403 0.9000381 2.698842 0.3170582 0.4288253 0.6223008
3.117343 0.7980459 2.916996 0.3194461 0.4190535 0.648063
2.856518 1.191458 2.361334 0.278573 0.4162221 0.5564103
3.40201 0.3969592 3.674357 0.3925111 0.4634183 0.8261279
2.866348 1.274627 1.939345 0.2653624 0.3873375 0.4138686
3.325878 0.6239305 3.094292 0.3502584 0.4224482 0.6613075
3.164985 0.8705004 2.310766 0.3026066 0.377939 0.4459488
2.890236 1.310355 2.042839 0.2688844 0.3963299 0.455588
3.089924 0.9301017 2.72224 0.3125993 0.4195361 0.6217142
2.901638 1.13902 2.172084 0.2799313 0.4003809 0.4753857
3.072002 0.9272022 2.655999 0.293303 0.3922173 0.5635955
2.501258 1.721783 1.803752 0.2628334 0.4888191 0.5199196
3.283613 0.5897587 3.067531 0.3464188 0.4200044 0.6415038
2.666334 1.409479 1.962575 0.2565501 0.4177859 0.4669963
3.239862 0.7366045 2.925351 0.3221046 0.4009655 0.6092875
2.782261 1.339868 2.171767 0.2729254 0.4265684 0.5318024
3.045891 0.8611652 2.655415 0.3142721 0.420861 0.5911732
2.801811 1.306652 2.104568 0.2693939 0.412702 0.492032
2.88109 1.174377 2.270439 0.2823571 0.4135979 0.5237474
3.011519 0.8709872 2.871788 0.2950501 0.4040594 0.6283157
2.880546 1.101259 2.396766 0.2736514 0.3971096 0.5273494
3.466368 0.4696492 3.225841 0.3814446 0.4354365 0.6772915
2.772984 1.330397 2.082714 0.2755039 0.428349 0.5061101
2.37053 1.985662 1.547143 0.2230782 0.4539996 0.4124302
2.706902 1.469018 1.866295 0.2523755 0.4066303 0.4328219
2.852918 1.168669 2.270904 0.2751094 0.4059937 0.5135349
3.294382 0.4530549 3.430667 0.3587258 0.4338958 0.7253267
2.796198 1.459482 1.792393 0.2473624 0.3807189 0.3849805
2.83656 1.332433 2.036889 0.2679108 0.405644 0.467952
2.74851 1.375768 2.041623 0.2535814 0.3988847 0.4648737
2.885199 1.168081 2.267944 0.2808481 0.4099644 0.5175956
3.083689 1.032613 2.315305 0.2958456 0.3930405 0.4901662
2.732876 1.585316 1.715685 0.2588463 0.4194513 0.4111891
2.808203 1.347813 1.989962 0.2730514 0.4172323 0.4680217
3.074385 0.8923824 2.512013 0.2959725 0.388589 0.5139115
2.929027 1.006538 2.465312 0.2973872 0.4202549 0.5625771
3.572053 0.3053857 3.67351 0.4047128 0.4483896 0.7688841
3.113998 0.8581403 2.527721 0.3069344 0.3965648 0.5228177
3.302512 0.6213124 3.115222 0.3519263 0.4282622 0.6754004
2.837667 1.365209 1.961711 0.2729935 0.4129549 0.4566594
3.87273 -0.06547291 4.121914 0.4891508 0.4930671 0.8293671
2.90392 1.219721 2.282379 0.266903 0.3904146 0.5036508
3.455393 0.483828 3.17366 0.3840886 0.4398066 0.6733421
3.281399 0.5626968 3.317781 0.3695256 0.4549322 0.7601247
2.962542 1.043885 2.464916 0.2886107 0.4054034 0.5491577
2.716538 1.333022 2.140506 0.2394447 0.3795237 0.4653881
2.869132 1.019117 2.67213 0.2981299 0.438453 0.6521712
3.179931 0.7963615 2.660278 0.3208728 0.4053475 0.5577138
2.56037 1.570223 1.835734 0.2436313 0.4251244 0.4518011
3.346897 0.5591257 3.024414 0.3596052 0.4260635 0.6332448
3.091621 0.6971653 3.468418 0.3318198 0.4458483 0.8291243
3.152839 0.7504335 3.131591 0.3363431 0.4396569 0.7326446
3.261656 0.4271382 3.423226 0.3621495 0.4412298 0.7274708
2.790409 1.349446 2.030848 0.2756037 0.4263178 0.4909673
4.124855 -0.340385 4.267288 0.5690011 0.5343496 0.8192642
3.264008 0.6046874 3.420901 0.3608793 0.4522165 0.7998519
2.926231 0.9852446 2.562782 0.277828 0.39167 0.5469572
2.814829 1.408187 2.066757 0.2537168 0.3936919 0.4699563
2.963755 1.144292 2.225928 0.288108 0.405984 0.497801
2.803123 1.261361 2.328985 0.2707543 0.4177866 0.5587996
2.957606 0.9009738 2.91914 0.3038836 0.429109 0.6874013
2.964959 0.932542 2.719174 0.29597 0.4138725 0.6132388
2.989364 1.017086 2.505374 0.2927768 0.4065794 0.5576511
3.165813 0.7190126 2.891733 0.3289298 0.4187429 0.6234808
3.288492 0.6589622 3.09208 0.3570424 0.439545 0.6969913
3.206842 0.4941893 3.723584 0.3709752 0.4728854 0.8920535
2.896752 1.154645 2.368018 0.2732683 0.3985645 0.5298881
3.224779 0.6201203 3.283401 0.3481909 0.4384999 0.739792
2.663952 1.453094 2.162273 0.2664562 0.4478701 0.5693455
2.867029 1.086743 2.491281 0.289372 0.4254746 0.5904153
2.68138 1.558493 1.777979 0.2435062 0.4009689 0.4090044
3.13284 0.8845617 2.484971 0.3059116 0.3936843 0.5127561
2.884337 1.137861 2.458547 0.2900084 0.4278557 0.592786
3.059022 1.040279 2.444873 0.3089027 0.4203886 0.5628336
3.520112 0.3775372 3.295027 0.3783165 0.4195073 0.644562
2.892598 1.194954 2.157908 0.2747716 0.3980147 0.4754775
3.379927 0.5578413 2.951962 0.3576945 0.4165758 0.5986587
2.93721 0.8658291 2.798651 0.3019347 0.4233498 0.6362667
3.64206 0.2167959 3.547973 0.4111507 0.4388175 0.6922523
2.679838 1.461311 1.939476 0.2457024 0.401466 0.4475302
2.939475 1.037202 2.328329 0.2841091 0.3973539 0.5002182
2.996293 1.079185 2.276914 0.2843406 0.3912798 0.4845501
2.763439 1.292495 2.291208 0.2549464 0.3988496 0.5259157
2.438509 2.138957 1.239683 0.2230726 0.4424729 0.3111233
2.966583 1.072134 2.461918 0.3068826 0.4347292 0.5921915
2.990488 0.9854372 2.606205 0.2938147 0.4075933 0.5810387
2.555167 1.532146 1.937737 0.2372909 0.4138228 0.4665469
2.742273 1.289135 2.305549 0.2659405 0.4207455 0.5582003
2.940729 1.145768 2.137162 0.2861516 0.4035837 0.4704935
3.557574 0.3708373 3.228038 0.3839527 0.4192649 0.6246476
3.047579 0.8387539 2.859481 0.313252 0.4224755 0.6462767
3.638219 -0.01755389 4.638447 0.4526249 0.4967116 0.9970229
2.925495 1.141287 2.351051 0.2761004 0.3969039 0.5208393
3.098477 0.8300884 2.784535 0.3259262 0.4305807 0.6352754
2.80259 1.359341 2.011834 0.2713441 0.4173188 0.4757673
2.785037 1.17002 2.452937 0.2768827 0.4257244 0.5933263
3.132756 0.9247795 2.468846 0.3114907 0.4041689 0.52873
2.841486 1.461627 1.769052 0.2570001 0.3886196 0.3862298
3.269554 0.6184674 3.244683 0.3430429 0.4239777 0.7038036
2.9265 1.113928 2.241171 0.2754601 0.3897398 0.4778056
3.827809 0.07165669 3.485163 0.4512851 0.4509477 0.6496867
2.829572 1.348742 1.999406 0.2677116 0.4057443 0.4581292
2.934357 1.104679 2.296603 0.2882213 0.4092507 0.5161943
3.323202 0.4856959 3.367594 0.3669001 0.4411732 0.7293989
3.414361 0.4160449 3.350369 0.3635881 0.4189813 0.6687683
3.509526 0.4649066 3.0861 0.3959346 0.4436452 0.6504782
2.812172 1.177916 2.449106 0.2798631 0.4266928 0.5945859
3.104134 0.871908 2.775219 0.3140842 0.4161688 0.6203562
2.580772 1.656012 1.65928 0.2208885 0.3818308 0.3643766
2.89771 1.286261 1.921574 0.2768108 0.4009428 0.424522
3.497066 0.3835844 3.453724 0.3943833 0.4467891 0.7323399
2.613274 1.621378 1.804112 0.2506866 0.4331877 0.4546062
2.957928 0.9698142 2.826736 0.2933056 0.4165036 0.6546356
3.876227 0.1037323 3.587958 0.4739744 0.4738771 0.7210762
2.873433 1.238218 2.26575 0.2706437 0.4024323 0.5173214
2.669094 1.578251 1.82714 0.2537086 0.4251279 0.4498113
3.19136 0.7906065 2.750804 0.3308884 0.4196401 0.6013066
3.273803 0.8319783 2.371204 0.3268476 0.3952778 0.4759711
3.340783 0.5197613 3.26916 0.3377203 0.4002831 0.644795
2.592053 1.703908 1.651487 0.2204871 0.3832436 0.3658712
2.422977 2.006277 1.433346 0.2261168 0.4463151 0.3701372
3.602562 0.09627861 4.105715 0.4375722 0.4807501 0.8695602
3.390547 0.5324816 2.791985 0.3520573 0.4027496 0.5344397
2.951385 1.050976 2.490748 0.2955592 0.4187954 0.5754021
2.940409 0.9278975 2.907805 0.3012204 0.4297776 0.6909952
2.968543 0.9477861 2.75414 0.2939745 0.4121874 0.6230969
2.546376 1.606546 1.774932 0.251707 0.443964 0.4552964
2.909201 1.154509 2.357645 0.2909541 0.4239091 0.5599738
3.125591 0.9411682 2.592007 0.3191303 0.4207514 0.5877714
2.513753 1.658482 1.921055 0.2197267 0.3991426 0.4539073
3.094857 0.9569411 2.630315 0.3204265 0.4295876 0.6142612
3.066954 0.9235928 2.52573 0.3043775 0.4044886 0.5436813
3.004973 0.9501846 2.530771 0.2938643 0.4006352 0.5448251
3.170921 0.8886459 2.529534 0.3116807 0.3977832 0.530078
2.5195 1.767094 1.711992 0.232011 0.4266301 0.4288148
3.200148 0.633741 3.133998 0.3405274 0.4290308 0.6853736
3.153915 0.7695351 2.594067 0.3063727 0.3849284 0.5078207
3.173997 0.8714073 2.71898 0.3048006 0.3915481 0.5684837
2.505183 1.905098 1.386942 0.2387078 0.4414982 0.3484331
3.27042 0.5347808 3.271942 0.3467211 0.4231107 0.6871359
3.264404 0.619865 2.891912 0.3448169 0.4184921 0.5997644
2.951245 1.180861 1.990173 0.2740022 0.3818064 0.4112428
2.648479 1.577305 1.871861 0.2573693 0.4366895 0.4755664
3.01522 0.9423287 2.53932 0.2894893 0.3923 0.5344592
3.205462 0.548814 3.251049 0.3601219 0.4517055 0.7326374
3.169617 0.7763357 2.707826 0.3165516 0.4006442 0.5600161
3.02281 0.9829442 2.68461 0.2962996 0.4087309 0.6046364
2.859128 1.228431 2.209288 0.2709151 0.4024954 0.5004307
3.475563 0.6149503 2.74335 0.3539935 0.3982453 0.5330397
2.647044 1.594928 1.845209 0.2610031 0.4443478 0.4768635
2.990669 1.100375 2.195599 0.2863342 0.3941303 0.4688808
3.008845 0.9455008 2.515967 0.2951627 0.4013662 0.5412515
3.030473 1.008371 2.430716 0.2973317 0.4043761 0.532491
2.895846 1.114206 2.427496 0.2708186 0.3922463 0.5308971
2.855319 1.209695 2.123472 0.2742025 0.4037258 0.4755265
2.805681 1.338174 2.08466 0.2716291 0.4173757 0.4943778
3.112119 0.8791798 2.705898 0.304439 0.3998222 0.578366
2.382814 1.989298 1.511383 0.2237169 0.4514118 0.3987148
2.84485 1.346375 2.07485 0.2762334 0.4197449 0.495908
2.809757 1.341943 1.949138 0.2535794 0.3833496 0.4189664
2.926229 1.16303 2.392646 0.2945395 0.4286805 0.5779806
2.676749 1.56864 1.756012 0.2411609 0.3979832 0.4007356
3.546201 0.1882091 4.092548 0.4236355 0.476456 0.8925193
3.022264 1.013366 2.549746 0.2920391 0.4013796 0.5617976
2.903858 1.144164 2.355384 0.2845119 0.4135581 0.5441024
2.972346 1.157472 2.158996 0.2733987 0.3817904 0.4528261
3.081902 0.8599902 2.559706 0.3119738 0.4093003 0.5484684
2.99537 0.9252137 2.5364 0.3017069 0.4115589 0.5565177
2.81724 1.146199 2.365725 0.2682096 0.4015923 0.5318342
2.849847 1.221934 2.196495 0.2672838 0.3966581 0.4882727
