1.050097 1.73514 2.95902 0.0853227 0.4082369 0.7856587
1.013719 1.875834 2.65145 0.09657238 0.4900514 0.8376484
1.147243 1.24101 4.39232 0.1048373 0.4396039 1.265589
0.9179381 2.416707 1.868681 0.08118198 0.4883851 0.5568077
0.8228484 3.051881 1.377335 0.1007967 0.7486894 0.5728897
1.055417 1.76008 2.922018 0.08900797 0.4262712 0.8103151
0.9418654 2.181585 2.317884 0.08438718 0.4834177 0.7116594
0.8868281 2.599515 1.852539 0.09964878 0.6484169 0.7251264
1.023302 1.787648 3.131216 0.09708423 0.4894087 1.011835
1.163539 1.239177 4.032016 0.1020158 0.4156753 1.079642
1.241824 0.9973388 4.63532 0.1145101 0.4265822 1.242069
1.154105 1.292199 4.273766 0.102159 0.4276725 1.201907
1.035709 1.827825 2.904055 0.08348271 0.4122666 0.7816728
0.8950082 2.590811 1.781547 0.09491968 0.6078263 0.6505238
0.9536239 2.256277 2.140948 0.08210392 0.46699 0.6266068
0.9943763 2.071762 2.336674 0.0875543 0.4637138 0.6882289
1.017216 1.898037 2.674236 0.09879756 0.503234 0.8703723
1.163534 1.355442 3.469633 0.09376116 0.3810281 0.8437672
0.983107 2.075678 2.481402 0.08818611 0.4770493 0.759899
1.015005 1.976156 2.427374 0.08832021 0.4510712 0.6986688
1.008113 1.942401 2.71029 0.09118696 0.4727391 0.8319371
1.018824 2.03594 2.397516 0.08740869 0.449917 0.6884545
1.00719 2.020183 2.337817 0.09227706 0.478093 0.7095476
1.141988 1.252367 4.360552 0.1066528 0.4506077 1.289893
0.8256324 3.081046 1.280778 0.09779374 0.7224719 0.5075398
0.9626298 2.034039 2.838937 0.07790073 0.4318216 0.804043
1.165779 1.215435 4.26828 0.10662 0.4358828 1.206149
0.9639589 2.319429 1.852132 0.09235862 0.5195361 0.5885141
1.104137 1.580099 3.122189 0.09287449 0.4126768 0.8339374
0.8139235 3.073318 1.325115 0.07623667 0.5693751 0.416138
0.8698519 2.637132 1.847906 0.1019283 0.6815168 0.7577925
0.9250465 2.390456 2.080216 0.08404205 0.505964 0.6538846
1.019664 1.851326 2.763257 0.08775025 0.4408242 0.7894953
1.021299 1.875584 2.751641 0.08864036 0.4470951 0.7982814
0.9001259 2.665917 1.586885 0.08563871 0.5448408 0.5077987
1.018398 1.925985 2.534106 0.1009781 0.5132701 0.8340141
1.228383 1.020441 4.358155 0.110593 0.4140144 1.124985
0.9777683 2.052715 2.499456 0.08835788 0.4786688 0.7685904
1.007851 2.004896 2.426357 0.09022415 0.4671612 0.7234604
1.148602 1.236247 4.186114 0.1042894 0.4333136 1.176592
1.067835 1.686557 2.993325 0.08375568 0.3899368 0.7577069
1.124404 1.526019 3.240262 0.09537195 0.4131768 0.8657736
1.082927 1.629234 2.986727 0.09122372 0.4148181 0.7990721
0.7768045 3.437147 1.156009 0.07562636 0.6232332 0.3736034
0.9536511 2.392599 1.757894 0.08149158 0.4652633 0.4944791
1.065891 1.605241 3.419333 0.09259707 0.4343783 0.9801142
1.008956 2.007601 2.31289 0.08604021 0.4416453 0.6466545
1.017186 1.99948 2.377083 0.08229659 0.4195193 0.6350702
0.9707595 2.094996 2.307138 0.07840666 0.4254758 0.6225929
0.9943607 1.937311 2.833778 0.08846968 0.4666358 0.8646765
1.01269 1.871135 2.768319 0.08034895 0.4070185 0.7317419
0.9492779 2.302506 2.050822 0.08484135 0.487595 0.6217419
0.9422313 2.307273 2.165902 0.08631989 0.5039871 0.6844474
0.9279208 2.352765 1.967871 0.08390714 0.4968746 0.6036142
0.86296 2.812454 1.563517 0.09149378 0.6256206 0.5663976
0.9936184 2.015677 2.500751 0.09461704 0.5012381 0.8045779
0.9490912 2.215625 2.238851 0.09164891 0.5243291 0.741742
1.055866 1.622053 3.47665 0.08909118 0.4240427 0.9780829
0.905745 2.627555 1.639466 0.08308032 0.5224151 0.5067491
1.163105 1.198398 4.18971 0.1006049 0.4085339 1.101352
0.9362151 2.283343 2.210724 0.08711822 0.5107734 0.7106423
1.02536 1.930979 2.656118 0.08692949 0.4396031 0.755068
0.9538512 2.22892 2.133298 0.08478618 0.4795021 0.6408066
1.065803 1.621835 3.130761 0.09237944 0.4293588 0.873628
1.023551 1.919886 2.558823 0.0908694 0.4575384 0.7513663
1.113293 1.548394 3.2694 0.09639405 0.4245413 0.9012489
0.9552742 2.300399 2.042481 0.09136127 0.5220521 0.6621005
0.9221864 2.565262 1.672252 0.08630582 0.5275672 0.5254602
0.8385572 2.987598 1.381236 0.07852878 0.563611 0.4363756
0.904729 2.566111 1.792394 0.08383582 0.5266983 0.5684227
1.044995 1.629418 3.314203 0.09281759 0.4448768 0.9696147
1.025331 1.891719 2.514083 0.08269258 0.4104535 0.6593756
1.07666 1.784723 2.482768 0.09133482 0.4216861 0.6625122
1.038355 1.776794 3.195851 0.08781379 0.4341491 0.9181082
0.9341027 2.303481 2.11145 0.0872083 0.5114404 0.6738421
1.035438 1.811848 2.70012 0.08575852 0.4185543 0.7276265
0.9128482 2.456967 1.910558 0.08068935 0.4937933 0.5767748
1.013439 1.925471 2.702324 0.09218999 0.4732664 0.828903
0.979925 2.037529 2.407227 0.08827518 0.4730226 0.7263361
0.9205256 2.28998 2.271579 0.07810517 0.4657341 0.6677764
1.04335 1.80077 2.844843 0.08767269 0.4268962 0.7886324
0.9632689 2.178354 2.262128 0.08617948 0.4803654 0.6867794
1.000118 2.049616 2.464093 0.08733308 0.4610627 0.7284332
0.9282077 2.393152 1.820913 0.08285855 0.4896423 0.5426686
0.9170141 2.471641 1.80822 0.08997454 0.5481396 0.6004416
1.061458 1.802571 2.628538 0.08558595 0.4046461 0.6810789
1.008523 1.865624 2.868938 0.09040794 0.4640046 0.8697967
1.107638 1.570322 3.178543 0.099699 0.4428255 0.9123685
1.05512 1.74069 2.981478 0.09073649 0.4343729 0.8442526
1.069645 1.679295 3.017574 0.08631705 0.4015637 0.7871866
1.052525 1.819516 2.668043 0.09031086 0.434645 0.7459409
0.9359365 2.3807 2.026844 0.09482738 0.5632862 0.7067451
1.02498 2.02236 2.232583 0.08804552 0.4446654 0.6252848
1.015762 1.867637 2.787075 0.09563237 0.4864173 0.8812348
0.9575709 2.301651 1.960222 0.08568946 0.4858011 0.5881223
0.9760245 2.160291 2.26785 0.08834229 0.4854224 0.6973
1.068971 1.628096 3.151619 0.09291596 0.4319154 0.8869663
0.9953052 1.923917 2.80159 0.09141078 0.4800987 0.8772219
1.072684 1.726758 2.754564 0.08592783 0.3973301 0.701785
1.049788 1.753318 2.8567 0.08365148 0.3999076 0.739902
0.9291074 2.35679 2.026014 0.09378657 0.5580979 0.7002645
1.0417 1.746517 3.035106 0.09315493 0.4541781 0.9021302
0.9683671 2.193207 2.156135 0.08822207 0.4885127 0.6608859
0.8396616 3.091853 1.235027 0.09201821 0.6674932 0.4500058
0.966081 2.197475 2.150877 0.09353881 0.5205173 0.7021591
0.9894413 1.967809 2.46384 0.09332207 0.490379 0.7726308
1.047094 1.76868 2.929487 0.08614084 0.41618 0.7938936
0.9942132 1.997114 2.729916 0.08369466 0.4444628 0.790393
1.018416 1.981615 2.52322 0.09028367 0.4626776 0.7498926
0.9341191 2.34466 2.010233 0.07875303 0.4619382 0.5748093
1.019008 1.792397 3.103106 0.08452333 0.4250368 0.8687445
1.101005 1.497488 3.543134 0.09427593 0.4198121 0.9741312
0.956214 2.217478 2.139915 0.08242431 0.4634943 0.6217099
0.9381843 2.287409 2.110624 0.08774742 0.5109336 0.673492
1.070764 1.436826 4.282497 0.107215 0.5015072 1.447882
0.9320778 2.275733 2.190959 0.08467673 0.4968002 0.6840392
1.083522 1.647583 3.163996 0.09220687 0.4244865 0.877569
1.047454 1.802944 2.828687 0.08577463 0.4157253 0.763553
1.139795 1.281086 3.917443 0.09859202 0.4116265 1.041063
0.9951049 1.969499 2.694234 0.09142479 0.4826124 0.8438125
1.08916 1.559998 3.399273 0.08774852 0.3969742 0.8843789
1.0444 1.760841 2.952288 0.09536267 0.4639035 0.8929727
1.189181 1.164987 4.187533 0.09981034 0.3929394 1.050997
1.021056 1.855085 2.79556 0.09309702 0.4694691 0.8529807
0.9524075 2.169676 2.455481 0.09251743 0.5279508 0.8312697
0.8604219 2.766232 1.669561 0.08119695 0.5546399 0.5439359
1.046253 1.788414 2.777565 0.09409975 0.4555152 0.8173637
1.074505 1.583706 3.309002 0.09356666 0.4315235 0.9343114
0.9612174 2.253602 2.092665 0.0808813 0.4539194 0.5926016
0.9657629 2.184025 2.230054 0.09017676 0.502315 0.7069321
1.018922 2.009058 2.326837 0.09148894 0.4665477 0.6880725
1.146114 1.271671 3.959276 0.1010445 0.4198123 1.073538
0.9748178 2.071704 2.543135 0.08616444 0.4702993 0.7700319
0.9115461 2.523681 1.884249 0.08050667 0.5005431 0.5744577
1.071179 1.807762 2.716121 0.08682332 0.4092138 0.7162554
0.8362866 2.939954 1.384054 0.09492669 0.6791911 0.528923
1.049446 1.766043 3.02546 0.08924333 0.4320766 0.8551593
1.024299 1.857776 2.729432 0.09231513 0.4627713 0.8178466
1.074094 1.757429 2.680055 0.08977026 0.4170719 0.7157232
1.211727 1.051965 4.444852 0.1054161 0.4025924 1.128075
0.9348457 2.415508 1.924497 0.08829001 0.5243783 0.6185639
1.010845 1.844351 2.854895 0.09281892 0.472868 0.8796497
1.121581 1.509375 3.298147 0.09617923 0.4176381 0.8920603
1.082557 1.605107 3.249396 0.09896882 0.4550097 0.9666015
1.05285 1.707803 3.105437 0.08950013 0.4280652 0.8697625
1.038433 1.814894 2.780192 0.0925927 0.4542083 0.8176152
0.9994322 1.971592 2.605702 0.08501132 0.4439081 0.7466397
1.016697 1.859635 2.826935 0.08882638 0.4497496 0.8273373
1.0695 1.627137 3.179159 0.09868954 0.4599296 0.9537777
1.198504 1.220054 3.74259 0.09816683 0.3807659 0.8993834
0.8968553 2.580218 1.834891 0.08251444 0.5262006 0.5833499
0.9924861 2.03501 2.484964 0.08694463 0.4612575 0.735172
0.9820955 2.134284 2.319103 0.08342152 0.4527752 0.6670275
0.8796942 2.758074 1.542099 0.0730184 0.4812347 0.4315049
1.016341 1.867974 2.840054 0.09071855 0.4611686 0.8536857
1.050683 1.846515 2.565693 0.08519039 0.4101024 0.6735295
0.9630344 2.120593 2.314735 0.08547544 0.4720487 0.6933885
1.101889 1.400568 4.259896 0.09404436 0.4204326 1.197442
1.062577 1.754777 2.834944 0.09372664 0.4446489 0.8157932
1.105628 1.530488 3.221983 0.08862164 0.3894138 0.8110165
1.239652 1.093208 3.918626 0.1044644 0.3852241 0.9358617
0.989001 1.999069 2.480755 0.08218358 0.4326666 0.6870073
1.100165 1.545213 3.266345 0.09265598 0.4120686 0.8734135
1.128032 1.428865 3.595579 0.094858 0.4067223 0.9508581
1.027691 1.804099 2.856751 0.08172726 0.4040702 0.7514273
0.9853441 2.105327 2.238339 0.08899554 0.477298 0.6743983
0.7923409 3.42049 1.086965 0.08298165 0.6669653 0.3741999
1.141071 1.344213 3.720644 0.09973712 0.418558 1.006482
0.9795619 2.143032 2.134851 0.08331637 0.4495539 0.6013328
0.9369117 2.338286 2.021923 0.08903741 0.52262 0.6548657
0.9067069 2.542909 1.823743 0.09638207 0.6042219 0.6656527
1.2656 0.8367886 5.300436 0.1105105 0.3985924 1.307731
1.021454 1.932571 2.440896 0.09569414 0.4823452 0.7501992
1.135128 1.327745 3.965022 0.09450181 0.3994579 1.03233
1.131416 1.411772 3.401341 0.09543087 0.4034484 0.8806572
0.911016 2.600323 1.686973 0.08454603 0.5276828 0.5300389
0.9279772 2.339363 2.093439 0.08427187 0.5003751 0.652186
0.928547 2.441576 1.865131 0.09914777 0.5958613 0.6770728
1.100085 1.520462 3.312685 0.1007117 0.4486204 0.9650061
0.9759151 2.10673 2.296209 0.08294766 0.4500078 0.6554536
1.069659 1.731735 2.719971 0.08425186 0.3903753 0.6800863
1.030721 1.862019 2.69366 0.08291165 0.4109839 0.7158087
0.9786907 2.29957 1.90949 0.08434115 0.4650803 0.5457807
1.104548 1.524793 3.260591 0.08781918 0.3861832 0.8150072
0.9268869 2.473914 1.896148 0.07828059 0.4728676 0.5476799
0.9825146 2.22942 1.978394 0.08154072 0.4427304 0.5423258
1.046839 1.807417 2.897462 0.09507959 0.4650195 0.8787602
0.8780262 2.736296 1.601471 0.07714046 0.5087466 0.4760067
0.9972217 2.055643 2.385327 0.09112697 0.4816806 0.7323937
0.8822179 2.597214 1.89036 0.08992048 0.5873497 0.6718423
0.9327608 2.324203 2.113488 0.08817863 0.5208219 0.6870422
0.9792694 2.068533 2.595451 0.09142643 0.4988648 0.8367916
1.082426 1.590561 3.272192 0.08798798 0.4012849 0.8576609
1.020679 1.908363 2.687788 0.08862451 0.4489502 0.7807941
0.9665081 2.168497 2.262318 0.09215894 0.5126905 0.7339705
1.207676 1.073724 4.455236 0.1041918 0.4007692 1.131453
1.023945 1.932631 2.596032 0.08679796 0.4384924 0.7334229
0.8704885 2.739852 1.680184 0.09238032 0.6226708 0.61635
1.108978 1.430141 3.914013 0.09877025 0.4376696 1.133598
0.9419872 2.337993 2.036468 0.08100204 0.4710222 0.5944581
1.007217 1.905806 2.87037 0.08461556 0.4377838 0.8232232
0.985711 2.153248 2.139714 0.08750788 0.4712063 0.6320467
0.9801231 2.109531 2.327304 0.08887435 0.4819292 0.7124828
0.9296992 2.357292 2.062101 0.09895258 0.5905725 0.756274
0.9629057 2.151245 2.38116 0.08769052 0.489956 0.7441697
0.9051274 2.474342 1.920598 0.08748821 0.5436365 0.6381432
0.9383075 2.351677 2.016246 0.09495124 0.5586891 0.697314
0.8631541 2.841509 1.453156 0.0882002 0.6008659 0.4988252
1.085313 1.598845 2.998436 0.09489772 0.4287089 0.8267903
1.001838 1.857214 2.803827 0.0857498 0.4397377 0.8014157
1.009553 1.890747 2.624597 0.0888155 0.4521774 0.7644692
1.010851 1.927812 2.634595 0.09234764 0.4742594 0.8067081
0.8816709 2.750253 1.51137 0.08368826 0.549809 0.4814061
1.086756 1.594946 2.993193 0.0944767 0.4257021 0.8189879
1.067784 1.660986 3.098824 0.09088188 0.4245289 0.8573875
1.192682 1.142875 4.552967 0.1055495 0.4188205 1.233398
1.070381 1.757939 2.778373 0.09010245 0.422293 0.7561818
1.160908 1.320246 3.866221 0.09881633 0.4067616 1.018319
0.9038564 2.496552 1.923349 0.08248815 0.5145456 0.6040268
0.945531 2.184965 2.21155 0.08545615 0.4853084 0.6764536
0.7826536 3.451897 1.053481 0.08818922 0.7209437 0.3891214
0.9315281 2.317504 2.002462 0.07862692 0.4596704 0.5699353
1.064938 1.714039 3.009654 0.09415901 0.4449758 0.8723004
0.9962805 2.023777 2.541282 0.08273648 0.4367191 0.714673
0.8212057 3.22249 1.254877 0.08385241 0.6354979 0.4291792
0.9707165 2.187637 2.188619 0.0926801 0.5130933 0.7063614
0.7614067 3.459863 1.153332 0.08319478 0.7048399 0.4207341
1.013644 1.909727 2.842292 0.08699645 0.4469925 0.8302214
1.028963 1.840352 2.759543 0.09823589 0.489855 0.875662
1.029264 1.850693 2.794233 0.09092253 0.4534678 0.8226182
1.056477 1.740139 2.831579 0.08714408 0.4128974 0.7550769
0.9245323 2.405242 2.056636 0.09681095 0.5866555 0.7478434
0.9452229 2.353524 1.981715 0.09295569 0.541459 0.6622002
1.096028 1.526572 3.356317 0.09097765 0.4059839 0.8872297
0.9898771 2.125359 2.189093 0.08868282 0.4741297 0.652984
0.9789656 2.064944 2.413587 0.08650851 0.4666857 0.7192777
0.9392131 2.385413 1.877556 0.09781981 0.5745883 0.6595119
1.149698 1.340731 3.822898 0.09978578 0.4165622 1.033605
1.036092 1.892444 2.69925 0.09374112 0.4676994 0.8176416
0.8834288 2.628842 1.721611 0.08392848 0.5448077 0.5589855
1.131506 1.384399 3.53373 0.09924718 0.4204192 0.9566786
0.9699974 2.083694 2.474046 0.08934569 0.4907699 0.7789062
1.145952 1.222048 4.335187 0.1055976 0.4409215 1.244699
0.9710902 2.049259 2.599275 0.08649783 0.4736818 0.7963203
1.067479 1.707851 2.981021 0.09690218 0.4562317 0.8840025
0.9993545 1.989106 2.600647 0.08922025 0.4687215 0.7873963
0.8981661 2.544516 1.84944 0.09015812 0.5711314 0.6396227
1.063706 1.61164 3.507434 0.09022022 0.4256502 0.9902921
1.064056 1.661635 3.223527 0.09418426 0.4446872 0.9410084
0.9445288 2.33202 2.025422 0.07741684 0.4481331 0.5630877
0.9349831 2.343197 2.008611 0.08849841 0.5202205 0.6464111
1.006881 1.87682 2.7908 0.08284779 0.4236181 0.7687934
1.028153 1.948715 2.491222 0.07986022 0.399687 0.6377927
0.9088388 2.524457 1.860539 0.09998646 0.625038 0.7054869
0.970311 2.176349 2.242728 0.09127913 0.5058315 0.7167454
1.079856 1.680146 3.001633 0.09008482 0.4154234 0.809004
0.9401054 2.319009 2.077858 0.08427599 0.4914705 0.6357975
0.9140058 2.366519 2.051919 0.08439878 0.5106563 0.6496181
1.108931 1.480532 3.544989 0.09894921 0.4370908 1.013334
0.8692412 2.691669 1.675218 0.08231622 0.5484946 0.5430898
0.986422 2.138 2.19173 0.08470383 0.4552031 0.6280448
0.9180731 2.395093 2.04617 0.07930127 0.4803063 0.6094796
0.9935533 2.013286 2.572354 0.08570774 0.4540472 0.753556
1.198149 1.086121 4.735148 0.1058045 0.4156416 1.267594
1.070296 1.709093 2.873679 0.08897126 0.4144045 0.7692823
1.043531 1.74641 2.897818 0.08932738 0.4310065 0.8101316
1.007906 1.969483 2.640309 0.08876808 0.4608798 0.7872547
0.9089148 2.592529 1.651229 0.09275809 0.5790029 0.5673167
1.033651 1.847221 2.745677 0.08618329 0.4255534 0.7559586
1.063183 1.624875 3.224006 0.08476922 0.3954672 0.8339369
0.8532664 2.825072 1.52909 0.07394651 0.5083988 0.4481345
1.029435 1.801319 2.989385 0.0846652 0.4203878 0.8235881
0.9847736 2.07121 2.441649 0.09307218 0.5018327 0.7841819
0.9057549 2.45976 1.988694 0.07212612 0.445454 0.5449572
0.9799189 2.116089 2.312474 0.07975773 0.4310218 0.6325563
1.058885 1.67302 3.278578 0.0940957 0.4489146 0.9707848
0.965866 2.200796 2.245431 0.09017075 0.5048336 0.7165481
1.02208 1.929999 2.529554 0.07948601 0.3990824 0.6474203
0.8493392 3.049573 1.225763 0.08754948 0.6210029 0.4166605
1.137018 1.220518 4.419364 0.09997531 0.4205703 1.213863
0.9808573 2.003177 2.563449 0.09265172 0.4969985 0.8204663
1.00148 2.009711 2.428954 0.08901537 0.4644969 0.7206806
1.055545 1.785143 2.728977 0.08770686 0.4183803 0.7355418
0.9526816 2.160116 2.306268 0.08163448 0.4587918 0.6710993
1.034544 1.849227 2.771118 0.0845249 0.4180528 0.7520042
1.193836 1.13847 4.368741 0.1108555 0.4378676 1.226981
0.8550939 2.904273 1.468394 0.09530392 0.6665035 0.557413
1.057721 1.709658 2.810351 0.09018629 0.4241926 0.7668208
1.079162 1.6107 2.919162 0.08497201 0.3834288 0.7169467
1.079628 1.636356 2.865704 0.09301053 0.4228703 0.7761045
0.8696456 2.774627 1.573313 0.0910436 0.6132042 0.5607954
1.060906 1.818367 2.525371 0.08808288 0.4163941 0.6691687
0.9678194 2.197981 2.174321 0.0922048 0.5124588 0.6998396
1.042009 1.774107 2.847325 0.08287089 0.4009918 0.7407107
1.12179 1.297974 4.382315 0.0986064 0.4267998 1.238238
1.082962 1.649967 3.082761 0.08518592 0.3894338 0.7804199
0.9799877 2.037479 2.417917 0.08188797 0.4383977 0.6775846
1.086472 1.515773 3.495385 0.09424297 0.4265047 0.9765674
1.057923 1.774791 2.729481 0.08949451 0.4251219 0.7466305
1.089615 1.613143 3.07621 0.09745509 0.4419205 0.8800895
1.099685 1.53522 3.404515 0.09325385 0.4171439 0.929084
1.016468 1.982597 2.356627 0.08485284 0.43102 0.6451026
0.9150081 2.427996 2.026826 0.08751735 0.5357256 0.6703744
0.9275685 2.471345 1.85226 0.08477963 0.511081 0.5758166
0.8760112 2.807754 1.482391 0.08237225 0.5495626 0.4683482
0.945908 2.253774 2.062032 0.08296038 0.473205 0.6074281
1.143508 1.348065 3.809301 0.09254175 0.3871947 0.957333
1.078812 1.633338 3.279508 0.09724716 0.4513307 0.9714724
1.145461 1.298654 3.819385 0.1017792 0.4231977 1.040973
0.9981838 2.031173 2.380174 0.08957018 0.4699133 0.7121669
0.9751898 2.155909 2.340682 0.0890785 0.4906894 0.7302241
1.130554 1.352448 3.771978 0.09676774 0.4108806 1.005656
0.7727868 3.473677 1.086059 0.1021244 0.8516556 0.4737606
1.192779 1.119143 4.615148 0.1085561 0.4305373 1.283662
0.9878748 2.057844 2.401423 0.0898738 0.480237 0.7361469
1.028759 1.873478 2.860358 0.09133489 0.4597962 0.8589322
1.004149 2.039162 2.361998 0.08966175 0.4676714 0.7022881
0.8735269 2.682926 1.59639 0.0855319 0.5643467 0.5295901
1.074821 1.717537 2.81784 0.09445524 0.4386365 0.7958862
1.089025 1.651994 2.992216 0.09149565 0.4157096 0.8041973
0.978504 2.014881 2.588362 0.08562345 0.4615668 0.7719103
0.9265277 2.41902 1.9235 0.0838952 0.5025506 0.5925257
1.21335 1.02372 4.476993 0.1104759 0.4209633 1.182728
1.063132 1.750166 2.959943 0.08393854 0.3973996 0.7660036
0.9425627 2.190011 2.384341 0.08427489 0.4845185 0.73651
1.101962 1.479697 3.602356 0.09805676 0.4367714 1.032098
0.8603605 2.660528 1.810147 0.08536158 0.5764817 0.625157
0.8966317 2.619784 1.746712 0.08020633 0.5119538 0.5344687
0.9715648 1.980302 2.794948 0.08845377 0.4813886 0.8787531
1.071308 1.626702 3.202509 0.09656805 0.4496583 0.9413674
1.351156 0.5075502 6.943833 0.1312369 0.4406539 1.820118
1.159339 1.297105 3.968637 0.1042056 0.4304809 1.10817
0.9143919 2.490693 1.856746 0.1038465 0.6407633 0.7225976
1.042161 1.719381 3.083519 0.09448256 0.4589196 0.9265268
0.9263669 2.577536 1.622865 0.09867444 0.6020266 0.578844
0.9627591 2.258954 2.021195 0.08421675 0.4720533 0.5927865
1.043343 1.670911 3.350927 0.0842037 0.4067308 0.9019087
1.016184 1.917008 2.720904 0.08680827 0.4432289 0.782799
0.8736785 2.744057 1.586477 0.07941183 0.5278998 0.4888785
1.068229 1.600212 3.202169 0.09620866 0.446196 0.9302103
0.886999 2.62873 1.777911 0.07236983 0.4675312 0.4981482
1.000572 1.962733 2.678358 0.0851678 0.4452788 0.7737683
0.9638955 2.224737 2.248663 0.0852918 0.4796415 0.6811153
0.9751063 2.105789 2.307525 0.08798549 0.4788083 0.7010956
0.9879995 2.060606 2.300467 0.08464288 0.4487836 0.6540265
1.034508 1.850391 2.679554 0.09367529 0.4629108 0.7997835
0.9789003 2.10648 2.322147 0.09235051 0.5018812 0.740404
0.9800278 2.119983 2.328878 0.0905778 0.4933561 0.7308484
0.9923574 2.06565 2.423328 0.08656463 0.4612982 0.7150923
0.964766 2.102691 2.446924 0.08423122 0.4654516 0.7292595
0.961559 2.272177 2.035954 0.08979946 0.506665 0.6411417
0.9609037 2.24625 2.131063 0.08633688 0.4864606 0.6489948
1.001289 1.976718 2.502338 0.0892585 0.4643028 0.7450672
0.9847106 2.076818 2.351847 0.08663939 0.4641983 0.6941713
1.008019 1.919094 2.868827 0.08723752 0.4524243 0.8500291
0.9924095 2.02549 2.579167 0.08397342 0.4464126 0.7434806
1.005871 2.005517 2.382325 0.08502198 0.4390101 0.6653302
0.8796231 2.610658 1.873973 0.07357017 0.4807695 0.5448655
0.9226151 2.574385 1.670734 0.08730559 0.5348242 0.5320595
1.084434 1.552155 3.356416 0.09654676 0.4391734 0.9626218
0.8663894 2.770215 1.636982 0.08276694 0.5603552 0.5366738
1.134888 1.486956 3.238992 0.09801938 0.417734 0.8706522
1.006468 1.98571 2.586456 0.08936803 0.4651103 0.7757897
1.056849 1.700147 3.10841 0.09272792 0.4422639 0.9000536
0.9936224 2.097628 2.325395 0.09279153 0.4953697 0.7314056
1.061969 1.72025 3.045695 0.09649717 0.4595904 0.9150555
1.008718 2.005045 2.451643 0.08875205 0.4598959 0.721489
0.9408494 2.423795 1.824005 0.08953937 0.5263448 0.5836018
0.960885 2.277332 2.124022 0.08672465 0.4913711 0.652177
1.043853 1.911143 2.44351 0.09307548 0.4563321 0.710154
0.9277902 2.305002 2.02097 0.08672652 0.5096502 0.6383337
0.796029 3.271639 1.219448 0.09105626 0.7186119 0.4674986
0.8513996 2.820404 1.583748 0.0796973 0.5526222 0.5076795
1.114849 1.417807 3.510168 0.09935939 0.430101 0.9761001
0.9758074 2.181411 2.041708 0.08774979 0.4775504 0.6064203
1.105114 1.38888 3.866143 0.0965991 0.424665 1.076663
1.087833 1.576487 3.243967 0.09022101 0.4079447 0.8611375
1.147357 1.426902 3.444745 0.1025701 0.43144 0.9594709
1.111505 1.497131 3.406453 0.1002656 0.4411497 0.9775698
1.086172 1.514441 3.531555 0.09514939 0.431378 0.9995137
0.9554434 2.20346 2.251308 0.08046024 0.4535455 0.6450314
1.066795 1.612438 3.332956 0.09740717 0.4566025 1.000214
1.099311 1.515607 3.299661 0.09315441 0.4128973 0.8828692
0.9784661 2.132976 2.327919 0.07774511 0.4227564 0.6260032
0.8464329 2.924389 1.489625 0.08525968 0.6031693 0.5110948
0.8992413 2.517772 1.843152 0.08374414 0.5256927 0.5874118
1.077382 1.662102 2.96593 0.08833523 0.4055329 0.7770475
0.9702374 2.210907 2.120092 0.08607076 0.4765324 0.6325995
1.185707 1.227825 3.985682 0.1021888 0.4065349 1.038627
1.055266 1.741871 2.851365 0.09088766 0.4323174 0.796805
0.9967475 1.941399 2.695422 0.08890793 0.4650862 0.8125251
1.048876 1.773834 2.762395 0.09316052 0.4478215 0.797442
0.9826159 2.15954 2.251004 0.08505901 0.4622841 0.657461
1.042091 1.683592 3.128999 0.09319425 0.4498738 0.9212088
1.046462 1.740113 2.977438 0.08622965 0.4156257 0.8071276
1.034783 1.818185 2.811169 0.09236284 0.4555624 0.8307704
0.9991234 2.002321 2.553235 0.09374114 0.4940051 0.8129371
0.9241067 2.440547 1.96043 0.08772627 0.5313761 0.6399723
0.9018554 2.519687 1.859908 0.08306205 0.5202448 0.587142
0.9675577 2.384847 1.722853 0.08669522 0.4877549 0.507429
0.9658139 2.142271 2.373736 0.08997166 0.5006839 0.7580421
1.044808 1.719316 3.207988 0.09628536 0.469425 0.9933286
0.993585 2.170798 2.020649 0.09121065 0.4860442 0.6097244
0.9243032 2.371927 1.954795 0.08345893 0.4968701 0.597703
1.173386 1.278422 3.666023 0.09730223 0.3893138 0.9075855
1.019388 1.90217 2.735651 0.08458041 0.4284067 0.7601484
1.047413 1.596745 3.605214 0.08929811 0.4281052 1.02706
1.035181 1.793262 2.796759 0.09902489 0.4866721 0.8809214
1.141757 1.364083 3.760865 0.09608081 0.4044553 0.9883859
1.203604 1.054536 4.545205 0.1078845 0.4174375 1.203712
0.9946967 2.000368 2.548794 0.08877169 0.4685295 0.7690585
1.090539 1.582485 3.062122 0.09033172 0.4048272 0.7989158
0.9816491 2.065639 2.421922 0.08084779 0.4343455 0.6726655
0.9415957 2.203628 2.423702 0.08440072 0.4883694 0.7568246
1.020883 1.922873 2.496386 0.08837861 0.4447729 0.709948
1.156977 1.237902 3.861838 0.09830628 0.3992651 0.9834235
1.158653 1.254645 4.14894 0.1032525 0.4259451 1.148342
1.069226 1.779565 2.739296 0.09231119 0.4349444 0.7674045
0.8524972 3.027674 1.261094 0.08460698 0.5963826 0.4141033
1.097 1.548666 3.332149 0.09398656 0.4214005 0.9158868
1.012438 1.934654 2.714918 0.08827595 0.4539417 0.7994914
1.031249 1.896948 2.668544 0.08900251 0.4449017 0.7673068
1.096736 1.493811 3.579039 0.09792282 0.4391813 1.031734
1.019939 1.952874 2.493441 0.08950835 0.4543612 0.7256569
0.8943295 2.666077 1.66582 0.0859425 0.5531021 0.5447347
0.8897442 2.620442 1.732474 0.08780357 0.5657237 0.5847918
0.9539302 2.272053 2.027081 0.08525971 0.4832843 0.6078289
0.9520137 2.203022 2.300489 0.08969933 0.511082 0.7456717
1.133524 1.351467 3.852086 0.09718588 0.4127138 1.035528
0.9431947 2.351129 1.947645 0.08307643 0.4820702 0.5780017
1.14157 1.225637 4.105968 0.107595 0.4485205 1.188017
1.044153 1.804797 2.860986 0.09248218 0.4516572 0.8400877
1.191637 1.228925 3.872452 0.1019652 0.4019446 0.9923392
0.8926609 2.631105 1.765904 0.09046606 0.5844575 0.6176364
1.137163 1.2752 4.148056 0.09749051 0.4103628 1.109329
0.949773 2.351265 1.82223 0.08203666 0.4687255 0.5203608
0.8591763 2.70058 1.723892 0.07758675 0.5244883 0.5360214
1.127379 1.452759 3.578729 0.09245588 0.3980024 0.9289256
0.8767662 2.73636 1.692886 0.07447609 0.4947338 0.4937016
0.9691669 2.076416 2.469124 0.08900461 0.4883705 0.7731976
0.9627112 2.053856 2.690313 0.09293677 0.517436 0.9054474
0.9790604 2.023967 2.534196 0.09144072 0.4928793 0.8034964
0.9829777 2.079916 2.317878 0.08235466 0.4408616 0.6485219
0.9080454 2.480594 1.866086 0.08703632 0.5381994 0.6112443
1.027446 1.834818 2.855846 0.08763023 0.4371679 0.8133052
0.86231 2.848792 1.5095 0.08891277 0.6094427 0.5278238
1.1104 1.477448 3.424805 0.09279593 0.4056348 0.9016889
1.012206 1.991381 2.310282 0.08536315 0.4353165 0.6367078
0.9750406 2.105232 2.352348 0.09071711 0.4951993 0.7413667
1.006834 1.94799 2.575492 0.08108458 0.4170656 0.6922403
1.095018 1.573912 3.24716 0.09908781 0.4469168 0.9448123
1.182187 1.14377 4.665571 0.1003051 0.4020104 1.219272
0.9299767 2.404812 1.900365 0.09418448 0.5613229 0.6528041
1.044161 1.706765 3.105794 0.08538271 0.4114258 0.8369219
1.03909 1.75907 3.005592 0.08926307 0.4362739 0.8575981
1.090654 1.596384 3.051253 0.09269081 0.4168444 0.8203395
0.9837741 1.930783 2.883714 0.09078212 0.4853964 0.9183682
1.013571 1.845141 2.861189 0.0906788 0.4603641 0.85843
0.9536705 2.188191 2.323893 0.09248285 0.5256543 0.7763557
1.031498 1.74361 3.311136 0.09766434 0.4873114 1.072435
1.056334 1.682034 3.079642 0.08944469 0.4237029 0.8509133
1.165274 1.263052 3.995601 0.09479832 0.3849601 0.9918342
1.094539 1.472602 3.5263 0.0969138 0.4326685 0.9959733
1.205242 1.104607 4.559549 0.102877 0.400266 1.171115
1.01269 1.972159 2.555012 0.08552698 0.4396315 0.7227284
0.9941421 2.046297 2.413072 0.09375985 0.4969401 0.765096
1.021782 1.980408 2.455161 0.09098551 0.4631143 0.7270648
1.018404 1.826485 3.016954 0.08089105 0.407535 0.8073439
1.060135 1.623862 3.426005 0.08765486 0.4138292 0.9367382
1.014437 1.849728 2.80897 0.08470512 0.42812 0.7819336
1.116738 1.343457 4.119286 0.1003008 0.4367533 1.185733
1.042334 1.74538 2.984241 0.09887607 0.4815966 0.9375004
0.9793796 2.211711 2.128769 0.07591937 0.4142197 0.5523839
0.9596711 2.105737 2.486082 0.08744521 0.488051 0.7792921
0.9426689 2.252333 2.2895 0.0816007 0.4729711 0.6859275
0.9777164 2.069419 2.504066 0.1006187 0.5494241 0.884268
0.8865021 2.661952 1.765261 0.08613914 0.5624964 0.5922479
1.053802 1.739998 3.071519 0.09298256 0.4476667 0.900677
0.8898374 2.63678 1.815294 0.09260164 0.6029023 0.6572186
1.016954 1.971052 2.415146 0.08670716 0.4407768 0.6785345
1.036305 1.807201 2.79696 0.09028472 0.4438527 0.8056861
0.9887699 2.003868 2.471445 0.07979086 0.4203625 0.6653632
0.9625268 2.191788 2.242642 0.08134419 0.4544643 0.6442835
0.9122672 2.468982 2.045962 0.08083823 0.5007559 0.6331945
1.277784 0.7962485 5.606054 0.1172399 0.4208882 1.462986
0.9334893 2.27348 2.348727 0.07801912 0.4590434 0.6848256
0.9743883 2.182876 2.241603 0.08185109 0.4499142 0.6364865
1.035326 1.798531 2.947765 0.08457886 0.4159703 0.8006336
1.18632 1.190878 4.002561 0.09904564 0.3901465 0.9934998
0.9543041 2.121636 2.424516 0.09103113 0.5115709 0.7929998
1.09939 1.488746 3.650959 0.09799244 0.4391858 1.055817
0.9958694 2.036253 2.521489 0.08882559 0.4713413 0.7647755
1.141198 1.408709 3.500256 0.09948407 0.4190531 0.9459604
0.9227184 2.467436 1.897014 0.0845241 0.5133501 0.5947378
1.0415 1.789277 2.908182 0.08069458 0.3921734 0.7428252
1.121274 1.389446 3.75076 0.09755698 0.4210517 1.030266
0.9333205 2.353715 2.01626 0.0858279 0.5064107 0.6319597
0.9665285 2.184755 2.202101 0.09249503 0.5143619 0.7131567
0.9488256 2.297283 2.021253 0.09019318 0.5179109 0.6491443
0.9687683 2.233976 2.027248 0.08116759 0.4480593 0.563698
1.034914 1.785599 3.001382 0.09439588 0.4668617 0.9178502
1.25194 0.8415787 5.317027 0.1147322 0.420471 1.388193
1.005908 1.916484 2.743492 0.07892771 0.4050131 0.7207222
1.016021 1.826359 2.979877 0.09577474 0.4872172 0.952995
0.8889709 2.531508 1.98398 0.09326704 0.600844 0.7301788
1.038151 1.959103 2.321885 0.08955236 0.442638 0.6502148
1.023454 1.862 2.722589 0.09527685 0.4785507 0.8428986
1.107907 1.369046 4.108168 0.09753833 0.4297554 1.167795
1.054571 1.752881 2.872363 0.09082127 0.434288 0.8090624
0.8776379 2.683087 1.758425 0.07787572 0.514372 0.5384867
0.8779023 2.759879 1.604366 0.08013676 0.5331894 0.5000084
0.9034169 2.570712 1.808733 0.07886047 0.49625 0.5411376
0.9049897 2.548851 1.790624 0.08111446 0.5072334 0.547533
0.8738837 2.822902 1.444682 0.08032497 0.5370927 0.443951
0.9712459 2.151902 2.172134 0.08412009 0.4602346 0.6285072
0.8627226 2.728584 1.722599 0.0789187 0.5352723 0.5460636
0.9020882 2.582824 1.742563 0.08722376 0.5501892 0.5740149
1.012299 1.987458 2.382226 0.09044423 0.4632037 0.7015277
1.027545 1.968218 2.429223 0.08980131 0.451844 0.6995776
1.005497 1.926361 2.838849 0.08863627 0.4611871 0.8559699
1.041404 1.787222 2.962293 0.09296776 0.455881 0.8825552
1.040733 1.704729 3.168351 0.09013287 0.4380376 0.9125149
1.050115 1.779531 2.863799 0.08818765 0.4251703 0.7906664
1.191865 0.9796511 5.195025 0.1136889 0.4482552 1.493053
1.043685 1.868416 2.631544 0.08888954 0.4353199 0.737592
1.092527 1.509469 3.658351 0.09254706 0.4182473 1.010427
0.8026732 3.280425 1.166639 0.08995144 0.7015951 0.4334846
0.9603589 2.101593 2.567508 0.08546533 0.4778504 0.792355
0.9660586 2.192379 2.146841 0.08798784 0.4878208 0.6563669
1.019084 2.060409 2.210697 0.08854874 0.4530922 0.6302912
1.096573 1.550277 3.190862 0.09802815 0.4383627 0.9058403
0.9562037 2.157603 2.396954 0.08082939 0.4547144 0.6962213
1.06327 1.777257 2.732969 0.09965303 0.4733067 0.8327041
0.9926326 2.140123 2.184973 0.08926557 0.477367 0.6560214
1.051426 1.899016 2.452678 0.08630593 0.4177139 0.6525258
1.269716 0.7703228 5.744757 0.1153651 0.4158596 1.476854
1.175264 1.182953 4.333526 0.09849012 0.3955962 1.106609
0.9076054 2.561921 1.773856 0.09816048 0.6155503 0.6561297
0.9998387 1.962856 2.684896 0.09491028 0.4982093 0.8672776
1.166472 1.210779 4.052753 0.1000492 0.4039016 1.048757
1.06399 1.563739 3.681775 0.09331734 0.4390036 1.075363
0.9387389 2.429758 1.76711 0.08455535 0.4959038 0.5298114
1.100023 1.503654 3.276014 0.09246615 0.407974 0.8635732
1.055994 1.641472 3.226179 0.09510567 0.4510173 0.9537306
1.021266 1.857863 2.759753 0.09304084 0.4683684 0.8380181
1.061247 1.686735 3.105608 0.09480693 0.4490031 0.911078
0.9309952 2.345524 1.95477 0.08253576 0.4847748 0.5836252
1.088804 1.538522 3.40434 0.09391044 0.4245593 0.9450247
0.9190924 2.509242 1.693878 0.08846467 0.5378268 0.545564
0.9309013 2.234559 2.362787 0.07876974 0.461771 0.6946337
0.9116307 2.482859 1.887032 0.08841527 0.5450329 0.626296
0.9490199 2.3138 2.117018 0.08788615 0.5093128 0.6739044
1.068054 1.55277 3.44 0.09399438 0.4355175 0.9830865
1.08405 1.668848 3.002621 0.09349361 0.4293779 0.8362183
0.9899274 2.081076 2.173512 0.09025114 0.4776518 0.6519298
1.02937 1.993417 2.268153 0.08404857 0.4197846 0.6006155
0.9470805 2.267752 2.150683 0.08130749 0.4665958 0.6287768
0.921981 2.417165 2.073336 0.09646445 0.5879058 0.7558293
1.128735 1.367283 3.86688 0.1001039 0.4292849 1.085013
0.7013024 4.072004 0.8324327 0.0964566 0.9556902 0.3652604
1.17904 1.206596 4.271121 0.1055905 0.4256946 1.176856
1.03927 1.853233 2.685601 0.09678131 0.4771602 0.8270071
1.171638 1.158422 4.540181 0.1069824 0.4342348 1.27953
1.020886 1.84343 2.811085 0.08618681 0.4326662 0.7909119
1.051594 1.736418 2.866455 0.08347697 0.397038 0.7365693
1.044041 1.775963 2.845722 0.08107288 0.3903936 0.7192848
0.9710818 2.167404 2.375935 0.08667773 0.48154 0.7296358
1.141571 1.357466 3.504582 0.09599495 0.3993974 0.8956392
0.9697097 2.156678 2.340085 0.08675081 0.4807187 0.7157388
1.006877 1.925648 2.616011 0.07855555 0.4021134 0.6789073
1.092446 1.590369 3.251423 0.09768685 0.4430363 0.9398161
1.011395 1.980809 2.431149 0.07918266 0.4044529 0.6277513
0.9252469 2.267794 2.30126 0.08567853 0.5088461 0.7417698
1.094005 1.537417 3.389672 0.09309997 0.4183478 0.9265025
0.9197619 2.322134 2.244348 0.08185888 0.492649 0.6967983
1.052681 1.715339 3.15685 0.08914699 0.4283837 0.8888102
1.079441 1.562528 3.419305 0.09070878 0.4156361 0.9329785
1.100781 1.561752 3.161619 0.1009537 0.4505825 0.9219235
0.9810954 2.029547 2.588112 0.08284388 0.4462025 0.7464313
1.056736 1.823433 2.771454 0.08931783 0.4300226 0.7713021
1.03485 1.896774 2.515668 0.08865778 0.4380245 0.7048314
0.7592941 3.629259 0.9762189 0.09538079 0.8228873 0.398162
0.9409376 2.386405 1.848543 0.07750702 0.4510888 0.5093061
1.123688 1.424088 3.651044 0.09466988 0.4082583 0.9720032
0.9510292 2.186799 2.398483 0.09238603 0.5277194 0.8075086
0.9455845 2.298144 2.081285 0.09305313 0.5388151 0.6987465
0.9350813 2.346692 2.06494 0.08521677 0.5025175 0.644953
1.027642 1.834971 2.939406 0.1010157 0.5084948 0.9786946
0.7899282 3.325144 1.157154 0.08337215 0.6643533 0.404386
1.023701 1.866881 2.626843 0.08677923 0.432473 0.7304016
0.850978 2.89756 1.567527 0.08338906 0.5875514 0.5298786
0.9899039 2.037264 2.533856 0.08559033 0.456391 0.7442145
1.049788 1.797496 2.872242 0.08738908 0.4229827 0.7901058
0.9440633 2.244204 2.208898 0.08450024 0.4866991 0.6771806
0.9960331 1.883899 2.878246 0.08711112 0.4541987 0.8554055
1.020538 1.862963 2.729369 0.09146308 0.4605694 0.8140744
0.9423243 2.250543 2.259409 0.07755976 0.4483627 0.6409012
0.8518042 2.82973 1.595503 0.08134869 0.5654842 0.5234117
0.9372021 2.347657 1.970641 0.08953373 0.5246323 0.6376928
1.000941 1.957228 2.435136 0.09076735 0.4686008 0.7273815
1.033186 1.723804 3.065834 0.08881991 0.4340474 0.8701741
1.045074 1.710335 3.062428 0.09053092 0.4364916 0.8735576
0.8776234 2.694278 1.589342 0.09122625 0.6001205 0.5590775
1.022313 1.745554 3.222614 0.07762037 0.3852282 0.8201987
0.9873865 2.111932 2.359106 0.08866123 0.4784702 0.7190982
1.026411 1.877636 2.681493 0.09299735 0.4661118 0.8074007
1.06115 1.58469 3.767437 0.09882408 0.4710332 1.189002
1.029512 1.742174 3.239381 0.09266903 0.4610415 0.9888524
1.056177 1.778435 2.708202 0.08254353 0.3908178 0.6796554
1.071514 1.670255 3.025583 0.09330429 0.4343501 0.8537405
0.9886067 2.116901 2.319721 0.08863861 0.4769473 0.7025609
0.9153632 2.536765 1.820742 0.09078666 0.5621688 0.6185633
1.13574 1.245594 4.232406 0.09936917 0.4178233 1.150363
0.9843295 2.032319 2.565832 0.09080995 0.4885493 0.8085992
1.086325 1.568361 3.323491 0.0925049 0.4201863 0.912284
0.8553204 2.863866 1.519758 0.0806387 0.5589136 0.487859
0.9113501 2.511549 1.737631 0.07992076 0.4904267 0.5124872
0.9216582 2.281797 2.214785 0.09280637 0.553779 0.77195
0.8949794 2.521235 1.936556 0.0898499 0.5714233 0.6756364
1.003568 1.921936 2.755824 0.09150574 0.4753805 0.8520358
1.182005 1.189583 4.143217 0.1044804 0.4165244 1.106167
0.9852909 2.084462 2.428109 0.0838839 0.4514849 0.7013074
1.102481 1.470288 3.525508 0.09467667 0.4185069 0.9620661
0.9954868 1.849908 3.071859 0.09171424 0.4801336 0.9746544
1.060787 1.679109 3.087669 0.08929121 0.4211494 0.8485689
1.073162 1.612374 3.19834 0.08947084 0.4125662 0.8599269
1.008434 1.955785 2.616937 0.08721193 0.4502118 0.7604006
1.018825 2.028882 2.429821 0.07669658 0.3920576 0.6086993
0.9685219 2.195273 2.182934 0.08940577 0.4966729 0.6822267
1.077293 1.602991 3.157386 0.08907743 0.4074446 0.8354284
0.8245703 3.028488 1.349076 0.08325101 0.611073 0.4580495
0.8003488 3.243156 1.237302 0.09290223 0.7263115 0.481715
0.9766677 2.016515 2.601162 0.09020794 0.4883695 0.8210965
0.9488782 2.307223 2.050202 0.086939 0.5001147 0.6366528
1.243151 1.040738 4.396531 0.1083092 0.4019651 1.109263
0.9230529 2.336248 2.133147 0.08996007 0.5394518 0.7191503
0.8436339 2.900143 1.523953 0.08820274 0.6257977 0.5459406
1.070511 1.692683 3.104066 0.08311291 0.3886595 0.789759
1.136887 1.297814 4.030209 0.1002676 0.4232897 1.110965
1.006234 1.885938 2.791633 0.09232629 0.4757397 0.8646043
1.017063 1.956449 2.502252 0.08408625 0.4274024 0.6853568
1.008602 1.959916 2.571674 0.08300257 0.4272697 0.7077406
0.9678414 2.149172 2.256215 0.08003148 0.4401808 0.62804
0.7919616 3.372834 1.120921 0.09159718 0.7338125 0.4286604
0.9650056 2.093497 2.511893 0.08584135 0.4755295 0.7686129
0.9650404 2.127354 2.354983 0.08789763 0.4870547 0.7305299
0.7915634 3.429483 1.109055 0.09059232 0.7322268 0.4196127
1.079337 1.572694 3.390033 0.09585309 0.4410123 0.9816454
0.8647869 2.803436 1.591099 0.07326744 0.4974044 0.4603081
1.04494 1.711368 3.042461 0.09705849 0.4690126 0.9314538
0.8372266 3.136105 1.183109 0.07961554 0.5783208 0.3689498
1.112177 1.479442 3.383357 0.09385926 0.4093261 0.897074
1.095073 1.591414 3.281724 0.09421309 0.4265282 0.9156981
1.044012 1.789571 2.760716 0.09038566 0.4373895 0.7790443
0.932524 2.315795 2.180977 0.08021811 0.4735945 0.648434
0.9254618 2.424953 1.963715 0.07740776 0.4649814 0.5617482
1.026014 1.761544 2.868195 0.09315419 0.4595224 0.8550227
0.9068265 2.719833 1.58642 0.09227586 0.5898841 0.5471801
1.220434 1.066728 4.129703 0.101526 0.3810548 0.9805536
1.016257 1.873765 2.864592 0.08985716 0.4577523 0.8561982
1.022565 1.905257 2.597925 0.09828617 0.4965811 0.8301821
0.9190416 2.565723 1.557792 0.08838888 0.538721 0.4947944
1.031549 1.898706 2.626494 0.09125738 0.4556661 0.7713328
0.9846809 2.097662 2.171103 0.07827823 0.4152104 0.5656502
1.14605 1.255449 4.52827 0.09678424 0.4076022 1.220332
1.085164 1.640982 3.044619 0.09225364 0.4216393 0.8331777
1.013683 1.864629 2.66551 0.1006712 0.510498 0.8771908
0.9693625 2.180155 2.203938 0.08076734 0.4456526 0.6190805
1.14279 1.304054 4.277009 0.09628962 0.4068952 1.146238
1.12748 1.320313 3.94738 0.1058324 0.4527033 1.164211
0.9788831 1.968225 2.695303 0.0940172 0.5056772 0.8853488
1.17679 1.211775 4.107239 0.1044588 0.4200657 1.109975
0.8777381 2.587634 1.825429 0.08839559 0.5782912 0.6372261
0.9950467 2.01383 2.410919 0.08140742 0.426107 0.6555089
0.9545213 2.30481 2.047345 0.08706451 0.497971 0.6334771
0.9743299 2.031563 2.465231 0.08704836 0.4703775 0.7432961
0.9706919 2.234037 2.084714 0.08447391 0.4681332 0.6088553
1.223024 1.039652 4.218324 0.1066438 0.3996672 1.04819
1.049524 1.735087 2.98332 0.09229705 0.4444439 0.864679
1.007296 1.873464 2.708137 0.08733483 0.4454796 0.7805554
0.8928458 2.572604 1.828743 0.08281757 0.528903 0.5836826
0.8237822 2.970876 1.593806 0.1000706 0.7424746 0.6769486
0.9624758 2.161286 2.303258 0.07481817 0.4147891 0.6061881
1.061389 1.740858 2.887362 0.09678131 0.459743 0.8604304
1.023526 1.796161 2.975678 0.08385835 0.4180647 0.8145033
1.005112 1.905262 2.714814 0.08974908 0.4625103 0.8137985
1.100124 1.622813 2.811262 0.09093571 0.4023766 0.7202383
0.8883692 2.634629 1.672452 0.07835314 0.5035325 0.4995179
0.8299085 3.119538 1.255233 0.08230942 0.6066156 0.4152637
1.007498 1.796447 3.006316 0.08849478 0.4501978 0.8877377
0.956213 2.184939 2.315618 0.08288493 0.467366 0.6872202
0.9162004 2.618274 1.701543 0.09377812 0.5860556 0.5936147
1.039101 1.681316 3.300712 0.09152929 0.4457498 0.9718505
1.094934 1.543484 3.419255 0.1032996 0.4672193 1.04678
0.9766754 2.105511 2.435864 0.08119807 0.4428987 0.6909977
0.9992228 1.992987 2.581031 0.08446555 0.4428839 0.737606
1.084249 1.541351 3.442996 0.100237 0.4575899 1.033044
0.8830657 2.786927 1.454957 0.0902918 0.5964378 0.499191
0.9823032 1.997808 2.563073 0.08417367 0.448907 0.7411474
1.133977 1.419853 3.566643 0.09392458 0.3993119 0.9238042
1.095222 1.512355 3.45018 0.09686481 0.4342315 0.9787168
0.9523224 2.239066 2.226146 0.0888878 0.5078231 0.7126497
1.024871 1.85954 2.609731 0.08898205 0.4427814 0.7425042
1.068711 1.629171 3.141378 0.09598482 0.4469668 0.9147414
0.8781101 2.643347 1.726874 0.08019706 0.5252014 0.5405368
1.007449 1.957092 2.604053 0.0889457 0.4595694 0.771389
0.9165319 2.433573 1.891177 0.08503026 0.5159121 0.596164
1.175244 1.244187 3.788002 0.1006588 0.4021477 0.9693125
1.016531 1.851053 2.822694 0.08753932 0.4433039 0.8156991
0.9203562 2.461835 1.946384 0.08685706 0.5298986 0.6321158
1.046289 1.739532 3.013467 0.08806208 0.4249254 0.835641
0.9264782 2.410051 1.892148 0.07416687 0.4412293 0.5112992
0.9554215 2.217553 2.221221 0.08833055 0.5005283 0.7009594
0.8767417 2.650728 1.780527 0.08490606 0.5599974 0.5961052
0.9047316 2.44824 1.973371 0.0921402 0.5726374 0.6947423
0.9056487 2.717317 1.39944 0.0778074 0.4886483 0.3927729
1.031653 1.830981 2.820896 0.0987898 0.491804 0.9016126
0.975208 2.143886 2.304791 0.09606547 0.5282528 0.7723585
1.220564 1.059347 4.634263 0.1071812 0.4097733 1.209996
0.9274534 2.266424 2.408378 0.08000907 0.4759011 0.7321744
0.964778 2.13154 2.460038 0.08992254 0.5019505 0.7920935
1.041981 1.854669 2.682945 0.09467918 0.4651608 0.8051915
1.122473 1.416317 3.941624 0.0997885 0.436024 1.136492
1.070398 1.675707 2.909163 0.09004422 0.4172407 0.7834266
0.9682395 2.138005 2.356208 0.09595322 0.5323581 0.7986619
0.8791614 2.581747 1.844723 0.08374231 0.5458398 0.6087375
1.050884 1.770416 2.869086 0.0866045 0.4160134 0.7745646
0.9597463 2.136192 2.352348 0.08186447 0.4558598 0.6829492
0.8774265 2.725938 1.566276 0.07560689 0.4982081 0.4561337
0.8778326 2.820306 1.459093 0.09002635 0.6021764 0.5040198
0.9979386 2.027669 2.422531 0.08877561 0.4666917 0.7223385
1.034844 1.891668 2.645207 0.09194851 0.4569704 0.7790066
0.8010335 3.235762 1.239406 0.07971498 0.620259 0.4126572
1.204183 1.137114 3.958532 0.1067097 0.4107736 1.021418
0.9238742 2.310091 2.038754 0.08210938 0.4849301 0.6136506
1.030693 1.744973 3.246703 0.08946265 0.4443483 0.9558923
1.028784 1.835215 2.815304 0.09070165 0.4515596 0.8258147
0.9251443 2.320228 2.282544 0.08360093 0.5005648 0.72104
1.143849 1.391192 3.527394 0.1002658 0.4206687 0.9563774
1.043987 1.827862 2.777062 0.08598176 0.4193637 0.7547605
0.9714244 2.237117 2.005179 0.08176724 0.4504322 0.5600435
1.035594 1.807833 2.806859 0.09084724 0.446513 0.812568
1.035206 1.873374 2.756573 0.08862411 0.4406618 0.7883682
0.8545228 2.835188 1.577542 0.08080106 0.5589076 0.5098426
1.142636 1.385036 3.682675 0.09666779 0.4070319 0.9727278
1.116107 1.506915 3.233098 0.09960871 0.4339538 0.9047794
0.9381905 2.303507 2.148467 0.08919485 0.5224939 0.7027884
1.02002 1.800288 2.975805 0.09151596 0.4598104 0.8957509
1.054759 1.795303 2.725161 0.09343296 0.4479407 0.7863927
1.029542 1.868458 2.63533 0.08822902 0.4379537 0.7428711
1.003036 2.026444 2.410489 0.09482451 0.4966941 0.7644202
1.170104 1.306027 3.591334 0.1043733 0.4217075 0.9645109
1.004868 1.899571 2.67664 0.09560411 0.492564 0.8524475
1.028551 1.865461 2.856249 0.09182954 0.4615249 0.8602416
1.135136 1.374979 3.723895 0.09626314 0.4078139 0.985871
1.0722 1.667554 2.839264 0.08915329 0.4101259 0.7476557
0.9337048 2.307444 1.987033 0.07122655 0.4115381 0.5047455
1.013299 1.978666 2.590345 0.08983042 0.4635452 0.7740959
0.8435568 2.713155 1.766091 0.07083373 0.4884248 0.5121798
1.015685 1.922363 2.623114 0.08351306 0.4241801 0.7175245
1.009473 1.894157 2.747437 0.08687691 0.4449631 0.7939332
0.8972035 2.468061 2.100208 0.08329978 0.5268437 0.6864919
1.033046 1.847576 2.568019 0.08786354 0.4313677 0.7093536
1.00987 2.108145 2.133013 0.08235136 0.4266679 0.569748
1.086309 1.538486 3.403296 0.09803477 0.4453346 0.991483
0.9604621 2.232045 2.234068 0.09518103 0.5399361 0.7613493
0.9287641 2.385298 2.013167 0.07539763 0.4484039 0.5585145
1.032263 1.824387 2.718891 0.08926914 0.4394224 0.7707047
1.012846 1.884477 2.683377 0.08908503 0.4526453 0.7849266
0.9774489 2.008608 2.600723 0.08165757 0.4395736 0.7392548
0.9950422 1.845492 3.111141 0.08122339 0.4228787 0.8696608
1.068952 1.805768 2.60509 0.0908751 0.4272891 0.7115175
1.002858 2.054729 2.394771 0.08830794 0.4635019 0.7077394
1.06296 1.572534 3.399076 0.09516073 0.4449714 0.9937749
0.9280413 2.365534 1.9764 0.08475437 0.5030902 0.6134352
0.9408428 2.345387 1.928336 0.08479871 0.492577 0.5839883
0.9435559 2.348037 1.991714 0.08827463 0.5140053 0.6323908
1.263853 0.7681408 5.559781 0.1199207 0.4335479 1.480242
1.088298 1.643739 2.934605 0.09946571 0.4520422 0.8542
1.030929 1.826319 2.8958 0.08991855 0.4476038 0.8462341
1.065765 1.607124 3.398041 0.09972029 0.4690689 1.05075
0.8583689 2.766476 1.772667 0.08688913 0.5992164 0.6287626
0.9591914 2.154156 2.321016 0.08923661 0.499562 0.7364279
1.0915 1.617071 2.960991 0.08760284 0.3925228 0.7469581
1.11534 1.467825 3.415018 0.09242232 0.4009376 0.8867318
0.9954798 1.921625 2.866645 0.08534504 0.4478557 0.8401092
1.073148 1.592293 3.235057 0.09510929 0.4389565 0.9261352
0.8915403 2.639947 1.622092 0.09401468 0.6036419 0.5778621
1.026324 1.824882 2.71261 0.09118774 0.451999 0.7908961
1.12883 1.325175 3.978177 0.09636089 0.4102785 1.06444
0.9106962 2.513522 1.688381 0.09273039 0.5697324 0.5753169
0.9838324 1.989251 2.713204 0.09076 0.4873088 0.8597737
0.9250919 2.506469 1.898222 0.08304961 0.506748 0.5861916
1.256719 0.7800499 5.762755 0.1187828 0.4349656 1.556811
0.9717989 2.090864 2.318871 0.08851198 0.4822614 0.7101691
1.1332 1.346449 3.937026 0.09957272 0.4244617 1.092505
1.144567 1.266205 4.239392 0.1002244 0.4199758 1.162913
1.004046 2.082199 2.198896 0.08602387 0.4483244 0.6199858
1.100551 1.513447 3.458045 0.09305649 0.4144279 0.936589
1.03538 1.863812 2.674069 0.09059634 0.4478785 0.7724989
1.02243 1.942856 2.436349 0.08687466 0.4364567 0.6772795
0.967504 2.138243 2.405902 0.08328496 0.461159 0.7084591
0.7361847 3.783843 0.9050343 0.08601994 0.7788486 0.3392101
1.106235 1.473953 3.375306 0.09834074 0.4318157 0.9434388
1.091996 1.529394 3.587597 0.1019176 0.4637692 1.098202
1.142341 1.370157 3.557795 0.1025205 0.4298544 0.9840423
1.055741 1.712 3.047374 0.09498286 0.4537837 0.9028013
0.9668322 2.191521 2.119763 0.08147222 0.4499401 0.5973999
0.8837224 2.599944 1.788306 0.09072467 0.5894136 0.6333363
0.864096 2.783278 1.566946 0.09061296 0.6154033 0.5600866
0.9037493 2.628878 1.663126 0.09387256 0.5948376 0.5865706
1.241886 0.9325934 4.779468 0.1075914 0.395972 1.175255
1.053669 1.70612 2.940805 0.08617548 0.4082078 0.7781644
0.919752 2.522379 1.751509 0.07870496 0.4795665 0.5054002
1.073188 1.633689 3.458964 0.08665147 0.4051601 0.9287137
0.9760491 2.105756 2.398501 0.08969169 0.4904253 0.7514077
0.9440844 2.216832 2.357433 0.08827316 0.510102 0.7656215
0.891868 2.677695 1.593939 0.08278642 0.5319993 0.4973159
0.9671365 2.165713 2.233905 0.09103387 0.5048219 0.7121797
1.022567 1.957377 2.507596 0.08284073 0.4183768 0.6722474
0.9912152 2.034685 2.365807 0.09047428 0.4778708 0.7186167
1.095506 1.504145 3.439447 0.0869257 0.3865198 0.8667691
1.070029 1.644099 3.152078 0.09043949 0.4211038 0.8666409
0.866767 2.59038 1.826712 0.08669516 0.5727218 0.6297176
0.9661766 2.176746 2.126368 0.08823075 0.4869486 0.6480433
1.107141 1.515826 3.310008 0.09191933 0.4045943 0.8689941
1.016402 1.96814 2.506789 0.08686183 0.443183 0.7117798
0.9419435 2.352717 1.937341 0.07703483 0.4459881 0.5312434
0.9890453 2.113628 2.2455 0.08975219 0.4809365 0.6824335
1.204234 1.124639 4.46046 0.1104335 0.432366 1.238785
1.037135 1.831193 2.713147 0.08848703 0.4340107 0.7600365
0.8908496 2.695864 1.622197 0.08397524 0.5437025 0.5180961
1.103697 1.438821 3.504427 0.0942305 0.4128404 0.9379706
0.9640298 2.107929 2.348472 0.09616731 0.5322518 0.795267
1.146215 1.28581 3.877301 0.09836264 0.4076352 1.018077
0.9208026 2.319873 2.105829 0.08138893 0.4852712 0.6376094
1.063747 1.667702 3.181054 0.09186432 0.4329281 0.9018849
0.7794276 3.447638 1.078229 0.1027966 0.8459293 0.4684028
1.053065 1.670375 3.151262 0.09083175 0.4324398 0.8918488
1.078401 1.689912 2.900207 0.09152929 0.4222527 0.7909511
0.9623764 2.241528 2.106396 0.08285662 0.4644249 0.6114737
0.9969713 2.072683 2.197575 0.08450807 0.4428736 0.6124594
0.933956 2.362882 1.933585 0.08660578 0.509887 0.6066614
0.9467011 2.218138 2.164279 0.08970416 0.5123096 0.6966857
1.040626 1.879942 2.674386 0.09429146 0.4662547 0.8053032
1.042232 1.789826 2.711844 0.09216697 0.4464422 0.7791421
1.048116 1.812155 2.76911 0.09896228 0.4811727 0.8614347
1.103005 1.573553 2.972375 0.08721255 0.3831241 0.7290111
1.144168 1.347806 3.748372 0.09850353 0.4123257 0.9999275
0.9756578 2.246739 2.021441 0.08613441 0.4745784 0.5953783
0.9072042 2.413323 2.118471 0.07892605 0.4873339 0.6428174
1.110508 1.563808 3.090914 0.09325152 0.4095621 0.8154862
0.8823524 2.625491 1.851422 0.09049469 0.5932626 0.661426
0.9551611 2.095421 2.526477 0.08837365 0.4954022 0.8054887
1.064744 1.592986 3.436902 0.09522693 0.4468608 1.012917
1.019464 1.942108 2.626159 0.09099106 0.4641909 0.7871352
0.9548129 2.142172 2.494493 0.07990885 0.450795 0.7231047
1.075012 1.504481 3.610974 0.09719903 0.4467397 1.062643
1.121802 1.422193 3.659178 0.09404462 0.4057645 0.9675088
1.244264 0.8385381 5.492772 0.1125837 0.4165152 1.42903
1.118863 1.351209 3.960935 0.09788712 0.4231014 1.097094
0.9807796 1.985959 2.669814 0.09072906 0.4874705 0.8440939
0.8510997 2.880888 1.530106 0.09362794 0.6572985 0.5773035
0.9797985 2.047562 2.454573 0.09143657 0.4929123 0.7744252
1.103085 1.57184 3.174556 0.09323889 0.4145613 0.8526629
0.8335756 3.030748 1.414478 0.08972773 0.6559015 0.5187766
1.093197 1.486022 3.642766 0.09946095 0.4482594 1.074251
0.9994055 2.066311 2.396436 0.08554845 0.4510813 0.6892545
1.065035 1.701196 3.136183 0.09374636 0.4439206 0.9120553
1.008815 1.87112 3.003256 0.09319676 0.48191 0.9530491
1.055575 1.797533 2.679809 0.09094561 0.4345953 0.7484534
0.8439228 2.771988 1.686002 0.08686947 0.6062215 0.5996886
0.8645035 2.977779 1.31824 0.08762045 0.6067936 0.445653
1.0403 1.821184 2.797982 0.0863291 0.4227039 0.7675158
0.9954664 2.008975 2.432754 0.07806465 0.4077844 0.63405
1.041442 1.808321 2.770598 0.0864735 0.4208477 0.75405
1.029809 1.960585 2.183988 0.08573643 0.4227232 0.5772819
1.01111 2.001758 2.48325 0.08117507 0.418202 0.6656514
0.844259 2.967726 1.375593 0.10457 0.7456804 0.5750244
1.081585 1.672597 2.975737 0.09937578 0.4583381 0.8832888
0.9290541 2.353058 2.079727 0.09018507 0.5377549 0.6960004
0.9058409 2.538157 1.92282 0.07767903 0.486914 0.5703927
1.059222 1.787084 2.564201 0.08537504 0.4018449 0.6562681
1.04645 1.829064 2.683141 0.08627351 0.4176523 0.7213227
0.9118508 2.497263 1.868598 0.0924367 0.5719714 0.6498945
1.127301 1.411539 3.5588 0.09991566 0.4281448 0.9874436
0.9702684 2.141588 2.172754 0.08376174 0.4572928 0.6242568
0.9460436 2.372123 1.961561 0.08470196 0.4927895 0.5951878
1.116009 1.39019 3.761688 0.09441381 0.4090045 1.004209
0.965807 2.051737 2.702829 0.09196063 0.509884 0.8965043
0.8807294 2.837572 1.479503 0.08373712 0.5602567 0.4760416
1.081467 1.609514 3.042611 0.0951504 0.4334026 0.8516234
0.9276198 2.469545 1.735234 0.08132557 0.4854682 0.5071516
0.9502283 2.253504 2.178833 0.08296657 0.473863 0.6480872
0.8423358 2.952059 1.417481 0.08771056 0.6250062 0.4996623
1.005957 1.860014 2.904079 0.08745361 0.4492908 0.8534731
0.8911655 2.587723 1.834336 0.07557792 0.4832724 0.5342325
1.052404 1.85205 2.58919 0.09409967 0.4547696 0.7544052
0.9111727 2.462383 1.927873 0.08649625 0.5326166 0.6283931
0.9457416 2.283322 2.239535 0.08459321 0.491526 0.6948054
0.9508824 2.37819 1.814076 0.09141971 0.526293 0.5806805
0.9983822 2.006895 2.45418 0.09810791 0.5156854 0.8097854
1.088478 1.458569 3.738171 0.09554223 0.4308123 1.060552
0.9928353 1.952396 2.724766 0.08920582 0.4705678 0.8332188
0.9276467 2.490701 1.745416 0.07656117 0.4584523 0.4818448
0.9621817 2.132994 2.436416 0.08206312 0.4573912 0.7136944
1.098514 1.500327 3.34858 0.08681811 0.3831638 0.8319388
1.174752 1.129629 4.472608 0.1007779 0.4032555 1.159225
0.9238206 2.354686 2.036129 0.08480311 0.5065589 0.639742
1.176863 1.134778 4.61774 0.1093836 0.4414604 1.321416
1.111164 1.524422 3.156528 0.08409862 0.3646703 0.740043
1.12385 1.405884 3.698131 0.1031536 0.4458832 1.075569
0.9661559 2.159058 2.230779 0.08599086 0.4756056 0.6698227
0.9857046 2.095943 2.386807 0.08327246 0.448061 0.6823647
0.9122676 2.5159 1.906667 0.08481433 0.5268672 0.6124383
0.9254954 2.467232 1.841034 0.08880342 0.5367861 0.6009112
1.052142 1.588483 3.542608 0.09213722 0.4381625 1.028032
0.9700968 2.181831 2.292487 0.08794464 0.4885384 0.7098667
1.049469 1.742633 2.915692 0.09290295 0.4466196 0.8457548
0.9463143 2.404199 1.870928 0.08179692 0.4770892 0.5461586
1.011105 2.028752 2.318205 0.08689311 0.4481729 0.6593081
1.082611 1.548881 3.395767 0.09179046 0.4177726 0.9282931
0.8689668 2.830715 1.386867 0.07528771 0.5049495 0.3987451
0.9565586 2.204931 2.270659 0.09362238 0.5302219 0.7610974
0.9688104 2.210136 2.166031 0.09386305 0.5229121 0.7113424
1.057188 1.659652 3.449113 0.0928497 0.4449236 1.019556
0.8994328 2.511654 1.887786 0.09555139 0.6030689 0.6932439
1.030247 1.853264 2.856828 0.0910906 0.4558508 0.8495925
0.9382377 2.238727 2.41218 0.08375746 0.4896787 0.7542831
1.062131 1.669258 3.202066 0.09685134 0.4591968 0.965156
0.9164236 2.512097 1.841317 0.09172556 0.5655011 0.6313943
0.928134 2.309022 2.143958 0.08895006 0.5273223 0.7074386
1.041313 1.717418 3.259139 0.08557114 0.4171832 0.899134
0.8801912 2.76782 1.55392 0.08583535 0.5695175 0.5144419
0.9006599 2.443152 2.028237 0.09642537 0.6037787 0.7560477
0.9443932 2.246222 2.203315 0.08156257 0.4686433 0.6497059
1.057474 1.661807 3.126281 0.0926347 0.4378628 0.8931294
1.014902 1.920601 2.582714 0.08889646 0.4517031 0.7498029
1.038115 1.819766 2.969981 0.09610562 0.476927 0.9281834
0.9792581 2.109479 2.213172 0.08423112 0.4532281 0.6317199
0.991586 2.121802 2.211133 0.08146512 0.4338596 0.6049543
0.9895753 2.071064 2.363452 0.0857193 0.456993 0.6880195
0.790166 3.463885 1.083243 0.09974521 0.8121886 0.4513936
0.9312186 2.408005 1.989765 0.0819194 0.4890031 0.6002858
0.8629158 2.741437 1.593356 0.07422937 0.499635 0.4658591
1.019804 1.873247 2.821447 0.09207539 0.4669611 0.8582497
1.287283 0.7899951 5.203013 0.1177947 0.4144686 1.311921
1.135504 1.295975 4.265152 0.1061876 0.4533761 1.272673
1.008199 1.882114 2.839314 0.08923908 0.4588727 0.8503845
0.9440194 2.351852 2.010817 0.08834474 0.5148895 0.6401443
1.026003 1.955822 2.462522 0.08692513 0.4374052 0.6882506
0.9592083 2.158584 2.295293 0.09020716 0.5049731 0.7348425
0.9502817 2.248554 2.057643 0.09227924 0.5253569 0.6731373
1.177377 1.282366 3.613079 0.1007616 0.4023966 0.9235836
0.7943039 3.322257 1.093751 0.06993937 0.5489652 0.3138919
0.9808137 2.034191 2.585701 0.09312199 0.5042123 0.8424601
0.9347574 2.386137 1.873922 0.09050537 0.533506 0.6114248
1.102672 1.534657 3.232941 0.09494915 0.4202344 0.878832
1.070256 1.615918 3.219315 0.09088725 0.4215123 0.8862508
0.9873434 2.146069 2.138971 0.08812855 0.473264 0.6347427
1.063822 1.813386 2.546896 0.08583377 0.4047802 0.6578387
1.016418 1.853348 2.85679 0.09517901 0.4840954 0.9026297
1.07092 1.652351 3.136436 0.0890529 0.4139982 0.8469605
0.9077239 2.545786 1.775887 0.0907102 0.565954 0.6047562
0.846424 2.998882 1.316173 0.0864548 0.6132081 0.4481502
0.9852343 2.064874 2.320968 0.09231981 0.4933274 0.7262372
1.026023 1.961656 2.511108 0.09068168 0.4585048 0.7378342
1.002852 1.967969 2.553702 0.08798472 0.4564831 0.7491479
0.906544 2.59853 1.686543 0.07936947 0.4961159 0.4977999
1.21346 1.09941 4.386797 0.1079611 0.4153883 1.158607
1.008161 1.989 2.657632 0.08870654 0.4625297 0.7961985
0.8900341 2.635852 1.633694 0.07646886 0.4901245 0.474212
0.973205 2.170547 2.130934 0.08619432 0.4719697 0.6305049
1.01299 1.872996 2.820625 0.08677484 0.4418114 0.81126
1.211639 1.002647 4.870583 0.1052118 0.4035071 1.248259
0.9911658 2.127634 2.389268 0.09197232 0.4968565 0.757105
1.029673 1.909947 2.427544 0.08573256 0.4241467 0.6545349
0.8989451 2.549994 1.730777 0.07629051 0.4780989 0.4966627
0.8878667 2.627831 1.638407 0.08023803 0.5142565 0.4983191
1.008223 1.875838 2.768939 0.08937859 0.4573714 0.8225497
0.9632214 2.186018 2.223287 0.0924971 0.5170009 0.7249017
0.9574089 2.167663 2.254285 0.08430704 0.4717021 0.6722582
0.8616703 2.835569 1.495678 0.08627574 0.5903637 0.5073144
1.091742 1.52562 3.484864 0.09712311 0.438817 1.002821
1.193605 0.9879732 5.220831 0.1078731 0.4241679 1.422912
1.01814 1.847179 2.93003 0.08398497 0.4246932 0.8147463
1.036634 1.748818 2.963236 0.08721453 0.4252835 0.8217848
0.9747742 2.168359 2.306846 0.09296597 0.5139016 0.752411
0.9997934 2.036296 2.345271 0.08101475 0.4230558 0.631339
1.091882 1.536232 3.722436 0.09262533 0.4219635 1.043195
0.8729494 2.715225 1.657258 0.0869647 0.580061 0.5664327
0.9076569 2.499036 1.76716 0.09035151 0.5579392 0.5943116
0.8772808 2.670888 1.679783 0.09055608 0.5961893 0.5924505
0.9937932 2.038429 2.441253 0.08696617 0.4601505 0.7185452
0.8418983 2.849633 1.58081 0.08219322 0.5794798 0.529281
0.9616597 2.237672 2.047988 0.08581789 0.4797273 0.6110686
1.143217 1.39252 3.609299 0.09422002 0.3955208 0.9239664
0.9768553 2.190701 2.13586 0.08926175 0.4897175 0.6558926
0.9237821 2.367558 2.111318 0.08435471 0.5069479 0.6668896
1.175174 1.271329 3.713744 0.1033158 0.4144408 0.9805864
