2.038365 0.9573526 2.5364 0.1564298 0.3154561 0.4313424
2.049066 0.9684398 2.621205 0.1592127 0.3220893 0.4600554
1.930003 1.211472 2.26519 0.145966 0.3218005 0.4104479
2.122137 0.6020358 3.241781 0.1737836 0.3300211 0.5435206
1.980525 1.162082 2.182347 0.1482134 0.3124781 0.3754965
1.944559 1.071472 2.365168 0.1426186 0.304105 0.3943973
2.146439 0.7899779 2.717938 0.1699811 0.3193592 0.4505345
1.940935 1.126052 2.485173 0.1430419 0.311942 0.4365377
1.710873 1.604621 1.880705 0.1302313 0.3448065 0.3792401
2.370597 0.3228437 3.31673 0.209368 0.3447072 0.5221339
2.320295 0.3719755 3.292882 0.20061 0.3387035 0.519294
2.10054 0.8476571 2.594304 0.1661789 0.3198693 0.4337695
2.384392 0.3689774 3.13549 0.2032217 0.3302148 0.4742459
2.148511 0.7617967 2.551055 0.1656161 0.3048537 0.3927678
2.038361 0.9766757 2.639315 0.1573063 0.3211288 0.4646659
2.094547 0.8205388 2.666775 0.1646365 0.3178122 0.4427068
2.058626 0.8265222 2.672891 0.161315 0.3170375 0.4434502
2.135329 0.8286631 2.674124 0.1679247 0.3185941 0.4465858
1.807174 1.40355 1.89731 0.1310943 0.3123906 0.3348701
2.208315 0.6917629 2.818627 0.1729218 0.3115159 0.4440253
2.006642 0.9183092 2.596448 0.1510268 0.3074731 0.4273933
1.893707 1.196323 2.291099 0.1377156 0.3081297 0.3972457
1.977814 1.103738 2.364808 0.1546996 0.3281001 0.428876
1.825779 1.412334 2.000852 0.1343984 0.3205429 0.3670632
1.955426 1.062176 2.494988 0.1513636 0.3245333 0.448269
1.975572 1.021582 2.526632 0.15321 0.3232394 0.4485418
1.81719 1.533784 1.688523 0.1300101 0.3112722 0.2964619
1.8873 1.251981 2.1709 0.1350176 0.3035366 0.3708257
2.082243 0.8369625 2.710196 0.1604731 0.3128103 0.4470088
1.980837 1.042363 2.4507 0.1466217 0.3069856 0.4124445
1.987569 1.040896 2.392945 0.1494145 0.3108832 0.4054096
2.08483 0.6527835 3.158437 0.1769012 0.3446732 0.5601802
2.040166 1.007099 2.403829 0.1497072 0.3005761 0.3898315
1.981163 1.096672 2.327007 0.1525539 0.3211842 0.4106954
1.992116 1.131483 2.235537 0.1480021 0.3093097 0.3800238
1.86224 1.38016 2.027871 0.1361159 0.3165005 0.3660941
1.626671 1.84833 1.673467 0.114735 0.3325909 0.3285481
1.774326 1.470001 1.884241 0.1271077 0.3127121 0.336721
2.033815 0.9240893 2.50165 0.1562352 0.3129151 0.4160824
2.034921 0.8845358 2.762226 0.1611782 0.3266663 0.4861111
1.751817 1.645372 1.704618 0.1225775 0.3134559 0.3080834
2.240548 0.4531961 3.501674 0.1965817 0.3520836 0.6041502
1.924018 1.147011 2.333517 0.1422121 0.3109781 0.4046936
1.921453 1.15152 2.481122 0.1432566 0.3177535 0.4470492
2.048374 0.9562073 2.583807 0.1547263 0.3107779 0.4343364
2.240272 0.5328628 3.031452 0.1806058 0.3167942 0.4660242
2.08298 0.8265608 2.645505 0.1581947 0.3060302 0.4228903
1.901542 1.230116 2.161335 0.1400555 0.311483 0.3765138
1.937757 1.169539 2.206373 0.142569 0.3078667 0.3757979
2.558134 0.003278342 4.043673 0.2465283 0.3771163 0.6391209
2.408163 0.3003856 3.341408 0.2159284 0.3499217 0.5302053
1.921953 1.172565 2.327856 0.1455023 0.3212187 0.4201206
1.977163 1.056151 2.500484 0.151201 0.3199527 0.4423256
1.922095 1.091127 2.509998 0.1506639 0.3315245 0.4653784
2.216343 0.5127307 3.294709 0.1821927 0.3273405 0.5316092
1.972847 1.072528 2.339234 0.1465072 0.307471 0.3930331
2.085533 0.7609726 2.819651 0.1704932 0.3310263 0.4845129
1.846179 1.353604 2.184506 0.1347867 0.3185902 0.4020999
2.143265 0.7790493 2.806627 0.1696203 0.3203619 0.4690204
2.006252 1.005058 2.373064 0.1546435 0.316157 0.4030587
1.875738 1.220084 2.297017 0.1408125 0.3207778 0.4173385
2.086313 0.8182169 2.763444 0.1633745 0.3180176 0.4623431
2.176725 0.6567518 3.049304 0.1791961 0.3317051 0.5162424
1.761615 1.525421 1.92944 0.1256223 0.3167107 0.354685
2.328672 0.3993945 3.312339 0.2040516 0.3456211 0.5404126
2.055016 0.9384016 2.620288 0.1583117 0.317341 0.4492141
1.799672 1.420202 1.989443 0.1315426 0.3186151 0.3630995
2.084583 0.6613497 3.237897 0.1704044 0.3330356 0.5606789
1.912177 1.205392 2.208577 0.1402846 0.3096031 0.3820855
1.913666 1.118308 2.329492 0.1462602 0.3202136 0.412499
1.892904 1.125149 2.419392 0.1398227 0.3111694 0.4210833
1.99206 0.9734219 2.690118 0.1543252 0.3229714 0.4775458
1.962252 1.062175 2.476625 0.1462032 0.3108259 0.4251458
2.073253 0.7090708 3.252813 0.1653887 0.3271433 0.5630538
2.136228 0.7653584 2.89955 0.1714358 0.3263395 0.4956795
1.955917 1.099754 2.456938 0.1505525 0.3243885 0.4443104
2.128333 0.8642495 2.618652 0.1673257 0.3193986 0.440914
2.042633 0.970993 2.410942 0.1555145 0.3107864 0.4002729
2.058076 0.9600421 2.340881 0.1552935 0.3053149 0.3774484
2.031419 0.9158472 2.573347 0.1544799 0.3103733 0.4264117
1.933718 1.118831 2.353177 0.1470349 0.3190557 0.416302
2.056256 0.7558707 3.070678 0.1709899 0.3421431 0.5573017
1.871802 1.219343 2.264986 0.1415388 0.3221331 0.411364
1.899149 1.112277 2.530253 0.1406928 0.3136145 0.4470023
1.820806 1.454665 1.911767 0.1298878 0.3109333 0.3398432
2.044493 0.8794811 2.562419 0.1593947 0.3160965 0.4265149
2.238592 0.4184266 3.743248 0.2006535 0.3625236 0.6681745
1.877251 1.297418 2.070162 0.1378525 0.3131189 0.3648308
2.024647 0.8234765 3.000034 0.1611405 0.3286886 0.5310776
1.869193 1.352964 1.975689 0.1375077 0.3152585 0.3510944
2.337069 0.5383743 2.740815 0.1873861 0.3100333 0.402436
2.028102 0.9117837 2.747026 0.1619295 0.3307445 0.4926169
1.787954 1.433984 1.982141 0.134676 0.3298904 0.3752358
2.359232 0.282956 3.874186 0.2053108 0.34601 0.6287755
1.863821 1.268215 2.282829 0.1409261 0.3266046 0.4267066
1.734704 1.460564 2.063301 0.129578 0.3314384 0.3982054
1.933399 1.045789 2.598562 0.1444419 0.3138887 0.4548342
2.054436 0.8849679 2.641604 0.1583497 0.3145774 0.4423723
1.886532 1.262666 2.143367 0.1331885 0.2992433 0.3607678
1.97292 1.035021 2.571084 0.1536688 0.3266383 0.4650181
2.052264 0.9647853 2.337391 0.1483269 0.2916162 0.360573
1.766729 1.600348 1.782554 0.1249085 0.3157045 0.3252998
2.169074 0.5573113 3.402987 0.1758456 0.3265979 0.5623973
1.912434 1.140163 2.419196 0.1428175 0.3158846 0.4290355
1.837768 1.425227 1.783032 0.1288855 0.299211 0.2981542
2.060687 0.9648161 2.33364 0.1532636 0.3007866 0.3711083
1.928502 1.113158 2.297345 0.1441558 0.3114422 0.3936858
2.082481 0.7214126 3.078715 0.1725583 0.3385779 0.5461275
1.999459 1.034047 2.440623 0.1562276 0.3246301 0.4327507
1.924666 1.211887 2.187076 0.1383866 0.3029789 0.3701683
2.108467 0.7603159 2.970417 0.1674671 0.3234717 0.5050516
2.304521 0.3355643 3.565597 0.2009919 0.3447862 0.5765917
2.35742 0.2521148 3.705214 0.2135358 0.3576809 0.6064515
2.199599 0.6848387 2.982405 0.1773382 0.324583 0.4961103
2.054799 1.03985 2.270366 0.1541435 0.3070612 0.3745291
1.758445 1.476688 2.043114 0.1318959 0.3340241 0.3981208
2.06214 0.8070324 2.683664 0.1614179 0.3159312 0.4416445
2.066052 0.7577471 2.920025 0.1619794 0.3177757 0.4851089
1.858717 1.282597 2.177019 0.1385151 0.3199791 0.3955758
1.983574 0.935274 2.642914 0.1576125 0.3286311 0.4701824
1.927785 1.152962 2.514973 0.1464205 0.3246187 0.463922
2.247019 0.6127659 2.795667 0.1785076 0.3119723 0.4277084
1.928106 1.141459 2.371211 0.1430869 0.3128629 0.4148146
1.977415 1.088731 2.501263 0.1489437 0.3172853 0.4432483
2.035492 0.8604632 2.870463 0.1591057 0.3222718 0.4986977
1.855131 1.372711 2.018546 0.1301928 0.3023252 0.347416
2.12376 0.851544 2.62809 0.1692579 0.3237061 0.4472173
1.905495 1.143949 2.41943 0.1434161 0.3191739 0.4345162
1.936176 1.164695 2.20628 0.1432422 0.3092638 0.376852
1.927221 1.221771 2.172715 0.1433996 0.3147025 0.3821997
1.839544 1.404145 1.929542 0.1306172 0.3061488 0.335042
2.013154 0.8855552 2.696022 0.1630757 0.3329749 0.4800835
2.414387 0.1667009 3.783265 0.2248624 0.366112 0.6140283
1.918131 1.112468 2.506159 0.1495286 0.330918 0.4661847
1.873741 1.462769 1.900883 0.1373062 0.3204219 0.3483402
1.925938 1.204409 2.257049 0.1467699 0.323364 0.4093771
2.054147 0.8394431 2.78823 0.1558494 0.3092942 0.4587159
1.94155 1.188527 2.250749 0.1449223 0.3152165 0.3964477
1.729511 1.61209 1.863532 0.1283714 0.335798 0.365697
1.98844 1.06478 2.299283 0.1468377 0.3041792 0.3797266
1.889875 1.299034 2.068053 0.1377703 0.3109551 0.362268
2.195079 0.7258907 2.839408 0.1765809 0.3235268 0.471713
2.06081 0.8622164 2.70796 0.1656245 0.3289656 0.473519
2.003835 1.059223 2.380859 0.1510033 0.3122741 0.4062534
2.222697 0.4407352 3.69634 0.1936726 0.351986 0.6440638
2.559412 -0.01632306 3.94192 0.2430784 0.3685579 0.5978438
1.740346 1.543156 1.959046 0.1267551 0.3265491 0.374048
1.824373 1.330907 2.161372 0.1353371 0.3215644 0.398319
1.980947 0.9972625 2.560328 0.1548278 0.325066 0.455312
1.86885 1.212516 2.33717 0.1413768 0.3237882 0.4295347
2.135601 0.6929288 2.781199 0.1712029 0.3190992 0.4475589
1.946755 1.182415 2.059728 0.1392073 0.2958538 0.3327676
2.075703 0.9208958 2.415446 0.1544296 0.3000216 0.3813003
1.878706 1.228625 2.223399 0.1383528 0.3131329 0.3922428
2.136 0.8048619 2.726501 0.168946 0.3202637 0.4564422
1.841039 1.324606 2.201986 0.1386701 0.3275499 0.4146929
1.609819 1.930474 1.46844 0.116947 0.3423177 0.2905626
2.165833 0.6229791 2.898978 0.1692535 0.3087023 0.4447925
2.047795 0.8285921 2.692938 0.1548297 0.3052558 0.4310645
1.922046 1.156842 2.310079 0.1386734 0.3032166 0.390914
1.82868 1.318769 2.216238 0.1332933 0.3161522 0.4030196
1.791794 1.439421 1.881465 0.1288198 0.3115026 0.3328025
1.834629 1.369531 1.987776 0.1316972 0.308771 0.3479491
2.050267 0.8600169 2.91023 0.1633753 0.3300516 0.5201199
1.706071 1.657431 1.881072 0.1219222 0.326862 0.3627045
1.766421 1.531782 1.741424 0.1260467 0.312062 0.3087101
1.924486 1.082271 2.547117 0.1451699 0.3182453 0.4538279
1.841276 1.209282 2.594194 0.1378232 0.3258118 0.4915147
2.087263 0.7933886 2.789277 0.1672761 0.325443 0.4753832
2.017826 0.9746718 2.545749 0.1496295 0.3051398 0.4212711
2.050403 0.9315341 2.452599 0.1532685 0.3030828 0.3940429
2.214838 0.5807599 3.056658 0.1795299 0.322235 0.4892614
1.857538 1.334615 2.002163 0.1363551 0.3135647 0.3531881
2.100972 0.7042452 3.026701 0.1707419 0.329507 0.5170174
1.963319 1.076269 2.292786 0.1477728 0.3111486 0.3882859
2.071408 0.7914659 2.945221 0.1701871 0.3373247 0.5272932
2.194255 0.6268702 2.934664 0.1713837 0.308986 0.4520736
2.128846 0.814554 2.59052 0.1677672 0.316687 0.4243824
2.106123 0.7910001 2.836198 0.166206 0.3207553 0.4780712
2.199291 0.5417018 3.282156 0.1877362 0.3429765 0.5617857
1.950572 1.030561 2.546324 0.1500779 0.3215508 0.4517136
1.935629 1.13228 2.316652 0.1496932 0.3247568 0.4167777
2.003437 1.044933 2.299197 0.1505432 0.3087675 0.3833613
1.887945 1.301463 2.063076 0.1407931 0.3186314 0.3701483
2.119306 0.7491387 2.853621 0.17257 0.3296444 0.4879913
1.940999 1.091583 2.371136 0.1449896 0.3115633 0.4073731
2.179672 0.6250204 3.049346 0.1821668 0.335175 0.5151018
2.07261 0.9178967 2.583528 0.156064 0.3075814 0.425309
1.90668 1.121262 2.322085 0.1478792 0.3254136 0.4179464
2.037967 0.8584859 2.729654 0.1609789 0.3230838 0.4691517
1.774463 1.443668 2.084147 0.1415841 0.3546931 0.4299758
2.032471 0.9083684 2.660719 0.1570084 0.3172811 0.4537812
1.75178 1.542773 1.954438 0.1263773 0.3230011 0.3688142
1.947294 1.161403 2.173132 0.139638 0.2981166 0.3564467
1.876786 1.282351 2.210817 0.1357774 0.31073 0.3915447
1.977006 1.040052 2.491569 0.1538686 0.324942 0.445408
1.884355 1.292238 2.14509 0.1394786 0.317454 0.3861225
2.081657 0.7944951 2.757572 0.1587051 0.3075757 0.4429164
1.857924 1.344977 2.044162 0.1312453 0.3030216 0.3514208
2.325238 0.3986154 3.418768 0.2056691 0.3508396 0.570867
2.200414 0.661991 2.924947 0.1738671 0.3151985 0.4662441
2.196485 0.7440523 2.625675 0.1737083 0.3143018 0.4177756
2.203888 0.5799197 3.000006 0.1835761 0.3308724 0.4903476
2.046053 1.008359 2.412393 0.1534645 0.3081641 0.401684
1.91436 1.229569 2.139577 0.1403573 0.3093814 0.3692862
2.044196 0.9059287 2.5464 0.157208 0.3129253 0.4227674
2.03699 0.9149969 2.553636 0.1556626 0.3115898 0.4239589
1.97677 0.9844608 2.653585 0.1535851 0.3240728 0.4728024
2.058242 0.8648285 2.703769 0.1549626 0.3062816 0.4400364
2.298799 0.5319651 2.92006 0.1857625 0.3154763 0.4422115
2.001452 1.045621 2.421018 0.1495466 0.3097993 0.4105161
2.057666 0.8228564 2.789746 0.1577685 0.3115899 0.4592826
1.701226 1.643672 1.82202 0.1257881 0.3357672 0.3574514
1.82672 1.330057 2.098838 0.139906 0.3307872 0.3948138
1.816241 1.338123 2.176055 0.1323287 0.3166139 0.3965059
1.986111 1.049008 2.332258 0.147583 0.3060396 0.3872484
1.879961 1.237181 2.28581 0.1427036 0.3255988 0.4227829
1.967111 1.103605 2.364843 0.1499537 0.3192788 0.4176239
2.218353 0.6232262 2.974098 0.1794485 0.3221078 0.4795328
2.095328 0.9345263 2.531886 0.161373 0.3150158 0.4265743
1.885564 1.234465 2.218335 0.1411593 0.3187536 0.3983707
1.919441 1.158764 2.329886 0.1437901 0.3162793 0.412124
1.702938 1.771948 1.569913 0.1171231 0.3135706 0.2838729
1.931714 1.130017 2.315416 0.1470334 0.3193133 0.4096065
2.05873 0.8365441 2.886809 0.1625323 0.3245845 0.5019248
2.068009 0.8980818 2.676845 0.1642877 0.326721 0.4692666
2.3229 0.3500274 3.557697 0.1992234 0.3389037 0.5682117
1.892708 1.113473 2.372123 0.1431912 0.3176069 0.4182958
1.84781 1.305231 2.063926 0.1359257 0.3140527 0.3651375
1.931791 1.12063 2.562339 0.1543889 0.3418564 0.4962716
1.843587 1.294086 2.050062 0.1301969 0.2994867 0.3445682
2.076777 0.872598 2.649333 0.1614594 0.3168806 0.4453703
1.939655 1.184218 2.257963 0.1451852 0.3163602 0.3994093
2.017161 0.9950761 2.488764 0.1511005 0.3084859 0.4163536
1.913946 1.179154 2.24628 0.1382805 0.3035318 0.379914
2.232749 0.6040471 2.979143 0.1824723 0.3246637 0.480738
1.864455 1.303643 2.112718 0.1359218 0.3122268 0.3735673
2.237151 0.6568912 2.792097 0.175815 0.3102538 0.431301
1.932847 1.143815 2.312542 0.1426718 0.3098725 0.3985024
1.66591 1.722823 1.766034 0.1189905 0.328815 0.3411719
2.44759 0.2556805 3.423806 0.2204454 0.3508141 0.5375305
1.981909 1.086528 2.315935 0.1506793 0.3158746 0.4003592
1.969474 1.087607 2.181009 0.1390845 0.2884029 0.3392444
2.29424 0.3916466 3.455449 0.1970262 0.3399176 0.5589622
2.078409 0.8246762 2.615541 0.1626537 0.3153651 0.4291582
1.913712 1.079433 2.466856 0.1464778 0.3214575 0.440413
2.268802 0.5155119 3.113716 0.1931577 0.3369492 0.5095004
2.08351 0.824434 2.78782 0.1648137 0.3226983 0.4759685
1.92779 1.119046 2.472257 0.1495433 0.3289609 0.4566291
1.970812 1.082326 2.473216 0.1462572 0.3110012 0.4273984
1.874569 1.263366 2.087578 0.1347421 0.3039612 0.3549382
1.990191 0.9333951 2.64302 0.1567489 0.3250604 0.4642501
2.025336 0.8083134 2.875306 0.1643416 0.3326578 0.5077479
2.0125 0.9888026 2.551443 0.1583915 0.3265839 0.4540756
1.850316 1.235299 2.363982 0.1376215 0.3201711 0.433056
1.806393 1.510833 1.743357 0.1312206 0.3160942 0.3115479
2.161922 0.6457355 2.970319 0.1750229 0.3233783 0.4842499
1.984462 1.038932 2.570524 0.1520646 0.3210442 0.4571748
1.744515 1.570611 1.881044 0.1259531 0.3232818 0.353818
2.152368 0.7648296 2.766011 0.1704151 0.3185082 0.4549697
1.970161 1.049664 2.324376 0.1475004 0.3084726 0.3888633
1.922045 1.225748 2.184263 0.1406008 0.30954 0.3788044
2.026041 1.001074 2.344296 0.1519225 0.3061595 0.3843087
1.945947 1.059105 2.51187 0.146462 0.3152438 0.4391554
2.093135 0.8522681 2.704897 0.1619945 0.315098 0.4513915
2.051801 0.9972283 2.288277 0.156517 0.3102016 0.3771202
2.04044 0.8827183 2.619345 0.1587296 0.3170267 0.4405624
1.93007 1.286362 2.144195 0.1406625 0.3117251 0.3784163
1.970055 1.045423 2.468691 0.143499 0.3022059 0.4100528
1.973511 0.9993377 2.407154 0.151213 0.3148074 0.4083131
2.412022 0.3314431 3.396114 0.2098584 0.3408812 0.5345258
2.054043 0.7344071 3.379131 0.1656648 0.3346878 0.6093685
1.889129 1.24117 2.197051 0.1406097 0.3169116 0.3922275
1.976125 1.065228 2.326644 0.1550075 0.3252728 0.4119518
1.973817 1.053501 2.344771 0.1418953 0.2956448 0.3769853
2.010248 0.8751211 2.927933 0.1567256 0.3234612 0.5157459
2.007409 0.9787704 2.403537 0.1470662 0.2983731 0.3838103
2.060057 0.9552049 2.525899 0.1595275 0.3180857 0.4321879
1.972623 1.043097 2.590189 0.1499894 0.3193645 0.4601939
2.027876 0.9318956 2.587238 0.1567091 0.3171493 0.4408382
1.88812 1.299786 2.123611 0.13755 0.3120414 0.3754897
1.97838 0.9270251 2.677334 0.1542937 0.3220574 0.4668401
1.833634 1.283127 2.333423 0.1383355 0.3279886 0.4415655
2.18256 0.6870846 2.785796 0.1783061 0.3255337 0.4567414
2.044804 0.9593504 2.560942 0.1609047 0.3249391 0.450132
1.793802 1.387683 2.077449 0.1284007 0.3114528 0.3719017
2.204342 0.5345877 3.362594 0.18515 0.3375942 0.5676828
2.204112 0.6168575 2.988986 0.1782796 0.3220176 0.4813946
2.060967 0.9888707 2.358532 0.1505745 0.2971528 0.3744901
2.042551 0.9140977 2.734098 0.1587933 0.3214097 0.4765727
1.973572 1.065964 2.425417 0.1474204 0.3110354 0.4153303
1.927313 1.174466 2.251374 0.1454534 0.3179065 0.3984197
1.898622 1.24454 2.081624 0.136501 0.3024955 0.3503067
1.733622 1.61032 1.779355 0.1278606 0.3307886 0.3403964
1.901631 1.263321 2.116908 0.137621 0.306983 0.3647793
1.819808 1.418315 1.962873 0.1318031 0.314798 0.3529076
2.35501 0.3932713 3.437123 0.2102884 0.3546398 0.5798828
1.926117 1.06319 2.60805 0.1446466 0.3166221 0.4623967
2.16371 0.591328 3.085519 0.1730627 0.3184329 0.4909359
2.009997 1.083729 2.112961 0.1443047 0.2919479 0.3299169
1.818921 1.342576 2.10588 0.1329942 0.3160609 0.3801429
1.891373 1.193342 2.231136 0.1385107 0.3089148 0.3851888
2.158027 0.7615627 2.71476 0.1641225 0.3037054 0.4234374
2.118723 0.6875262 2.916402 0.1699987 0.3214793 0.477416
1.871368 1.338617 2.077186 0.1363331 0.3134947 0.3700604
1.975774 0.9957982 2.488874 0.1495461 0.3122189 0.4217907
2.095001 0.8010162 2.736315 0.1665147 0.321926 0.4601954
2.146499 0.6780426 3.032521 0.1760167 0.3312576 0.516076
1.967864 1.104434 2.257356 0.1475421 0.3111224 0.3841183
1.952388 1.097445 2.378681 0.1511875 0.3245786 0.4268602
2.044602 0.8526462 2.789365 0.1627064 0.3265244 0.4862873
2.147982 0.748596 2.704535 0.1682084 0.3126292 0.431725
1.9261 1.187413 2.188853 0.1424016 0.3102325 0.3766098
1.824028 1.486939 1.789774 0.1306794 0.3109524 0.31507
1.817889 1.451272 1.926091 0.1329618 0.3194262 0.3519922
1.892413 1.140649 2.482867 0.1440481 0.324124 0.4549542
1.879923 1.208275 2.35519 0.1418833 0.3230583 0.4321163
2.064833 0.8200681 2.863137 0.1646807 0.326892 0.4980041
1.967912 1.17541 2.183429 0.1403773 0.2976651 0.3593451
2.103972 0.86818 2.608441 0.1667666 0.3222459 0.4432026
2.155524 0.5429717 3.325757 0.1806918 0.3368664 0.5609316
2.074018 0.8773281 2.663068 0.1579143 0.3102808 0.4396547
2.040463 0.7917534 2.967405 0.1583312 0.3174774 0.501022
2.056553 0.8366937 2.69114 0.1575949 0.3105701 0.4400042
1.866849 1.210884 2.180961 0.1456656 0.3303137 0.4015905
1.950757 1.154419 2.172609 0.1449887 0.3094002 0.3690517
2.102856 0.8691725 2.580239 0.1657465 0.3197832 0.4339341
1.897237 1.131492 2.359797 0.1411675 0.3127045 0.4108912
2.020416 0.9919322 2.609265 0.1571248 0.3240768 0.4641904
2.154465 0.7303898 2.83607 0.1742878 0.325711 0.4749494
1.952272 1.026937 2.491326 0.1467196 0.3117112 0.4251535
2.065702 0.8010349 2.779295 0.1625179 0.3191159 0.4650526
1.848412 1.390521 1.933236 0.1361406 0.3174295 0.3470929
1.975411 1.053133 2.485663 0.1524315 0.3226823 0.4426388
2.154718 0.7217183 2.77591 0.1672105 0.3093342 0.4371959
1.880255 1.143606 2.374286 0.1473387 0.3318606 0.4407079
1.8654 1.306935 2.100239 0.140284 0.3225872 0.3832219
2.080183 0.7575862 2.985753 0.1737917 0.3421322 0.5378187
2.115321 0.8491385 2.548137 0.1604949 0.3048278 0.4045107
1.937617 1.181478 2.294469 0.1406087 0.3065167 0.394437
2.040822 0.9300172 2.525094 0.1596249 0.3197 0.4304979
2.132474 0.6362666 3.155858 0.1822047 0.3462735 0.5589464
2.066099 0.8339938 2.710648 0.1601119 0.3146489 0.449474
1.942205 0.9960969 2.580668 0.1484174 0.3174608 0.4486805
1.997427 1.12218 2.078166 0.1455221 0.2980677 0.3332028
2.099697 0.932004 2.456634 0.16192 0.3135487 0.408385
2.012352 0.982559 2.471829 0.1544264 0.3157798 0.4214338
1.980776 1.024311 2.496362 0.1484729 0.3109544 0.4251924
1.820925 1.423821 1.893076 0.1283611 0.3044576 0.3270554
1.93225 1.032827 2.540131 0.1481543 0.3200505 0.4480513
2.127449 0.8043785 2.672686 0.1618958 0.3056896 0.4242981
1.845578 1.398772 1.985765 0.1377894 0.3242531 0.367088
1.899118 1.187542 2.353386 0.1439043 0.3229537 0.4294417
2.045497 0.8679876 2.703302 0.154959 0.3087353 0.4442725
2.119444 0.7514521 2.819245 0.1718421 0.3276542 0.4782041
2.08758 0.9520575 2.476866 0.1636789 0.3209296 0.4248765
2.076877 0.869756 2.654274 0.1564005 0.3058073 0.4302026
2.083577 0.8430727 2.656342 0.1607537 0.3123521 0.4359587
2.094309 0.8157007 2.82269 0.1685052 0.3287802 0.4910472
1.970646 1.097277 2.431555 0.1470335 0.3130082 0.4230404
1.838416 1.436324 1.971252 0.1344978 0.319967 0.3619954
2.23574 0.5373 3.228783 0.1907811 0.3412241 0.5454795
2.044764 1.007236 2.295423 0.1549939 0.3089305 0.3782072
2.171663 0.6278003 2.924362 0.1712412 0.3122866 0.4553583
1.934494 0.9930754 2.629896 0.1519114 0.3279444 0.4744129
1.925017 1.170069 2.295016 0.1466875 0.3220925 0.4130693
1.990657 0.882029 2.874347 0.1554814 0.3236821 0.5057223
1.900041 1.228446 2.166255 0.1397963 0.3111829 0.3771219
1.863647 1.233586 2.302878 0.141025 0.3246887 0.4251563
2.151862 0.7069354 2.99957 0.1738212 0.3268928 0.5074313
2.099299 0.6891414 3.016383 0.1704123 0.3279083 0.5092465
2.167837 0.7452451 2.669075 0.1706402 0.3134279 0.4250402
2.328469 0.3408846 3.544885 0.2086389 0.3552234 0.5914701
2.099864 0.7205667 2.992612 0.1737664 0.3363289 0.5231066
2.156785 0.6679217 3.14944 0.1700513 0.3186207 0.5181661
1.914297 1.176167 2.304165 0.1433037 0.3168054 0.4092151
2.026992 0.9428012 2.566143 0.159952 0.324935 0.4489881
2.091152 0.8229215 2.69133 0.1677318 0.3255408 0.4591566
1.939559 1.022823 2.611607 0.1475298 0.3182598 0.4600994
1.723815 1.634141 1.809745 0.1271144 0.3338488 0.3521953
1.824431 1.293687 2.211562 0.1338015 0.3161583 0.3995376
2.184289 0.6283316 3.124907 0.1814574 0.3348033 0.5319761
2.072506 0.8468316 2.593153 0.1596036 0.3106214 0.4209811
2.03195 1.071363 2.24852 0.1513589 0.3063171 0.3726354
2.178642 0.5825458 3.427977 0.1829674 0.34151 0.59993
1.76851 1.541862 1.839264 0.1260676 0.3153544 0.3341028
1.905351 1.230147 2.139187 0.1396309 0.3093283 0.3692756
1.811215 1.437415 1.978121 0.139207 0.3372325 0.3828659
2.158698 0.7273086 2.965172 0.1726986 0.3239974 0.4991326
2.017669 0.9426564 2.585372 0.1524825 0.3102257 0.4323125
1.944742 1.142352 2.312394 0.1453825 0.3138435 0.4030964
1.801795 1.432951 2.00916 0.1280337 0.310675 0.3594148
1.974068 1.076135 2.225269 0.1478677 0.3080018 0.3704273
1.971029 1.071272 2.363453 0.1513484 0.3191239 0.4127874
2.02784 0.8602639 2.749213 0.1560606 0.3144343 0.4607886
1.953203 1.183041 2.248518 0.1459022 0.3148474 0.3946865
2.081883 0.8610265 2.64716 0.1579908 0.3077817 0.4304439
1.649598 1.943475 1.439663 0.1275625 0.3655003 0.3030722
2.095122 0.7324462 2.869059 0.1643478 0.3156851 0.4674128
2.24552 0.4964542 3.227861 0.1910855 0.3380623 0.5318275
2.137475 0.7307028 2.948989 0.1680075 0.3177977 0.4869241
2.013137 0.9370311 2.728826 0.1569725 0.3242494 0.4836865
1.81003 1.411031 2.072608 0.1336731 0.3237712 0.3873477
1.965198 1.022324 2.478706 0.1448143 0.3045656 0.4123135
1.874163 1.307644 2.066863 0.1376717 0.3139214 0.3659175
2.016988 0.9964137 2.463266 0.1456734 0.2961077 0.3949263
2.024548 0.9602417 2.576438 0.1494318 0.3034287 0.4234958
2.022284 1.014947 2.331127 0.1530347 0.3097381 0.387587
1.884928 1.184116 2.423985 0.1452112 0.330101 0.4547816
2.277221 0.4619059 3.105476 0.1898901 0.3266759 0.4822336
2.0958 0.8427933 2.658115 0.1619955 0.3129707 0.4370059
1.932205 1.180605 2.129188 0.1400536 0.3019583 0.3538318
2.11972 0.8111503 2.613156 0.1588481 0.2999761 0.4060197
1.849577 1.207326 2.460842 0.1399683 0.3261162 0.4599574
1.972477 1.01804 2.639305 0.1594105 0.339731 0.4966759
1.876082 1.397905 1.970774 0.1373069 0.3168143 0.3552223
2.146184 0.729775 2.912919 0.1679003 0.315515 0.4760905
2.147067 0.7445896 2.777649 0.1659585 0.3095294 0.441796
2.015266 1.094213 2.281922 0.1484809 0.3053243 0.3812243
2.168049 0.6907748 2.91581 0.1688747 0.311569 0.4636217
1.985252 0.9743093 2.625118 0.1489964 0.3110089 0.4465694
2.007 1.007532 2.533164 0.1537318 0.3178379 0.4401696
1.758796 1.589379 1.795455 0.1287476 0.3265814 0.3383214
1.945352 1.212909 2.089094 0.1387922 0.2981071 0.344196
2.128464 0.6705582 2.987402 0.172534 0.32581 0.4966154
1.968731 1.130431 2.353843 0.1444265 0.3077568 0.4030253
2.159238 0.6476055 3.011867 0.1789165 0.3328059 0.5081151
1.939045 1.105846 2.449807 0.1500513 0.3263542 0.4458726
1.977193 1.068173 2.441254 0.1537758 0.3255343 0.438586
2.364932 0.4556329 3.10182 0.201604 0.3344665 0.4921538
1.760385 1.580401 1.865769 0.1284439 0.3273787 0.3554155
2.007128 0.9665224 2.665347 0.1531493 0.31685 0.4622723
2.222566 0.5530974 3.182192 0.1931396 0.3482725 0.5502808
1.928098 1.023183 2.619766 0.1519856 0.3310958 0.4807783
2.161261 0.6094689 3.196706 0.1739563 0.3234852 0.5250809
1.992695 0.9375016 2.490157 0.1563226 0.3207349 0.425855
1.923411 1.104148 2.320872 0.1410626 0.3050833 0.3897322
2.221246 0.6336786 2.968975 0.1815766 0.3262064 0.4862159
1.916177 1.238112 2.076488 0.1410639 0.3095961 0.356694
1.972847 0.9649669 2.648198 0.1559281 0.3286864 0.4754719
2.12241 0.7830621 2.578702 0.1635478 0.3066002 0.4035841
2.072751 0.8200727 2.831506 0.1663806 0.3285527 0.493537
1.969922 0.9817407 2.628137 0.1506011 0.3176971 0.4575046
1.757312 1.558095 1.893016 0.1286585 0.3276323 0.3607533
2.176705 0.6459201 2.903809 0.1792477 0.3284826 0.4786356
2.113922 0.771886 2.732315 0.1651079 0.313729 0.4426736
1.748548 1.559937 1.958791 0.1326278 0.3423378 0.3930742
1.840305 1.3766 2.027294 0.1362761 0.320826 0.3708509
2.025516 0.9798276 2.639728 0.1554422 0.3192517 0.4622279
2.193123 0.4860457 3.306285 0.189269 0.3442492 0.556325
2.05488 0.9206492 2.540378 0.1603151 0.3188638 0.4319007
2.170177 0.6101303 3.108676 0.1786569 0.3301114 0.5174657
1.928048 1.194096 2.4172 0.1457741 0.3241696 0.4462652
2.081119 0.9340134 2.570674 0.1645488 0.3249976 0.4485377
1.939173 1.186334 2.213285 0.1409809 0.3053725 0.376037
1.872743 1.307191 2.133991 0.1337654 0.3062936 0.3714968
2.022524 0.9247116 2.482072 0.1556521 0.3132292 0.4127049
1.837469 1.441514 1.856689 0.1351816 0.3184118 0.3344825
1.965438 1.173895 2.115818 0.1482017 0.3140018 0.364037
2.135228 0.6982722 2.893509 0.1703916 0.3198462 0.4724941
2.082778 0.8204499 2.853088 0.164331 0.3227328 0.4892096
1.805368 1.436638 1.987098 0.1344371 0.3263367 0.3726374
2.164235 0.6504033 2.997729 0.1745444 0.3229607 0.4905785
1.912913 1.261682 2.16201 0.1399944 0.3115311 0.3795407
2.088749 0.8680639 2.626598 0.1603141 0.3115192 0.4322014
2.083242 0.82271 2.781894 0.1654085 0.3237629 0.4759405
1.810904 1.42322 2.071606 0.1301951 0.3152451 0.3776243
2.163318 0.5116446 3.494441 0.1867957 0.3492536 0.6123033
2.261026 0.4893106 3.332959 0.1852655 0.3255876 0.531759
1.853374 1.251397 2.250748 0.1363798 0.3150073 0.4026011
2.078516 1.023343 2.174928 0.1502723 0.291634 0.3354202
1.893522 1.22264 2.256749 0.1405524 0.3161027 0.4025875
1.79806 1.385574 2.061434 0.1294749 0.3129567 0.3700714
2.043408 0.9597689 2.536245 0.1603831 0.3233294 0.442297
1.886495 1.199531 2.458321 0.1443757 0.3298161 0.4643425
2.173277 0.7113612 2.928821 0.1708779 0.3164637 0.4774674
2.082117 0.9002536 2.478904 0.1619087 0.3150294 0.4109689
1.79461 1.367479 2.198011 0.1254972 0.3056332 0.3901012
1.878144 1.286578 2.291764 0.139259 0.3211627 0.4231277
2.0151 0.970938 2.48715 0.1522854 0.3099317 0.4149808
1.951989 0.9884056 2.521897 0.1547435 0.3284366 0.4499201
1.729649 1.723527 1.613388 0.122517 0.3208741 0.2981858
2.09463 0.8154834 2.68641 0.1583934 0.3045008 0.4270058
2.098966 0.7847136 2.817293 0.1651801 0.3188676 0.4698553
2.011282 0.9579048 2.707308 0.1603402 0.3325933 0.493683
2.194255 0.5387469 3.084014 0.1767482 0.3178604 0.4793383
1.999805 1.048361 2.366166 0.1512554 0.3126517 0.4026263
2.080991 0.7039506 3.016119 0.1663811 0.3234372 0.505101
2.09767 0.8924163 2.430094 0.1573638 0.3009553 0.3812459
2.058366 0.8052693 2.790484 0.1606659 0.3168056 0.4646211
1.83966 1.344326 2.092949 0.1296728 0.303735 0.3628672
1.65893 1.957441 1.438742 0.1166969 0.3323682 0.2761582
2.069805 0.8492707 2.657931 0.155218 0.3032994 0.4246387
1.902158 1.190549 2.390978 0.1509809 0.3405726 0.4621055
1.890322 1.243937 2.125985 0.1357065 0.3032686 0.3606837
1.981808 1.013919 2.585918 0.1495697 0.3145304 0.4480792
1.885267 1.232212 2.172096 0.1337732 0.2995266 0.3645057
2.137905 0.6147862 3.262545 0.1725972 0.3259088 0.5436235
2.050819 0.9651564 2.447505 0.1585541 0.3165188 0.4148288
1.928118 1.10703 2.445408 0.15119 0.3312499 0.4520503
1.72648 1.730201 1.645879 0.1189442 0.313598 0.2993028
1.929424 1.174237 2.185913 0.1372933 0.2966608 0.3583261
2.336079 0.5411478 2.81486 0.1902828 0.3169449 0.4259169
1.83723 1.334043 2.30678 0.1424837 0.3412799 0.4583108
1.779026 1.476441 1.849351 0.1294904 0.3173802 0.3341924
1.967421 1.047199 2.472231 0.1490227 0.3157175 0.4296901
1.827404 1.42677 1.925749 0.1344137 0.3196684 0.3506562
1.773148 1.534511 1.809769 0.123966 0.3074777 0.3190327
2.00334 0.9726168 2.395834 0.1492057 0.303263 0.3878468
1.893903 1.159122 2.376344 0.1443929 0.3233531 0.4315892
1.933738 1.122383 2.403724 0.1459058 0.3178903 0.4263939
2.069455 0.8948498 2.607291 0.1526243 0.299445 0.4152271
2.100856 0.8102736 2.766456 0.1671456 0.3233751 0.470119
2.056366 0.9007855 2.499598 0.1578521 0.3110218 0.4099272
1.815155 1.378305 2.135826 0.1343896 0.323768 0.3991663
1.96297 0.9700327 2.597798 0.1564694 0.3308898 0.4679259
2.303906 0.4878333 3.031893 0.1935694 0.3294134 0.4766859
1.875953 1.233928 2.166043 0.1406838 0.3180539 0.385883
2.074343 0.8927656 2.649534 0.161082 0.3177321 0.4495445
1.858036 1.37988 2.004783 0.1360542 0.3166652 0.3613442
2.031935 1.041654 2.437448 0.1543257 0.3154236 0.4210133
1.89463 1.272252 2.051881 0.1370458 0.3056851 0.3501
1.997654 0.9025131 2.794969 0.1583956 0.3287831 0.4992448
2.115835 0.753669 2.772942 0.1707514 0.3250541 0.4646181
1.929283 1.214679 2.139829 0.1389063 0.3023287 0.3595891
2.187962 0.6166609 3.22258 0.1812713 0.3349546 0.5510947
2.154605 0.7602625 2.964868 0.1769519 0.3357109 0.5237291
2.325378 0.31117 3.589262 0.2073159 0.3523831 0.5881473
1.935013 1.172862 2.114846 0.1395952 0.2994303 0.3471516
1.97813 1.211272 2.102181 0.1418476 0.299947 0.3488343
2.051586 0.9382121 2.556357 0.1552828 0.3101156 0.4259328
1.955931 1.050895 2.35608 0.1457415 0.3076215 0.3944188
2.011956 1.06281 2.239654 0.1560906 0.3188429 0.384367
1.936737 1.212127 2.140537 0.1449454 0.3150488 0.3745573
2.07785 0.8310475 2.771932 0.1613195 0.3163811 0.4645315
1.948799 1.165327 2.235579 0.1425098 0.3063774 0.3799145
1.952265 0.9714552 2.688333 0.1470118 0.3132922 0.4630548
2.139643 0.7401195 2.80378 0.1694498 0.3181036 0.4586772
2.351855 0.3173425 3.473762 0.204206 0.3408035 0.5469082
1.811048 1.445176 1.914585 0.1252241 0.3005376 0.3290171
1.975182 1.077699 2.302806 0.1479745 0.3099483 0.389109
1.894649 1.293332 2.135198 0.1326896 0.2992092 0.3624255
2.206525 0.5964204 3.01855 0.1800426 0.3248049 0.488359
1.999777 1.009133 2.364811 0.1456513 0.2975267 0.3785191
2.427078 0.2091989 3.950155 0.2179149 0.3560524 0.6433237
2.005987 0.8345534 2.894936 0.1582698 0.3245201 0.5035672
2.057156 0.7911463 2.652566 0.1613745 0.314775 0.4307379
2.098503 0.8917867 2.611524 0.1598418 0.3105031 0.431743
2.199624 0.5669962 3.220328 0.1825545 0.3326878 0.5365369
1.759885 1.503828 1.975553 0.1293739 0.3269746 0.3756396
1.977971 1.029 2.4085 0.1485268 0.3099638 0.4059515
1.955742 0.8935869 2.849902 0.1538463 0.326309 0.5059111
1.907654 1.217515 2.107717 0.1409087 0.3103966 0.3627898
1.741147 1.630858 1.671396 0.1286061 0.3292211 0.3146572
2.206359 0.5228787 3.236271 0.1861935 0.3365496 0.5366903
1.886001 1.199548 2.228227 0.1395016 0.3122442 0.3887648
2.060065 0.8853788 2.651697 0.1618293 0.3212263 0.4537127
1.875771 1.177663 2.277439 0.1368067 0.3073129 0.3911689
2.141674 0.818715 2.58872 0.1697941 0.3187285 0.426847
1.987015 1.056964 2.448296 0.1527804 0.3208582 0.4323776
1.779041 1.616205 1.713057 0.1254219 0.3139571 0.3090295
2.310549 0.4148967 3.401112 0.1956633 0.334935 0.5447064
1.741826 1.569361 1.958466 0.1248222 0.3231688 0.3718572
2.124528 0.9163201 2.551782 0.1653142 0.3177065 0.4317793
2.222634 0.560087 3.09017 0.1821643 0.3253368 0.4962809
1.976256 1.081188 2.201984 0.1484581 0.3086095 0.3666829
1.92983 1.133559 2.21047 0.1448619 0.312214 0.3783397
1.841671 1.286229 2.324636 0.1410404 0.3335128 0.4474533
2.098699 0.7862897 2.961826 0.1626743 0.3164798 0.4970565
1.786534 1.414311 1.906664 0.1270472 0.3066166 0.3312192
1.890898 1.278934 2.077004 0.1383063 0.3103288 0.361149
2.081458 0.8624089 2.573854 0.1618318 0.3144706 0.4245392
2.069495 0.8701373 2.708124 0.1633659 0.3232385 0.4666539
2.09379 0.8372602 2.643581 0.1595151 0.3074766 0.4256873
1.821041 1.438294 1.975198 0.1334063 0.3206671 0.3638363
1.888566 1.217377 2.288996 0.1422717 0.3215705 0.4162375
1.994099 1.064089 2.365934 0.1527759 0.31831 0.4119975
2.053317 0.8740257 2.768695 0.1564996 0.3122814 0.4635804
1.857848 1.245502 2.146 0.1385716 0.3164769 0.3806201
1.948211 1.040133 2.479211 0.1459103 0.3112074 0.4236156
1.99782 1.087775 2.203262 0.1455969 0.2992511 0.3567648
1.922148 1.135841 2.361333 0.1494763 0.3283269 0.4322601
2.112981 0.77494 2.786793 0.1720586 0.3296322 0.4773149
2.100554 0.9684104 2.28765 0.1607078 0.3091567 0.3721797
1.983901 1.03202 2.481715 0.1487575 0.3112252 0.4233676
2.22836 0.5361603 3.048365 0.176511 0.3113508 0.4623326
1.867221 1.303683 2.17277 0.1356586 0.3129293 0.3880603
2.075359 0.790408 3.052555 0.1705275 0.3393254 0.5545501
1.949877 1.282455 2.026437 0.1379752 0.2987827 0.3380261
2.099609 0.7951247 2.802458 0.1676456 0.3243222 0.4765015
2.203824 0.6453243 3.043971 0.1743109 0.3167751 0.489872
1.978903 1.109391 2.389596 0.1432815 0.3030042 0.4023516
1.907689 1.070589 2.606131 0.1445636 0.3203206 0.4684818
2.025261 0.8890007 2.736334 0.162886 0.3317888 0.4885252
1.988399 0.9322051 2.818716 0.1582032 0.3324532 0.5148499
1.920385 1.163066 2.269981 0.1459778 0.3199509 0.4037764
1.841858 1.238856 2.295396 0.1400335 0.3261737 0.4254365
2.012064 0.8968369 2.764496 0.1528773 0.3130349 0.4680983
1.842972 1.341899 2.153988 0.1364281 0.3214156 0.3973475
1.947941 1.125205 2.499518 0.144343 0.3143307 0.4433878
1.946649 1.091611 2.35597 0.1507834 0.3236597 0.4197889
1.965799 1.068743 2.471619 0.153263 0.3271797 0.4477772
2.178716 0.7199428 2.682497 0.1729593 0.315332 0.4267598
1.882828 1.317583 2.102692 0.1424967 0.3257936 0.38869
2.286591 0.5277992 2.989833 0.1898806 0.3262938 0.4708804
2.069783 0.912162 2.517497 0.1632785 0.321463 0.4290446
1.993373 0.9049404 2.838211 0.1612323 0.3369037 0.5216967
2.038972 0.9586078 2.492752 0.1557549 0.3129088 0.4186327
2.004392 0.9902554 2.440828 0.1546242 0.3168444 0.4163139
2.042088 0.8953538 2.723496 0.154925 0.3115299 0.4567476
1.829584 1.352949 2.102227 0.1391114 0.3299385 0.3964189
1.987906 1.07684 2.456812 0.1459498 0.3064941 0.4168877
1.874335 1.368156 1.983338 0.1407639 0.3238019 0.3636128
2.106568 0.7748106 2.79288 0.1634424 0.3128106 0.4542313
2.059265 0.9098056 2.544939 0.1642429 0.3258382 0.4405628
1.710599 1.663888 1.765627 0.1236189 0.3276676 0.3368056
1.95374 1.061239 2.544503 0.145682 0.3130545 0.4437156
1.847998 1.328931 2.078865 0.139667 0.3254185 0.3836609
1.914485 1.208199 2.237035 0.1372619 0.3027893 0.3798544
2.25368 0.4220325 3.32666 0.1960412 0.344018 0.5456158
1.966071 0.9965447 2.615815 0.1501584 0.3179814 0.4570938
2.092704 0.8770525 2.566898 0.1614045 0.3125939 0.4227681
1.958874 0.9000671 2.941854 0.1588018 0.3393926 0.5487142
2.000738 1.057 2.288102 0.1535241 0.3164887 0.3920318
1.765275 1.439142 2.069847 0.1332075 0.3334879 0.4005363
2.138829 0.8425404 2.563132 0.1606923 0.3015939 0.4024742
2.046836 0.7605365 2.804249 0.1609489 0.3169458 0.4606
2.152076 0.7329776 2.835425 0.1684201 0.3143541 0.4588871
1.990815 0.9269924 2.616162 0.1532712 0.3160542 0.4446311
2.01895 0.9927066 2.452838 0.1585821 0.3239196 0.4291566
2.108586 0.7626201 2.808851 0.1711323 0.3282852 0.478477
2.103813 0.7730869 2.885137 0.1632119 0.3146239 0.4759513
1.997337 1.026708 2.545484 0.1569498 0.3287826 0.4614074
1.766391 1.571253 1.863262 0.1299904 0.3294173 0.3563632
1.977909 1.045711 2.617817 0.1531578 0.3265386 0.4771806
2.052731 0.8496659 2.912354 0.1597171 0.320864 0.5040224
1.866926 1.250353 2.402793 0.1395851 0.3240436 0.4488968
1.857563 1.344145 2.197819 0.1381328 0.3243502 0.4113256
2.302807 0.5156489 2.951215 0.1858226 0.3149583 0.4450557
2.168993 0.719054 2.983997 0.1721975 0.3211862 0.4973331
2.056521 1.057304 2.220348 0.1506149 0.2987491 0.3557503
1.958595 1.000818 2.570468 0.1520408 0.3231772 0.455465
1.800578 1.371126 2.246939 0.1294063 0.3159327 0.4141648
2.003247 0.9075373 2.688569 0.1526471 0.3127765 0.4525049
2.128351 0.6828069 3.010018 0.1735953 0.3290663 0.5084486
2.090472 0.920366 2.380004 0.1561359 0.3003989 0.3744728
2.226024 0.5576875 3.061088 0.1863176 0.332418 0.5008117
2.190328 0.6519495 2.891563 0.1778531 0.3235569 0.4700473
1.959954 1.139981 2.210965 0.1466272 0.3119006 0.3792134
1.731575 1.545139 1.856559 0.1245404 0.3190908 0.3420932
1.796943 1.443202 1.877093 0.1252234 0.3014946 0.3215899
2.303046 0.4223774 3.440943 0.1960016 0.3376785 0.5587946
1.970745 1.07095 2.327723 0.1445453 0.3032416 0.3854319
2.246631 0.4608441 3.440588 0.1837857 0.3251734 0.5463323
1.871367 1.367775 2.109751 0.1389201 0.3233717 0.3920428
1.921317 1.198337 2.178502 0.143913 0.3152027 0.3814808
2.128485 0.9553786 2.305362 0.1587292 0.3003511 0.3637379
2.018463 0.9842617 2.499135 0.1475327 0.2997919 0.4053007
1.860553 1.338055 2.174982 0.1294882 0.3012751 0.3770898
2.168487 0.6536436 3.156405 0.1748264 0.3258404 0.5287864
2.245765 0.4908276 3.300315 0.1866593 0.3302758 0.5327866
1.98957 1.03627 2.429448 0.1522445 0.3172957 0.4208991
1.888022 1.316219 2.07599 0.1425625 0.3242183 0.380709
2.005485 1.024704 2.409762 0.1493653 0.3070631 0.4020544
1.891942 1.209503 2.264188 0.1429575 0.3214965 0.4098353
1.872594 1.172049 2.343849 0.1324464 0.2984141 0.3931834
1.80687 1.462382 1.968373 0.1333709 0.3248684 0.3686446
2.35318 0.4581667 2.973141 0.1949741 0.3216737 0.4482361
1.679377 1.788533 1.609424 0.1212465 0.3333197 0.3117599
1.929336 1.107877 2.47274 0.142177 0.3106467 0.4303029
2.011407 0.9600451 2.60552 0.1561046 0.3210335 0.4544528
1.881339 1.224816 2.291582 0.1360177 0.3083214 0.4006063
2.015149 0.9577759 2.618162 0.1547006 0.3172728 0.4514068
1.992325 1.163181 2.203244 0.1453273 0.3044587 0.3703005
2.205502 0.5823924 3.130722 0.1891035 0.3438686 0.5381029
2.024226 1.00242 2.499282 0.1584182 0.3245346 0.4417471
2.071653 0.8004339 2.832358 0.1608472 0.3155171 0.4707663
1.671658 1.727007 1.711524 0.1172431 0.3214911 0.3216001
1.867325 1.238514 2.190323 0.1418999 0.323744 0.3989668
2.235378 0.4995388 3.409473 0.193814 0.3485549 0.5890071
2.361127 0.2542285 3.594919 0.2101777 0.348867 0.5683626
2.089532 0.7742462 2.869099 0.167545 0.3258875 0.4897572
2.010837 1.053788 2.344925 0.1523005 0.3128897 0.3988901
2.141252 0.7391861 2.817946 0.1687448 0.3165876 0.4592124
1.933176 1.130137 2.440431 0.1486683 0.3261403 0.4470971
2.079085 0.9358736 2.578081 0.1619577 0.3201323 0.4438013
1.908904 1.187147 2.276437 0.1430158 0.3169161 0.4039797
2.287312 0.4153576 3.271555 0.2005135 0.3457315 0.5354583
1.998191 1.098837 2.135425 0.146473 0.2999416 0.344583
2.168886 0.7304557 2.625715 0.1676314 0.3055395 0.4037887
1.708438 1.470964 2.171748 0.1281953 0.3366294 0.4312626
1.873274 1.361814 1.873248 0.1289283 0.2911134 0.304078
1.824562 1.439293 1.908038 0.1316265 0.3132932 0.3403972
1.901479 1.143495 2.460217 0.1375095 0.3062312 0.4251126
1.762512 1.412453 1.996707 0.1305849 0.3230404 0.3693737
1.98717 1.131577 2.175565 0.1417135 0.2942211 0.349214
2.042742 0.8600022 2.791662 0.1608824 0.3234312 0.4834078
1.907927 1.184569 2.374201 0.1382966 0.3081053 0.41383
2.023668 1.004816 2.397689 0.1551209 0.3149528 0.4069897
1.85482 1.262726 2.256796 0.1411775 0.3275999 0.4211006
1.926184 1.146351 2.39411 0.1415903 0.3106993 0.4176989
1.823775 1.432326 1.934832 0.1269873 0.3020202 0.333679
1.888945 1.246689 2.327727 0.1401288 0.3193743 0.4251376
2.207831 0.6176447 3.072128 0.1763437 0.3191299 0.4940956
1.744646 1.579254 1.875239 0.1288686 0.3316958 0.3620684
2.422026 0.2229327 3.621893 0.2117594 0.3411539 0.5536998
2.175153 0.6044858 3.23415 0.1828924 0.3397859 0.5588665
2.001192 0.9940402 2.455944 0.1469374 0.3008759 0.3989356
1.886271 1.235694 2.251143 0.1372804 0.310298 0.395344
2.313927 0.3509783 3.761791 0.2077556 0.3601136 0.650118
1.843603 1.340623 2.085885 0.1316565 0.3073903 0.3651586
2.058455 0.9080035 2.594406 0.1585451 0.31456 0.4352758
2.104552 0.6610864 3.094295 0.1717522 0.3295184 0.5229706
1.907696 1.293297 2.016333 0.1374308 0.3050158 0.3436893
2.419802 0.268173 3.628159 0.2143064 0.3484533 0.5788999
2.181208 0.5908302 3.180661 0.1845613 0.3404835 0.5456625
1.811705 1.381911 2.144066 0.1365526 0.3306747 0.4101163
1.688508 1.722633 1.720215 0.1274571 0.3468762 0.3482867
1.859537 1.262202 2.309547 0.1393951 0.3238293 0.4286716
1.802461 1.531563 1.825247 0.128458 0.3141053 0.3291234
1.924387 1.199786 2.302862 0.1413536 0.3119887 0.4050852
1.923022 1.138478 2.305795 0.1395998 0.3036388 0.3882846
1.959714 0.9818646 2.725943 0.1536549 0.3284562 0.4948358
2.038354 1.046948 2.272767 0.1496341 0.3005997 0.3682106
1.894774 1.152094 2.392857 0.1442881 0.3228817 0.4340126
1.998374 0.9933003 2.491442 0.1511201 0.3119066 0.4217893
2.052421 0.8398636 2.688778 0.1590095 0.3143331 0.4450724
2.116888 0.8057926 2.759465 0.1683433 0.322702 0.4667184
2.118235 0.7470552 2.799676 0.1678268 0.3186533 0.4598396
2.080561 0.8595292 2.680223 0.1531249 0.2979797 0.4226653
1.811021 1.386321 1.990388 0.1330488 0.3179492 0.3601685
2.039279 0.9674022 2.60611 0.1555146 0.3153017 0.4471303
2.249617 0.5156455 3.200004 0.1916912 0.3389874 0.531176
1.944828 1.040461 2.456534 0.149799 0.3204054 0.4313609
1.931776 1.179043 2.105117 0.1407318 0.3025697 0.3490522
2.21729 0.590708 2.987043 0.1774977 0.3166736 0.4677393
2.071022 0.9044841 2.576355 0.1609234 0.3172987 0.4353336
1.986521 1.016373 2.424222 0.1435056 0.2967907 0.3905843
2.046533 0.9303824 2.578701 0.1563558 0.3131449 0.4335743
1.780813 1.463168 2.031744 0.1369988 0.341224 0.4023566
1.850375 1.277842 2.143979 0.1393416 0.3223139 0.3904806
2.16681 0.6819107 2.911123 0.172691 0.3188096 0.4716677
1.860419 1.39539 1.878752 0.1354093 0.3119246 0.329327
2.209091 0.5516003 3.230837 0.1865724 0.3384211 0.5449112
2.072907 0.8232913 2.798948 0.1684224 0.3323392 0.4923559
1.711936 1.640956 1.826136 0.1277815 0.3391014 0.3618878
1.77435 1.653206 1.637554 0.1229392 0.3081097 0.2882754
1.855367 1.321352 2.148064 0.1352553 0.3144992 0.3857332
1.915501 1.155932 2.294265 0.1416133 0.3108106 0.3970336
1.978432 1.143163 2.181558 0.1452278 0.3047346 0.364237
2.252242 0.586543 2.88919 0.1785681 0.311381 0.4403011
1.793462 1.337153 2.117391 0.1311753 0.3162121 0.3826171
2.203433 0.6448082 3.026279 0.1811136 0.3301204 0.5068311
2.249138 0.5524704 3.145527 0.18275 0.3228496 0.5022256
2.225875 0.521939 3.224117 0.1820115 0.3250898 0.5164013
1.748385 1.521421 1.918549 0.1259847 0.3200033 0.355995
2.253839 0.4577874 3.385584 0.1882321 0.3318308 0.5459527
2.10487 0.720825 3.131305 0.1760664 0.3430921 0.5654073
1.952869 1.063962 2.444753 0.1471473 0.3141621 0.4231676
1.83975 1.373492 1.99548 0.1327021 0.3110049 0.3525586
1.894342 1.133967 2.378084 0.1452344 0.3235288 0.4293587
1.729235 1.7033 1.577186 0.1230737 0.3196614 0.2881704
2.062146 0.7553267 3.063702 0.1671 0.3323108 0.5391602
1.979568 1.07367 2.268619 0.1440957 0.2994658 0.3687919
1.755028 1.509222 1.850794 0.1233426 0.3085972 0.3277218
1.680776 1.636065 1.76527 0.11865 0.3175968 0.3252867
2.050101 0.9553114 2.400393 0.1606632 0.3194313 0.4072126
2.024896 0.9996462 2.49519 0.1580188 0.3230778 0.4382339
1.861907 1.317425 2.076776 0.1352353 0.3111077 0.3656479
1.777745 1.610632 1.7223 0.1245481 0.3118496 0.3088263
1.934948 1.183953 2.220156 0.146982 0.319804 0.3945341
2.093801 0.8296589 2.816499 0.1699931 0.3329208 0.4983904
2.027273 0.7888963 3.062874 0.1678807 0.3423028 0.5615044
1.666753 1.762076 1.683298 0.1189773 0.3295584 0.3244545
1.962791 1.108774 2.31699 0.1437254 0.3050847 0.3898321
1.872822 1.152253 2.521749 0.1458499 0.3338831 0.4791339
1.931631 1.109589 2.420003 0.1455069 0.316682 0.4266721
1.88585 1.098036 2.6385 0.1431813 0.3236873 0.4845817
1.909109 1.221675 2.201331 0.1464628 0.3261733 0.402813
1.951902 0.9967464 2.68191 0.1453188 0.3105587 0.4604581
2.179778 0.5742755 3.282415 0.1770029 0.3261257 0.5400138
1.966144 1.113133 2.159607 0.1439681 0.3016626 0.3535444
2.154979 0.768605 2.923872 0.1781342 0.3374357 0.5180752
2.055822 0.8658457 2.668597 0.1544916 0.3050199 0.4311945
2.423798 0.2668288 3.492254 0.2079515 0.3338066 0.526367
1.99408 0.9299983 2.79034 0.1555356 0.3246148 0.4959452
2.07428 0.9184666 2.549184 0.1550659 0.3043643 0.4136429
2.003275 1.006096 2.574687 0.1574806 0.3279887 0.4637708
2.027115 0.8690686 2.821203 0.1598782 0.325039 0.4936356
1.760572 1.430745 2.022905 0.1267494 0.3154373 0.3679938
2.009896 1.014311 2.44086 0.1533901 0.3151139 0.4176392
2.192282 0.5629442 3.268037 0.1810588 0.3314426 0.5437211
1.851506 1.191889 2.492472 0.1440417 0.3357215 0.4795621
1.915451 1.260371 2.18534 0.139698 0.310999 0.3840612
2.113763 0.7836533 2.622527 0.1626271 0.3070613 0.4130279
2.321933 0.3374596 3.51461 0.202957 0.3450491 0.5673156
2.116277 0.8317286 2.703837 0.1641279 0.314513 0.447287
2.094798 0.9637471 2.401899 0.1542132 0.2987392 0.3818298
1.915401 1.209627 2.189573 0.136838 0.300908 0.3681217
2.32451 0.2561755 3.851435 0.2146688 0.3678099 0.6565649
1.845883 1.24711 2.256409 0.1410856 0.3278137 0.4196
2.068454 0.9323664 2.467632 0.1494876 0.2923386 0.3829749
2.107101 0.8166136 2.766642 0.1622511 0.3123018 0.4546814
1.937556 1.176179 2.3098 0.1494462 0.3271104 0.4234761
1.918056 1.171442 2.387464 0.1481993 0.3293172 0.4437321
2.157976 0.655875 2.920291 0.1693685 0.3121474 0.4591058
2.089402 0.9103905 2.557593 0.1596952 0.3115231 0.4241769
1.953358 1.074622 2.462188 0.1482847 0.3180022 0.433748
2.166204 0.6659156 3.041557 0.1787587 0.332978 0.5183431
1.98882 0.8645249 3.002813 0.1579246 0.3306912 0.5423239
1.928665 1.129532 2.267023 0.1426519 0.3083648 0.3852475
2.032958 0.9039961 2.634694 0.158146 0.3186679 0.4491816
1.946468 1.166251 2.211278 0.1378941 0.2954945 0.3615752
1.896533 1.223442 2.23095 0.1496571 0.3366706 0.4224607
2.089859 0.8183544 2.549084 0.1543871 0.2943603 0.3868849
1.709858 1.769505 1.605033 0.1197808 0.3206605 0.2979845
1.846481 1.257784 2.234962 0.1350609 0.3133569 0.3980518
1.945344 1.182288 2.170291 0.1387175 0.2977487 0.3575145
1.901175 1.259403 2.16944 0.1410011 0.3163354 0.3871472
2.028176 0.9390625 2.538114 0.155462 0.3139149 0.4271418
2.221679 0.5700685 2.839458 0.1790672 0.3153564 0.4335332
1.949008 1.025019 2.701745 0.1491177 0.3223935 0.4866367
2.153398 0.803961 2.673846 0.1654241 0.3088392 0.4288117
2.231449 0.5715045 3.054204 0.1813811 0.3221942 0.4859582
1.96701 0.9514656 2.532152 0.1493441 0.3113814 0.4241459
2.18834 0.6452998 2.98096 0.1764493 0.3222488 0.4849336
1.969774 1.106297 2.427359 0.1467182 0.3131406 0.4236686
2.031891 0.8975891 2.623602 0.1597543 0.3217558 0.4502962
1.870664 1.179201 2.452182 0.1444146 0.3311317 0.4621689
1.771506 1.500502 1.848747 0.1313805 0.3257384 0.3444471
1.873313 1.225025 2.287882 0.1468629 0.336089 0.4354651
1.851924 1.260129 2.373081 0.1389619 0.3253698 0.4449407
1.840806 1.324045 2.237286 0.1421077 0.3370071 0.434838
1.619371 1.896275 1.50988 0.1105338 0.3195939 0.2801472
1.990857 1.00925 2.585548 0.1524578 0.3195382 0.4550244
2.124108 0.7763246 2.868012 0.1671904 0.3197534 0.4811428
1.95619 1.047794 2.43012 0.1440309 0.3051079 0.4062832
2.340906 0.3320829 3.510684 0.2050958 0.3457098 0.5662607
1.927012 1.262915 2.136976 0.1413039 0.3117755 0.3746554
1.919488 1.090307 2.477934 0.1513427 0.3326223 0.4590879
2.172216 0.6204864 3.171468 0.1797637 0.3338314 0.5389835
2.11344 0.7558739 2.720417 0.1663953 0.3153809 0.4401781
2.090047 0.8475159 2.650495 0.1591779 0.30821 0.4297296
1.846957 1.220012 2.446244 0.1453055 0.3415224 0.4810605
1.958544 1.029518 2.502241 0.1471627 0.3124097 0.4293759
1.792763 1.371159 2.070767 0.1276028 0.3082259 0.3653886
2.16958 0.7453205 2.844299 0.1629163 0.3010997 0.442892
1.92007 1.167665 2.191387 0.1397141 0.3037258 0.3674515
1.771476 1.541472 1.938413 0.1330172 0.3363072 0.3798196
2.095725 0.8823177 2.620959 0.1700696 0.3318762 0.4614865
1.750726 1.641151 1.7188 0.1200437 0.3068845 0.3045779
2.231686 0.505068 3.314731 0.1879867 0.3365178 0.5499828
2.281733 0.5848818 3.050977 0.1901657 0.3320929 0.5033575
2.000623 0.9270654 2.85355 0.1585308 0.3313833 0.5204203
1.995048 1.010847 2.565863 0.1539119 0.3213595 0.452814
2.031949 1.017854 2.459466 0.150784 0.3065373 0.4109592
1.959585 1.175068 2.244698 0.1420448 0.3042725 0.3800509
1.756093 1.438459 2.064775 0.1223947 0.3067734 0.3682046
1.882302 1.239644 2.1859 0.1360239 0.3063356 0.37631
2.071388 0.9712433 2.54049 0.156046 0.3102274 0.4270093
2.251071 0.5020454 3.221876 0.1885455 0.3324444 0.5227873
2.24435 0.6365574 2.795752 0.1811872 0.3185434 0.4402739
1.989678 0.999457 2.582676 0.1546859 0.3240357 0.4594389
1.955189 1.268242 2.000459 0.1397964 0.3002446 0.3328776
2.15283 0.6694433 2.873672 0.1700677 0.3146699 0.4566957
1.850101 1.233304 2.362623 0.1368798 0.3181384 0.4297804
2.060114 0.8085084 3.030877 0.1671345 0.335318 0.5463466
1.908193 1.106154 2.506719 0.1513632 0.3366734 0.4736338
1.882076 1.306718 2.055301 0.1304888 0.2945197 0.340914
2.111645 0.7756559 2.81689 0.1664144 0.318813 0.4682541
2.000028 0.8709315 2.856491 0.1604801 0.3320673 0.5127153
1.978302 1.127737 2.206114 0.1450891 0.3040833 0.3672098
1.967777 1.069813 2.422305 0.1535668 0.3262283 0.4352064
1.878214 1.257391 2.290468 0.1373584 0.3145247 0.4116683
1.894195 1.259731 2.085814 0.1380977 0.3083902 0.3594721
2.105299 0.8590033 2.650147 0.1609497 0.3103027 0.4344271
1.844197 1.364916 1.982121 0.1301372 0.3025267 0.3392819
2.228184 0.5815916 3.143576 0.1880169 0.3383033 0.5323462
2.428782 0.3263721 3.239218 0.2111793 0.3375786 0.4965721
2.138819 0.7447161 2.719597 0.1697072 0.3174167 0.4411951
1.996094 0.8693984 2.884281 0.154205 0.3189996 0.4980736
1.868559 1.240205 2.209059 0.1362559 0.3102953 0.3866737
1.902356 1.121659 2.542443 0.1459639 0.3267957 0.4698844
2.180215 0.561349 3.340673 0.1804927 0.3334922 0.5622389
2.031722 0.9192873 2.662783 0.1609997 0.3268368 0.4693236
2.179072 0.6239652 3.15639 0.184869 0.3429936 0.5513061
1.907738 1.114823 2.395091 0.1463814 0.3230538 0.4306171
1.767335 1.535253 1.849665 0.1206095 0.3008037 0.3206742
2.0861 0.9508461 2.476817 0.1584419 0.3100524 0.4103909
2.175095 0.73421 2.674913 0.1727425 0.3161739 0.4287087
1.828783 1.346844 2.137968 0.1345468 0.3193253 0.391655
1.768151 1.549994 1.856881 0.1280317 0.3219708 0.3456878
2.07238 0.831311 2.760993 0.163481 0.3215091 0.4694236
2.185289 0.6323043 3.059509 0.1818349 0.3345797 0.5186891
1.925136 1.294003 1.958913 0.1383792 0.3028456 0.3293544
2.081359 0.8153383 2.760432 0.1658025 0.3239907 0.4704232
1.908141 1.213294 2.137993 0.1357934 0.2982344 0.3540338
2.312036 0.5126711 3.047702 0.1857502 0.314767 0.4623392
1.804087 1.362288 2.070213 0.1342931 0.3228459 0.3819445
2.131101 0.6195638 3.135055 0.1759635 0.3322578 0.5283423
1.954153 1.019342 2.566058 0.1468036 0.3130936 0.442778
2.215298 0.5917594 2.927499 0.1826008 0.326117 0.4701296
2.005559 1.021223 2.327229 0.1465913 0.298339 0.3729225
2.167751 0.6220712 3.050836 0.177054 0.3268859 0.5024436
1.926449 1.151195 2.388707 0.1480771 0.3261282 0.437527
2.043602 0.9097818 2.661382 0.162418 0.3270964 0.4678071
2.094114 0.8092708 2.82648 0.1655639 0.3221997 0.4807955
1.85769 1.415469 1.891318 0.1354211 0.3144152 0.3361944
2.079405 0.8574332 2.565252 0.1641962 0.3193888 0.4287398
2.160504 0.6192286 2.971275 0.1778737 0.3280895 0.4871252
2.077333 0.7958644 2.938858 0.159617 0.3138566 0.490158
2.006885 1.011473 2.383596 0.1502893 0.3072463 0.3949921
2.054059 0.8852918 2.553929 0.1678574 0.3330672 0.4487276
1.939344 1.086446 2.465851 0.1562383 0.3399947 0.4661998
2.148238 0.6087396 3.309452 0.1746454 0.3291208 0.5583912
1.968669 1.032216 2.630812 0.1528606 0.3266417 0.478111
1.954564 1.082082 2.30213 0.1471783 0.3117814 0.3915402
2.251598 0.447229 3.336649 0.1896544 0.3337401 0.5372536
2.106347 0.8816498 2.471342 0.1666098 0.3193661 0.4122117
2.145447 0.7500829 2.699285 0.1687302 0.3141576 0.4332192
1.89619 1.239042 2.230684 0.1374173 0.3086363 0.3891573
1.848044 1.290864 2.254005 0.1419494 0.3330053 0.4303553
1.885125 1.182813 2.419398 0.1419437 0.3218553 0.4421991
1.811385 1.384402 1.947198 0.1324311 0.3145131 0.3461885
2.252334 0.5773534 2.842149 0.1767513 0.3065283 0.4230071
1.972597 1.004311 2.659282 0.1462569 0.3094292 0.4553198
1.89598 1.218827 2.223221 0.1346772 0.3002842 0.3750156
1.985793 1.011562 2.600562 0.1507016 0.3165779 0.4539217
1.99361 1.005343 2.531421 0.1525794 0.3175795 0.4394422
2.092874 0.731699 3.121787 0.1658282 0.3238699 0.5335767
2.08985 0.8899321 2.571416 0.1657269 0.3230559 0.4396122
1.811303 1.384156 2.050444 0.142367 0.3429802 0.4023959
2.055775 0.9366914 2.564098 0.1532373 0.3048211 0.4196748
1.860123 1.294089 2.239268 0.1352922 0.31401 0.4029553
2.163558 0.7285066 2.742564 0.1730251 0.3195449 0.4460213
2.109378 0.767525 2.780013 0.1659816 0.3172031 0.4571888
1.978622 1.122144 2.403353 0.1555466 0.3323402 0.4458027
2.055149 0.9463174 2.498308 0.1586715 0.3160174 0.4226001
1.958707 1.147726 2.298349 0.1471147 0.3156634 0.4031664
1.965373 0.8474339 3.020297 0.1552038 0.3281269 0.5394495
2.04169 0.9496489 2.562705 0.1566641 0.3155291 0.4360529
2.001382 0.9936903 2.436204 0.155067 0.3187966 0.418861
1.936133 1.121269 2.395364 0.1414713 0.3068514 0.4098328
2.10474 0.8162217 2.663335 0.1642705 0.3149339 0.4371443
1.972335 1.175526 2.13077 0.1461811 0.3088667 0.3616026
2.112295 0.7761987 2.823255 0.1648961 0.3157789 0.4654491
2.018436 1.013133 2.327465 0.1545265 0.3133156 0.390893
2.033654 0.8696324 2.84034 0.1611144 0.3271492 0.5013697
2.031586 0.9038352 2.495962 0.1520792 0.3026137 0.3983526
2.008485 0.9397015 2.721196 0.1543785 0.3187611 0.4734439
2.085021 0.8609319 2.645341 0.1595095 0.3102992 0.4331736
1.891294 1.244553 2.164998 0.1423117 0.3199367 0.3889557
1.85543 1.400937 1.975055 0.1405424 0.3289906 0.3700101
1.806347 1.47436 1.869951 0.1313331 0.3175184 0.3388737
2.03841 0.8695854 2.828253 0.1599685 0.3234701 0.4929192
1.787039 1.429912 2.046906 0.1343669 0.3309895 0.391591
2.047345 0.9488799 2.581269 0.1497217 0.2994296 0.4169877
1.998062 1.036425 2.3567 0.1505879 0.310362 0.3961846
1.793402 1.417099 1.999286 0.12796 0.3107769 0.3564295
1.969037 1.00904 2.62541 0.153958 0.3276681 0.4756796
1.965102 1.15113 2.248247 0.1452627 0.3092584 0.3846332
2.088006 0.7581044 2.985338 0.1744535 0.3421365 0.5377643
2.120846 0.6323129 3.120534 0.1678783 0.317544 0.5039028
1.827386 1.396798 1.988704 0.1289518 0.3052652 0.3463461
2.122606 0.7350314 2.808859 0.1686659 0.3192082 0.460771
1.817691 1.241101 2.362577 0.1414131 0.3364434 0.4554063
2.17787 0.6394869 3.19567 0.1715215 0.3174005 0.520426
2.022338 0.9630252 2.46987 0.1551852 0.314049 0.4156582
2.003025 0.8681061 2.943692 0.1592616 0.3304562 0.5295742
1.983081 1.110287 2.319339 0.1470841 0.3091107 0.3950198
1.941443 1.101399 2.390717 0.1504473 0.3253129 0.4308361
2.04624 0.8762894 2.582604 0.1547943 0.3062485 0.4171214
1.94977 1.107991 2.349488 0.1471032 0.3157929 0.410403
2.133935 0.7303733 2.838271 0.171594 0.3237791 0.4729174
1.864824 1.392033 1.96876 0.1377825 0.3194745 0.3572241
1.89262 1.234817 2.214893 0.138627 0.3113583 0.3884839
1.985499 1.132592 2.191639 0.1439485 0.3001015 0.3596421
2.069617 0.9674955 2.451321 0.157152 0.3104797 0.4077143
1.99175 1.056419 2.313633 0.145315 0.3000808 0.3767948
2.418566 0.2375156 3.463403 0.211337 0.3392202 0.5233842
1.900971 1.216781 2.314466 0.1437746 0.3233339 0.4240042
1.966317 1.098816 2.313853 0.1459137 0.3083797 0.3916878
2.479954 0.2317627 3.463957 0.2187325 0.3422793 0.5264575
1.880462 1.277886 2.206234 0.1397807 0.3193091 0.4006373
1.936371 1.088914 2.294035 0.1369224 0.2916991 0.3659121
2.18486 0.5740606 3.170243 0.1786246 0.3267355 0.5179827
1.817993 1.421125 2.008226 0.1318317 0.3163385 0.3645954
2.045807 0.9408366 2.559943 0.1592778 0.3199186 0.4403534
2.061513 0.9342691 2.553947 0.1582022 0.3142379 0.4300953
2.095919 0.7941429 2.772191 0.1649817 0.3185825 0.461376
2.15778 0.7120298 2.831495 0.1775892 0.3305982 0.4778709
1.694237 1.687881 1.798753 0.1199708 0.3242755 0.3427447
1.945945 1.029436 2.527142 0.1413553 0.301807 0.4202335
1.8745 1.258063 2.209217 0.1438483 0.3289064 0.4112974
1.721362 1.774785 1.550161 0.1223986 0.324421 0.2892108
2.068489 0.8440635 2.699884 0.1633315 0.3213947 0.4580856
1.878708 1.212949 2.356306 0.1428249 0.3262496 0.4375168
2.01786 0.9766731 2.616525 0.1540127 0.3168638 0.4535567
2.206379 0.540417 3.202356 0.1883051 0.3412058 0.5409255
2.189055 0.7470552 2.785127 0.1753848 0.3222897 0.4621299
