0.9984368 1.14285 2.183088 0.07421417 0.3089883 0.3697461
0.9775681 0.987113 2.684497 0.07548229 0.3226191 0.4777383
1.002243 0.9808838 2.522833 0.07642744 0.3144852 0.4301355
1.015926 0.9792993 2.336779 0.07480241 0.2984562 0.3705102
0.9184916 1.405154 1.891474 0.06749871 0.3166078 0.3380744
1.018448 0.953318 2.472993 0.07684552 0.3077778 0.40668
1.146036 0.4455559 3.272964 0.09490392 0.3263915 0.5122656
1.001254 1.098675 2.265715 0.07165499 0.2954236 0.3656696
0.9585026 1.211407 2.246565 0.07199762 0.3189533 0.402614
0.9674212 1.075092 2.439652 0.07001487 0.3014696 0.4066323
1.080569 0.6923462 3.013369 0.08829922 0.3305218 0.5135084
1.042536 0.7739786 2.840374 0.08309108 0.3230806 0.4792962
1.078961 0.7052483 2.884842 0.09004883 0.3364083 0.496751
0.8701104 1.541331 1.96123 0.06642848 0.3431744 0.3933645
0.9486223 1.248821 2.195977 0.07033083 0.3162317 0.3920531
1.113511 0.5138854 3.40299 0.0928007 0.3342015 0.565905
0.9138558 1.431758 2.049339 0.06438392 0.3091745 0.3668627
0.9472726 1.200366 2.171984 0.06966551 0.3091618 0.3732186
0.9390838 1.270205 2.087739 0.06956592 0.3143217 0.3674357
1.15794 0.4342812 3.464894 0.1028749 0.3552189 0.5967349
0.8889015 1.388284 2.315033 0.06941654 0.3483377 0.4751333
0.9164672 1.388921 1.99839 0.0697176 0.3301836 0.3757584
0.9333288 1.130651 2.414342 0.06801316 0.3069252 0.4148938
0.9637559 1.217176 2.191024 0.07351236 0.3234075 0.3964924
1.008346 0.905692 2.676032 0.07859336 0.3205444 0.4614195
1.071014 0.631296 3.204006 0.08524566 0.3208913 0.5265121
0.8961277 1.538177 1.763461 0.06269212 0.3065986 0.3083605
0.9291761 1.347989 2.001275 0.06577164 0.302816 0.3423806
0.9998048 0.999841 2.473314 0.07722574 0.3190709 0.4281395
1.08917 0.7494384 2.752845 0.08562912 0.3149971 0.4450398
1.088428 0.7267077 2.636802 0.08642506 0.3149085 0.4181754
1.060357 0.7061759 3.091867 0.08718347 0.335077 0.5404299
1.219085 0.2209513 3.543917 0.1070355 0.3414963 0.538694
0.9394213 1.305055 1.943911 0.06559746 0.293981 0.3176624
0.944569 1.235301 2.156176 0.06784131 0.3038497 0.3673553
0.9429892 1.272699 2.199036 0.07046226 0.3208072 0.4007413
0.8361815 1.805873 1.611426 0.05887977 0.3258195 0.3056851
0.871648 1.571289 1.768448 0.06071532 0.3080286 0.3128367
0.9423017 1.236613 2.182861 0.07081437 0.3194064 0.3915647
0.9366868 1.320162 2.091191 0.06858449 0.3142466 0.3725343
1.020413 0.87789 2.892538 0.07941567 0.3226667 0.5077501
0.9077286 1.409467 2.058393 0.06447059 0.3103935 0.3686084
1.083164 0.6554809 3.062814 0.08797611 0.3271101 0.5118793
0.9186913 1.361072 2.004075 0.06352285 0.2966256 0.3373808
1.027859 0.9044543 2.685858 0.07944293 0.3175079 0.4584681
0.9574988 1.167254 2.129509 0.07047585 0.3059604 0.3571734
1.123442 0.4669658 3.254255 0.09562399 0.3372029 0.5300501
0.9908703 1.046726 2.420423 0.07292487 0.3046722 0.4035307
0.9939256 0.9809159 2.726897 0.07503132 0.3153131 0.4752856
0.9902037 0.9838365 2.580722 0.07681218 0.3216949 0.4528226
1.047085 0.7839138 2.825979 0.08300799 0.3216155 0.4757202
1.039636 0.8554294 2.555054 0.07938302 0.3074287 0.4100734
1.035884 0.9103106 2.584059 0.07835416 0.3086215 0.4257616
1.080253 0.7434475 2.745421 0.08454913 0.3132801 0.44068
0.9153815 1.315511 2.13774 0.07336999 0.3472407 0.422634
0.9352484 1.32058 2.071968 0.06794047 0.3112849 0.3651002
1.01999 0.855016 2.740927 0.07892504 0.3158704 0.4604129
0.9595369 1.020157 2.608317 0.0750773 0.3279658 0.4731853
0.8773052 1.48845 1.880365 0.06351318 0.3175093 0.3421438
0.8306344 1.622046 1.835508 0.06057579 0.3300767 0.3539445
0.8898955 1.475093 1.956068 0.06245218 0.3083003 0.348008
1.015914 0.942838 2.428868 0.0765814 0.3059209 0.3940616
1.000777 0.8413282 3.063062 0.07829268 0.3251234 0.5427616
0.9959071 0.9288292 2.756964 0.07769821 0.3239504 0.4874002
1.063726 0.8089051 2.814388 0.08453978 0.323859 0.4808142
1.02439 0.9548877 2.469401 0.07825041 0.3124347 0.4130188
1.101961 0.5948751 3.14357 0.09135526 0.3325993 0.5260977
1.067342 0.8428481 2.551495 0.08273911 0.3118932 0.4138908
0.9195472 1.283534 2.238435 0.06743451 0.3158993 0.4040732
0.8804714 1.521467 2.076743 0.0663896 0.3402963 0.4168647
0.9553303 1.113823 2.290143 0.07116765 0.3104191 0.3912947
0.9152168 1.35811 2.130217 0.06664182 0.3165688 0.3876338
0.9739072 1.075893 2.38331 0.07223967 0.3085862 0.4045627
0.9931015 1.060692 2.36693 0.07435714 0.3101029 0.4010026
1.007855 0.9454949 2.60355 0.07730895 0.3158104 0.4442377
0.9331582 1.22912 2.200019 0.07022805 0.319614 0.3946849
0.9932481 1.078603 2.411403 0.07312851 0.3068188 0.408339
0.9647514 1.141118 2.346049 0.07332425 0.3202367 0.418646
0.9719259 1.101782 2.293932 0.07341888 0.314294 0.3955273
0.9753581 1.106014 2.278806 0.07293376 0.3106275 0.3879153
1.0086 0.9487315 2.537818 0.0777625 0.3161767 0.4308803
0.9491493 1.1675 2.392624 0.07108992 0.3182589 0.4295169
0.9008135 1.453238 1.92338 0.06497285 0.3146708 0.3461908
0.9981833 0.9792605 2.535769 0.07756332 0.3212749 0.4421861
0.9041848 1.436064 1.989402 0.06858242 0.3324988 0.3798345
1.116315 0.6747604 2.670954 0.08507717 0.2987327 0.3954589
0.9046998 1.430726 2.036275 0.06573518 0.3187366 0.3746407
1.149507 0.4957545 3.061784 0.09629876 0.3291428 0.4834403
1.011519 0.969193 2.517799 0.07647046 0.3108474 0.4229249
1.067081 0.6846576 3.011595 0.0886649 0.3359869 0.519919
1.030505 0.9233476 2.624162 0.07955269 0.317 0.4472664
1.026536 1.032627 2.415254 0.07800984 0.314254 0.4132372
0.9547442 1.100034 2.354608 0.07205685 0.3151564 0.4093179
1.111152 0.651951 2.967349 0.08904016 0.3202864 0.480621
0.9536736 1.206908 2.238616 0.07194956 0.320078 0.4019881
1.079062 0.6905445 3.004693 0.08594295 0.3211919 0.4969712
0.8443881 1.734593 1.650185 0.06047738 0.3272246 0.313289
0.9958256 1.022492 2.505182 0.07599049 0.3171934 0.4355212
0.9832136 0.9821688 2.839703 0.07547431 0.3236677 0.5138986
1.048226 0.8555381 2.54188 0.07891384 0.3025058 0.4010027
0.9153579 1.348433 2.169199 0.06561546 0.311814 0.3899855
0.9472813 1.256615 2.168887 0.06620879 0.2962838 0.362102
1.010025 0.9405995 2.53347 0.07771244 0.3150988 0.4278137
1.021832 0.8791033 2.473443 0.07689739 0.3024195 0.390513
1.016149 0.9435523 2.570434 0.07879425 0.3185868 0.4405983
1.166495 0.3724658 3.565455 0.104944 0.3587251 0.6097291
0.961753 1.193144 2.323098 0.07128241 0.3149853 0.4126703
0.8815565 1.51135 1.922485 0.06461901 0.3250538 0.3616701
0.997029 0.9307491 2.821518 0.08014071 0.3357606 0.5197601
1.036476 0.9041905 2.580307 0.08316382 0.3283196 0.4507906
0.9332247 1.298585 2.18514 0.06796637 0.3133113 0.3903109
1.032426 0.8727705 2.75156 0.07905056 0.3138662 0.4629827
1.085616 0.6421427 2.953278 0.08844996 0.3253096 0.4834253
0.8942489 1.425252 2.031967 0.06702929 0.3290752 0.3854392
1.015585 0.7697444 3.048964 0.07933686 0.3199205 0.5185288
0.9553846 1.196921 2.345306 0.07216068 0.3221921 0.4273961
1.093494 0.6758265 3.018469 0.0874373 0.3219016 0.4982022
0.9607922 1.24596 2.063354 0.06664551 0.2906337 0.3331258
1.221934 0.1820769 3.648802 0.1100955 0.3513384 0.5656307
1.12264 0.4747146 3.285804 0.09385826 0.3315597 0.5291402
1.023905 0.9357463 2.575063 0.07686416 0.3073461 0.4253142
1.053293 0.7499288 2.869238 0.08376464 0.3215729 0.4793053
0.8967558 1.448548 1.928015 0.06182122 0.2998049 0.3308909
1.047389 1.003205 2.357561 0.07941819 0.3103039 0.3925203
0.9755023 1.077587 2.40214 0.07427771 0.3178115 0.4206499
1.024085 0.9121215 2.642542 0.08082746 0.3243746 0.4600692
1.002318 0.8996648 2.633685 0.07805124 0.318615 0.4480823
0.9661888 1.055317 2.499561 0.07503171 0.3254297 0.4498689
0.9536139 1.25015 2.148932 0.07005482 0.3117836 0.3761256
0.9929521 1.028688 2.550652 0.07691119 0.3237079 0.4552673
0.9976114 0.9500444 2.769164 0.07782694 0.3254348 0.4952794
0.8945186 1.399991 2.097497 0.06518899 0.3192088 0.3869214
1.010501 0.9432662 2.5467 0.07750411 0.3144866 0.4300923
0.9493943 1.280792 2.158418 0.06708611 0.3014566 0.3685524
0.866896 1.621606 1.700864 0.06204266 0.3189808 0.3113895
0.9326408 1.084793 2.732391 0.06986093 0.3199619 0.498476
0.9773248 1.011923 2.556409 0.07087555 0.3005801 0.4221996
0.8781607 1.473056 2.031105 0.06704261 0.3393515 0.4008532
0.9508783 1.256132 2.20607 0.07081421 0.3183069 0.3972691
0.9356563 1.177619 2.332279 0.07465761 0.3399609 0.4456999
0.9960153 1.01096 2.529193 0.07718263 0.3222127 0.4461083
1.047961 0.6550909 3.186664 0.08632681 0.3344484 0.5502751
0.9985906 0.9461606 2.590229 0.07732096 0.3188569 0.4458888
1.072198 0.7091642 2.983125 0.08667556 0.3270701 0.5047799
1.008483 0.8943865 2.677586 0.08121249 0.3312362 0.4751443
1.10726 0.6351457 2.963068 0.09224943 0.3332117 0.4961959
0.9855911 1.03509 2.459687 0.07304585 0.3071992 0.4138708
0.9882153 1.111907 2.325972 0.07463029 0.315481 0.4047786
1.013113 0.9137512 2.567365 0.07845643 0.31646 0.4333621
0.8902006 1.476519 1.924843 0.06246469 0.3078541 0.3411506
0.9137152 1.416195 1.961848 0.06579768 0.3124932 0.3497689
1.100127 0.7533219 2.551561 0.08456084 0.303513 0.390131
1.189704 0.2228527 4.216827 0.1104257 0.3735546 0.73767
1.176911 0.2598938 3.626889 0.1038817 0.3465268 0.5727873
1.019168 0.8417932 2.848452 0.08047392 0.3245249 0.4949622
1.000146 0.9499938 2.422045 0.07219721 0.2922165 0.3762273
1.019567 0.9472982 2.474791 0.07857378 0.3148663 0.4160835
1.031701 0.9413349 2.46893 0.07942667 0.3137408 0.4121636
1.061815 0.8533381 2.563124 0.08066783 0.3059551 0.4097772
1.026799 0.9979566 2.451992 0.07806067 0.3127019 0.4143051
0.9982615 1.023006 2.463 0.07715934 0.3206432 0.4309871
0.9567349 1.186722 2.117214 0.0676055 0.2936531 0.3420796
0.9429741 1.117347 2.598105 0.07323969 0.332255 0.4905683
0.885817 1.542909 1.904891 0.0632257 0.3181909 0.3523654
0.942996 1.175422 2.269108 0.0677072 0.3018564 0.3823482
0.9935403 0.9642687 2.685642 0.0758032 0.3172955 0.4673873
1.003716 1.039915 2.345737 0.07537546 0.3091675 0.3928184
0.9417034 1.300251 2.217535 0.07054415 0.3239717 0.4112218
0.9966661 0.9072513 2.802321 0.07563878 0.3139913 0.4791379
0.9274172 1.377631 1.950958 0.06260417 0.2883247 0.3179526
0.8976217 1.543021 1.81763 0.062041 0.304617 0.31828
1.044107 0.6887358 3.104624 0.08269737 0.3208149 0.5168419
0.9954762 1.20335 1.999588 0.07231938 0.3006955 0.3275787
0.9782316 1.147178 2.198878 0.07201866 0.3064504 0.3704016
1.063478 0.6575987 3.169179 0.0891936 0.3407816 0.55713
0.9958009 1.091106 2.256237 0.07389421 0.3063391 0.3760326
1.192892 0.2402039 3.82723 0.1081174 0.3592244 0.6315897
1.085197 0.7114587 2.775378 0.08500446 0.3122012 0.4400146
1.004653 0.9354209 2.762022 0.07723136 0.3192943 0.4824039
1.014977 0.9932184 2.584753 0.07837766 0.321054 0.4544417
1.004061 0.9441001 2.591361 0.07734549 0.3170433 0.4434178
0.9417408 1.273088 2.151014 0.0646545 0.2915085 0.3543336
1.015652 0.8252111 2.920265 0.08118411 0.3290114 0.5144636
0.9293705 1.278935 2.160297 0.06943829 0.319975 0.3912691
0.9813699 1.132566 2.159832 0.06938976 0.2914223 0.3431196
0.9545919 1.174981 2.236242 0.07253549 0.3199209 0.3976233
0.9633494 1.114849 2.235716 0.06761228 0.2895489 0.3540923
0.8594094 1.667166 1.752093 0.06152503 0.3244543 0.3307566
1.040073 0.8121122 2.818233 0.08328768 0.3266512 0.4859657
0.9709551 1.078754 2.622256 0.07523142 0.3287041 0.4850663
1.009782 1.093513 2.299416 0.077104 0.3172713 0.3991425
0.9712119 1.157489 2.369124 0.0707606 0.3077364 0.4092845
1.035886 0.8248067 3.002682 0.08432335 0.3371836 0.5460771
1.019789 1.052972 2.357356 0.07463134 0.3020628 0.388046
0.9916106 1.091835 2.340098 0.07401743 0.3107321 0.3998763
1.095767 0.6307617 2.979448 0.08676227 0.3148963 0.4707219
1.053256 0.876698 2.478164 0.08103202 0.3099374 0.4011582
0.9056932 1.35856 2.176696 0.06904874 0.3334282 0.4187847
1.069792 0.7374771 2.786092 0.08382081 0.3139869 0.4488871
1.06182 0.713634 2.985644 0.08594258 0.3278761 0.5074258
1.043951 0.9847691 2.330945 0.07973608 0.310857 0.3853407
0.9964525 0.9776182 2.577921 0.0783625 0.3261636 0.4578634
1.054479 0.8665585 2.525866 0.08134724 0.3110403 0.4106146
1.018152 0.8530846 2.722791 0.0782845 0.3131692 0.4523791
0.9922944 1.077688 2.35978 0.07332783 0.3068035 0.3972886
1.040217 0.8563989 2.891856 0.08020442 0.3177608 0.4959037
1.092122 0.7151662 2.81194 0.08549503 0.31277 0.4485034
1.022818 1.033036 2.301702 0.07518879 0.3005956 0.3721907
0.9265976 1.270235 2.222877 0.06558102 0.3027702 0.382903
0.9457381 1.091502 2.601727 0.07498157 0.3374583 0.4949245
1.071936 0.7043974 2.950894 0.08701682 0.327826 0.4984769
0.986226 1.025851 2.525001 0.07401765 0.3122706 0.4336145
0.9656089 1.162928 2.316818 0.07330262 0.3208931 0.4157365
1.078599 0.6146987 2.996385 0.0889605 0.3288968 0.4926336
0.898392 1.481708 1.916966 0.06553775 0.3211179 0.3543156
0.967145 1.118228 2.545374 0.07354721 0.3236886 0.4659291
0.9093166 1.429822 1.954547 0.06659577 0.3191528 0.3566555
0.8473534 1.729431 1.647678 0.05897058 0.317116 0.3030968
0.9599862 1.169942 2.315263 0.0697221 0.3061529 0.396755
0.9973559 0.9564753 2.561095 0.07536737 0.3106508 0.4297461
0.9343443 1.189277 2.433343 0.06978026 0.3199794 0.4437258
1.017605 0.9345392 2.532536 0.07857918 0.3156914 0.4272417
0.9856735 0.949581 2.727353 0.07860729 0.3324299 0.4965152
1.114556 0.66013 2.806515 0.08977698 0.3194268 0.4478617
0.8999892 1.467007 1.879185 0.06670486 0.3238916 0.3473227
0.9706178 1.155667 2.252286 0.07284385 0.314702 0.3926442
1.035902 0.9846797 2.318371 0.07428534 0.2900412 0.3573643
0.8823677 1.567978 1.831889 0.06550884 0.3315554 0.351342
1.049274 0.7467996 2.926662 0.08363372 0.3231051 0.4928164
1.006191 0.9884258 2.649537 0.07784217 0.3227591 0.4705099
1.115257 0.5836872 3.038898 0.09286439 0.3315407 0.5000217
1.104573 0.6624486 2.86405 0.08885767 0.320279 0.461302
1.043257 0.9079829 2.556422 0.08165059 0.3192773 0.433798
1.154034 0.4087757 3.31026 0.09986019 0.3411072 0.5346067
1.057289 0.7209324 2.865992 0.08369429 0.3182181 0.4689103
1.064166 0.7533219 2.894624 0.08648021 0.3298856 0.4976357
1.007219 1.029614 2.296246 0.07478566 0.303435 0.3740808
0.9369749 1.258536 2.117191 0.06954597 0.3148775 0.3734466
0.942775 1.181215 2.296294 0.07071939 0.3174583 0.4085172
0.9476771 1.353235 1.879622 0.06553349 0.2923889 0.306303
0.9750195 1.119481 2.426176 0.07373756 0.3189125 0.4322398
0.9760754 1.077684 2.387132 0.07172437 0.3054709 0.4012105
0.9140952 1.306466 2.253857 0.06769803 0.3217012 0.4176222
1.050851 0.7901767 2.826788 0.08276939 0.3197794 0.4743115
0.9601609 1.204358 2.263155 0.07185243 0.3176312 0.4039744
1.100505 0.5747397 3.01409 0.09204746 0.3321547 0.4938715
1.040768 0.8318814 2.745413 0.07932045 0.3091807 0.4477929
0.9041627 1.383246 2.100611 0.06815226 0.3294842 0.3984174
1.01706 0.8429829 2.866647 0.08016977 0.3240279 0.4976593
0.9513003 1.268439 1.989804 0.06755526 0.2975388 0.3275004
1.007029 0.9800529 2.369839 0.07395271 0.2985599 0.3776094
0.9183044 1.329738 2.156654 0.06893228 0.3252973 0.4015451
0.8782947 1.596279 1.775543 0.06476628 0.3295811 0.3376228
0.9956702 1.019889 2.555108 0.07948607 0.3339615 0.4695981
0.957965 1.23427 2.061832 0.07042139 0.3082664 0.3514529
0.9438174 1.35212 2.016537 0.06817622 0.3100639 0.3539724
0.9015134 1.395956 2.018358 0.06684646 0.3223222 0.3718517
0.9910623 0.9784392 2.559161 0.07493561 0.3120717 0.4339461
1.092665 0.5090181 3.527134 0.09264892 0.3424948 0.6061472
0.9198412 1.384905 2.003713 0.06758507 0.3181581 0.3631707
0.942563 1.306897 2.189939 0.07019445 0.3218667 0.403075
0.9681015 1.129885 2.373884 0.0713645 0.3098667 0.4101602
0.9481218 1.199856 2.246859 0.07200507 0.3220615 0.4056014
0.9585584 1.132766 2.487731 0.07706476 0.3433583 0.482314
1.067469 0.7603435 2.771557 0.08610527 0.3252 0.4656056
1.122316 0.658982 2.799604 0.0880175 0.3101234 0.4335482
1.0062 0.9607078 2.579943 0.07732715 0.3170788 0.4432737
0.9142915 1.339302 2.160983 0.06925757 0.3293894 0.4085287
1.134135 0.5111295 3.069643 0.09597255 0.3339266 0.4954876
1.006755 0.8274857 2.824673 0.07778103 0.3152594 0.4728388
1.02068 0.9348191 2.525482 0.07792136 0.31193 0.4211197
1.142127 0.5035017 3.328129 0.09616535 0.3361725 0.5510333
1.191714 0.3336305 3.548526 0.1042626 0.3455725 0.5737962
0.9307016 1.378 2.003489 0.0663882 0.3075048 0.3502911
1.115566 0.5946634 2.881215 0.09299435 0.329468 0.4659815
1.168184 0.3379315 3.56627 0.1026472 0.3476813 0.5820848
0.8758745 1.493633 1.999899 0.06446718 0.3273078 0.3810319
0.9929063 0.8050193 2.995972 0.08126225 0.3377156 0.5417094
0.9905465 1.036928 2.452982 0.07514287 0.3147557 0.4223545
1.025834 1.036477 2.241545 0.07509128 0.2979914 0.3572531
0.9765745 1.01945 2.549679 0.07488359 0.3196089 0.4482428
0.9364351 1.288172 2.165447 0.06914964 0.3168385 0.389502
1.037294 0.9413666 2.414708 0.08022242 0.3141916 0.4016004
1.119002 0.4337551 3.387443 0.0971812 0.3453801 0.5640174
0.9906797 1.085356 2.387539 0.07459211 0.3143554 0.4140758
0.9956975 1.07389 2.388561 0.07556566 0.3160896 0.4149464
1.157242 0.5488604 3.039293 0.09451449 0.3225324 0.4796588
0.9640606 1.26888 2.051759 0.0699412 0.3063732 0.35052
1.100671 0.6329831 2.793588 0.08852089 0.3170954 0.4374369
1.050956 0.8550722 2.615715 0.08341865 0.3223201 0.4433352
0.9143064 1.314369 2.19518 0.06992113 0.3317436 0.4171752
1.107913 0.6648822 2.783504 0.08914845 0.3189522 0.4434795
1.015567 1.029194 2.428418 0.07600424 0.3092456 0.4091293
0.9511584 1.179931 2.362594 0.0706919 0.3159191 0.4212203
0.9641085 1.240871 2.217213 0.06958231 0.3071503 0.3846572
1.008935 1.021424 2.478282 0.07617168 0.3129154 0.4238668
0.9700257 1.10923 2.520989 0.07725627 0.3387548 0.4803767
1.037491 0.7809111 2.806635 0.08405352 0.3287282 0.4816148
1.023436 0.9620347 2.35365 0.0782968 0.3104384 0.3867604
1.068494 0.8620664 2.504299 0.08422302 0.3176102 0.4140703
0.8441103 1.620673 1.88346 0.06272462 0.3381057 0.3740401
1.009912 0.9018344 2.761435 0.07848188 0.3209171 0.4797918
0.9173717 1.430809 1.961661 0.06542097 0.3104168 0.3485398
0.9384629 1.189271 2.327905 0.06945027 0.3141887 0.4121079
1.021066 0.7821752 3.075244 0.08318782 0.3360827 0.5527352
0.9807728 1.144852 2.301798 0.07096217 0.3027477 0.3868132
0.9982905 0.9233741 2.683587 0.07809713 0.3229136 0.4686913
0.9689466 1.25457 2.031353 0.06782138 0.2933489 0.330515
0.9739448 1.102025 2.260911 0.07266991 0.3090626 0.3816233
0.9802715 1.10782 2.30123 0.07255932 0.308183 0.3902308
1.044231 0.7394381 2.892123 0.08180995 0.316498 0.4753098
0.9812563 1.108687 2.336611 0.07268969 0.3093317 0.399353
0.8354498 1.744881 1.656193 0.05906711 0.3234653 0.3112587
0.9741417 1.098748 2.378248 0.07581774 0.3264656 0.4294572
0.997676 1.072965 2.455854 0.07443126 0.3118868 0.424019
0.9464262 1.186702 2.231693 0.06916452 0.3079269 0.3836332
1.005768 1.078417 2.28513 0.07606897 0.3125651 0.3884284
1.014466 0.9440814 2.537927 0.07725863 0.3119599 0.4250104
0.979346 0.9920938 2.620512 0.07474833 0.3176976 0.4573426
1.065511 0.781052 2.632099 0.08068027 0.3018905 0.4077561
0.9777088 1.082884 2.490017 0.07395004 0.3178874 0.440702
1.246037 0.2062128 3.347997 0.1112739 0.3440695 0.5009104
1.034605 0.9198942 2.617534 0.07944468 0.3149712 0.4427998
0.9821121 0.9808606 2.692611 0.07562265 0.3215007 0.4771447
1.04268 0.8959474 2.472318 0.07947048 0.3078839 0.3998417
1.179719 0.4852837 3.070536 0.09788623 0.3252116 0.4770948
0.984494 1.080684 2.358819 0.07259689 0.3062273 0.3966135
0.9473484 1.259136 2.224192 0.06810595 0.3074365 0.3883963
0.9835694 1.175129 2.299843 0.07597779 0.3275399 0.4219644
0.9991546 1.062765 2.317533 0.0758303 0.3137368 0.3954765
0.9776509 1.024482 2.506103 0.07377734 0.3134275 0.4306444
0.8461847 1.651606 1.829705 0.05955367 0.3196246 0.3426804
0.9909551 0.9502049 2.693707 0.07621125 0.3188259 0.4685871
1.028948 0.8997463 2.471271 0.08017229 0.3153062 0.4093327
1.064539 0.7688875 2.853345 0.08362522 0.3183352 0.4747663
1.083501 0.6993282 2.842185 0.08640331 0.3187303 0.4603702
0.9527156 1.269182 2.099256 0.06804682 0.3026462 0.3564546
1.02578 0.9103178 2.653512 0.0828589 0.3328676 0.4745417
1.045537 0.7979738 2.658829 0.07991829 0.306711 0.4223427
0.9760282 1.184493 2.28786 0.07203178 0.3119353 0.3998931
1.019978 0.9314296 2.604344 0.07958567 0.3208737 0.4497242
1.022796 0.8466858 2.86797 0.07919826 0.3182073 0.4900073
1.140511 0.4530924 3.459425 0.09997015 0.3510136 0.5931721
1.126198 0.5358054 3.196629 0.09297535 0.3286439 0.5187531
0.9755007 1.057869 2.447317 0.0769671 0.3298486 0.4442225
0.9417782 1.084118 2.645102 0.07143462 0.3223891 0.4820933
0.9861314 1.161138 2.190339 0.07460683 0.3165097 0.3822625
1.032865 0.8644545 2.695165 0.07888085 0.3110079 0.4451677
0.9128975 1.318469 2.078689 0.06640252 0.3117346 0.3669013
1.011995 0.903207 2.630916 0.07833103 0.3167838 0.4455591
1.052247 0.7828978 2.792015 0.08227125 0.3160134 0.4600936
1.09823 0.5966128 3.039162 0.09100839 0.3305232 0.5009797
1.149258 0.3959613 3.378135 0.09734715 0.3338321 0.5344198
0.9968557 0.9515804 2.634469 0.07871181 0.327131 0.4682217
1.107208 0.5202864 3.244647 0.09531847 0.344136 0.5505623
1.093656 0.6387988 2.978751 0.08827824 0.3223695 0.4838372
0.8769344 1.605041 1.791734 0.06582963 0.3373432 0.350061
1.013931 0.9801826 2.49111 0.07904085 0.3213011 0.4323539
1.033633 0.9672368 2.428022 0.07862353 0.3105746 0.4030711
0.9979113 0.9645094 2.53396 0.07590143 0.3129015 0.4284144
0.9831093 0.9894659 2.72142 0.08241672 0.3536166 0.5332527
0.9135933 1.386688 2.122527 0.06854618 0.3289734 0.403526
1.094286 0.6884841 2.86087 0.08956812 0.3278755 0.4760912
1.210035 0.2581125 3.54027 0.1085214 0.3514302 0.5634052
1.042002 0.7875906 2.906816 0.08267031 0.3236592 0.496674
1.070216 0.7882604 2.647565 0.08346829 0.3125826 0.426442
0.9813204 1.055491 2.366893 0.07435177 0.3137556 0.4050473
0.9948176 0.9971177 2.3821 0.07424516 0.3051911 0.390387
1.044195 0.8012357 2.652539 0.07941886 0.3050246 0.4190628
1.01568 0.9385646 2.523116 0.07800053 0.314073 0.4238866
1.056123 0.8256969 2.553066 0.08283546 0.3146586 0.4150312
1.030354 0.8982244 2.719785 0.08008178 0.3199998 0.469024
0.9286549 1.328699 2.063472 0.06617484 0.3053172 0.357018
1.001598 1.039037 2.42172 0.07646614 0.3164568 0.4183535
1.155479 0.3668367 3.674927 0.1000622 0.345212 0.6075635
0.8882699 1.506991 1.938975 0.0618771 0.3076172 0.3453877
0.9174899 1.283367 2.147006 0.06497679 0.302328 0.367651
1.009695 1.024271 2.340625 0.07229877 0.2925314 0.3691846
0.9729146 1.142228 2.208805 0.07104827 0.3035825 0.3684036
0.9567164 1.249206 2.061618 0.06995366 0.3078242 0.3525513
0.9832531 1.046358 2.467066 0.07481574 0.316741 0.4292731
1.072134 0.8601386 2.504771 0.08228026 0.3082996 0.4016037
1.18205 0.3793475 3.317254 0.1054225 0.351291 0.5456308
1.086177 0.6630114 2.926315 0.08898169 0.3280596 0.4858936
1.040577 0.9538585 2.595737 0.08289891 0.3295573 0.4632953
1.014953 0.9578469 2.577516 0.07674994 0.3112254 0.4340404
1.094328 0.7001244 2.776517 0.08481241 0.3076433 0.4314485
1.081167 0.736088 2.67525 0.08506967 0.3130492 0.424744
0.9110416 1.403607 2.080314 0.06827292 0.3283643 0.393867
0.9874483 0.8759221 2.817574 0.07709624 0.3220273 0.4896592
0.9867947 0.9392755 2.666323 0.07692097 0.3223477 0.4663747
0.8952102 1.381803 2.138188 0.06350884 0.3095749 0.3825428
1.035227 0.8028673 2.838822 0.0823605 0.3242161 0.4853344
1.050683 0.8065815 2.74162 0.08137727 0.3133361 0.4497026
0.988412 1.049382 2.446238 0.07469486 0.3144994 0.4227122
1.058697 0.7535001 2.866751 0.08396275 0.3205565 0.4774397
0.9670519 1.229456 2.126639 0.07266876 0.3172886 0.3757718
0.9872428 1.004829 2.502749 0.07805589 0.3282919 0.4478621
1.04425 0.8565493 2.676484 0.08032136 0.3127231 0.4428674
0.9335628 1.328825 2.027165 0.06430664 0.2934915 0.3359128
0.9633918 1.122608 2.296997 0.07216448 0.3127454 0.3962181
1.015339 0.9697174 2.480103 0.07658384 0.3090095 0.4121051
1.147731 0.5306303 3.066275 0.0922531 0.316358 0.4719971
1.028536 0.8929527 2.631894 0.08191831 0.3261333 0.4574342
1.008078 1.037018 2.29847 0.07491641 0.3042258 0.3762652
0.9812826 1.081911 2.397011 0.07349243 0.3123435 0.412794
0.974755 1.224941 2.162883 0.07107894 0.3078104 0.3719289
1.01777 0.8657183 2.753212 0.08004965 0.3226057 0.4748476
1.054151 0.6471081 3.262881 0.08671465 0.3345501 0.5648419
1.134515 0.4672664 3.359234 0.09616775 0.3375987 0.5528521
1.03899 0.7838048 2.862691 0.08317075 0.3258318 0.4900723
0.9343182 1.32441 2.110941 0.06863553 0.3165701 0.3805104
1.111452 0.6056454 3.039459 0.09352976 0.336408 0.5113828
0.868307 1.605044 1.745786 0.06317774 0.3248412 0.3265712
0.9306827 1.3516 1.934954 0.06741625 0.3085505 0.3345189
0.928237 1.272098 2.207756 0.06951322 0.3214061 0.4029712
0.9328472 1.368958 1.892934 0.06669147 0.3045094 0.3227486
1.071135 0.7636728 2.806826 0.0875661 0.3310481 0.482361
1.04631 0.8132794 2.698889 0.08195169 0.3166685 0.4465207
0.9558569 1.363158 2.012857 0.07415734 0.3354824 0.3829854
0.880679 1.452657 2.014941 0.06641882 0.3330615 0.3883137
0.9837927 0.9539846 2.723767 0.07519967 0.3175382 0.4737594
1.111422 0.6910383 2.796904 0.08708626 0.3114322 0.4397654
0.9709765 1.023602 2.682519 0.07505309 0.3253707 0.486403
1.036216 0.802008 2.782868 0.08012915 0.313122 0.4569045
0.9469045 1.134617 2.435853 0.07291871 0.3267697 0.4473485
0.9970462 1.071833 2.263796 0.07336677 0.3025697 0.3710976
1.035563 0.807165 2.710775 0.0829117 0.3242374 0.4588221
0.905114 1.303812 2.163125 0.06806263 0.3240415 0.3990522
1.090698 0.691495 2.849072 0.0874042 0.3202856 0.4631095
1.008552 0.9676322 2.599639 0.08149913 0.3355095 0.4742735
1.156417 0.511312 3.099237 0.09557418 0.325955 0.4896883
1.010396 0.8831776 2.598742 0.08021165 0.3238319 0.4459959
0.9632707 1.168991 2.283005 0.07305937 0.3201243 0.4077673
0.9482656 1.085799 2.53793 0.0733828 0.3270303 0.4644319
0.9867371 1.107483 2.286488 0.07363649 0.3101184 0.388907
1.212039 0.2351904 3.506484 0.1078927 0.346772 0.5428785
0.9994709 0.9609518 2.530623 0.07659426 0.3151382 0.4302172
0.992753 1.073138 2.357179 0.0772824 0.324024 0.4181597
1.008275 0.9613972 2.581985 0.07687061 0.3145246 0.4404005
1.042123 0.9186371 2.498135 0.07768941 0.3022837 0.4003903
0.961262 1.165358 2.303506 0.07032432 0.3083033 0.3970225
1.113096 0.803377 2.490151 0.08529781 0.3040592 0.3856084
1.013338 1.116483 2.066123 0.07029287 0.2821651 0.3130851
0.9465478 1.2446 2.164429 0.06976341 0.3131481 0.3809434
1.001709 0.9574018 2.652925 0.07767668 0.3213829 0.4645383
0.9208203 1.365086 2.055913 0.06925899 0.3260252 0.3823595
0.9434422 1.262566 2.071354 0.06466018 0.2882368 0.3334319
1.06914 0.7024359 2.931253 0.08513795 0.3204517 0.4826056
1.06976 0.7044406 2.89979 0.08686844 0.3266718 0.4852617
1.078735 0.7304413 2.683849 0.08733241 0.3229585 0.4392794
1.090153 0.6525076 2.868541 0.08695546 0.3166552 0.4548919
1.010395 1.001447 2.310978 0.07733593 0.3120378 0.3843802
0.9293498 1.17855 2.429798 0.07269116 0.335228 0.462511
1.021633 1.010151 2.370122 0.07873244 0.3165093 0.4037415
0.9663155 1.078253 2.506591 0.07524418 0.328192 0.4583339
0.9769801 1.087812 2.564994 0.0751947 0.3259454 0.469437
0.9756576 1.082754 2.447937 0.07444129 0.3198023 0.4337977
0.9901462 0.9633798 2.634779 0.07714908 0.3232405 0.4644296
1.067538 0.7662466 2.541726 0.08164337 0.3022813 0.3882686
1.004458 0.9494116 2.625856 0.07964283 0.3281144 0.4671444
1.012558 0.9568545 2.499869 0.07681716 0.3107031 0.4170463
0.9685019 1.253733 2.131845 0.07040683 0.3079506 0.3679908
1.126106 0.4819238 3.363946 0.0957232 0.3393308 0.5596552
0.9442934 1.210567 2.113596 0.07057827 0.3138076 0.3671474
0.971344 1.17656 2.042698 0.0716284 0.3049222 0.3387553
1.032766 0.8522876 2.645119 0.07967892 0.3129436 0.4361894
0.9968796 1.04092 2.321301 0.07276709 0.2993165 0.3755234
1.020592 0.8836224 2.797478 0.07987748 0.3229193 0.4877906
0.9478138 1.177012 2.38208 0.07136306 0.3204773 0.4311232
0.9525639 1.158087 2.387696 0.07142181 0.3177568 0.4265516
1.023867 0.9580672 2.607071 0.07610683 0.3061468 0.4332273
0.910038 1.221806 2.367297 0.06721078 0.3169491 0.4282394
1.118909 0.515649 3.17323 0.09415681 0.3339913 0.5180099
1.190978 0.4171905 3.196814 0.09819817 0.3218703 0.4837944
1.056277 0.7682081 2.90615 0.08423941 0.3245009 0.4949465
1.046041 0.8508514 2.525892 0.08309465 0.3202953 0.4208665
1.031603 0.9391771 2.622821 0.08235683 0.3299076 0.4676972
1.03013 0.8386528 2.827926 0.08265698 0.3293757 0.4968311
1.089408 0.6251838 2.88057 0.09088085 0.3314809 0.4743983
1.065354 0.7424944 2.825431 0.08754062 0.3318288 0.4837223
0.9111716 1.392378 2.118403 0.06770632 0.3257794 0.3989299
1.067983 0.7939253 2.717098 0.0864403 0.3274226 0.4626797
0.9484883 1.355502 1.931634 0.06431185 0.2878804 0.3122682
0.9926234 1.006734 2.422077 0.07345523 0.3038537 0.3979989
1.136303 0.4827424 3.240611 0.09742968 0.3405614 0.5359081
0.973258 1.080437 2.413512 0.07303713 0.3132604 0.4173007
0.9876265 1.142463 2.107495 0.07200108 0.300523 0.3439519
0.9812915 1.092919 2.201189 0.07076366 0.2958183 0.3523722
0.9459126 1.211672 2.221465 0.07024027 0.3145527 0.3917399
0.9869051 0.9812417 2.60179 0.07430807 0.3119936 0.4437895
0.9068801 1.367988 2.13246 0.06460715 0.3097157 0.38024
1.03293 0.9602584 2.383003 0.07819925 0.3075287 0.3890137
1.021913 0.8965095 2.675283 0.07779237 0.311565 0.4465327
0.9832824 0.9713594 2.852903 0.0785241 0.3370838 0.5361886
0.9885272 1.034613 2.507829 0.07904241 0.3343828 0.461167
1.029379 0.7246227 3.173212 0.08134477 0.3235099 0.5430238
0.9168108 1.250805 2.243739 0.06844086 0.31988 0.4073975
1.028395 0.9026592 2.4909 0.07745415 0.3045507 0.3999438
0.9016719 1.475558 2.024026 0.06802787 0.3352498 0.394674
1.042889 0.723952 3.109385 0.0837453 0.3280634 0.5366106
0.9001636 1.414565 2.035054 0.06743464 0.3281293 0.3842234
1.035109 0.9196121 2.472466 0.07947264 0.3115253 0.4072193
0.9748445 1.167365 2.178632 0.06985566 0.2984134 0.3584274
0.9628672 1.077255 2.533996 0.07339106 0.3211505 0.4543116
0.8596395 1.696887 1.699464 0.06204576 0.3283116 0.3240368
1.011577 0.9901001 2.440726 0.07348234 0.2970045 0.3906908
0.9743705 0.9768691 2.705886 0.07568139 0.3243882 0.4835207
1.032522 0.9127119 2.674763 0.07922108 0.3153173 0.4542977
1.158057 0.3343848 3.447936 0.09899623 0.3353748 0.5368656
1.175253 0.3725867 3.288105 0.1003767 0.3340179 0.5109223
0.9305571 1.296709 2.106507 0.06500622 0.2976532 0.3545108
1.038817 0.7276681 3.062846 0.08479393 0.3330714 0.5347414
1.048437 0.9476691 2.468824 0.08049989 0.3134245 0.412931
0.9618095 1.219287 2.110798 0.06940363 0.302489 0.3539306
1.004042 0.9149319 2.551872 0.07886585 0.3209279 0.4360822
1.027249 0.8014988 2.969037 0.08290392 0.3318753 0.5257428
0.9676451 1.187698 2.21323 0.07107791 0.3087981 0.3802218
0.810004 1.895098 1.558623 0.0612184 0.3574923 0.325173
1.052452 0.8629934 2.668198 0.08168538 0.3159813 0.4465919
0.9471994 1.266624 2.237137 0.07011209 0.3180194 0.4051494
1.022965 0.946541 2.3552 0.07480449 0.2947618 0.3660735
1.093312 0.6711732 2.961718 0.09088892 0.3345179 0.5046215
1.044437 0.8052725 2.699678 0.08114367 0.3132469 0.4403539
1.008718 1.051965 2.286746 0.07554034 0.30755 0.3796995
0.9330697 1.215901 2.293189 0.06972737 0.3187059 0.4132008
1.063275 0.6938214 3.16472 0.08683726 0.3328903 0.5498461
1.087936 0.6406255 3.150158 0.09230475 0.3439596 0.5551744
1.029267 0.7723339 2.922646 0.08270209 0.3275984 0.5037375
0.9809673 0.8736361 2.895242 0.07699986 0.3251573 0.5109709
0.981734 1.041606 2.563984 0.07455549 0.3180723 0.4520159
1.00438 1.007849 2.435628 0.07524642 0.3082686 0.4066118
1.104295 0.5817892 3.222098 0.09148349 0.3327569 0.5397858
1.031543 0.8833241 2.661559 0.079135 0.3132126 0.4443214
0.8455533 1.753727 1.754274 0.06390921 0.3512466 0.3626179
1.024399 0.8336056 2.767198 0.0821578 0.3277748 0.4805109
0.9103116 1.340779 2.207784 0.06854163 0.3287608 0.4190006
1.131145 0.5998093 2.997798 0.09431127 0.3320635 0.4950579
1.047619 0.89081 2.452565 0.07842364 0.3010762 0.386401
0.9763508 1.082521 2.495261 0.07540587 0.3255553 0.4529422
0.8515145 1.62609 1.84795 0.06500593 0.3467995 0.3746995
1.172421 0.5344274 2.980786 0.09806708 0.3294237 0.4756254
1.097986 0.6677713 2.859184 0.09016118 0.3278284 0.47221
1.046245 0.7384227 2.885029 0.08130179 0.3129256 0.4672672
0.9715761 1.023547 2.625112 0.07667569 0.331676 0.4829197
0.9969357 1.097348 2.348406 0.07379459 0.3083467 0.3989623
0.9757797 1.074919 2.506943 0.07356429 0.3167536 0.4420689
1.072374 0.8249184 2.499792 0.08040861 0.2985915 0.3838048
1.247969 0.05607623 3.946414 0.1164288 0.3645101 0.6135824
0.9356254 1.305054 2.033514 0.06874771 0.312849 0.3571254
1.018451 0.871158 2.855774 0.08006953 0.3247821 0.5012804
1.078556 0.7415016 2.780649 0.08597674 0.320088 0.4571332
0.9987572 1.016115 2.414701 0.07754386 0.3205459 0.4193639
0.9476959 1.211149 2.321364 0.0714589 0.3221056 0.4234522
0.9620394 1.245994 2.103305 0.07163221 0.3148001 0.3693151
0.9616782 1.151144 2.214179 0.07024805 0.3043664 0.3712986
0.9749433 1.226236 2.1063 0.06917084 0.2975732 0.3481546
0.9390536 1.282873 2.141924 0.06989648 0.3185389 0.385819
1.06114 0.7224566 2.787252 0.08534326 0.3220798 0.4578906
0.9787752 1.001041 2.763443 0.07804021 0.3368766 0.5197437
1.016391 0.9986447 2.445551 0.07623302 0.3081968 0.4073682
0.890876 1.485278 1.928441 0.06595582 0.3265488 0.3628994
0.9821597 1.182426 2.104424 0.06986914 0.2952128 0.340939
0.9731701 1.159742 2.286072 0.07194773 0.310915 0.3958838
0.9849729 1.018291 2.465815 0.07384977 0.310233 0.4174252
0.9238296 1.322097 2.1091 0.06564178 0.3049357 0.3656624
0.9879605 1.113149 2.34653 0.0732291 0.3098866 0.4024129
0.8979234 1.520281 1.85642 0.0630481 0.3092811 0.3303288
0.8544561 1.673965 1.716559 0.06004206 0.3174666 0.3159497
1.002847 0.9614653 2.576417 0.07932849 0.3270654 0.4564462
0.9590677 1.184914 2.235794 0.07044699 0.3093013 0.3856105
1.035082 0.7986045 2.889743 0.08212971 0.3241806 0.4958703
1.043113 0.8225649 2.687068 0.08028516 0.3108003 0.4368311
0.8722986 1.724237 1.572715 0.06197063 0.3205827 0.2888373
1.039513 0.8229551 2.625088 0.08018205 0.3105644 0.424361
1.030044 0.9156192 2.521112 0.07823335 0.3090092 0.4139969
1.033065 0.9687024 2.426268 0.07937918 0.3140423 0.4073228
1.083487 0.6561659 3.030333 0.08777356 0.3254821 0.5022967
0.9004919 1.284797 2.360521 0.06821047 0.3301315 0.4509059
1.016844 1.061006 2.247223 0.07506389 0.3026493 0.3667951
1.073095 0.7388246 2.810748 0.08406425 0.314605 0.4552346
0.9367261 1.349793 1.954494 0.06607623 0.3005305 0.3300896
1.113672 0.6087863 2.988356 0.08881518 0.3163819 0.4708518
0.9636625 1.134882 2.409029 0.073691 0.3237284 0.4371494
0.8303271 1.789084 1.608146 0.05988897 0.3323735 0.310156
0.9905557 1.000614 2.493433 0.07576052 0.3161679 0.4287004
1.123964 0.6449565 2.931387 0.09347614 0.3325082 0.4901722
1.0988 0.6916962 2.870822 0.08592028 0.3119329 0.454815
0.8889709 1.493027 1.924159 0.06238033 0.3088845 0.3430006
1.051929 0.7764596 2.683427 0.08346656 0.3184485 0.4398004
0.9665932 1.124878 2.332612 0.07170119 0.3105815 0.4015185
1.001762 1.051843 2.393401 0.07581011 0.3137983 0.4104822
1.038452 0.7591263 2.91338 0.08349928 0.3268192 0.4981471
0.9614779 1.134194 2.4754 0.07417238 0.3281099 0.4579513
0.9388387 1.367794 1.922358 0.06511245 0.295622 0.3195527
0.9493783 1.17032 2.375933 0.07107418 0.3179195 0.4256402
0.9924688 1.065085 2.365931 0.07423337 0.3097442 0.400332
0.9295086 1.373506 1.929935 0.06653479 0.3065079 0.3332916
0.9197473 1.22677 2.273672 0.06840812 0.3173729 0.4081802
1.258842 0.1662496 3.383515 0.1155472 0.3535162 0.5123896
1.150732 0.4891064 3.110739 0.09281107 0.3160488 0.4720945
1.128533 0.5577692 3.089246 0.08936341 0.3129275 0.4763081
0.9681108 1.145592 2.236821 0.07172401 0.3095518 0.3823044
1.006266 1.08371 2.323699 0.07628961 0.3149696 0.4007334
0.8874847 1.52136 1.790531 0.05904642 0.290133 0.2966472
0.9996236 1.049198 2.302394 0.07611075 0.3135665 0.3904947
1.032052 0.7779998 2.966536 0.08245046 0.3266827 0.5126668
1.020237 0.9545193 2.553394 0.0789809 0.318542 0.4386899
1.043551 0.8977994 2.585092 0.07896867 0.3079994 0.4233799
1.062502 0.7827208 2.602703 0.08252927 0.3101593 0.4136679
1.082213 0.6869732 2.97958 0.08986062 0.3352824 0.5123842
1.026245 0.9424017 2.497543 0.07715365 0.3065109 0.4088409
0.9672649 1.206613 2.232924 0.07157998 0.3133532 0.3923116
1.053264 0.9065334 2.465157 0.07995393 0.3066956 0.3976845
0.9359221 1.21734 2.148936 0.06911726 0.3108692 0.3717672
1.044002 0.895935 2.602779 0.07947227 0.3100832 0.4293368
1.040418 0.7304629 2.903188 0.08155346 0.3161479 0.4753367
0.881745 1.43204 2.027707 0.06508864 0.3242825 0.3795209
1.096641 0.7294657 2.818031 0.08833539 0.3237443 0.4680575
1.013256 0.9979725 2.449515 0.07595156 0.3080436 0.4079698
1.049771 0.7443404 2.971218 0.08294328 0.3208398 0.4987484
0.9454403 1.190204 2.355816 0.07279002 0.3290085 0.4386364
1.012749 1.050817 2.352244 0.07715407 0.3148363 0.4025695
1.007362 0.9347052 2.540741 0.08012081 0.3262702 0.4435687
0.9210233 1.480262 1.849431 0.0615789 0.2900696 0.3059937
0.9849011 1.027688 2.525158 0.07550957 0.3194634 0.4434687
1.058962 0.8502704 2.722888 0.0813937 0.3131077 0.4523397
0.9587119 1.057753 2.604995 0.07561385 0.333442 0.4856361
0.9999366 1.01076 2.498637 0.07538761 0.3122237 0.4259967
0.982345 1.166666 2.18062 0.07006724 0.2969398 0.3570834
0.9126971 1.376387 1.997953 0.0646928 0.3054229 0.3469289
1.152323 0.5198637 3.180432 0.09486483 0.3265817 0.5091423
1.072585 0.7285127 2.873435 0.08724632 0.3283419 0.4866063
1.029167 0.9739889 2.529078 0.07698105 0.3077142 0.4213951
0.9944723 1.127823 2.188491 0.07182233 0.2986359 0.3570579
0.9828387 1.105925 2.317479 0.07199299 0.3047621 0.3888912
0.9994034 1.006901 2.549698 0.07777538 0.3240123 0.4528864
0.9272609 1.29133 2.169182 0.06880654 0.3190011 0.3934833
0.9763781 1.093075 2.340024 0.07556279 0.3228356 0.4150792
0.9604729 1.223364 2.165849 0.07334791 0.323744 0.3920173
0.9815505 1.048359 2.381986 0.07509569 0.3170031 0.4117226
1.00924 1.007574 2.509334 0.07666666 0.3146651 0.4309252
0.9598868 1.089912 2.491165 0.07354061 0.3229946 0.4490863
1.000408 1.063032 2.588742 0.08268539 0.35049 0.5070352
0.9434636 1.275852 2.109487 0.06824986 0.3073005 0.3643391
1.083286 0.6539649 3.01925 0.08847006 0.3281905 0.5040503
0.9874125 1.066567 2.381313 0.07377623 0.3102097 0.4049553
1.060832 0.6967419 2.915577 0.0887437 0.3373404 0.5033829
0.9822413 1.11442 2.325878 0.07347608 0.3124451 0.4011983
0.8655091 1.643097 1.745615 0.06250702 0.3251325 0.3286026
1.03615 0.9069248 2.52423 0.08193994 0.322243 0.4309385
1.089172 0.5807939 3.133103 0.09301838 0.3423965 0.5360794
0.8850204 1.513348 1.929151 0.06647927 0.3340166 0.3733356
1.0539 0.7231519 2.876925 0.08188494 0.3120095 0.4620963
0.9832656 1.04445 2.52758 0.07408623 0.3148059 0.4398744
1.077839 0.6039039 3.22028 0.08836943 0.3303279 0.5402805
0.9828861 1.221885 2.179682 0.07426686 0.3199848 0.3899746
0.8703988 1.631411 1.78933 0.06186185 0.3202406 0.3331988
0.9983786 1.013337 2.474173 0.07616191 0.3156626 0.4254291
0.9266797 1.308304 2.171317 0.0646803 0.2996691 0.3713862
0.8841831 1.625716 1.708354 0.06253307 0.3154066 0.3096955
0.8640172 1.571951 1.957688 0.06318271 0.3304174 0.3801425
1.0088 1.024636 2.419642 0.07811075 0.3202732 0.4210696
1.022889 0.8819763 2.602231 0.0796294 0.3168712 0.4367392
1.012475 0.9577077 2.483284 0.0749841 0.3023612 0.4026597
1.029154 0.8765913 2.545063 0.07757631 0.3044883 0.4074974
0.9715165 1.080946 2.599202 0.07490402 0.3268393 0.4776518
0.8398401 1.834923 1.522154 0.0569567 0.3126502 0.2748895
1.008067 0.9870826 2.536045 0.07986336 0.3285306 0.4532275
0.9738926 1.03232 2.47635 0.07431387 0.3171013 0.4302303
0.9029192 1.332499 2.119095 0.06557475 0.3131682 0.3785135
0.9747875 1.047583 2.436624 0.07157902 0.3044028 0.4067872
0.9465681 1.282784 2.047809 0.06753729 0.3016423 0.345287
0.9624813 1.181665 2.367342 0.07400506 0.3279053 0.4384057
1.009886 1.136723 2.156207 0.07423909 0.3039349 0.3571677
0.9793319 1.154422 2.127799 0.07222713 0.3057337 0.3553649
0.9238491 1.351716 2.022486 0.06641125 0.3088114 0.3540612
1.000107 1.000823 2.527913 0.0764497 0.3166641 0.4366428
0.9659838 1.226993 2.090134 0.06862282 0.2975394 0.3447562
0.9115689 1.304881 2.29195 0.0664576 0.3169444 0.4196908
1.06316 0.8176958 2.56315 0.08299283 0.3129524 0.4140822
1.032449 1.044454 2.108859 0.07286059 0.283487 0.3153589
1.056936 0.7480425 2.859255 0.08486407 0.3245947 0.4813207
0.9802849 1.070106 2.468724 0.07313724 0.3119251 0.4263271
1.090011 0.7432625 2.762992 0.08707348 0.3204003 0.45383
0.9417182 1.222222 2.27326 0.07028546 0.3185341 0.4095664
0.9564281 1.194657 2.301073 0.07254303 0.3225487 0.4177876
1.20322 0.1798762 3.898258 0.1100579 0.3612573 0.6335795
0.9745279 1.156766 2.262751 0.0699934 0.3004191 0.3772059
0.9067918 1.379208 2.057677 0.06827534 0.3275053 0.3856175
0.9463493 1.314546 2.097725 0.07029103 0.3189368 0.3791414
1.184276 0.2644096 3.654822 0.1051082 0.3493661 0.5847377
0.9655704 1.121529 2.395644 0.07315695 0.3191424 0.426264
0.9375178 1.161174 2.339505 0.07096823 0.3202428 0.4196062
1.14512 0.4563271 3.310379 0.0980532 0.3398663 0.5437003
1.079217 0.7904829 2.567903 0.0848155 0.3137089 0.4121859
1.064699 0.7220547 2.871602 0.08456848 0.3195248 0.4720987
0.9375335 1.324721 2.036104 0.07059595 0.3229659 0.3711382
1.017739 0.9725949 2.460926 0.07391905 0.2962376 0.3914722
0.974418 1.122671 2.475753 0.07163809 0.3107395 0.4325089
1.034439 0.8790998 2.616168 0.08047856 0.3167418 0.4390268
1.025048 0.9414681 2.550606 0.07757464 0.3099902 0.4247243
1.084463 0.7963846 2.541403 0.08465713 0.311071 0.4039216
1.084966 0.6577387 3.005397 0.09309661 0.3463747 0.5299118
0.9012132 1.381646 2.080062 0.06584307 0.3177799 0.3792877
1.023651 1.067802 2.198628 0.07472898 0.2982298 0.3523498
1.092304 0.651173 2.997447 0.09053209 0.332839 0.5057758
1.105392 0.6233724 2.942789 0.08704385 0.3121318 0.4584795
0.9858673 1.187908 2.198978 0.07390024 0.3155473 0.3857887
0.9101533 1.34989 2.143275 0.06870049 0.3285911 0.4044852
0.9571067 1.086989 2.587759 0.07238798 0.3206093 0.4673221
0.9599375 1.173518 2.203388 0.06951223 0.302877 0.3695798
1.001731 1.030884 2.366573 0.07540511 0.3097683 0.3967691
1.00518 0.9173583 2.726556 0.08035316 0.3312036 0.4897095
0.9287671 1.267455 2.188471 0.06683628 0.3072888 0.3809861
0.9329687 1.252088 2.219445 0.06825584 0.312296 0.3923057
1.074642 0.666703 2.987997 0.08746947 0.3270411 0.4977624
0.9569098 1.18571 2.320532 0.07046509 0.3124378 0.408337
1.1977 0.2106003 3.73892 0.1074223 0.3523932 0.5933901
0.9882078 1.093229 2.302162 0.07679104 0.32355 0.4078627
0.9474624 1.232439 2.219855 0.0706051 0.3170011 0.3962037
0.8826892 1.496546 1.928549 0.06499852 0.3256386 0.3627421
1.090296 0.5862026 3.118259 0.08941311 0.3275016 0.5105312
0.9913278 1.03471 2.496677 0.07342197 0.3077075 0.422244
1.037468 0.8457626 2.747456 0.08060947 0.3168901 0.4620382
1.015273 0.8341043 2.822017 0.0794479 0.3201506 0.4809484
1.090442 0.7207906 2.752333 0.08939895 0.3281616 0.4590851
0.9728371 1.02916 2.503988 0.07339609 0.3135369 0.4307731
1.068233 0.660738 3.187683 0.08979969 0.342274 0.5646552
1.073414 0.7600758 2.647112 0.08492061 0.3157751 0.4264292
1.157621 0.4115399 3.301108 0.1002185 0.3415122 0.5345037
0.8919561 1.50022 1.867659 0.06377739 0.3138933 0.3362343
1.102287 0.6405697 2.766976 0.08802528 0.314613 0.4301994
1.035229 0.881193 2.727485 0.07961486 0.3154457 0.4614872
0.8945437 1.547843 1.845836 0.06566396 0.3264041 0.3479449
0.9339099 1.244457 2.244763 0.0685722 0.3137556 0.3992068
1.005116 0.996574 2.469621 0.07674587 0.3148104 0.4212542
0.9124135 1.431664 1.977494 0.06433043 0.3072083 0.3485476
1.084056 0.8089951 2.419988 0.0820615 0.2987874 0.3661047
0.9174267 1.356268 2.13797 0.06743907 0.3193132 0.3919035
1.040891 0.7590329 3.006138 0.08207063 0.3216439 0.5099757
1.017111 0.7790376 2.997657 0.08115961 0.3269361 0.5201046
1.047086 0.7181174 2.879 0.08432812 0.3243202 0.4800993
0.9903084 1.163479 2.195629 0.07215551 0.3039311 0.3681307
1.01326 0.9071372 2.711029 0.08159945 0.3327098 0.4865487
0.9398893 1.14693 2.507508 0.07229205 0.3287714 0.4678904
0.9137009 1.434416 1.870916 0.06619538 0.3135014 0.3323925
0.973155 1.05219 2.476236 0.07161637 0.3062993 0.4181541
1.082494 0.8357305 2.485352 0.08112388 0.2985518 0.3819967
1.056135 0.7153503 3.055835 0.08306878 0.3191666 0.5090275
0.9001703 1.458167 1.989468 0.06394035 0.3118219 0.3580624
1.081523 0.6943456 2.864236 0.08767827 0.3249285 0.4737787
0.9824016 1.066993 2.254413 0.07215677 0.3014062 0.3672271
1.065315 0.7354292 2.855148 0.08377094 0.316566 0.4666483
0.8948375 1.383208 2.130572 0.06227606 0.3035721 0.3741405
1.04093 0.7418504 2.960372 0.08699386 0.3407325 0.5268548
0.9622348 1.101799 2.439423 0.06956574 0.3030474 0.4119332
0.9838158 1.032786 2.561038 0.07252596 0.3075159 0.4355602
1.041796 0.827184 2.651046 0.08186537 0.317608 0.439762
1.083074 0.7666671 2.783159 0.08593576 0.3201309 0.462011
0.8837534 1.539157 1.883706 0.06351816 0.319282 0.3481678
1.072719 0.810671 2.554845 0.08400039 0.3132044 0.4113669
1.142315 0.5564231 2.920064 0.09268592 0.3182572 0.4505554
0.9843407 1.029531 2.453851 0.07308333 0.3070283 0.4113212
1.126587 0.5387417 2.993745 0.09271625 0.3237647 0.4699974
1.094568 0.6183493 3.247429 0.09148753 0.3386858 0.5630382
0.9443781 1.150881 2.364656 0.07065257 0.3161438 0.4187456
1.030959 0.8149264 2.755941 0.08129734 0.320453 0.464496
0.9689186 1.163858 2.294787 0.07767806 0.3395223 0.4344476
1.032606 0.8988918 2.621049 0.0797351 0.3154938 0.4410542
1.012059 1.004769 2.374955 0.07682651 0.3110426 0.3970354
1.111354 0.5682583 3.163876 0.09429423 0.3397805 0.5360017
1.019002 0.9313204 2.689898 0.07698116 0.3114883 0.4545349
1.03556 0.7912057 2.914343 0.08275077 0.3267121 0.5039163
1.080405 0.7400312 2.625079 0.08633326 0.3174735 0.4209319
1.005734 1.067806 2.450619 0.07507319 0.3115301 0.421682
1.012374 0.8273617 2.911494 0.07928947 0.3216215 0.5011227
1.117395 0.488768 3.333527 0.0958252 0.342454 0.5597482
0.9767088 1.268186 2.055794 0.06973163 0.3012719 0.3456017
1.002523 0.9822541 2.541693 0.07520233 0.3094141 0.4273396
1.004736 1.087139 2.327839 0.07490318 0.3097429 0.3955457
0.8483201 1.669976 1.825372 0.0633294 0.3418037 0.3663076
1.041857 0.7723285 3.034647 0.08320853 0.3275301 0.5279602
0.8738949 1.48737 2.054245 0.0670167 0.3427846 0.4116202
1.029059 0.9119158 2.606429 0.0797196 0.317218 0.4423697
1.039831 0.8554237 2.671455 0.08345822 0.3274657 0.4626599
0.9358343 1.336999 2.037707 0.06969705 0.3200681 0.3690818
1.062043 0.786705 2.642418 0.08484913 0.3207189 0.4362389
0.9290183 1.250722 2.145505 0.06932719 0.3171578 0.3820165
1.044474 0.7522364 2.961468 0.08587606 0.3353099 0.5203691
0.9287124 1.347436 2.152764 0.06842053 0.3201348 0.3959427
0.9619932 1.087304 2.493749 0.07305655 0.3197552 0.4447941
0.9778976 1.154527 2.168253 0.07356066 0.3133576 0.3728328
1.072098 0.5871021 3.181579 0.0904843 0.3391887 0.5426367
0.8698356 1.520136 2.038955 0.06317347 0.3260567 0.3907603
0.9256684 1.234334 2.228911 0.06977433 0.3213685 0.4039672
1.060446 0.7364643 2.774601 0.08379829 0.3164141 0.44938
1.03271 0.8702694 2.652884 0.079883 0.3149425 0.4429402
0.8736073 1.577511 1.816388 0.06318887 0.3225321 0.3386082
1.072759 0.7189402 2.967005 0.08535042 0.3217283 0.4949111
1.042367 0.8012484 2.801166 0.08251258 0.3216645 0.4733549
0.9198116 1.38341 1.963981 0.06697967 0.3138195 0.3492995
1.041168 0.7136856 2.973324 0.08319742 0.3229553 0.4968788
0.957298 1.212332 2.219581 0.07257156 0.3215142 0.399898
0.9370117 1.194146 2.254322 0.06870363 0.3098822 0.3913797
0.9076731 1.309353 2.135091 0.06759064 0.3202509 0.3884525
0.9915185 1.024988 2.429531 0.07389091 0.3075314 0.4065537
1.054496 0.788616 2.718675 0.08295843 0.3169926 0.447169
0.9921161 1.061581 2.460036 0.07668689 0.3232033 0.4386044
0.9992597 0.9158847 2.877583 0.07832213 0.3270493 0.516834
1.113959 0.5177609 3.150897 0.092169 0.3274546 0.5034204
0.9753494 0.9960308 2.628264 0.07484786 0.3199847 0.4628459
1.041333 0.8397713 2.832904 0.08490039 0.3352468 0.5068668
0.9984973 1.135581 2.222402 0.0712659 0.296224 0.3619117
1.141722 0.4225619 3.242334 0.0986147 0.3399601 0.5218817
0.9445066 1.180087 2.353611 0.06806817 0.3053625 0.4052544
1.063787 0.629855 3.209718 0.08644939 0.3283585 0.5398521
1.047485 0.7329114 3.085174 0.08553759 0.3340573 0.542406
0.9301679 1.298451 2.223765 0.06952812 0.3230666 0.4111208
1.000344 0.9011515 2.720599 0.07631351 0.3137014 0.4602895
0.9481032 1.281422 2.211189 0.06766645 0.3059625 0.3853189
0.9022401 1.384673 2.102607 0.06492614 0.3138029 0.3802139
1.054598 0.7927956 2.766478 0.08365824 0.3212545 0.4641656
0.9430728 1.211154 2.461993 0.07313833 0.3354247 0.4743022
1.063036 0.7427523 2.798363 0.0822672 0.3103666 0.4471633
1.099071 0.5902145 3.266615 0.09182324 0.3371581 0.5584759
1.035589 0.8756606 2.53253 0.07603194 0.2950848 0.3916679
1.038383 0.8331268 2.690816 0.0816862 0.319328 0.4516522
1.055728 0.8103636 2.675438 0.08189031 0.3123903 0.4346621
1.02151 0.8038375 2.912333 0.07911703 0.3162744 0.4889605
0.9970325 0.9817298 2.527756 0.0773864 0.3207652 0.4399012
1.053352 0.7477048 2.970819 0.08435682 0.3256697 0.5064437
1.207434 0.2706844 3.608202 0.1082835 0.3530957 0.5833119
1.039608 0.7767157 3.007053 0.08095569 0.3184917 0.5084573
1.022562 0.8503844 2.627948 0.07826395 0.3097424 0.4279432
1.078652 0.7372876 2.742087 0.08333615 0.3082212 0.4316519
0.9516373 1.180441 2.472107 0.06930212 0.3115818 0.4396077
0.995787 0.9063111 2.762954 0.07473403 0.3093838 0.4636834
1.003209 0.9888564 2.636611 0.0775478 0.3222745 0.4670275
0.9421955 1.282118 2.148931 0.07191313 0.3271726 0.3975499
1.033032 0.7714847 2.777308 0.0810096 0.3160926 0.4554438
0.9856784 1.081151 2.436403 0.07458622 0.3166136 0.426781
1.148905 0.433957 3.175868 0.09572377 0.3260876 0.4894427
1.071705 0.7073124 3.078035 0.08835597 0.3359632 0.5393507
0.9952086 0.9286084 2.894654 0.08062944 0.3403092 0.5442539
1.071236 0.77199 2.731009 0.08411803 0.3156821 0.4454031
0.8650182 1.638369 1.764751 0.06159199 0.3210985 0.329199
0.9842453 1.000933 2.638949 0.07714227 0.3279829 0.477547
0.888935 1.413551 2.066408 0.06462372 0.3185513 0.3800964
0.9679919 1.148015 2.216472 0.07172671 0.3087295 0.3764673
0.9222724 1.252634 2.336997 0.07166149 0.3363023 0.4504607
1.061303 0.7379677 2.9166 0.08629529 0.3295872 0.4993424
0.933894 1.295025 2.146729 0.07106648 0.3270291 0.3980506
0.9886055 1.205912 2.105318 0.07059842 0.2982521 0.3469531
0.9449036 1.224559 2.147105 0.0695643 0.3106327 0.3719834
1.056957 0.7526868 2.943195 0.08633055 0.3325445 0.5121061
0.9385736 1.250029 2.156823 0.06723085 0.3040251 0.3690148
1.12144 0.570821 3.064932 0.0925752 0.3279763 0.4970107
1.089955 0.6362231 2.909331 0.08790013 0.3203324 0.4655927
0.9391949 1.22769 2.286984 0.06753226 0.3064571 0.3972725
0.8992765 1.428867 2.095819 0.06517384 0.3193204 0.3887353
1.085483 0.7321043 2.810735 0.08710201 0.3222715 0.4646668
1.01837 0.92976 2.455606 0.07801561 0.3111181 0.4046255
0.9881267 1.065516 2.499755 0.0743584 0.3151569 0.4368602
0.8981196 1.479847 1.999195 0.06400173 0.3153057 0.3662493
1.048291 0.7623646 2.980786 0.08474723 0.3301725 0.5183672
1.034106 0.9658435 2.46701 0.08056259 0.3194894 0.4227121
1.050526 0.7990331 2.780325 0.08277227 0.3195399 0.4656009
1.127757 0.3729725 3.873739 0.1020447 0.3659643 0.6918623
1.063338 0.6960391 3.134062 0.09018377 0.3466654 0.5668335
1.031548 0.8870934 2.715386 0.07931992 0.3152891 0.4591429
0.9195587 1.264851 2.323868 0.0692187 0.3256278 0.4343752
0.997303 1.063422 2.258516 0.07471757 0.307785 0.3753949
0.8959472 1.420097 2.031786 0.0605694 0.2942871 0.3446545
0.9279547 1.310665 2.063999 0.06620409 0.3045277 0.3548974
1.015538 0.8784934 2.644915 0.080709 0.3247514 0.4562295
0.9713806 1.060127 2.465005 0.0756042 0.3256742 0.4429335
0.9232266 1.360463 2.104483 0.06642613 0.3122987 0.3772321
1.005269 0.9540442 2.698135 0.07676518 0.316986 0.4678896
1.10101 0.6574773 2.928066 0.08834553 0.3201634 0.4730812
0.9972053 1.067727 2.270633 0.07592351 0.3138915 0.386018
0.9124718 1.547946 1.899275 0.06437943 0.3144956 0.3473249
1.161251 0.4087563 3.441728 0.1012351 0.3462174 0.5705769
1.054414 0.893654 2.494226 0.08268267 0.3178698 0.4170413
0.9305395 1.315369 2.126432 0.06811702 0.3148554 0.3807989
0.9154323 1.393527 2.00803 0.066158 0.3136429 0.3599954
0.960428 1.121602 2.399706 0.07418178 0.3258337 0.4360051
1.03718 0.8777601 2.605418 0.0793125 0.3102976 0.4272828
1.057246 0.8532418 2.499628 0.07921934 0.2998521 0.3887912
0.9417283 1.173261 2.28194 0.07087052 0.3176757 0.4048146
0.9353744 1.39293 1.955666 0.06652262 0.3062271 0.3395903
1.159545 0.4265953 3.328648 0.09874007 0.3363408 0.5346169
1.11119 0.6225644 3.001254 0.09298884 0.3346802 0.5037641
1.063748 0.5464813 3.533675 0.09120419 0.3491075 0.6289718
1.217233 0.1951164 3.623514 0.1112135 0.3571253 0.5736367
1.017878 0.9320788 2.544035 0.07783735 0.3127218 0.4257135
1.002653 0.8225797 3.140428 0.08304618 0.3458648 0.5917568
1.01103 0.9128675 2.575455 0.08081597 0.3273638 0.4495353
1.058442 0.7377852 2.859889 0.08337024 0.3172833 0.4689584
1.127791 0.5858903 2.899885 0.09344735 0.327292 0.4654073
0.8986496 1.449525 1.92995 0.06330975 0.307079 0.3394156
1.033372 0.9319662 2.47749 0.07652149 0.3004515 0.3954884
0.9444893 1.308804 2.129055 0.06995862 0.3186103 0.3855446
1.177754 0.3872919 3.273257 0.1023158 0.3409752 0.5222715
0.961519 1.118186 2.272353 0.07036271 0.3042657 0.3801352
0.9369586 1.230101 2.152763 0.06981471 0.3150891 0.3788766
1.013226 0.9247452 2.611833 0.07813743 0.3164963 0.444174
0.9624556 1.232535 2.087296 0.07152083 0.3125158 0.361688
1.016879 0.9573004 2.616737 0.07912623 0.3217513 0.457012
0.8752415 1.596272 1.807349 0.0661463 0.3389113 0.3543879
0.9840615 1.043638 2.678626 0.07828701 0.3370665 0.5060447
1.014896 0.9655349 2.572728 0.0760215 0.3088164 0.431388
1.003314 0.9251011 2.715745 0.07812529 0.3222521 0.4753429
0.984129 1.226384 1.935842 0.06811796 0.2855599 0.3010885
0.9748484 0.9886443 2.548757 0.0739415 0.3136332 0.4353301
1.118862 0.5086023 3.215579 0.09227155 0.3268497 0.5136209
1.12165 0.6626083 2.805059 0.08972263 0.317122 0.4447604
0.9725625 1.170121 2.195121 0.07107699 0.3054809 0.3706718
1.152155 0.3949403 3.333223 0.09842497 0.3360857 0.5284154
1.099955 0.6150021 3.069468 0.09316669 0.3401536 0.5258121
1.164443 0.335141 3.727598 0.1017204 0.3477641 0.6151106
1.001585 0.9890136 2.553031 0.07830025 0.3242674 0.451254
1.038579 0.8757672 2.50198 0.08236664 0.3206337 0.4195898
0.9311509 1.29474 2.157965 0.06857803 0.3163331 0.3879354
0.9415015 1.209048 2.313796 0.07137482 0.3235629 0.4232853
0.9843003 1.038605 2.33795 0.07378846 0.3085971 0.3907475
0.8976004 1.41622 2.029336 0.06648705 0.324085 0.3782454
1.044575 0.9098417 2.473121 0.07779277 0.3009546 0.3927083
0.9462248 1.253944 2.21955 0.06807969 0.306809 0.3855552
0.9572091 1.119441 2.363379 0.07327783 0.3216089 0.421859
0.9965779 1.040383 2.483297 0.07487341 0.3125099 0.4265519
1.080226 0.7514908 2.668349 0.08431835 0.3109191 0.422487
0.9201193 1.393064 1.914631 0.06506732 0.3035839 0.3283276
1.023987 0.8993457 2.537383 0.07606487 0.3005817 0.4032404
1.088982 0.694163 2.865456 0.08865627 0.3262154 0.4753868
0.9846342 0.9039708 2.739567 0.07651819 0.3203863 0.4740649
0.8838704 1.440049 2.040608 0.06338722 0.3155159 0.3729672
1.101219 0.5627712 3.382415 0.0893845 0.326825 0.5592999
0.9324604 1.252447 2.152939 0.070222 0.3203923 0.3874559
0.9632009 1.14527 2.342791 0.06977518 0.3044461 0.3981317
1.076533 0.6474736 3.049323 0.08719605 0.3254413 0.5049766
0.9366942 1.259981 2.209084 0.07014059 0.3205391 0.4010715
1.06211 0.7386092 2.955079 0.08461598 0.3230393 0.4975475
1.000206 0.9989663 2.457542 0.07821053 0.3227142 0.4291331
1.043246 0.775734 3.01841 0.08244689 0.3237763 0.5191674
0.8843391 1.589515 1.786925 0.06443786 0.3252043 0.3353747
1.097434 0.7513595 2.674588 0.08609968 0.3129927 0.42692
1.021198 0.9608753 2.513787 0.07573052 0.3034681 0.4104315
1.015546 0.9585943 2.497929 0.07858873 0.3174476 0.4257373
1.007839 0.8623767 2.700275 0.07602684 0.3070732 0.4407833
1.054154 0.7199962 2.880246 0.08440355 0.3224552 0.4780298
1.062386 0.7639423 2.739464 0.08533007 0.3232938 0.456726
1.040763 0.8439092 2.75975 0.07995998 0.3129605 0.4581595
1.123069 0.489897 3.136608 0.09541124 0.3353705 0.5070011
1.105153 0.5964231 3.26179 0.09170771 0.3350742 0.5555919
0.8337879 1.697298 1.785042 0.06146329 0.33827 0.3541582
0.9978093 1.027374 2.388791 0.07593056 0.3137319 0.406151
0.9325175 1.380308 2.010723 0.06623173 0.3067717 0.3515692
0.9712567 1.099538 2.349486 0.07448087 0.32046 0.4149853
1.130462 0.4851083 3.105967 0.09123648 0.3161616 0.4709607
1.080797 0.5673155 3.221398 0.08968027 0.3326481 0.5368916
1.138519 0.4389038 3.390109 0.09459161 0.329003 0.5381562
0.9354689 1.296766 2.145193 0.06745122 0.309288 0.3770704
1.026785 0.9266786 2.530322 0.07614387 0.3020721 0.4083102
0.9811141 1.021501 2.411643 0.07204628 0.3018935 0.3948058
0.9942688 0.9855085 2.550003 0.07563966 0.3148738 0.4375555
0.9877004 1.127234 2.242713 0.07132481 0.2994678 0.3685387
1.002218 0.9133507 2.706897 0.0779918 0.3209775 0.4695563
1.017939 1.032452 2.37084 0.07863672 0.3190164 0.410066
0.9247828 1.322527 2.06342 0.06806744 0.3154126 0.3679402
0.9122124 1.409936 2.000109 0.06665457 0.3181902 0.3644386
1.057011 0.7111653 3.001163 0.08514289 0.3263458 0.5079653
1.022675 0.8966025 2.581965 0.07609975 0.3018825 0.4135017
0.982445 1.180027 2.237323 0.07327023 0.3140154 0.3911535
0.920073 1.281177 2.186726 0.06887757 0.3216835 0.3997365
1.002572 0.9849322 2.706892 0.0818677 0.3430517 0.5130541
0.9884048 1.020706 2.475577 0.07513084 0.3149786 0.4257368
1.186955 0.3137686 3.434003 0.1062934 0.3516045 0.5549797
1.097787 0.6178433 2.861635 0.08920548 0.3215497 0.4554755
0.9771071 1.164412 2.17954 0.07331431 0.3135196 0.3765134
0.9897132 1.067634 2.465008 0.0748554 0.3164231 0.431574
0.8794439 1.499417 1.908323 0.06370732 0.3196724 0.3517701
0.9191139 1.226546 2.366703 0.07297601 0.3429943 0.4638985
1.105385 0.6923032 2.927881 0.08928865 0.324699 0.486244
0.9322198 1.213924 2.450527 0.069641 0.3220936 0.4530779
1.130735 0.4251542 3.215915 0.09443952 0.3273514 0.4978858
1.078738 0.6077951 3.273515 0.08844592 0.3314058 0.553986
0.8835648 1.507961 2.05072 0.06580197 0.333787 0.4014568
0.9838728 1.122142 2.250354 0.07455929 0.3156188 0.389841
1.062202 0.8281222 2.602321 0.08190416 0.3101172 0.4196017
0.8823399 1.527739 1.865389 0.06410423 0.3217564 0.346188
1.090835 0.6444331 2.908246 0.09161514 0.3356321 0.4898897
0.9899436 1.023511 2.451702 0.07448736 0.3109881 0.4153006
0.8294449 1.836453 1.708135 0.0625494 0.3564887 0.3599127
0.9599681 1.121272 2.354884 0.07178961 0.3135763 0.4097773
1.012426 1.03376 2.326471 0.0764524 0.3103279 0.3897751
0.9380042 1.239267 2.291133 0.06882069 0.3141197 0.409212
0.9866639 0.9595208 2.575746 0.07734049 0.3237379 0.4514285
1.068043 0.7593687 2.938341 0.08601874 0.3277884 0.5049076
1.07328 0.7005697 2.836287 0.08328869 0.3095601 0.4467487
