2.185205 3.649418 1.247175 0.6469059 1.977633 1.254074
2.945366 2.194033 1.818234 0.801374 1.432816 1.587577
1.958294 4.728226 0.6452272 0.6036971 2.302221 0.6068909
4.078369 0.6450223 5.233496 1.019341 1.111101 3.393463
2.976811 2.120678 2.51136 0.6504972 1.172361 1.894242
2.20507 3.871122 0.8720847 0.7206154 2.205524 0.9112465
3.734089 0.8560945 5.407018 0.778663 0.9513421 3.207392
2.671026 2.268559 2.267762 0.5897663 1.207443 1.729961
2.527383 3.294601 0.9304875 0.8939917 2.177958 1.039101
3.729405 0.8767039 6.267194 0.8172225 1.028322 4.167404
2.477045 3.128671 1.3089 0.7021454 1.746456 1.251721
1.492876 7.178079 0.2469635 0.2044114 1.293691 0.09295058
4.077098 0.7506408 4.056418 0.9000869 0.9507762 2.185917
1.896038 5.027021 0.529558 0.6627764 2.693267 0.5501149
4.181067 0.3864104 6.715264 1.115738 1.189439 4.52113
3.929326 0.5408758 6.60233 0.9476026 1.087511 4.260992
3.676079 0.8842829 5.123683 0.8601376 1.074277 3.427683
3.685886 1.073895 4.120829 0.7843804 0.9742964 2.500551
2.433689 3.129856 1.447002 0.9289614 2.385319 1.91512
3.47522 1.321163 3.722243 0.8560881 1.179395 2.828138
3.731291 1.012198 4.412424 0.8695001 1.07183 2.949697
2.641138 2.47372 2.014905 0.7392654 1.587929 1.970336
2.872332 2.336969 2.237796 0.7816886 1.515246 2.131008
2.93272 2.048033 2.770167 0.8236141 1.513588 2.739879
2.616989 2.775535 1.569641 0.7796727 1.748838 1.595173
2.106291 4.072589 0.8588451 0.8515166 2.822747 1.118206
2.268169 3.40253 1.285455 0.4649612 1.307583 0.8869245
2.981159 1.744956 3.458164 0.5849731 1.00581 2.329383
3.478472 1.232148 4.410719 0.8483995 1.174979 3.398552
3.437121 1.433133 3.030041 0.7177171 0.9852614 1.880812
2.82925 2.034246 2.867378 0.8470284 1.617609 3.046528
3.632095 1.061601 5.407523 0.9839541 1.305089 4.65149
2.843627 2.179723 2.406162 0.4947162 0.9285234 1.425984
3.768338 0.7367298 5.297419 0.7607968 0.8964455 2.846349
2.916474 2.415129 1.788956 0.7193403 1.36094 1.478028
3.005075 1.992403 2.262709 0.6048036 1.029001 1.464363
3.109893 1.988433 2.426465 0.6900801 1.151507 1.781898
4.223012 0.4007127 7.382938 1.116602 1.196201 5.140714
2.61005 2.803867 1.628162 0.5368859 1.205403 1.143418
4.282766 0.213916 7.860476 1.154476 1.203075 5.212901
2.421652 3.13415 1.33955 0.6738319 1.71506 1.258574
3.589686 0.9770292 4.33911 0.7375429 0.9281761 2.477432
3.19625 1.788538 2.732571 0.6806381 1.070802 1.882558
4.17026 0.5609837 4.998248 0.9719275 1.009383 2.824988
3.612599 1.185687 4.178338 0.9624055 1.26695 3.404335
3.235021 1.806716 3.168549 0.8010613 1.285388 2.698977
3.579794 1.254358 3.221156 0.8068516 1.036013 2.057376
2.476001 2.962307 1.553234 0.6381697 1.557514 1.376354
3.712081 0.9243 4.6271 0.8576219 1.05283 3.002651
3.889223 0.7640089 4.956745 0.9103384 1.047273 3.099596
6.696972 -1.73884 16.52962 3.110978 2.201815 9.812324
3.125484 1.831902 2.69181 0.7257371 1.184004 2.056581
1.83232 4.960099 0.61153 1.022795 4.321533 1.045083
2.057556 4.310345 0.68401 0.5569962 1.9107 0.5677917
3.730761 1.207666 3.558284 0.7306652 0.8948087 1.978035
3.92643 0.8297201 4.707236 0.8298118 0.9407738 2.658056
3.786617 0.8344434 5.705865 0.9600783 1.179007 4.238486
3.85116 0.4081241 8.566007 0.9827644 1.174286 6.044914
4.582586 -0.1756575 9.987562 1.360102 1.324994 6.602778
3.447702 0.9455529 5.999684 0.8219049 1.132029 4.436034
2.608777 2.554336 1.895674 0.5171191 1.124416 1.296704
3.621466 1.101614 4.345371 0.922871 1.195597 3.302094
3.608743 1.100066 4.606527 0.8338029 1.087319 3.219141
4.485427 0.06667665 8.510855 1.260478 1.250587 5.642228
3.723315 0.9189771 4.465012 0.8690185 1.056984 2.880851
3.175774 1.612713 3.479498 0.7297146 1.154064 2.658849
2.28794 3.537257 1.057934 0.6352911 1.799325 0.96451
3.055716 1.828756 2.61207 0.6673524 1.105066 1.851355
3.133455 1.464697 3.984331 0.7638058 1.213202 3.22727
4.589975 -0.1280391 10.0258 1.316692 1.282465 6.542037
4.482916 0.1886554 7.604422 1.21251 1.200115 4.95309
3.185954 1.773261 2.762992 0.5022963 0.7783939 1.389998
2.176658 4.05997 0.7735931 0.6029017 1.903353 0.6712951
3.192152 1.452694 4.926522 0.7622292 1.216795 4.147338
1.962478 4.599293 0.6167608 0.5319055 1.974977 0.5027118
3.86378 0.5947449 8.377183 0.9837407 1.201039 6.407546
2.830079 2.016304 2.836301 0.660116 1.243647 2.309339
2.984375 2.204085 2.117767 0.663177 1.189218 1.575461
3.846371 0.850856 4.730959 0.9600413 1.132125 3.255525
3.627545 0.9560071 5.294635 0.8347336 1.073894 3.631069
2.266613 3.886066 0.7917228 0.6222088 1.834536 0.6780309
2.304806 3.643083 0.9651076 0.7097043 2.018104 0.9622668
2.288907 3.376379 1.240346 0.6601014 1.845523 1.207636
2.392624 3.350091 1.188538 0.8126278 2.163804 1.355035
3.844076 0.3257332 12.48253 1.042314 1.303696 10.34018
2.618154 2.829736 1.409616 0.9311906 2.091399 1.678491
4.207269 0.230705 8.323134 1.167997 1.253363 5.865597
3.200796 1.470621 3.979399 0.7763304 1.207135 3.206188
4.07723 0.3530796 9.575738 1.054703 1.202576 6.976684
2.210346 3.612516 1.032421 0.8647567 2.57863 1.333653
2.924036 1.862892 3.017638 0.6522352 1.159628 2.305733
2.056172 4.552021 0.7023594 0.6919094 2.474487 0.7344834
3.491587 1.152349 4.459435 0.8579163 1.166303 3.359964
2.989673 2.144187 2.342648 0.6456743 1.153786 1.719109
3.226932 1.764422 2.873841 0.6535997 1.018773 1.89931
4.628959 0.00794862 7.67648 1.307855 1.232572 4.769754
2.162046 4.018113 0.8692101 0.5272279 1.673371 0.6753513
2.941259 2.124612 2.485969 0.6241831 1.137071 1.816278
2.700351 2.40557 2.12903 0.7165617 1.490979 1.97685
3.543653 0.9423492 6.47082 0.8232622 1.113116 4.775128
2.339175 3.556471 1.204366 0.7914653 2.229194 1.378142
3.292011 1.577825 3.265697 0.6916288 1.032144 2.193021
2.313329 3.454411 1.059849 0.7615148 2.110105 1.145229
2.717665 2.617879 1.704724 0.6332832 1.328739 1.348161
2.156182 3.826681 0.8680984 0.9556452 2.983364 1.234947
3.047558 2.070301 2.367494 0.7047389 1.219596 1.837
1.814413 5.168095 0.5356133 0.8091324 3.514366 0.7149361
2.699568 2.780878 1.508229 0.7166478 1.54802 1.347303
2.950077 1.999955 2.765612 0.6141625 1.10074 1.989577
1.411372 7.060538 0.3321759 0.4605062 3.113152 0.3016419
3.189369 1.68064 3.095756 0.7732571 1.2202 2.468312
3.744209 0.9716996 4.390873 0.7713209 0.9303162 2.511876
3.256718 1.803307 2.492662 0.7549611 1.158675 1.828934
2.722295 2.603976 1.727954 0.6220275 1.300747 1.341975
2.503621 2.979408 1.533283 0.5835761 1.415347 1.236483
2.714608 2.178886 2.684099 0.7115151 1.444013 2.520201
4.319587 0.4485337 5.391716 1.02953 1.028251 3.03773
2.772298 2.524644 1.966735 0.6115706 1.255903 1.515295
3.800173 0.7361851 6.471905 0.9110946 1.112556 4.529464
2.674748 2.645876 1.736863 0.8546988 1.852021 1.917547
2.90598 2.062393 2.760169 0.684839 1.267618 2.286537
4.645828 0.1230967 5.990987 1.186478 1.07836 3.194628
3.165903 1.667444 3.477134 0.7039188 1.129412 2.617241
3.51795 1.292781 3.639203 0.8086742 1.086842 2.522567
1.964477 4.360462 0.6276565 0.7405302 2.677769 0.7188666
3.683471 0.9836506 4.688249 0.9475659 1.195091 3.521861
1.699822 5.853049 0.4053785 0.7346392 3.646488 0.5020182
3.19998 1.607378 3.830474 0.8502174 1.359485 3.512895
3.666324 0.9254707 5.684169 0.7996831 1.018105 3.713672
3.666232 1.135377 4.229869 0.955377 1.227816 3.310236
3.418123 1.443862 3.4441 0.6784118 0.9515334 2.115825
3.107931 1.56899 3.436106 0.6744734 1.076197 2.433285
3.040599 1.76867 2.941124 0.7569872 1.269642 2.435883
2.652746 2.36485 2.125638 0.5968071 1.247599 1.654708
3.151349 1.686077 3.491281 0.6082092 0.9751974 2.268422
2.703335 2.259243 2.307165 0.6622446 1.345961 1.969258
2.405482 3.064342 1.340608 0.5242853 1.323807 0.983533
2.904648 2.109191 2.444754 0.8001451 1.479576 2.315686
4.123543 0.6172733 4.766099 0.9643188 1.01517 2.732361
3.468975 1.368286 3.369431 0.6833932 0.9249272 1.977276
1.615701 6.23822 0.347883 0.4918115 2.653575 0.2953476
3.677279 0.6472128 8.224426 0.8798629 1.129624 5.974461
3.159353 1.763326 2.656179 0.6985953 1.104986 1.877515
2.326521 3.445504 1.268215 0.7304631 2.041103 1.358623
3.024869 2.122322 1.753065 0.6043841 1.020902 1.084719
4.039074 0.4517354 7.595218 1.098341 1.246448 5.649412
3.367463 1.490569 3.157301 0.5756462 0.8096013 1.636363
3.642934 1.007158 4.024028 0.8650197 1.078281 2.652933
3.032587 1.51061 4.111206 0.6641461 1.09736 3.039707
2.82553 2.531387 1.728862 0.7625316 1.523022 1.580961
2.919435 1.944988 2.696428 0.582154 1.035779 1.813819
3.071161 1.947574 2.750229 0.7033106 1.199444 2.147791
2.568284 2.808448 1.697118 0.7426901 1.724469 1.717603
2.59647 2.617425 1.929836 0.6711481 1.493983 1.742846
1.190165 9.099918 0.161432 0.0009129805 0.0009133446 0.01318464
2.909273 2.102806 2.665827 0.8154657 1.521445 2.635505
3.424237 1.152319 4.942083 1.023331 1.45474 4.761793
3.741495 1.180333 4.161446 0.9654637 1.222583 3.261749
3.530874 1.192294 3.92455 0.8040473 1.064399 2.647151
2.717761 2.651679 1.713798 0.8704604 1.855252 1.890393
3.116095 1.688859 3.37649 0.6099152 0.9873212 2.211698
2.015313 3.828642 1.170938 0.7880605 2.690106 1.556225
4.282554 -0.004727613 11.642 1.340767 1.454341 9.441848
3.231693 1.806535 2.299733 0.7039625 1.076642 1.548121
3.670652 0.9166819 4.572542 0.7673761 0.9431431 2.644882
3.392703 1.47416 3.153917 0.7801069 1.105728 2.226797
3.525195 1.327929 3.539608 0.6412682 0.8496528 1.917743
2.84682 2.261294 2.244548 0.5966314 1.139971 1.613449
3.213868 1.600796 3.027883 0.6617872 1.004807 1.957474
2.758857 2.47393 1.912018 0.6469243 1.31274 1.530302
2.238248 3.618395 1.191436 0.7790824 2.315973 1.403655
2.283685 3.74103 0.8943614 0.9169013 2.669883 1.155473
2.676948 2.610901 1.897434 0.7643021 1.652671 1.895683
2.785003 2.250129 2.369349 0.7308685 1.445957 2.181338
3.482854 1.44082 3.309397 0.9080718 1.262019 2.683668
3.130508 1.917438 2.651063 0.7176946 1.186656 2.031829
4.619136 0.00244606 8.633023 1.189147 1.129553 5.023524
3.103897 1.720697 3.263709 0.695966 1.142176 2.466268
2.80684 2.235358 2.175705 0.66061 1.27835 1.751029
4.079241 0.6590314 5.521267 0.9584667 1.049367 3.429604
2.448085 3.057676 1.386322 0.5492099 1.360964 1.047671
2.933021 2.417765 1.66148 0.6661467 1.23504 1.227644
2.810574 2.514782 1.727128 0.8268222 1.654878 1.71506
3.435455 1.374371 3.656575 0.7545529 1.054444 2.496898
2.241494 3.613163 1.056148 0.6491175 1.901099 1.007089
3.040676 1.892601 2.620268 0.6849282 1.156783 1.95086
3.119479 1.786741 3.197754 0.9660474 1.612887 3.419862
3.757833 0.7545855 5.584293 0.9331966 1.133874 3.877425
3.206938 1.812736 2.424424 0.7240785 1.127867 1.727677
5.142609 -0.464787 10.13582 1.655126 1.417517 6.307114
2.582534 2.812683 1.497156 0.985679 2.252704 1.939337
2.331201 3.266779 1.539897 0.7712871 2.120996 1.794517
2.387826 3.422247 1.256094 0.4886778 1.308261 0.8630913
1.664936 6.047802 0.3924838 0.9321335 4.834683 0.6281908
2.736825 2.455102 2.068948 0.7426796 1.536157 1.966135
3.936127 0.7707665 4.508977 0.8457012 0.9428329 2.488095
6.224305 -1.829532 23.11251 2.967198 2.342252 15.40211
3.051992 1.715113 3.558531 0.8545192 1.453895 3.479711
3.150031 1.58306 4.279488 0.8298192 1.358322 3.982655
2.915413 2.368531 1.887898 0.6747529 1.265594 1.460986
2.987673 1.876444 2.691683 0.6855451 1.181112 2.057238
2.680042 2.630721 1.643501 0.5963198 1.266714 1.232871
3.439101 1.188019 4.766364 0.7576716 1.054687 3.303924
4.558241 -0.06907877 9.740438 1.292809 1.267494 6.380324
6.009807 -1.441746 20.91091 2.554999 2.03556 14.24256
3.192625 1.706438 2.983841 0.9173108 1.454683 2.824335
3.017902 1.80563 3.239562 0.726631 1.25158 2.696014
2.601436 2.74501 1.599612 0.6118781 1.366167 1.275984
2.977831 2.195742 2.186066 0.704546 1.270999 1.746374
4.035501 0.07847789 13.09173 1.210956 1.42271 10.99995
2.02759 4.181264 1.156189 0.5990581 2.124333 1.15234
4.403587 0.2035031 7.968921 1.205608 1.224089 5.375639
4.497409 0.1056455 8.552374 1.290182 1.285128 5.933225
3.822437 0.6045218 6.033659 0.9359551 1.101472 3.946237
2.428577 3.366361 0.9658121 0.5424722 1.390711 0.6887518
2.546715 2.936061 1.359871 0.5867417 1.363967 1.039896
5.876881 -1.397394 18.37742 2.470542 1.984949 12.04818
1.994007 4.702179 0.6334935 0.798995 2.994309 0.7776163
3.258957 1.295751 3.779482 0.8196794 1.201297 2.919572
3.056026 1.662591 3.880145 0.8305708 1.410286 3.720056
3.121919 1.997535 2.369754 0.6688654 1.109147 1.670257
3.467906 1.282319 4.082151 0.8285362 1.146775 3.044477
2.063318 4.111264 0.8268875 0.7496743 2.539167 0.9583823
1.940071 4.839382 0.516572 0.7895404 3.0602 0.6231744
1.146064 9.274614 0.1922442 0.002418662 0.002428682 0.01574423
2.866433 2.12983 2.404066 0.7262036 1.363713 2.097308
3.552713 1.346021 3.128806 0.7528932 0.9861866 1.926203
5.18742 -0.2318183 7.075262 1.484079 1.208061 3.782047
3.274466 1.248281 5.233953 0.7804675 1.178019 4.191594
3.383796 1.206061 4.486668 0.7179356 1.010986 2.965554
4.640874 0.08578923 6.91918 1.188726 1.099458 3.840729
3.46286 0.9915486 4.941086 0.7460586 0.9981047 3.129849
1.98142 4.357771 0.821724 0.6936084 2.531312 0.9175992
2.711154 2.781279 1.330334 0.8629132 1.839442 1.387462
3.114818 1.886302 2.513164 0.8209923 1.351403 2.168975
3.599986 1.064912 4.754572 0.7914182 1.027914 3.130249
3.368875 1.105581 5.208203 0.8083306 1.152703 3.962059
3.619078 1.321829 3.562764 0.6827601 0.8853107 2.017154
2.87546 1.865492 3.147256 0.5825728 1.052746 2.194984
3.493233 0.9712951 4.987528 0.7633961 1.009717 3.181659
2.847867 2.529428 1.4764 0.8095483 1.569366 1.353091
3.94865 0.8457934 4.972433 0.9448179 1.087673 3.31044
2.770132 2.229837 2.029832 0.8619685 1.681506 2.119882
2.161475 4.266962 0.6261947 1.062659 3.454021 0.9370448
3.828509 0.7072968 5.618216 0.9093846 1.073904 3.644106
2.814458 2.110192 2.289171 0.7250361 1.370209 1.986445
2.277208 3.446045 1.216904 0.6329418 1.797924 1.142894
2.633214 2.722649 1.705434 0.6202455 1.372013 1.381855
2.392401 3.388952 1.093905 0.8504618 2.26628 1.286971
3.30032 1.522867 4.039947 0.778364 1.188041 3.235059
2.328088 3.292927 1.124795 0.5069485 1.354549 0.8033689
1.763782 5.239424 0.5251197 0.5379371 2.409196 0.4745692
2.40576 3.1543 1.199743 0.6815874 1.734672 1.120812
3.453373 1.68482 2.568666 0.7139429 1.006319 1.630102
3.15907 1.996581 2.286022 0.5014048 0.8015227 1.155696
1.920921 4.779203 0.5818657 0.7348796 2.870445 0.6714525
3.719499 0.6662572 6.551437 0.926361 1.146131 4.633127
4.533794 -0.1501213 8.758477 1.305059 1.262178 5.388597
2.739787 2.382627 1.97254 0.7014566 1.417959 1.723262
2.395175 3.200598 1.189544 0.9025926 2.338774 1.490585
3.263586 1.649674 3.135469 0.8653567 1.330911 2.72252
5.387989 -0.9240073 13.11261 1.94862 1.63077 8.10009
4.780817 -0.1347166 9.037706 1.472922 1.366346 6.130116
3.224677 1.544685 3.362947 0.7575988 1.16135 2.555934
2.547682 2.612782 1.795425 0.9920144 2.253656 2.427109
3.019347 1.911758 2.853021 0.791168 1.373868 2.56287
2.588172 2.738398 1.420664 0.5597086 1.2342 1.006534
3.005912 1.992961 2.656707 0.6685451 1.169942 2.014901
3.386929 1.199615 4.349998 0.7450519 1.043669 2.943818
4.84676 -0.07130358 7.462024 1.374648 1.222701 4.408337
2.501601 2.753365 1.843531 0.5513226 1.296035 1.419984
3.631052 1.137247 4.314393 0.8273703 1.069342 2.949595
3.361708 1.498748 3.466556 0.6864339 0.9924921 2.239754
2.167488 3.735111 1.047902 0.4837969 1.486714 0.7695631
3.204169 1.49131 3.61137 0.7526259 1.15747 2.748077
2.275012 3.386523 1.16079 1.963628 5.555396 3.372642
4.259774 0.3728796 6.334768 1.054045 1.083429 3.795952
3.633446 1.472694 2.819619 0.7150582 0.9233681 1.626615
4.386599 0.1517786 7.426446 1.136601 1.13407 4.452983
3.323755 1.194203 4.54913 0.7353851 1.054795 3.132757
2.429272 3.348206 0.9585697 0.8880287 2.281677 1.119537
3.702401 0.6233136 7.841519 0.912744 1.154384 5.723278
4.146524 0.6467345 5.261571 0.9162 0.971344 2.967847
3.164839 1.556406 3.680613 0.8384192 1.334355 3.271739
3.202116 1.469286 3.799182 0.7909578 1.224317 3.083255
3.352404 0.9474239 7.376168 0.7521567 1.092959 5.494413
3.126864 1.936192 2.394236 0.9220432 1.523885 2.316951
2.360772 3.391139 1.074456 0.7497631 2.015183 1.11944
2.178902 3.805711 0.9036499 0.6159096 1.884757 0.8158731
3.869503 0.647453 6.089437 1.047433 1.236805 4.557061
3.683604 0.8054689 5.792747 0.8377818 1.045105 3.781434
3.184317 1.84897 2.432389 0.6256967 0.9845484 1.519453
2.198309 3.436195 1.380302 0.6266808 1.858284 1.360879
3.011406 2.215044 1.965505 0.6842854 1.207608 1.465604
2.495593 2.760529 1.662754 0.6487083 1.525928 1.488455
2.584255 2.705681 1.849375 0.4815625 1.081804 1.197933
3.138102 1.702498 3.567027 0.7487685 1.224909 2.924121
3.462197 1.455601 3.342902 0.8361045 1.169342 2.518977
3.534369 1.339092 3.579267 0.7047603 0.94065 2.154312
2.931038 2.025631 2.897745 0.7324089 1.344347 2.565197
4.052283 0.4685741 7.286533 0.9906861 1.107592 4.783528
4.851837 -0.3281004 8.954321 1.521621 1.369684 5.562059
3.123097 1.772927 2.966531 0.9435292 1.553018 3.012352
2.919668 2.011664 2.66274 0.7177601 1.302155 2.247341
2.221586 3.771769 0.9893284 0.7436219 2.247695 1.083945
3.862714 0.7076131 6.408148 0.9970379 1.195375 4.768703
3.761883 0.9410325 5.091323 0.9268372 1.146364 3.689578
3.495027 1.252872 3.454962 0.7857685 1.044136 2.256635
3.01274 2.047738 2.574467 0.716663 1.265066 2.103618
4.154912 0.13179 12.08869 1.311607 1.496219 10.74064
3.752133 0.874813 4.515354 0.8659255 1.037435 2.829954
6.068867 -1.455102 17.96529 2.549691 1.978874 11.29965
2.043646 4.398565 0.7348393 0.5618061 1.97247 0.6267917
3.995538 0.7268877 5.198743 0.933893 1.045936 3.243326
2.64753 2.628844 1.616038 0.6084596 1.307309 1.248214
3.526302 1.341548 3.493739 0.7124706 0.9489519 2.106101
4.368256 0.2454313 7.353551 1.21573 1.237874 5.001527
3.624646 1.112192 4.064735 0.827974 1.057134 2.697843
3.146302 1.712084 3.316848 0.7226382 1.170307 2.57128
2.151573 3.760285 1.102203 0.5878167 1.838622 1.001425
3.428304 1.27405 4.177004 0.7581971 1.059536 2.888188
2.464029 3.177697 1.072095 0.6972944 1.716014 0.9712219
2.673905 2.767821 1.670819 0.671646 1.475711 1.446217
3.173239 1.591727 3.76162 0.6292572 0.9935852 2.501431
3.437899 1.510805 2.529194 0.7493686 1.02056 1.586518
3.2499 1.57601 2.927048 0.7770778 1.164399 2.174244
3.159941 1.787841 2.485934 0.8189965 1.298235 2.04407
3.055111 1.914199 2.772007 0.8182192 1.402632 2.533561
2.883361 2.071396 2.570248 0.6386127 1.179247 1.956082
2.346571 3.134073 1.362624 0.533714 1.397734 1.04647
3.347446 1.332277 4.493025 0.8509921 1.254398 3.775003
2.908254 2.345092 1.705065 0.7327068 1.361916 1.401555
3.743232 0.8036019 5.514629 0.904556 1.108411 3.784718
4.089688 0.4567632 6.413684 0.9826058 1.066393 3.92358
2.588657 3.187803 1.022351 0.7573282 1.776793 0.9544418
2.808227 2.492735 1.69097 0.7399613 1.46848 1.487253
3.796855 0.9446369 4.266398 0.9110445 1.086283 2.820246
2.954914 2.545199 1.414569 0.638907 1.184803 0.973548
1.776235 5.225278 0.4535671 0.779275 3.44515 0.5785207
1.769793 5.345133 0.5270381 0.6664019 3.02555 0.5910592
2.635672 2.535473 1.81285 0.6128809 1.311885 1.435227
5.039318 -0.67217 11.06179 1.646478 1.442308 6.496477
3.078781 2.179754 1.869513 0.6857203 1.16392 1.330425
2.599226 2.575372 1.987877 0.6707865 1.49075 1.812067
3.321814 1.402355 4.076566 0.6959474 1.022014 2.757961
2.482386 3.012232 1.352939 0.5279841 1.280986 0.9682593
2.670265 2.865802 1.321427 0.8551687 1.878664 1.394823
3.063696 1.869392 2.318894 0.618909 1.0119 1.47816
2.359225 3.10877 1.431922 0.507424 1.321023 1.050313
3.634413 1.293879 2.896051 0.7282934 0.9060109 1.591203
1.846092 4.758097 0.6205813 0.5018955 2.027083 0.5092628
3.08254 1.579461 3.219945 0.6156052 0.9780589 2.046924
2.646281 2.627402 1.934314 0.7616505 1.675871 1.963586
3.276515 1.598243 3.406697 0.8044606 1.23105 2.766437
2.625266 2.878842 1.415592 0.8971286 2.028387 1.628537
3.668906 0.7991949 6.374323 0.9911845 1.272648 5.183767
2.277648 3.680943 0.9597358 0.7052601 2.04511 0.9658357
3.056709 1.882003 3.014521 0.675139 1.149952 2.281333
2.737445 2.153688 2.51469 0.7625297 1.516807 2.454308
3.239583 1.74297 2.686943 0.722839 1.111008 1.908366
2.773431 2.268693 2.471865 0.6959833 1.394855 2.211745
3.451504 1.252968 4.183396 0.9301375 1.298763 3.538747
3.977557 0.5862294 7.008225 1.023525 1.184236 5.074678
3.307253 1.432646 3.961918 0.7670566 1.142958 3.005247
2.269234 3.247699 1.426822 0.7008859 1.959517 1.525456
2.987971 2.067648 2.599432 0.5920337 1.051711 1.769827
2.078419 4.25156 0.7645906 0.7744258 2.647042 0.899393
3.578743 1.166186 4.58949 0.8370825 1.115698 3.338087
3.827248 0.8393004 5.086963 0.7266426 0.8479733 2.636725
5.22509 -0.8011398 14.9085 1.988457 1.757231 10.99098
2.635684 2.38127 2.466391 0.7957758 1.722199 2.709477
3.080788 1.72827 3.157467 0.6263188 1.028095 2.136937
3.696581 1.149177 3.683827 0.8106609 1.005772 2.298815
3.4404 0.9200733 7.276076 0.8292145 1.171209 5.752646
2.90904 2.190193 2.338437 0.9021477 1.691317 2.515313
3.620464 0.7760232 7.241821 0.8036252 1.0461 4.920119
1.296954 8.348819 0.194432 0.01909383 0.0242207 0.01760039
4.3691 0.121349 8.344585 1.158434 1.178303 5.292363
4.197866 0.3035872 7.940079 1.061278 1.134575 5.123146
3.586745 1.143797 4.026447 0.8136483 1.053374 2.672516
2.280285 3.415616 1.174893 0.6248069 1.754502 1.074473
3.642252 1.100686 4.159385 0.7481488 0.9443943 2.467218
3.593843 0.8695734 4.952688 0.8854308 1.127242 3.442749
2.559287 2.792774 1.645329 0.8855469 2.053378 1.973758
1.605324 6.141053 0.414742 0.4941338 2.673711 0.3643184
2.668136 2.8803 1.269771 0.8194157 1.799807 1.276279
3.443681 1.579012 2.785216 0.7479445 1.046277 1.841804
6.014817 -1.417945 15.33224 2.582563 1.99284 9.490036
2.009198 4.428894 0.7487382 0.7312505 2.642266 0.8554273
1.877136 4.916076 0.6321535 0.6490052 2.652931 0.668421
3.039521 2.037672 2.404883 0.7703012 1.335112 2.048646
3.684157 0.8306097 5.518155 0.8239369 1.024179 3.517464
3.285666 1.542919 3.476291 0.644262 0.9631414 2.200941
2.195638 3.627326 0.9751524 0.5728141 1.703481 0.8242589
3.034432 2.433135 1.475875 0.6497236 1.152581 1.000548
3.011997 1.947802 3.014138 0.6370065 1.117595 2.228442
3.201224 1.620638 3.098153 0.6012493 0.9178572 1.839414
3.443981 1.288187 3.9453 0.8073205 1.120629 2.861529
3.151323 1.879091 2.564064 0.7335097 1.191994 1.96143
2.692763 2.407143 1.934399 0.7360943 1.519046 1.801233
2.507364 3.002859 1.512967 0.5771529 1.395858 1.194052
4.02524 0.402492 8.02103 1.069019 1.215923 5.786719
3.31024 1.356385 4.082552 0.9408014 1.396913 3.767779
3.765603 0.9969627 3.894145 0.9226647 1.106455 2.607501
2.402166 3.38372 0.9573155 0.5625271 1.455645 0.7094035
4.100188 0.3390165 7.227305 1.121694 1.227008 5.026631
2.273034 3.880736 0.715386 0.9623433 2.826145 0.9345491
3.102772 1.85899 2.678379 0.7064106 1.165003 2.01315
3.175174 1.676535 3.064828 0.8041658 1.272606 2.540631
2.943451 2.256624 1.999548 0.8037833 1.476967 1.829
2.970282 2.002779 2.546304 0.6329653 1.113594 1.822885
2.958415 1.967631 3.004606 0.6024377 1.075738 2.133366
2.065642 4.165604 0.8295189 0.6541219 2.224318 0.8353713
3.527272 0.7667444 7.593129 0.9376617 1.274986 6.359351
2.167526 3.997696 0.9494218 0.854622 2.738769 1.224436
3.432697 1.548966 2.606143 0.7936015 1.100298 1.784295
3.964022 0.5785741 5.705683 1.087704 1.230833 4.099297
1.619684 6.182371 0.337415 0.6883266 3.696498 0.4011314
6.527401 -1.749279 21.34169 3.214502 2.405114 14.97794
2.352686 3.647155 0.9865156 0.501331 1.385587 0.6760274
2.585884 2.650129 1.843091 0.6321878 1.417779 1.570178
3.15654 1.65427 3.582467 0.6672935 1.071229 2.56472
3.608913 0.7791517 7.322395 0.8890368 1.170659 5.583702
4.030636 0.5699989 6.124491 0.9621097 1.06691 3.84109
2.918481 2.260649 2.248716 0.6559085 1.226404 1.740152
2.599765 2.91589 1.137409 0.7856362 1.757905 1.09369
3.664335 0.7727787 6.015151 0.8803762 1.109192 4.16925
3.672921 1.135543 3.908364 0.8566525 1.079399 2.641019
3.464991 1.403037 3.077305 0.8361198 1.142664 2.212493
2.616578 2.83044 1.517136 0.5787767 1.299829 1.136703
3.220294 1.802663 2.633224 0.7236085 1.132261 1.910488
2.74249 2.677124 1.510814 0.5761748 1.194865 1.053241
2.337904 3.499063 1.040382 0.7015099 1.927889 1.017241
2.770184 2.167076 2.502894 0.5897188 1.15069 1.850073
2.35629 3.056357 1.630192 0.5223144 1.363367 1.260321
2.155876 3.851694 0.9026738 0.7222605 2.261567 0.9738333
2.851676 2.351297 1.594462 0.6595144 1.233706 1.17102
2.750138 2.315362 2.163079 0.6031555 1.204762 1.63283
1.673545 5.866116 0.4416038 0.7160139 3.634052 0.5491031
3.738714 0.9257296 5.095001 0.8658715 1.070654 3.433196
3.525704 1.19127 4.17159 0.8572395 1.152431 3.092356
4.177535 0.4395745 7.112247 1.060035 1.145927 4.770372
1.460098 6.919176 0.3107391 0.6478709 4.171554 0.3814406
2.682092 2.570453 1.724829 0.5373234 1.132194 1.173043
2.900238 2.199274 2.048027 0.6251742 1.146102 1.460362
3.480813 1.169825 3.995938 0.8162848 1.097743 2.783063
2.624351 2.490443 1.744642 0.7088315 1.510455 1.585747
4.816806 -0.06824954 6.904791 1.253562 1.099269 3.57373
3.418456 1.539762 3.039029 0.7223847 1.021825 1.988595
3.003114 2.012011 2.455603 0.9239102 1.622673 2.547712
3.299243 1.548688 3.568983 0.7723993 1.165717 2.749771
2.440286 2.914666 1.761415 0.6513687 1.623311 1.666223
3.468407 1.19939 4.120144 0.7191437 0.9720688 2.56733
3.666793 1.15223 3.727048 0.8535046 1.073722 2.490989
2.770223 2.537671 1.628371 0.9615862 1.952589 1.887019
3.371189 1.449333 3.305928 0.7135207 1.016471 2.160667
4.740964 -0.3421242 12.38158 1.476404 1.415188 8.572216
2.877021 1.861079 3.339394 0.8302795 1.532733 3.433815
2.917562 2.116174 2.36746 0.6546626 1.195068 1.802587
2.954725 2.066007 2.42026 0.6734233 1.205217 1.864857
3.043471 2.200136 1.886202 0.6500525 1.125962 1.305595
3.768019 0.8568005 4.807028 0.7506733 0.8905873 2.605171
2.919951 1.830254 3.334957 0.5582034 0.9888899 2.198873
4.058778 0.4065344 7.169462 1.115559 1.242751 5.165083
2.836078 2.22127 2.320704 0.7378103 1.420697 2.093333
3.888185 0.4588174 7.770583 1.039456 1.22851 5.734182
2.504468 3.015063 1.281573 0.6914426 1.661007 1.176458
3.212439 1.841016 2.47878 0.8098166 1.274433 2.005124
2.839463 2.32681 2.038975 0.9792713 1.908487 2.415824
3.201242 1.215384 5.217383 0.9301611 1.439576 5.084079
3.434535 1.443876 3.840603 0.9404983 1.357015 3.448972
3.531291 1.180757 4.277456 0.7635843 1.017245 2.7966
3.069184 1.791175 3.04291 0.7448859 1.249414 2.501594
4.224212 0.1547476 9.746163 1.171797 1.268794 7.01329
2.486684 2.928151 1.394771 0.837834 2.016873 1.585712
2.807617 2.160761 2.499208 0.6800001 1.313097 2.107318
2.556574 2.941872 1.338232 0.7291566 1.700657 1.274507
2.146637 4.058908 0.9065184 0.7144742 2.31934 0.9761704
3.888713 0.938408 3.902851 0.7940475 0.8991573 2.083512
2.685398 2.664651 1.770776 0.7091711 1.531129 1.616626
3.041333 1.702669 3.696327 0.7716748 1.315491 3.285655
2.002728 4.460461 0.683319 0.6940496 2.51015 0.7310419
3.079901 2.034849 2.546781 0.6396275 1.092421 1.791003
2.055567 4.205132 0.8448418 0.7447409 2.56966 0.9806174
4.17166 0.4152925 7.030873 1.064468 1.145553 4.652796
3.935911 0.8319849 4.755297 0.9450815 1.082796 3.111052
2.698711 2.641494 1.749139 0.5711675 1.209089 1.259045
2.73156 2.289458 2.352256 0.723555 1.472078 2.202264
3.167019 1.904203 2.181995 0.6209914 0.9778152 1.329404
2.692402 2.663101 1.638854 0.6095328 1.296382 1.25371
3.216632 1.56668 3.497348 0.7204075 1.114764 2.573955
2.394435 3.415896 1.200507 1.129089 3.050507 1.916206
2.745567 2.433299 1.933419 0.6028656 1.219921 1.445749
1.918598 4.822408 0.5895846 0.6827857 2.686831 0.6342741
3.051856 1.894445 2.940407 0.7211623 1.235683 2.387743
4.246753 0.4691022 6.866151 1.104771 1.174175 4.720268
2.933411 2.193596 2.207749 0.6717342 1.227969 1.704611
2.88104 2.107301 2.606315 0.690148 1.292022 2.180077
2.852715 2.357149 2.134706 0.6623476 1.290959 1.725145
2.389083 2.886246 2.078827 0.6859092 1.768004 2.197925
4.010897 0.3773464 7.81876 1.071933 1.214663 5.546475
3.678366 0.9582331 5.723529 0.9332424 1.206587 4.498205
1.956888 4.968437 0.5792577 0.766433 3.012856 0.6842638
4.218342 0.2212716 9.039923 1.141569 1.232202 6.357099
3.055815 1.861968 2.19763 0.618429 1.005013 1.377517
2.798077 2.228838 2.277184 0.8448604 1.651308 2.376633
3.001153 2.002664 2.4196 0.7472774 1.301967 2.009863
3.643792 0.8608753 5.642888 0.7887011 0.9976282 3.550465
1.715462 5.717605 0.4103631 0.6453626 3.123023 0.4428502
3.190005 1.70332 2.970125 0.9286253 1.472029 2.840717
3.029244 1.973575 2.657465 0.7876183 1.370558 2.361677
3.536105 1.266644 4.012365 0.7580717 1.016436 2.632232
2.657186 2.626809 1.70879 0.5502612 1.176733 1.195381
3.857015 0.9309641 5.102664 0.8926295 1.070148 3.438323
3.42615 1.333184 4.274632 0.8212296 1.171781 3.322843
1.495123 6.776801 0.3356135 0.5565395 3.44968 0.3478737
2.342591 3.265717 1.422309 0.578126 1.559802 1.205327
3.738655 0.6922205 6.383557 0.9642366 1.191047 4.709315
3.024269 2.29995 1.791439 0.7176974 1.277485 1.39533
1.713706 5.440139 0.4511375 0.6293174 2.957639 0.4809451
2.985861 2.06775 2.255666 0.705218 1.239837 1.766822
1.980973 4.600275 0.6189539 0.6051491 2.236376 0.5727282
2.719166 2.513699 1.840829 0.5749053 1.190747 1.332635
2.65926 2.669276 1.942579 0.719162 1.587805 1.865337
3.032486 1.98558 2.550724 0.6461248 1.109473 1.818806
5.03955 -0.3133525 8.284971 1.534596 1.314159 4.862063
2.672017 2.652131 1.697319 0.669535 1.441455 1.451974
3.444137 1.53543 3.044476 0.8551684 1.20798 2.353344
2.318446 3.604832 0.9284516 0.6350966 1.781928 0.8202074
3.72453 1.052552 3.747111 0.7605477 0.9152984 2.083307
4.480934 -0.007694218 9.726626 1.269716 1.274074 6.57248
3.071779 1.866882 2.516065 0.6179526 1.017092 1.634073
3.291033 1.59154 3.137585 0.7651651 1.146966 2.332876
2.907462 2.344009 1.639519 0.6460884 1.186841 1.164552
1.412163 6.572355 0.4208012 0.4454518 2.881716 0.3805856
2.919042 2.144704 2.045347 0.6850158 1.23707 1.574107
3.607346 1.184775 3.805369 0.8189974 1.055336 2.527096
3.175667 1.994681 2.211204 0.6631986 1.070206 1.486582
3.109131 1.717725 3.013343 0.7417067 1.20449 2.36658
2.768153 2.335009 1.96687 0.637781 1.258781 1.527424
2.556756 2.851354 1.59473 0.7942418 1.855681 1.712535
3.474011 1.245875 4.299262 0.8606878 1.192572 3.351343
3.00013 1.57638 4.527071 0.6992544 1.204505 3.774556
2.36358 3.29868 1.361525 0.8039555 2.170235 1.591937
3.566833 1.211742 4.207506 0.7131138 0.9399631 2.55018
3.173173 1.725728 2.741016 0.6891294 1.080273 1.899595
4.277578 0.3347356 7.502669 1.162251 1.223885 5.241676
2.783687 2.379548 2.217807 0.69423 1.400238 1.9512
2.769427 2.466268 1.734868 0.6279936 1.24979 1.301146
1.517445 7.194965 0.27677 0.1207714 0.7355376 0.06444159
2.5552 2.879182 1.407105 0.8185344 1.897024 1.511662
3.776923 0.8633246 5.175877 0.8582348 1.039054 3.33653
2.899695 2.153111 2.270135 0.5602255 1.026902 1.478081
3.020586 1.963039 3.094952 0.6582842 1.158875 2.380665
2.985944 2.132642 2.074458 0.7769525 1.373925 1.775949
3.059917 1.807373 3.175574 0.6487808 1.092367 2.295475
3.503861 1.369134 3.187933 0.762753 1.021493 2.046785
3.679152 1.091503 4.133366 0.7887946 0.9862909 2.55355
4.697981 0.03344091 7.070875 1.273705 1.167447 4.109052
2.543649 2.825115 1.525109 0.6608469 1.530802 1.345571
2.768734 2.257141 2.259551 0.6075563 1.199429 1.715359
3.541613 0.8570451 5.478268 0.7923335 1.028117 3.525412
3.532363 1.140973 4.3811 0.8251768 1.100363 3.092933
5.103041 -0.7019404 14.88939 1.865856 1.688336 11.0223
2.975851 1.803283 3.118482 0.8004991 1.396929 2.879887
4.324062 0.3502174 7.296419 1.231076 1.284504 5.354733
3.590006 0.8748778 5.4213 0.8651781 1.116967 3.813526
2.00303 4.168289 0.8391491 0.7664444 2.700675 1.028194
3.098944 1.819559 2.460201 0.756126 1.227151 1.913993
3.016156 1.926739 2.860583 0.6986319 1.213774 2.272619
1.874984 4.69567 0.7068394 0.6634678 2.655353 0.7788305
2.426406 3.143966 1.363365 0.7359827 1.88021 1.406662
2.357546 3.485588 1.11056 0.6219406 1.701355 0.97019
3.10093 2.053345 1.774235 0.6558644 1.066082 1.144682
2.021279 4.018677 1.195584 0.6028836 2.103463 1.212574
3.116561 1.743498 2.979205 0.6890142 1.117226 2.170287
3.136822 1.89676 2.468702 0.6896919 1.121953 1.767236
3.836633 0.6476405 6.93742 1.008825 1.222869 5.289047
2.991163 1.594152 3.515588 0.7649397 1.287182 2.997897
3.344712 1.587811 2.964282 0.7624135 1.112993 2.113488
3.090224 1.675615 3.715572 0.5955577 0.9777209 2.43975
3.192753 1.699529 3.268589 0.7200757 1.143172 2.466172
1.497976 7.280701 0.2677614 0.3045887 1.963701 0.1491568
3.339806 1.658486 2.822896 0.6535958 0.9555048 1.724284
3.660012 0.8883293 5.464502 0.9377466 1.195897 4.139472
3.352995 1.770902 2.292753 0.7827288 1.146738 1.637029
2.384668 3.406031 1.038452 0.9392137 2.508528 1.340057
3.10953 2.113006 2.213231 0.6377017 1.079842 1.507813
2.497613 2.967281 1.382603 0.6484477 1.554405 1.204061
2.886785 2.372641 1.950586 0.7551795 1.44671 1.738413
2.010681 4.350825 0.6990175 0.7582911 2.697975 0.8181159
1.594016 5.686036 0.4658332 0.6162715 3.217681 0.5263525
3.249889 1.542132 3.072682 0.8261104 1.24235 2.45173
2.035988 4.504426 0.6539559 0.7701024 2.754372 0.7602717
4.792522 -0.3302835 9.561787 1.518726 1.397644 6.170528
5.257174 -0.8739065 15.07597 1.961924 1.717681 10.47879
3.927073 0.2087107 10.20234 1.02434 1.199547 7.118262
3.761963 0.69819 6.438807 0.8946849 1.09341 4.361437
2.139199 4.248027 0.7018188 0.7296648 2.400722 0.7408354
3.051181 1.95933 2.723475 0.7925697 1.366387 2.416713
3.436306 1.050361 4.99172 0.9490875 1.316421 4.260598
2.985171 1.80711 3.395433 0.6866793 1.200551 2.731393
2.89465 2.262934 1.823575 0.8026729 1.482947 1.647435
3.747918 1.204699 3.947974 0.8210226 1.025507 2.576499
2.363924 3.412387 1.247856 0.7535484 2.054101 1.345476
3.004966 2.012371 2.400146 0.7922311 1.381297 2.111559
2.011024 4.470797 0.6018723 0.6114683 2.17992 0.549967
2.904302 2.330426 1.85356 0.7423738 1.389627 1.573872
3.37955 1.574165 2.796372 0.8115878 1.162982 2.058702
3.580289 0.4302539 13.21087 0.9588233 1.312009 11.49394
3.50905 1.545321 2.74007 0.8065215 1.100608 1.893946
2.254963 3.786642 0.9098244 0.9252046 2.753219 1.207704
3.766755 0.9032669 5.303586 0.861521 1.057542 3.53475
2.725348 2.666214 1.472935 0.7988354 1.670889 1.428675
3.220161 1.342223 4.500404 0.8511704 1.308065 3.94736
3.84617 0.9927036 3.93915 0.9829031 1.158036 2.766217
3.300645 1.50077 3.334899 0.6414394 0.9382453 2.025736
2.639027 2.723886 1.755795 0.7930213 1.764145 1.834194
4.567707 -0.004739297 8.171492 1.215386 1.162789 4.82751
2.755145 2.710412 1.34902 0.7054718 1.452939 1.11901
3.213031 1.723282 2.904285 0.7332222 1.144883 2.152853
2.557756 2.937724 1.294289 0.5382944 1.236685 0.891482
2.470693 3.06251 1.403228 0.5806075 1.432194 1.118293
2.872851 2.193512 2.468033 0.5853318 1.104722 1.748962
2.28661 3.475719 1.295181 0.6044114 1.721415 1.166966
2.482359 2.771568 1.800172 0.5290074 1.2575 1.343217
3.193411 1.855741 2.609228 0.7292711 1.163538 1.94885
2.438792 2.822878 1.983966 0.7678319 1.906476 2.256085
2.627211 2.395361 2.388522 0.7797614 1.692803 2.567411
3.422941 1.326992 3.802998 0.7860749 1.099638 2.705254
2.3299 3.008924 1.48136 0.666906 1.743778 1.455313
2.488102 3.146255 1.381751 1.249672 3.141086 2.388388
2.157764 4.045581 0.7646315 0.5643171 1.789368 0.6240956
2.846754 2.235784 2.241919 0.8519458 1.635645 2.311708
3.481747 1.288232 4.067386 0.8487753 1.173197 3.10864
3.74596 1.07848 4.115214 0.8026501 0.982309 2.522037
3.124762 1.882971 2.283867 0.606794 0.9691108 1.3884
2.753302 2.288066 2.368861 0.6260849 1.256791 1.893476
3.806515 0.9770008 4.562885 0.8451006 1.016853 2.889929
3.346845 1.403774 3.603198 0.7048984 1.012177 2.363436
1.975541 4.670953 0.6687809 0.5728163 2.148566 0.593077
4.266131 0.4472299 5.554047 1.057763 1.077714 3.302864
2.650884 2.40104 2.057117 0.6622165 1.39687 1.783131
2.689661 2.632988 1.468445 0.7853317 1.649088 1.406001
3.987533 0.8640431 4.815095 0.9648905 1.100068 3.239807
3.048214 2.004133 2.23106 0.7401117 1.253996 1.758471
3.021904 2.097325 2.146943 0.8426007 1.472521 1.983096
1.236273 8.924978 0.1875383 0.003300618 0.003331897 0.01537705
3.211539 1.637344 2.839499 0.6424469 0.9745415 1.76745
2.143427 4.290161 0.7543265 0.8420922 2.802021 0.9322173
2.87371 2.009686 2.562434 0.7795028 1.435005 2.370235
4.548055 -0.02307242 9.377526 1.370029 1.353496 6.65866
3.113294 1.990874 2.072223 0.6737871 1.101338 1.418464
2.418156 2.912401 1.887219 0.6473455 1.636286 1.814833
3.828686 1.013189 4.133357 0.9218221 1.099474 2.79779
2.265479 3.760794 0.9338254 0.847453 2.501205 1.132918
2.7769 2.44398 1.837443 0.5308072 1.050867 1.172938
3.794253 1.139114 3.86024 0.8991159 1.097456 2.65078
2.875849 1.91294 3.02374 0.7300587 1.339115 2.672594
2.798764 2.562067 1.477889 0.8961672 1.789063 1.544752
4.995334 -0.4926627 11.47015 1.568353 1.39965 7.185666
2.91019 2.337566 1.944274 0.7951912 1.49783 1.791588
3.572288 1.060806 4.45288 0.703803 0.9034066 2.533423
3.710288 0.7193683 7.019812 0.8742488 1.09997 4.9053
3.959267 0.9136219 4.512518 0.8597842 0.9788133 2.695117
5.159179 -1.009858 18.30083 1.946411 1.770148 12.91196
1.877451 4.77836 0.5517571 0.7222761 2.87909 0.6355486
2.489543 3.338027 1.015663 0.6340313 1.582352 0.828863
3.46338 1.260813 4.426011 0.7463702 1.036481 3.019217
2.048832 4.240541 0.7605665 0.6033345 2.07678 0.7011741
2.183742 3.685021 1.028606 0.6243046 1.893989 0.9648471
2.502376 3.133291 1.191938 0.5501519 1.333016 0.8581363
2.794958 2.26088 2.327599 0.638784 1.254082 1.853187
2.804962 2.647686 1.581319 0.5850435 1.184059 1.101614
2.597263 3.16813 1.138041 0.7016382 1.6464 0.999675
4.18788 0.5819421 5.556034 1.065363 1.130736 3.640064
2.957499 2.27109 2.07626 0.546379 0.9922045 1.2839
3.63126 0.9371603 4.659193 0.8517727 1.073068 3.095929
3.799579 1.066293 4.528309 0.7723667 0.9386862 2.693743
2.496957 2.554145 2.28683 0.6952054 1.627075 2.323719
2.973348 1.694104 4.155614 0.7285714 1.284073 3.672067
5.271223 -0.6907488 12.49371 1.71249 1.454835 7.592906
3.636258 0.9826839 3.784078 0.8792449 1.085242 2.46476
2.832865 2.260313 2.271956 0.7033352 1.360755 1.953676
3.16875 1.285821 4.741302 0.6690827 1.029228 3.270409
2.495694 2.990661 1.559339 0.6778796 1.653806 1.464517
3.372622 1.381287 3.562001 0.5363352 0.7387388 1.683272
2.940063 2.232255 2.076991 0.698404 1.277902 1.653462
4.616442 -0.02800103 8.308296 1.260465 1.1968 5.033713
3.848034 0.5036923 6.2959 0.9701573 1.127128 4.120288
3.306486 1.327795 4.818168 0.7867912 1.17957 3.848963
2.713082 2.643522 1.623106 0.6597369 1.385531 1.324407
2.25094 3.751176 0.8530376 0.5591578 1.637552 0.6718471
1.614187 6.022778 0.3934815 0.5892426 3.131387 0.4089101
3.136388 1.781723 2.911396 0.9114882 1.491516 2.831402
2.656493 2.743846 1.524832 0.6821203 1.489064 1.317996
2.07392 3.838247 1.155518 0.6198105 2.043983 1.160318
4.173573 0.2708149 8.52199 1.142911 1.246057 6.097021
2.613475 2.798601 1.441774 0.4930346 1.090631 0.9039695
2.117838 3.86285 1.188722 0.76795 2.505277 1.465567
2.308777 3.254932 1.312086 0.6250566 1.701034 1.202613
3.056245 1.873377 2.730044 0.7408506 1.248408 2.204533
3.18028 1.533517 3.722745 0.6301785 0.9798655 2.422006
3.318746 1.300573 4.136217 0.7837187 1.140207 3.089021
3.281227 1.566449 3.478055 0.761254 1.154702 2.646167
3.402511 1.266092 3.905917 0.9178678 1.29151 3.25078
1.679907 5.993615 0.3889023 0.700616 3.571776 0.4624174
2.692783 2.679183 1.617448 0.6614245 1.417378 1.352123
3.814463 0.5842866 6.634186 0.9451199 1.126999 4.505109
1.637167 5.989318 0.4177081 0.5390424 2.82054 0.3950158
3.163217 1.774236 2.900232 0.5323071 0.8385429 1.580435
3.485539 1.531462 3.097309 0.6466894 0.8897234 1.76666
2.357982 3.374575 1.163535 0.5985122 1.604276 0.9739571
3.365247 1.42864 3.50075 0.6527353 0.9293575 2.107168
3.305794 1.336211 4.105678 0.752 1.101472 2.970094
2.034268 4.351597 0.7544509 0.5018759 1.764668 0.5828683
2.938884 2.177985 1.874751 0.691926 1.236345 1.421122
4.872458 -0.1761589 8.483721 1.437617 1.287708 5.223989
3.173931 2.025232 1.825334 0.7572894 1.203589 1.333114
2.78771 2.20932 2.221233 0.6804967 1.321403 1.852214
3.520103 1.06212 4.645857 0.8463838 1.128086 3.349519
2.964197 2.080209 2.451029 0.7417962 1.334568 2.09718
2.950561 2.162841 2.582807 0.6239728 1.148771 1.919948
3.343295 1.170879 5.48628 0.8496275 1.248443 4.62953
3.817627 0.8850801 5.002154 1.133208 1.378327 4.293989
3.064903 1.917155 3.041547 0.8562925 1.481603 2.980753
2.975676 2.201893 1.730026 0.5982248 1.044667 1.094302
3.418382 1.389037 3.701217 0.7249868 1.020553 2.456046
4.250167 0.4607705 5.572242 0.9981058 1.018223 3.143484
3.352797 1.243329 4.987376 0.8706565 1.278626 4.292199
3.243667 1.420296 4.061174 0.749668 1.140959 3.087774
2.675294 2.406791 2.081576 0.6189729 1.292669 1.671128
2.834081 2.337448 1.90255 0.8529879 1.650207 1.925791
4.081161 0.4775978 5.392232 0.9706464 1.030811 3.079624
2.938854 2.072334 2.593055 0.8917672 1.636322 2.747792
2.375532 2.931527 1.65575 0.7211349 1.848328 1.767469
2.533091 3.015905 1.318225 0.6631406 1.576911 1.152693
2.957502 2.237952 1.970825 0.7717746 1.400219 1.704121
3.185561 1.586664 4.007098 0.8744076 1.40659 3.819508
3.924297 0.5718652 6.946057 1.018724 1.191716 5.03413
3.323903 1.697051 2.240513 0.8228088 1.192921 1.642706
2.626735 2.712667 1.724874 1.002791 2.243346 2.290321
2.392912 3.297507 1.24646 0.6185859 1.627206 1.080176
3.371386 1.422952 3.394079 0.7342294 1.044748 2.280384
3.162517 1.604956 3.277544 0.8389539 1.328584 2.854482
3.291016 1.456864 3.814901 0.9549509 1.443337 3.647374
3.98406 1.110527 3.291675 0.9933932 1.122169 2.215004
2.843998 2.058397 2.704597 0.6441389 1.211047 2.130902
2.838435 2.238233 2.063077 0.7517986 1.430606 1.836945
2.862025 2.412088 1.795518 0.727581 1.401848 1.527274
2.415626 3.290998 1.107208 0.9530282 2.473846 1.43896
1.930838 5.04693 0.4991051 0.7381154 2.942934 0.5613575
2.013672 4.488402 0.6321268 0.7931402 2.85716 0.7612826
3.845985 0.7329394 6.26395 0.9445819 1.134577 4.431934
3.48176 1.201355 4.328705 0.9398408 1.295197 3.643681
2.097497 4.055501 0.8116195 0.870474 2.878245 1.072559
3.851089 0.8293935 5.262872 0.9099731 1.079777 3.507699
3.703451 0.8172224 5.860289 0.9235629 1.158977 4.279251
2.516841 3.251768 1.105921 0.5814812 1.423496 0.8305266
2.913242 1.976568 3.174572 0.8321199 1.542038 3.265416
3.248473 1.533119 3.292506 0.6759276 1.015266 2.171435
3.431512 1.245141 4.384576 0.7324249 1.021353 2.934056
4.131969 0.5526401 5.766731 1.007561 1.081367 3.604823
3.30237 1.393533 3.99642 0.7373045 1.090212 2.877709
2.981511 1.988669 2.607348 0.6781709 1.192378 2.006684
3.065665 1.461197 4.349027 0.9562375 1.584859 4.68587
2.821402 1.877859 3.907876 0.6906165 1.322425 3.558091
1.904666 4.839086 0.6180356 0.5704818 2.266308 0.5621631
2.909087 2.357666 1.900641 0.7796365 1.474406 1.720539
2.479854 3.003079 1.527315 0.6720275 1.651567 1.42754
2.554198 2.762928 1.610187 0.6713304 1.537794 1.444893
2.40048 3.607277 0.854145 0.862443 2.321044 0.9690481
2.037731 4.695509 0.50574 0.7024135 2.5247 0.5102335
3.383239 1.219672 5.106822 0.7125964 1.021727 3.497438
2.400329 3.236786 1.237877 0.545504 1.409193 0.9349008
2.949405 2.18286 2.151479 0.6618171 1.197266 1.614643
3.155398 1.551289 3.920772 0.78849 1.262831 3.32679
2.969353 2.350159 1.651917 0.5961562 1.073647 1.065461
4.388534 0.1930925 7.741856 1.095009 1.098455 4.601899
2.778427 2.476263 2.005723 0.7502286 1.527141 1.881101
2.586168 2.922532 1.374936 0.7729754 1.781213 1.378634
2.762718 2.61455 1.786398 0.9430034 1.976835 2.12112
3.711958 1.067294 4.393232 0.8081896 1.006919 2.791169
3.517536 1.358205 3.280249 0.9448638 1.276239 2.645903
4.278061 0.02404027 11.94062 1.225224 1.328451 8.949322
2.388728 3.133717 1.30831 0.6840207 1.765987 1.264317
3.213 1.794186 2.637936 0.6851682 1.070902 1.810676
2.870484 2.336931 1.852462 0.7418937 1.407455 1.592872
2.786518 2.691758 1.552405 0.8538615 1.767238 1.601832
5.128529 -0.369237 9.811432 1.664851 1.436003 6.443131
3.766377 0.9383084 3.911704 0.9308202 1.104867 2.576583
2.424748 3.139617 1.276705 0.8243614 2.098971 1.459832
5.237983 -0.7803505 14.14093 1.794817 1.558567 9.126818
2.638108 2.652197 1.714468 0.5146303 1.112571 1.133231
3.000771 2.025421 2.296915 0.5322436 0.9109221 1.323652
2.326914 3.343332 1.273014 0.6562101 1.79525 1.213101
3.18102 2.036455 1.832378 0.5917813 0.9342597 1.043633
3.266477 1.649687 2.657648 0.6189275 0.9135285 1.532907
3.641945 1.093938 4.092524 0.8334524 1.055689 2.701805
3.229142 1.891182 2.387244 0.6289726 0.9828843 1.488553
3.407542 1.554958 3.287569 0.715717 1.028805 2.19975
2.896476 2.188973 2.180924 0.7397641 1.374433 1.885181
4.013169 0.2333097 9.934959 1.071573 1.229917 7.136968
1.25417 8.763462 0.1915232 0.002407974 0.00241462 0.01567132
3.742012 0.9755046 5.174747 0.8134169 1.010743 3.338073
2.449507 3.206827 1.357721 0.6630302 1.691984 1.250646
2.865779 2.550695 1.594089 0.5336875 1.034543 0.9797862
3.534994 1.144601 5.032811 0.8949554 1.222659 4.066863
3.429192 1.274207 4.046364 0.766134 1.065829 2.79612
2.91622 2.472863 1.481926 0.5762808 1.072819 0.9365708
2.438267 3.226756 1.110576 0.7052716 1.781696 1.045988
2.655975 2.740011 1.621966 0.511599 1.110599 1.054309
2.803394 2.514343 1.76909 0.5421031 1.078844 1.152452
1.634088 6.002392 0.423768 0.5636049 2.960659 0.4203668
2.815602 2.106532 3.108997 0.5632371 1.090248 2.250228
3.215485 1.523808 3.923151 0.7362101 1.148564 3.024027
2.597018 2.555065 1.995725 0.5755157 1.266985 1.546265
1.100977 9.89316 0.1463584 0.0004061791 0.0004062125 0.01195139
2.212737 3.685384 0.9182324 0.6724631 1.994751 0.8937635
2.89323 1.862233 3.470217 0.7272222 1.335528 3.127354
3.049845 1.955367 2.440862 0.7909151 1.343496 2.089532
3.930959 0.5544918 6.207708 0.9424082 1.071998 3.905098
2.609127 2.641512 1.778189 0.6773413 1.499592 1.594941
2.322229 3.384371 1.17129 0.7877894 2.169568 1.329937
3.321845 1.522876 3.80965 0.7755894 1.167186 2.967414
2.025368 4.157424 0.898254 0.8944993 3.134749 1.29091
2.272239 3.649867 1.124318 0.6701586 1.952121 1.100928
2.819261 2.437364 1.621584 0.5975712 1.15491 1.118304
2.852198 2.257203 2.29619 0.737154 1.421648 2.069855
1.663721 6.233494 0.3062915 0.7556303 3.957553 0.3841455
3.132246 1.742116 2.662729 0.7398381 1.177049 2.000013
3.034013 2.114749 2.572333 0.5432416 0.955186 1.591002
2.485382 3.299465 1.025632 0.8367847 2.091794 1.11331
3.749109 0.7543844 6.528026 0.8927904 1.109698 4.593532
1.96865 4.252698 0.8379289 0.7201697 2.612153 0.9818497
3.426845 1.517495 3.023585 0.7870799 1.107516 2.13273
3.105743 1.886201 2.606791 0.604114 0.9908248 1.661806
3.665211 1.03109 4.495328 0.8786841 1.111144 3.141127
2.781937 1.990399 3.266319 0.7444502 1.451367 3.17799
2.342333 3.255663 1.282454 0.5279544 1.409092 0.9723241
3.508352 1.257697 3.554612 0.8070488 1.076416 2.41264
2.762532 2.578398 1.939423 0.7807363 1.632195 1.927688
3.120574 1.704335 3.169902 0.754347 1.224848 2.549758
2.107748 4.240664 0.7891639 0.9101148 3.071403 1.082092
5.450634 -0.7553493 11.74062 1.877118 1.53392 7.180439
2.07316 4.325294 0.7366843 0.6492047 2.235116 0.7207634
3.537628 1.011081 5.065222 0.9320201 1.245946 4.062612
2.94822 2.225603 2.059846 0.6761778 1.228693 1.574031
3.655307 0.8445265 7.101529 0.8625392 1.12569 5.265171
3.517852 0.9109873 5.440585 0.9217454 1.229265 4.262763
3.501643 1.281582 3.246758 0.7341598 0.9666873 1.949189
2.860073 2.231266 2.132476 0.6821307 1.286932 1.716844
4.118042 0.2676631 7.987881 1.167788 1.282392 5.803417
3.839329 0.6709322 5.851212 0.9452088 1.114827 3.92964
3.140513 1.696729 3.162241 0.805551 1.299827 2.696163
2.02845 4.245687 0.7739833 0.7409904 2.590424 0.8918008
4.111363 0.5824545 5.788841 1.065439 1.160286 3.929241
2.005422 4.484398 0.6466774 0.6893511 2.487485 0.6790392
2.951256 2.239094 2.053528 0.5892482 1.068093 1.365591
3.358891 1.357207 3.567023 0.7906015 1.123662 2.569677
2.726673 2.465218 1.822279 0.5572143 1.137354 1.262124
2.628251 2.651302 1.953604 0.8019441 1.791188 2.121399
1.795035 5.501918 0.443065 0.7894751 3.575994 0.5663967
2.753865 2.572848 1.931253 0.619532 1.285458 1.507766
2.802738 2.534917 1.533168 0.741415 1.469656 1.325593
2.914853 2.185152 2.525613 0.7339066 1.379345 2.24626
2.554974 2.950141 1.317949 0.7062297 1.646813 1.211697
3.520102 1.24706 3.851915 0.7850007 1.051713 2.590915
3.269059 1.601904 3.021278 0.6821367 1.019219 1.980774
2.664363 2.3794 2.218172 0.5280893 1.10341 1.538142
2.754732 2.370692 2.020813 0.5565158 1.109411 1.386685
1.523271 6.279218 0.3678801 0.407122 2.348077 0.277507
2.045199 4.278964 0.7501614 0.6744158 2.341037 0.7747694
2.591758 2.94528 1.439662 1.429495 3.338647 2.71668
2.248322 3.925986 0.810945 0.9203976 2.780771 1.052493
2.097212 3.945699 0.8387826 0.7485452 2.433329 0.9534151
3.100454 2.084268 2.322849 0.8841192 1.514686 2.232362
5.142313 -0.5376769 9.425336 1.648342 1.394264 5.474303
3.516985 1.12446 4.925518 0.8335477 1.132683 3.654331
2.058843 4.098644 0.8582213 0.6761017 2.287238 0.8990462
2.250314 3.69755 1.010012 0.6398054 1.886941 0.9413071
4.420747 -0.2130926 11.89058 1.233882 1.261601 7.641914
2.565131 3.431625 0.9760822 0.7240582 1.785629 0.8861799
2.265102 3.329228 1.474223 0.6551818 1.860871 1.485951
3.397681 1.200616 4.89736 0.8569675 1.227016 3.997488
3.047555 1.948328 2.314859 0.6967286 1.170559 1.71192
2.389934 3.262909 1.322212 0.5681115 1.491789 1.062897
2.835444 2.023394 3.12233 0.8524183 1.638567 3.408903
3.756678 0.9339377 5.689561 0.8072819 1.005696 3.692033
3.230607 1.597311 3.122685 0.6797224 1.032479 2.086936
3.237157 1.597491 3.687839 0.6700654 1.037392 2.550783
3.797284 0.7686716 5.53396 0.8666052 1.035112 3.501443
4.386987 0.2908558 6.464825 1.010037 0.9920084 3.441165
2.260657 3.586838 1.057399 0.6631983 1.913213 1.015986
4.719929 -0.2996051 11.23111 1.315636 1.239884 6.713689
2.189839 3.705051 1.062202 0.5839255 1.775845 0.9361316
2.594179 2.85965 1.362202 0.6586179 1.490969 1.150544
2.415747 3.194181 1.278681 0.6963759 1.791122 1.239424
2.95671 1.928076 2.771566 0.5525617 0.9669357 1.747333
3.087269 1.74287 3.087616 0.8240746 1.365588 2.769183
3.110803 1.933394 2.642614 0.7742669 1.2958 2.211371
3.130916 1.715365 3.064665 0.7166836 1.156958 2.32036
3.074699 2.085668 1.826413 0.672491 1.116132 1.240804
3.109439 2.09319 1.941546 0.8728763 1.45959 1.744648
2.231191 3.69276 0.9829864 1.366602 4.08601 1.979546
2.414497 3.204695 1.238297 0.8119217 2.096936 1.399993
2.198776 3.601382 1.121115 0.9498757 2.862679 1.625937
2.42217 3.283723 1.072367 0.6359403 1.631992 0.9179124
3.420721 1.398797 3.937179 0.7701361 1.09791 2.846821
3.464643 1.043752 5.594991 0.8090234 1.117952 4.129124
3.086905 1.572371 4.040929 0.7395301 1.219755 3.340131
1.868161 4.862538 0.6026573 0.4987431 2.01283 0.4827543
1.895989 4.774052 0.69599 0.7369923 2.949849 0.8425493
2.885903 2.269096 1.868825 0.5557744 1.026504 1.178982
2.768077 2.779488 1.369276 0.5305868 1.103748 0.8666722
3.15061 1.726368 3.128541 0.5650615 0.8970908 1.840712
3.784853 0.7764596 5.082887 0.8453781 1.001246 3.06086
2.66863 2.431774 2.148576 0.6754887 1.43054 1.915825
3.861771 1.022323 3.808682 0.9082678 1.061329 2.450239
2.350555 3.377405 1.225 0.6248109 1.694974 1.092616
5.98664 -1.276434 16.96736 2.392328 1.862269 10.81513
2.919533 2.037157 2.212211 0.6654179 1.184828 1.650559
2.095482 3.890456 1.026481 0.5588174 1.821071 0.9004669
3.184563 1.556219 4.284483 0.627292 0.9943544 2.900841
3.866583 0.8979858 4.178542 0.8600666 0.9903028 2.473933
5.823061 -1.169357 13.17557 2.413459 1.889463 8.447061
3.412324 1.253939 4.435221 0.8569219 1.216788 3.554824
2.767711 2.155053 2.627183 0.95128 1.89038 3.219263
1.66221 6.145793 0.3865462 0.4268157 2.215696 0.2792987
4.26395 0.0668756 10.36046 1.206067 1.291777 7.427492
4.261637 0.3342602 5.923984 1.080155 1.096013 3.485703
2.194465 3.653987 0.8967527 0.6390136 1.895061 0.8297887
3.040558 1.857423 2.787079 0.8633155 1.470011 2.660782
4.345629 0.4469683 6.103598 1.185097 1.211842 4.192784
2.729482 2.502548 1.875179 0.5965672 1.229832 1.404473
3.884477 0.8202335 5.942782 0.9144621 1.092067 4.098992
3.092783 1.521341 3.902942 0.7304586 1.183649 3.092973
3.528436 1.162815 4.262714 0.8016407 1.068847 2.919379
2.762826 2.842449 1.340145 0.5688057 1.193012 0.9041089
2.997857 2.463581 1.46748 0.5709746 1.024944 0.8825922
3.328624 1.418227 4.649245 0.7987473 1.206289 3.825476
2.969295 2.0916 2.842116 0.7149159 1.304383 2.426842
3.708448 0.8586477 4.69136 0.804407 0.973539 2.768521
3.375268 1.317826 3.676329 0.7602163 1.070632 2.525889
2.863061 2.032979 2.651276 0.5617703 1.034976 1.780056
4.003646 0.6238909 6.715249 1.055571 1.214064 4.995757
3.09249 1.599764 3.819267 0.7655422 1.259355 3.235289
4.759915 -0.4815799 12.23467 1.512724 1.432294 8.039566
3.740989 0.9784903 4.856779 0.8441994 1.042657 3.190083
2.755966 2.395029 2.212621 0.6551023 1.336962 1.857435
3.821198 0.6872963 7.035135 0.8636024 1.046691 4.633679
2.956089 1.884533 2.594858 0.7327133 1.27333 2.121688
3.019499 1.946757 2.514134 0.8270128 1.425982 2.29836
2.08825 4.20298 0.6696319 0.6072602 2.012404 0.5908923
3.708338 1.106202 3.596868 0.7590567 0.9223964 2.025696
2.772371 2.527933 1.680879 0.5380257 1.076251 1.08016
4.837656 -0.2320167 10.06674 1.525816 1.411191 6.958343
2.758303 2.70558 1.381817 0.7033851 1.45774 1.159569
3.140807 1.810284 3.151424 0.9267076 1.540587 3.217678
1.811662 4.724934 0.7031325 0.5321072 2.203831 0.6395089
1.38352 7.327722 0.2712436 0.2786878 1.952096 0.1494829
2.681919 2.554174 1.854175 0.6787845 1.442071 1.618622
3.34545 1.360371 4.026257 0.7924687 1.15362 3.057349
4.432461 0.1382489 8.111195 1.310087 1.321922 5.793407
2.955508 1.851172 3.234347 0.8424229 1.503087 3.240055
4.868664 -0.2999676 9.328956 1.43676 1.290621 5.567802
2.207981 3.717949 0.9375455 0.5854334 1.744913 0.7957837
3.054406 2.006184 2.359435 0.6153608 1.042414 1.563606
4.137874 0.5103328 5.950908 1.033394 1.108752 3.794317
2.196791 3.732527 1.015643 0.6002079 1.818144 0.9064649
3.529215 1.092097 4.606425 0.8180113 1.089103 3.218307
4.37226 0.2660005 7.481293 1.085327 1.098633 4.547911
2.399833 2.977066 1.592629 1.252294 3.211885 2.925449
3.056833 1.954677 2.645474 0.714567 1.219299 2.08379
2.245793 3.655298 0.9071364 0.6116122 1.7735 0.7869866
2.084476 4.280271 0.7222459 0.8751493 2.98074 0.9455614
3.406834 1.187722 4.317208 0.7738666 1.078025 3.012845
2.727315 2.559601 1.512432 0.7650049 1.566871 1.390042
3.711639 1.237413 3.364385 0.7134285 0.875975 1.824044
3.324293 1.34572 4.221233 0.7250233 1.06132 2.967979
3.070288 1.86163 2.871275 0.7372435 1.243265 2.331701
2.162536 4.018615 0.9163097 0.6514452 2.085109 0.8929056
2.449511 3.198179 1.259291 0.4824599 1.214908 0.8292651
4.435798 0.07036115 9.387138 1.220429 1.238045 6.302071
1.855083 5.005053 0.5240082 0.5549822 2.287341 0.4623074
2.168932 4.183601 0.6617536 0.6161495 1.957945 0.568907
3.45273 1.008384 5.768626 0.7771393 1.071601 4.063726
2.019528 4.404324 0.6733429 0.5314759 1.877098 0.5407356
1.705301 6.415315 0.2831086 0.5724084 2.961837 0.2582287
3.684897 1.06516 4.498663 0.8356153 1.053381 2.999283
2.806086 2.587999 1.482464 1.126177 2.26173 1.956474
2.14731 3.886589 0.9000436 0.5584081 1.754577 0.7487461
3.439411 1.569073 2.982621 0.7776023 1.100235 2.100249
2.154966 3.786769 0.983265 0.5136975 1.587992 0.7569077
3.367939 1.374987 3.756786 0.6605528 0.9362239 2.281544
2.257309 3.712831 0.8491133 0.7861765 2.292643 0.9396503
3.277325 1.440546 3.728139 0.7264695 1.082164 2.648589
3.027552 1.924721 2.294729 0.8633465 1.463603 2.119524
2.408746 3.230851 1.237072 0.7185852 1.861553 1.235641
3.478186 1.242803 4.333775 0.7146185 0.9779257 2.765723
