0.8185 3.026526 1.51395 0.1757613 1.307358 1.118311
0.6004754 5.332483 0.4670515 0.2923771 3.886599 0.6655416
0.9836225 1.977861 2.876037 0.2548501 1.376952 2.595777
0.762819 3.30165 1.225409 0.1956221 1.61358 1.050768
0.7440693 3.945088 0.7799976 0.3448562 3.151366 1.139164
0.8544523 2.901856 1.39423 0.2159735 1.49835 1.1816
0.949022 2.194457 2.361236 0.2453948 1.407753 2.118247
0.9889529 2.355152 1.838823 0.2337185 1.286363 1.441858
1.033735 1.958254 2.486413 0.3250062 1.644255 2.617641
0.8922479 2.949569 1.278127 0.2170233 1.443646 1.027894
0.6544048 4.528161 0.6475672 0.2196011 2.444945 0.6649584
1.240344 0.62177 8.534183 0.3189664 1.222069 6.72386
0.8647753 2.330115 2.995431 0.1909424 1.259152 2.476165
1.324279 0.5494535 6.941711 0.3334251 1.148979 4.809105
1.109633 1.281299 4.284319 0.2531092 1.100602 3.09913
0.9085429 2.467869 1.677089 0.2078204 1.259737 1.263874
0.9794336 2.019675 2.210389 0.2095218 1.100889 1.526706
0.8389338 3.07372 1.475953 0.3050436 2.249389 1.856463
1.091814 1.430438 3.95975 0.2519092 1.135655 2.981967
0.9636691 2.200588 2.35345 0.2965022 1.683081 2.522047
1.055843 1.653798 3.174879 0.237845 1.126504 2.338993
1.080885 1.126522 6.217144 0.2455337 1.117634 4.757545
1.254496 0.7038695 5.790532 0.3203911 1.165015 4.10549
0.7973445 3.170285 1.408283 0.2719104 2.136238 1.654343
2.001116 -1.477432 18.32355 0.8122386 1.911205 11.04654
1.303391 0.9988753 3.794056 0.2636143 0.8982627 2.048784
1.072267 1.713468 3.199312 0.2776031 1.3205 2.784066
1.269587 0.9122364 4.431247 0.2936895 1.045289 2.82024
0.8599305 2.947357 1.361326 0.1729599 1.188798 0.9073523
0.9297814 2.408954 2.026935 0.2382757 1.432624 1.795953
0.9751393 2.235026 1.953633 0.1481431 0.7949337 0.9616865
1.042236 1.861582 2.860667 0.2298009 1.137454 2.124305
1.130928 1.303096 3.570764 0.2270814 0.9409893 2.13761
0.8117814 3.187123 1.226611 0.2632484 2.009614 1.328197
1.49279 0.1365039 7.268926 0.3926277 1.147668 4.366225
1.385123 0.4837546 5.952125 0.3518968 1.124614 3.813665
0.7603049 3.655095 0.9900735 0.3327103 2.894468 1.419259
0.8719333 2.879618 1.310582 0.1803616 1.197274 0.8772609
1.026978 1.667684 3.411503 0.2662474 1.322918 3.001237
0.8077214 3.411081 1.054984 0.2322509 1.824814 0.9906683
1.041265 1.689256 3.346133 0.2289001 1.113532 2.466055
0.822965 2.957748 1.510873 0.3165831 2.338985 2.008804
0.8809373 2.431963 1.969369 0.2649514 1.690862 2.048909
0.9280795 2.221056 2.644747 0.2401042 1.433449 2.455605
1.347344 0.6025937 6.548093 0.3521893 1.196017 4.747451
1.01671 1.488549 4.719126 0.2690551 1.357158 4.423088
1.180361 1.322109 3.386629 0.2785098 1.111129 2.375861
1.108771 1.55985 3.344785 0.212679 0.936796 2.043211
0.7280849 3.466342 1.468936 0.2235303 2.025331 1.585714
0.978437 2.008933 2.500232 0.1923292 1.026259 1.650679
1.033669 1.77707 3.283292 0.2296206 1.143544 2.492361
1.288818 0.7817292 5.832982 0.3364283 1.208033 4.390886
1.06012 1.667873 3.36595 0.2430639 1.159491 2.581876
1.630487 0.03447886 7.411676 0.4536838 1.209053 4.522665
0.939675 2.316436 2.315877 0.2427583 1.437358 2.106434
1.252424 0.9793479 4.845488 0.2646353 0.9725126 2.969544
1.454283 0.4700135 4.963128 0.3521737 1.035564 2.777916
1.163719 1.369435 3.768193 0.2186648 0.8950015 2.190788
0.7743055 3.423541 1.130458 0.2153416 1.775759 1.039261
0.8006117 3.153393 1.204916 0.2004849 1.534745 0.9996025
0.7825884 3.034805 1.47365 0.2092175 1.635835 1.355362
0.9951896 1.93832 2.669778 0.2697691 1.419229 2.453349
1.188478 1.062286 5.149888 0.2958324 1.187544 3.994369
0.7031798 4.146499 0.8516032 0.2383138 2.383902 0.9254402
1.144585 1.299185 3.635942 0.2283437 0.9372431 2.176692
0.9595168 2.176199 2.632534 0.2384706 1.362779 2.324938
0.91499 2.356658 2.170757 0.1820319 1.0955 1.485479
1.156774 1.040738 5.27127 0.2464645 1.00428 3.443551
1.326073 0.4596561 8.421932 0.3335553 1.161943 5.960319
1.059469 1.673073 3.084707 0.2423662 1.146563 2.308283
1.008711 2.073514 2.164478 0.2123969 1.090762 1.475369
1.222336 1.079235 4.79436 0.3054077 1.183792 3.666158
1.033975 1.920721 2.598364 0.2559516 1.281872 2.143104
0.9535457 2.081542 2.85167 0.2749988 1.570495 2.93867
0.8508076 3.082314 1.183579 0.363558 2.596268 1.666304
1.517144 -0.5194141 15.76028 0.5199521 1.59914 12.15685
0.9131208 2.399031 1.98414 0.2373734 1.44525 1.766074
1.072556 1.921554 2.298704 0.2552793 1.209454 1.74859
1.077005 1.360348 4.476645 0.2491992 1.142165 3.434442
1.029102 1.762888 2.764459 0.227145 1.109305 1.976572
0.6883662 4.243274 0.7383626 0.3163808 3.259102 1.066334
0.7882429 3.553689 0.9340465 0.2095513 1.705007 0.7919001
1.049899 1.853251 2.641173 0.2727833 1.332814 2.266803
0.520027 6.546366 0.3719371 0.1902495 3.325288 0.3854969
0.8848403 2.529683 2.073812 0.2093219 1.353615 1.728623
0.7666724 3.438659 1.128957 0.2544694 2.136001 1.248347
1.064869 1.824066 2.431957 0.2145444 1.004926 1.547465
0.9052585 2.58209 1.726232 0.2538964 1.595516 1.644009
1.028964 1.662264 3.526379 0.2825111 1.406068 3.310826
1.109815 1.661969 2.563543 0.2319771 1.012678 1.632763
1.104023 1.654437 2.918663 0.2374438 1.060981 1.993964
1.472808 0.2183547 7.220282 0.4123222 1.239226 4.848702
1.449261 0.07961458 9.791122 0.396696 1.239981 6.679665
0.8466142 2.631451 2.147803 0.3247455 2.272594 3.003601
0.7040663 3.761397 0.8769594 0.3028437 2.866044 1.209902
0.8359064 2.811197 1.796127 0.2749834 1.974362 2.093275
0.7926741 3.478326 0.9568531 0.1793036 1.436726 0.6950433
0.7991017 2.968164 1.451211 0.2013012 1.517127 1.24337
0.8184735 3.343699 1.06279 0.2027561 1.549778 0.8554853
0.9883999 1.883044 2.747171 0.2776753 1.459972 2.602854
1.226005 0.7301492 8.912212 0.3034226 1.198343 7.147818
1.206322 1.086916 4.561591 0.3121094 1.220783 3.566918
0.4996418 6.939448 0.3070531 0.1517451 2.85433 0.2579528
0.9981318 1.858211 3.128673 0.2816447 1.483603 3.077119
0.5477955 6.02419 0.3975473 0.2180695 3.42385 0.4525495
1.030873 1.580415 3.520889 0.1977633 0.9500741 2.213116
0.6100109 5.172043 0.5046608 0.2018791 2.584971 0.4909045
0.8996455 2.92285 1.332306 0.2754256 1.818871 1.357664
1.082951 1.523655 3.715789 0.2189374 0.9982598 2.4588
1.46776 0.1372362 7.590057 0.4217716 1.270564 5.119981
1.525042 0.02072114 9.464161 0.4320873 1.273038 6.423239
1.185884 1.054889 5.374437 0.2798008 1.127366 3.982298
0.7392189 3.474534 1.004887 0.2665006 2.310885 1.17821
1.114276 1.59297 3.292197 0.2399192 1.064536 2.289721
1.057909 1.699615 3.160956 0.2255763 1.073521 2.227169
1.271527 0.9242178 5.057177 0.2748985 0.9924794 3.146579
1.058416 1.823088 2.762751 0.2217302 1.063312 1.900295
0.7827073 3.613544 0.8967946 0.3426101 2.851615 1.257671
1.103073 1.701061 2.923014 0.2537888 1.150982 2.178364
1.188767 1.01339 4.709889 0.2624033 1.021469 3.041149
0.9791676 1.946198 2.730995 0.2477486 1.329693 2.363505
0.5721904 5.537633 0.4659033 0.2158024 3.081518 0.513203
1.426344 0.1685296 9.516101 0.33708 1.063082 5.69093
0.9353969 2.602844 1.4649 0.2442898 1.463812 1.248345
1.058754 1.711473 3.251721 0.2317028 1.110424 2.384655
0.8254254 3.189987 1.323312 0.1847921 1.388928 1.001921
1.011623 2.109971 2.330254 0.1904385 0.9902681 1.465095
1.219864 0.972036 4.943841 0.2968437 1.132612 3.544029
1.053233 1.782009 3.045854 0.2059867 0.9914788 1.978524
0.503254 6.615867 0.3428914 0.02398841 0.37463 0.05349782
1.305052 0.7902504 4.813809 0.2852298 0.9723633 2.795103
0.961057 2.292255 2.137667 0.2135051 1.214742 1.626897
1.047467 1.870452 2.825482 0.2197612 1.079579 1.986822
1.05681 1.922806 2.115842 0.1928933 0.9071605 1.191663
0.7969879 3.114968 1.59656 0.2671329 2.100537 1.885121
1.126096 1.108934 4.47863 0.2666033 1.112133 3.186579
0.7128087 4.322234 0.7037565 0.222003 2.211474 0.677312
0.9845992 2.158295 2.358802 0.246683 1.351827 2.031647
1.321017 0.4922408 7.500074 0.3366143 1.16728 5.273287
0.8994798 2.575258 2.010621 0.2320603 1.48743 1.826577
1.106384 1.797847 2.324811 0.2567426 1.147987 1.668749
0.66271 4.572917 0.6925574 0.2265717 2.517978 0.7335493
1.148567 1.163342 4.171923 0.2359725 0.9563268 2.540509
1.43684 0.1687174 7.270762 0.342899 1.033356 3.956224
1.151838 1.106198 4.893625 0.2684328 1.107195 3.527232
0.955943 2.311713 2.048106 0.3062326 1.763868 2.243029
0.5760942 5.55226 0.5090569 0.1737562 2.469472 0.4518271
0.8466662 2.785497 1.61934 0.2087191 1.448655 1.368453
1.141125 1.484619 2.876888 0.2044404 0.8375018 1.509585
1.131272 0.9813712 6.174831 0.2536534 1.070921 4.373956
0.8186588 3.221269 1.316305 0.2759875 2.120241 1.513911
1.075412 1.674457 2.860627 0.2218518 1.016489 1.867864
1.262655 0.6733 5.878922 0.3032032 1.086732 3.854241
1.624276 -0.2444371 9.154607 0.4716711 1.270095 5.484386
0.7406397 3.825208 0.8642464 0.3261871 2.961637 1.219822
0.9132436 2.539458 1.852352 0.2251367 1.401826 1.575619
1.160368 1.336136 3.637987 0.2866583 1.181178 2.759005
0.9111699 2.385824 2.200768 0.2240095 1.381546 1.909063
0.6749658 4.326901 0.8707157 0.2134335 2.282576 0.8861547
1.075421 1.484646 3.32586 0.2990424 1.362148 2.932511
1.03055 1.911707 2.378537 0.257652 1.276706 1.922012
0.5853977 5.713635 0.4244271 0.2347738 3.3335 0.4905035
1.238189 1.35598 3.146184 0.2752824 1.040759 2.050746
0.6388847 4.987872 0.5853349 0.311042 3.769318 0.8651543
1.156018 1.209115 4.066477 0.2956796 1.214766 3.17208
0.9110564 2.424177 1.809765 0.2273724 1.379911 1.51627
0.7106458 4.272821 0.8131654 0.2213898 2.217905 0.8027799
1.198022 0.9589224 5.595358 0.2926943 1.154579 4.181032
0.8211978 3.232099 1.122262 0.1986872 1.487035 0.8829326
0.6210275 5.042729 0.5412506 0.2051723 2.549666 0.5319305
1.264992 1.01697 3.939191 0.2805867 0.9995887 2.394637
1.097098 1.537029 3.573174 0.2721034 1.234359 2.909983
1.73477 -0.7470004 14.71292 0.5911265 1.55896 9.765995
1.207644 0.8080596 7.291095 0.2990818 1.183693 5.673834
1.271459 0.5869127 6.008755 0.3181671 1.124045 3.986788
1.174353 1.015523 5.474142 0.2900668 1.175949 4.202623
1.309729 0.6808419 5.133931 0.3142753 1.066657 3.216023
1.025058 1.646865 3.231039 0.2178817 1.061428 2.249258
1.024293 1.567304 3.692702 0.250037 1.227968 3.0225
1.196225 1.114775 3.893609 0.3062486 1.185891 2.879135
1.131351 1.408421 4.419867 0.2389051 1.043626 3.104845
0.4358444 8.065987 0.2186961 0.01119478 0.1085458 0.02321097
0.8596974 2.6632 1.746883 0.238539 1.609401 1.674513
1.136361 1.556024 3.137459 0.242342 1.038328 2.099327
1.127705 1.500363 3.022528 0.2513311 1.072629 2.066765
0.731351 3.990971 0.7557636 0.1923584 1.779139 0.6157745
1.169957 1.536913 2.576846 0.208463 0.8294888 1.32158
0.7441189 3.594352 0.989655 0.2265902 1.984922 0.9801894
0.7535628 3.480169 1.300855 0.2132234 1.849898 1.261125
0.9635327 2.209228 2.181707 0.2378131 1.331399 1.824996
0.6838477 4.040164 0.7819535 0.1905337 1.907489 0.6816553
0.7807397 3.350698 1.249336 0.3394457 2.788888 1.846876
0.7148403 3.979688 0.8437158 0.247423 2.368753 0.9289335
0.7103958 3.702045 1.176399 0.2128953 2.012579 1.188551
1.119064 1.635678 2.487784 0.2328905 0.9997951 1.553728
0.8555797 2.945894 1.311234 0.2160692 1.497526 1.094893
1.523319 0.1378607 7.11768 0.3951773 1.126793 4.174326
1.717947 -0.358152 8.86579 0.5416809 1.373292 5.435253
1.562997 0.003664866 6.790131 0.4439492 1.218263 4.035533
0.8694314 2.863811 1.503322 0.1609555 1.081853 0.9307587
0.8500572 3.066045 1.221856 0.4213534 3.018884 2.014103
1.154231 1.250299 4.16499 0.2618902 1.083149 2.930747
0.8234475 2.660544 2.123837 0.1948563 1.393329 1.812156
1.280569 0.73412 5.402442 0.2877127 1.00938 3.286134
1.171779 1.59852 2.816087 0.2236657 0.9202823 1.649274
0.7219485 3.878792 0.9084785 0.2317022 2.172442 0.9377334
0.8898585 2.370552 2.43043 0.2336342 1.48589 2.297604
0.8181985 3.065568 1.390279 0.2758659 2.071037 1.600116
1.320034 0.581828 7.121518 0.3475412 1.215677 5.310515
1.03424 1.93024 2.660814 0.2087778 1.042702 1.794313
1.150179 1.202088 4.341953 0.2870663 1.19358 3.367853
1.176664 1.201113 4.912719 0.2989044 1.237017 4.047248
0.7175406 3.960359 0.9393644 0.1897342 1.810356 0.8022295
1.064392 1.621128 3.088915 0.241942 1.124835 2.252956
0.9921023 2.193077 2.012256 0.2832804 1.525809 1.904213
0.8300182 2.879018 1.616214 0.2190933 1.584282 1.482687
1.163055 1.142719 4.446278 0.2814248 1.146258 3.287116
1.133212 1.619577 3.014868 0.2573491 1.119188 2.176712
1.317078 0.8506555 4.793342 0.2716148 0.9227204 2.682927
0.5868252 5.204351 0.5896091 0.2665445 3.613488 0.8132098
1.472852 -0.09954134 12.00385 0.4291201 1.337234 8.623656
0.7864185 3.363834 1.174263 0.1435196 1.149562 0.7118331
0.91728 2.524172 1.791511 0.2407706 1.480646 1.598907
0.9938894 1.84885 2.982049 0.2100864 1.089747 2.132471
1.293387 0.4125978 8.02938 0.3549013 1.263368 6.063003
0.8989075 2.483287 2.334785 0.2746342 1.76645 2.592936
0.9750637 2.448465 1.464612 0.2063721 1.138835 0.977656
0.6826639 4.013139 0.8507124 0.1935031 1.945198 0.7664916
0.8324771 3.159152 1.231459 0.2319104 1.718034 1.146688
1.07584 1.706152 3.167005 0.2383947 1.119857 2.330417
1.227232 0.9410582 5.234794 0.2819749 1.067425 3.54466
1.04885 1.768924 2.810491 0.2628852 1.269793 2.307584
0.9386207 2.415492 1.801004 0.3432515 2.031203 2.218499
0.722452 3.663664 1.079717 0.2419184 2.22125 1.196303
0.7741127 3.414321 1.09121 0.1832781 1.496494 0.8415872
0.5904595 5.700876 0.3928042 0.2908199 4.072549 0.5501928
1.057945 1.261091 5.210805 0.2233929 1.036391 3.664406
0.546321 6.125818 0.3715639 0.1991422 3.157556 0.3828318
0.7080322 4.233103 0.6957661 0.1765798 1.738612 0.5316794
1.411869 0.3807863 7.156124 0.3793671 1.208562 4.965197
0.9320309 2.451326 1.813963 0.2546241 1.523245 1.676251
1.075222 1.721075 2.585505 0.2466629 1.131505 1.852724
1.409247 0.2825722 8.331818 0.3771256 1.212727 5.787497
0.9929057 1.830863 2.532595 0.2092542 1.05983 1.711159
2.816866 -3.078171 21.0704 2.512802 4.825616 15.07863
0.999928 1.904317 2.549093 0.2529267 1.304224 2.132584
1.144671 1.448331 3.144345 0.2353682 0.9770051 1.952392
0.7841828 3.301184 1.551812 0.2809759 2.315223 1.968316
0.5761358 5.285668 0.5853523 0.205387 2.857316 0.6311455
1.26129 1.031034 4.284668 0.2759366 1.001553 2.671215
0.928914 2.379104 1.970797 0.2178913 1.295896 1.574988
0.9775798 1.995547 2.451883 0.1903173 1.008832 1.583149
1.056438 1.785605 2.806593 0.2155596 1.025762 1.858511
1.464933 -0.04139827 9.878513 0.4529037 1.399864 7.304799
0.7050127 4.486245 0.5643735 0.2092331 2.12034 0.4967625
0.8314391 3.05108 1.210182 0.2056595 1.486209 0.9828308
0.9120773 2.281857 2.344788 0.2143451 1.296036 1.928349
0.7400672 3.554669 1.088913 0.1862282 1.632185 0.9000967
0.6886335 4.428879 0.6459279 0.2452249 2.56224 0.7044116
1.209324 1.044645 4.680363 0.2727784 1.050657 3.128756
1.087297 1.465746 4.293654 0.2813278 1.30425 3.792955
0.7546302 3.560001 1.2611 0.2500076 2.192619 1.427538
1.271507 0.9005493 4.500465 0.2703412 0.9526198 2.598784
0.6848452 3.970155 0.903123 0.2172538 2.178903 0.9239593
0.5859945 5.629241 0.3973155 0.2146003 2.999968 0.4149135
1.085788 1.84309 2.211337 0.2461586 1.124315 1.545991
0.9858985 2.203806 2.08674 0.2567491 1.398393 1.821126
1.10717 1.639618 3.077834 0.2683951 1.20808 2.416481
1.236653 0.8860385 4.519317 0.2552954 0.9209239 2.514959
1.03845 1.749104 2.903036 0.2121134 1.028177 1.942318
0.6968787 4.003371 0.9122151 0.2430119 2.410818 1.028779
1.461495 0.1874789 8.399096 0.3861802 1.182774 5.490532
1.185829 1.014296 5.515916 0.3276499 1.325976 4.79565
1.01665 1.897975 2.96213 0.2141961 1.096831 2.134922
0.5990389 5.089091 0.5345584 0.1903437 2.461133 0.503119
1.04274 1.573923 3.748285 0.2024996 0.9672627 2.418889
1.290187 0.7081522 5.435253 0.3123695 1.089376 3.547483
0.5729949 5.545962 0.4266019 0.2585456 3.681208 0.5562212
1.06521 1.833338 2.42123 0.2652957 1.253076 1.917653
0.7026202 4.060695 0.8161188 0.1597742 1.558288 0.5822512
0.4234649 8.075013 0.2471744 0.06210656 1.514435 0.09874462
1.001039 2.128688 2.139331 0.2178023 1.145136 1.534282
0.9009434 2.774166 1.348885 0.2825333 1.810217 1.386999
0.916144 2.270442 2.812385 0.2456589 1.513038 2.779526
0.7780664 3.418703 1.183488 0.2232484 1.838028 1.132819
1.123129 1.211108 4.314975 0.2675654 1.137251 3.188285
1.132353 1.368085 3.291381 0.2355554 0.9783238 2.037178
1.325442 0.6696089 6.594425 0.3219164 1.116763 4.548467
0.9300915 2.352373 1.927328 0.2464642 1.456406 1.725401
1.117049 1.124745 5.871642 0.2586899 1.131496 4.497975
1.27323 0.9096353 4.32948 0.2986387 1.056627 2.768917
0.9062367 2.779119 1.360604 0.254898 1.626026 1.259419
0.730863 3.770023 0.9574088 0.1821925 1.653809 0.7665095
0.6474757 4.649169 0.5935911 0.1573223 1.780548 0.4328012
0.9785524 2.043161 2.551639 0.2160563 1.164214 1.909355
0.8887151 2.910978 1.324028 0.2592768 1.728474 1.283548
0.9395293 2.106929 2.58244 0.2296642 1.319719 2.20615
1.259323 0.9510127 4.644178 0.2948218 1.072977 3.093624
0.9577205 2.173417 2.303898 0.1887293 1.053763 1.540932
0.9415243 2.267984 2.428234 0.3070729 1.81796 2.821301
0.5475197 6.570765 0.2663098 0.04179014 0.6472162 0.0583308
0.9488995 2.200835 2.157886 0.2310542 1.308601 1.770969
0.7297921 3.829734 1.015108 0.1974705 1.831993 0.9029783
1.419282 0.4026931 5.450137 0.3734772 1.140069 3.369403
0.9632465 2.177229 2.31727 0.3097161 1.748085 2.572757
1.159088 1.390578 3.198573 0.2900586 1.189327 2.404876
0.866347 2.75882 1.612283 0.2642698 1.788557 1.682885
0.9234803 2.568536 1.7355 0.3264977 2.022521 2.104708
1.103385 1.593432 3.127555 0.292002 1.311889 2.659099
0.9431415 2.516597 1.561562 0.2500171 1.469001 1.353846
1.002604 1.981716 2.653638 0.2576675 1.357426 2.337167
1.291038 0.7388552 5.544068 0.331893 1.172408 3.959966
1.182157 1.148382 4.538776 0.2807355 1.128353 3.320136
1.251119 1.000149 4.402949 0.2951772 1.082081 2.956364
1.058762 1.931195 2.154976 0.2143741 1.016925 1.365685
1.000805 2.073736 2.207092 0.2223073 1.158542 1.605947
0.4178179 9.233561 0.1580489 0.003488304 0.003716984 0.01333998
0.9636566 2.062118 2.899409 0.287396 1.622321 3.095236
1.498508 0.1531284 6.603256 0.3725821 1.065587 3.606723
0.9781343 1.933658 2.865892 0.2677187 1.445393 2.714909
1.613947 -0.202544 8.983983 0.4907669 1.337882 5.771275
0.7429172 3.795306 0.9666848 0.2475101 2.239595 1.048489
1.028764 1.747956 2.74751 0.2404068 1.17154 2.068603
0.7527378 3.829187 0.7626637 0.2003829 1.757168 0.6275421
0.4061989 8.689654 0.2127676 0.009179582 0.05022492 0.02224238
0.6249627 4.908336 0.5694395 0.2778286 3.39716 0.7636242
1.166135 1.180407 3.509541 0.2797804 1.105466 2.401626
0.9152676 2.211708 2.394626 0.2050158 1.218645 1.861242
1.034956 2.053846 1.826709 0.2025551 0.9830177 1.089171
1.05701 1.669643 3.104017 0.2529769 1.201279 2.43464
0.878942 2.684345 1.631196 0.2678458 1.7634 1.691948
0.8537533 2.988899 1.209839 0.2053694 1.427937 0.950336
1.073414 1.59979 3.387742 0.2848856 1.33232 2.971246
1.479698 0.1245806 8.034058 0.3987236 1.194778 5.14197
1.094726 1.118099 5.993048 0.2695074 1.210281 4.93583
0.711847 3.99922 0.8057277 0.2440374 2.351535 0.8758687
0.4852926 7.241676 0.2268268 0.01235067 0.06262744 0.02315784
1.36969 0.7932183 4.270399 0.3056066 0.9774959 2.429359
1.153928 1.142151 4.76113 0.2697795 1.114901 3.465187
0.763514 3.555227 1.134905 0.2585571 2.219989 1.284081
1.166149 1.317761 3.44606 0.2745459 1.110413 2.422456
0.9823636 2.197919 2.058469 0.2369383 1.288149 1.651155
1.577356 -0.281962 9.999856 0.4881118 1.374678 6.553692
1.131199 1.217199 4.631232 0.2830849 1.210899 3.699476
1.023244 1.877981 2.444157 0.2627055 1.309395 2.034682
0.9168185 2.367342 2.22048 0.231526 1.411892 1.967251
1.101385 1.453036 3.968816 0.2717439 1.224569 3.236201
1.271579 0.8677678 5.014213 0.3060797 1.100404 3.404109
0.7238901 3.942956 0.8638645 0.2842503 2.686754 1.089056
1.636618 -0.2929023 11.64851 0.4802939 1.318967 7.519965
1.047055 1.575342 4.126157 0.3010579 1.478352 4.152976
0.9558594 1.91972 3.004731 0.2107722 1.160432 2.304289
0.9107639 2.748724 1.43266 0.1785786 1.121668 0.9253975
1.112482 1.809571 2.185036 0.3021693 1.342117 1.813699
0.8072275 2.90579 1.640572 0.1591157 1.17789 1.117128
1.197154 1.152159 4.837448 0.2697328 1.077556 3.423861
0.8258388 2.929427 1.421751 0.3134979 2.279903 1.831065
0.8578811 2.904774 1.641877 0.3337259 2.362574 2.243106
1.035223 1.655741 3.221607 0.2000179 0.9578001 2.016578
1.010267 2.201155 1.73915 0.2125495 1.091457 1.146471
0.7152412 3.767987 1.082103 0.2080907 1.96026 1.044973
1.111075 1.465947 3.579921 0.2348785 1.028213 2.404004
0.6033264 4.94579 0.6554568 0.2152162 2.755317 0.7199904
0.6219155 5.369819 0.4021189 0.25621 3.273552 0.4734904
1.166836 1.304237 4.078509 0.2424291 0.9933342 2.641774
1.289144 0.6198316 5.990291 0.2540802 0.8685222 3.073952
1.145877 1.427969 3.233427 0.281101 1.176669 2.426776
1.321103 0.7838147 4.659428 0.303141 1.019398 2.813745
0.9515343 1.966287 2.921 0.1947472 1.075001 2.058133
1.216724 1.004416 5.040702 0.2899076 1.116768 3.603093
0.7455622 3.580811 1.206685 0.2775561 2.466648 1.523955
1.15739 1.423112 3.6299 0.2917429 1.228968 2.907318
1.070405 1.586721 3.458381 0.2345495 1.09178 2.491283
1.063656 1.61001 3.64668 0.2657449 1.267507 3.089423
0.9238222 2.522696 1.587119 0.254549 1.535999 1.44396
0.8206131 3.162498 1.30091 0.3423905 2.597432 1.840692
1.009179 1.870337 3.418893 0.2735041 1.442357 3.318533
1.222001 1.073167 3.900462 0.2665648 0.9940353 2.393324
0.9634129 2.453163 1.570405 0.2862627 1.632316 1.520059
1.061218 1.760867 2.532736 0.2105715 0.9795375 1.573572
1.335724 0.580249 5.639237 0.3323552 1.105909 3.620585
0.9183901 2.414245 2.068592 0.2814379 1.726455 2.215352
1.210747 1.069602 4.449469 0.2717271 1.041389 2.930651
1.0994 1.345138 4.576708 0.2331664 1.039634 3.190845
0.6181652 5.279326 0.5532165 0.2543609 3.289908 0.6835484
1.366552 0.9199974 3.903717 0.2972415 0.9597321 2.215145
1.204167 1.12806 4.279301 0.2946343 1.149619 3.136579
1.039172 1.33593 4.157509 0.2474669 1.159079 3.177686
1.275457 0.8343762 5.199152 0.2807777 0.9985108 3.189838
1.110292 1.360787 4.461356 0.2536807 1.127236 3.377684
0.6304696 4.782321 0.6128969 0.1862692 2.217843 0.5489581
0.8277348 2.994643 1.440311 0.2427638 1.776687 1.437443
0.9230142 2.047696 3.292679 0.2167705 1.284686 2.840923
1.06246 1.670371 2.692687 0.2536024 1.173961 2.008967
1.224356 0.8661105 5.839123 0.2696725 1.022683 3.801532
1.014384 1.960624 2.261121 0.2488672 1.25673 1.786148
1.186592 1.150601 4.257282 0.2828488 1.122603 3.058823
0.789699 3.581826 0.7524548 0.2329658 1.866263 0.6763538
0.8850234 2.545418 1.992213 0.2286744 1.483378 1.810473
1.270478 1.054479 3.861314 0.2581182 0.9133932 2.152689
0.8150647 3.448428 0.9337061 0.2467362 1.91292 0.9002243
0.5156259 6.335213 0.346838 0.1727911 2.957089 0.3241228
0.7008975 4.566812 0.5636472 0.2738865 2.841885 0.6593312
1.211618 1.127531 3.534886 0.2557596 0.9541835 2.060362
1.149683 1.39521 3.361509 0.2402307 0.9917734 2.128075
0.7504745 3.771843 0.919779 0.2824943 2.518683 1.120046
1.274968 0.8586569 4.492054 0.3049616 1.07488 2.905279
1.004958 1.850022 2.639788 0.2221548 1.123888 1.905628
0.9813402 2.109335 2.250601 0.2124172 1.143546 1.627827
0.9550052 2.186525 2.394496 0.2497303 1.422446 2.173155
1.160518 1.167006 4.407763 0.3016102 1.239957 3.539732
0.9441161 2.523908 1.680277 0.3088207 1.841263 1.847662
1.243702 1.199267 3.910519 0.2673549 1.002391 2.485524
0.8271205 3.070329 1.235109 0.2243266 1.641576 1.108201
0.9701543 2.186131 2.297885 0.2477384 1.382907 2.016375
0.8740908 3.022564 1.133824 0.2210481 1.498954 0.9215105
0.8842141 2.387868 2.180527 0.2022578 1.279753 1.747535
1.149018 1.124923 4.738884 0.2754078 1.139567 3.508097
0.8664812 2.928009 1.367689 0.2813496 1.936289 1.487188
1.085668 1.310312 4.953709 0.3164047 1.459693 4.924796
1.012747 1.65577 3.736209 0.2471139 1.250971 3.146547
0.85318 3.041762 1.270427 0.1721543 1.209162 0.8467293
1.04411 1.857347 2.626816 0.222112 1.080872 1.82323
0.7517196 3.778744 0.9478001 0.148845 1.312868 0.6040845
1.219776 0.9958767 4.705652 0.2934613 1.115545 3.305674
1.499366 0.3432512 5.313677 0.3785944 1.077174 3.009247
0.9398367 2.376375 2.041387 0.238505 1.404401 1.771095
1.560984 -0.1654191 9.180668 0.4225976 1.183474 5.285848
1.467927 0.340527 6.283053 0.3753984 1.11767 3.837256
0.9034922 2.796124 1.34377 0.1766275 1.12176 0.8571274
0.7434544 3.482941 1.265469 0.2081515 1.820724 1.199183
1.207601 1.134245 4.245856 0.2769175 1.072471 2.897138
1.042324 1.878624 2.614019 0.2445618 1.202478 2.020219
1.441242 0.2896178 6.985416 0.4013369 1.23666 4.768036
1.138608 0.7141514 8.467063 0.2868511 1.211464 6.780042
0.8422091 2.789167 1.664352 0.2731738 1.922672 1.872062
1.440936 0.3553872 6.848885 0.3611682 1.108867 4.254525
0.9305459 2.220001 2.374805 0.223737 1.311327 1.98181
0.7356335 3.789878 1.171124 0.264016 2.450513 1.424224
1.478412 -0.1889909 11.81231 0.4681011 1.450725 8.890392
0.5962003 4.940347 0.569847 0.2644219 3.405564 0.7635109
0.6330646 4.69636 0.665455 0.2482083 2.937229 0.8063225
1.119806 1.667141 2.64841 0.2288208 0.995681 1.671404
0.7659945 3.216295 1.216447 0.1927133 1.559946 1.019067
0.7722486 3.763463 0.8488005 0.3402361 2.930359 1.192546
1.139517 1.144561 4.899728 0.3192857 1.355415 4.375307
1.263606 0.9839405 4.740049 0.2956783 1.082123 3.225322
0.8642493 2.64728 1.744123 0.2281742 1.528772 1.593463
0.9818564 2.120376 2.311308 0.2529776 1.375741 2.017907
0.951878 2.104708 2.297901 0.2197 1.222612 1.780675
0.702791 4.04502 0.9485162 0.1970493 1.944549 0.8599695
0.8905874 2.679792 1.595162 0.2312458 1.495729 1.40211
0.9789327 2.08977 2.192278 0.2071555 1.106343 1.524251
1.072772 1.682477 2.984944 0.2113454 0.975451 1.886144
1.113993 1.677465 2.772378 0.2588674 1.148006 2.034885
1.073779 1.833494 2.284909 0.221473 1.020147 1.45616
1.125076 1.335521 3.626696 0.2736746 1.163062 2.710042
1.101973 1.493362 3.252117 0.2648298 1.167827 2.446664
1.137434 1.05194 5.855175 0.271178 1.151185 4.49436
1.112 1.221372 5.730382 0.3074138 1.38578 5.475265
1.035562 1.869733 2.662516 0.2437488 1.207115 2.071329
0.8802861 2.424831 2.103949 0.2189783 1.399146 1.828679
1.088555 1.494775 3.68086 0.2285006 1.031002 2.501558
0.9204229 2.053666 2.566792 0.2173831 1.256092 2.080699
0.6235637 5.161212 0.4676397 0.2524871 3.159575 0.5535692
1.259191 0.7397638 6.097437 0.3069236 1.123156 4.256926
1.167448 0.8670047 6.56336 0.2840863 1.157095 4.96438
1.207097 0.9512273 4.935536 0.2573559 0.9783618 3.029074
0.9048631 2.442925 2.091477 0.3493353 2.196895 2.849543
1.110242 1.3564 3.905361 0.2656663 1.159515 2.959726
0.8561784 2.910128 1.416974 0.2294226 1.595155 1.279883
0.4701252 7.297115 0.2397708 0.03895883 0.7727039 0.05685911
1.074497 1.54655 3.291861 0.2805904 1.291086 2.767026
1.171768 1.149204 5.065059 0.2769173 1.138203 3.812578
0.9139 2.449397 2.112627 0.2112952 1.303141 1.707619
0.8129102 3.483432 0.9565792 0.1519622 1.175442 0.5666024
1.287866 0.864979 5.295345 0.2935934 1.04627 3.455116
1.043002 1.702119 3.054655 0.2274348 1.093891 2.178578
0.5303986 6.330628 0.3103421 0.2623966 4.360219 0.4242146
1.241017 0.9682396 4.810283 0.2911479 1.083947 3.274882
0.9064431 2.622026 1.720503 0.2632971 1.671257 1.715138
0.8128523 3.502974 0.9682023 0.2860439 2.25462 1.097017
1.330482 0.4307244 7.02304 0.3354687 1.133447 4.623514
1.035291 1.723119 3.294429 0.2292857 1.128821 2.463324
0.885393 2.540668 1.749021 0.163157 1.028767 1.08196
0.8063414 2.88 1.945432 0.2166888 1.638516 1.888314
0.9437228 2.1794 2.587969 0.2179077 1.260536 2.10699
0.6627843 4.553536 0.6049793 0.2771711 3.053595 0.7682174
1.113258 1.589744 2.88935 0.2260784 0.9839592 1.815176
1.212995 1.005185 5.54853 0.282138 1.103253 3.993528
0.6462148 4.713897 0.5792396 0.2411917 2.773468 0.6508545
1.301549 0.9821789 5.356922 0.3281489 1.191818 4.121441
1.580722 -0.2403184 12.08444 0.5008387 1.450138 8.940307
0.9983354 2.133919 2.251038 0.2391948 1.276326 1.816143
0.8955437 2.733576 1.523348 0.1794335 1.151885 1.021092
0.4507216 7.992842 0.2288694 0.01383412 0.2067233 0.02661882
0.6837752 4.074857 0.8697778 0.3006299 3.076583 1.235905
1.377277 0.4276292 6.500826 0.3453059 1.112475 4.111118
1.641911 -0.1885852 8.362905 0.4566084 1.204098 4.762621
0.8826575 2.444441 2.075751 0.2364386 1.512804 1.944253
1.038785 1.652874 3.410564 0.2555655 1.247024 2.819103
1.460418 -0.1492899 11.18291 0.4431182 1.380132 8.016501
1.058711 1.848968 3.071153 0.251061 1.233506 2.49954
0.9791627 2.037066 2.388119 0.205041 1.091925 1.658603
0.8217494 2.899452 1.588304 0.2715875 1.992793 1.821584
0.9459355 2.264983 2.653313 0.2036237 1.195905 2.053154
0.7785913 3.5521 0.9426193 0.1827877 1.495547 0.6996624
1.249224 0.8260357 5.517487 0.2954525 1.087281 3.736482
1.126163 1.587502 2.546183 0.2544105 1.078099 1.706646
1.01972 1.893106 2.729535 0.265676 1.352783 2.394368
1.084044 1.424219 4.079081 0.2799543 1.281126 3.48298
0.7233317 4.273674 0.6803475 0.1912614 1.855183 0.550769
0.9060277 2.630282 1.841994 0.2146773 1.365075 1.510824
1.083704 1.444046 3.531141 0.2264828 1.009063 2.313065
1.326989 0.5992751 5.592528 0.3264726 1.094583 3.568783
0.8776487 2.532916 2.098327 0.2034353 1.327233 1.716752
0.6232471 4.570093 0.9180878 0.2457402 2.963671 1.183344
0.9632996 2.150516 2.713347 0.2427153 1.380413 2.440693
2.40889 -2.365699 22.47877 1.322548 2.804848 13.94903
0.5382125 5.698483 0.5210867 0.1728262 2.684202 0.4956356
1.131821 1.620989 2.697822 0.2508507 1.074244 1.830851
1.14476 1.01923 6.915625 0.2798709 1.201943 5.688585
1.022559 1.96436 2.355263 0.2229703 1.120114 1.671987
1.167609 1.082041 4.758618 0.2748894 1.11123 3.411375
0.9441369 2.042109 2.67648 0.3211657 1.831531 3.186483
1.364656 0.4296995 6.410016 0.3345453 1.083454 3.933011
1.234594 0.6670767 6.901093 0.3525559 1.337291 5.787754
0.6503096 4.779795 0.6118682 0.2329253 2.694249 0.6662329
1.044086 1.673199 3.434529 0.2618245 1.279524 2.923975
1.015064 1.970151 2.39963 0.2459686 1.255509 1.917391
1.100372 1.60563 2.957106 0.2636278 1.178395 2.239971
0.8757692 2.638468 2.077808 0.210868 1.406034 1.78263
1.436862 0.319422 6.084517 0.3579494 1.077971 3.523548
1.357661 0.6376054 5.252722 0.3272409 1.067662 3.26448
1.154923 1.09754 5.018051 0.2568363 1.055696 3.458823
1.219114 1.234512 3.652635 0.2851267 1.093286 2.517528
1.05846 1.600208 3.559808 0.2065406 0.9729233 2.301059
0.7867738 3.188835 1.287716 0.3719905 2.956534 2.064234
0.8054071 3.238772 1.394969 0.1735629 1.346666 1.020716
1.03318 1.759171 3.349195 0.2352388 1.172359 2.613347
1.01541 1.637077 4.06952 0.2944211 1.509056 4.202003
1.0049 1.989047 2.205816 0.2463816 1.263295 1.75033
0.5635474 5.703555 0.4277161 0.2036082 2.998297 0.4456785
0.8763715 2.835447 1.39635 0.2106035 1.401866 1.112573
0.9927966 1.743003 3.795322 0.2503311 1.321715 3.413041
1.492141 -0.2001189 13.81613 0.4795458 1.502473 11.13432
0.5532045 6.08821 0.3652165 0.1890968 2.93523 0.349472
0.7701944 3.228033 1.370306 0.2594112 2.125949 1.585629
1.466139 0.2748662 6.022339 0.3616199 1.059147 3.362003
0.7137527 3.95278 0.9451551 0.2041842 1.960397 0.8756701
1.133744 1.906719 2.053506 0.2483714 1.091442 1.383119
0.9695769 2.093065 2.578213 0.217824 1.203845 2.005907
0.841988 3.208142 1.045513 0.2551309 1.856187 1.022003
1.131933 1.154803 4.312245 0.2844017 1.189195 3.293273
0.9136218 2.479096 1.886339 0.1990965 1.218252 1.399781
0.9981434 1.959255 2.549918 0.2186497 1.137994 1.867136
1.029188 1.957337 2.209049 0.2135707 1.05004 1.449715
0.9509539 1.97019 3.422986 0.2271734 1.292131 2.984626
1.036326 1.770901 3.007909 0.1939076 0.9406595 1.844804
0.9265931 2.167638 2.588803 0.2617283 1.550961 2.599552
1.179331 1.282842 3.711624 0.2754937 1.104047 2.612511
1.059142 1.571119 3.917614 0.254133 1.216039 3.209291
1.195341 1.003688 5.16006 0.2772015 1.088511 3.610296
1.206488 1.075171 5.049118 0.3152904 1.249154 4.115564
1.209365 0.8216317 5.78253 0.2985228 1.145339 4.166633
0.9409386 2.181506 2.430543 0.1747517 0.9986718 1.554588
1.136751 1.326934 3.735058 0.2449385 1.024643 2.463847
1.037015 1.716045 3.494579 0.2261748 1.11824 2.615448
1.077413 1.784178 2.674295 0.2592873 1.213539 2.082325
0.739241 3.667857 0.9797886 0.2180777 1.941017 0.9378479
0.8359202 3.078598 1.15205 0.3163551 2.289383 1.425722
1.062881 1.59468 3.797162 0.2368621 1.126734 2.873091
1.07414 1.627333 2.934202 0.2510442 1.151408 2.17161
0.72692 3.917005 0.8382074 0.2625664 2.454746 0.9656342
1.308859 0.6947293 5.854105 0.3191938 1.108371 3.940108
1.019381 1.992883 2.474803 0.2309135 1.182184 1.8746
0.9429728 2.177713 2.53568 0.1999162 1.147761 1.869697
0.6249426 4.612664 0.7449026 0.209856 2.496432 0.7840751
1.138503 1.392548 3.817537 0.2734182 1.169082 2.922356
1.016447 1.749206 3.368889 0.254789 1.296354 2.914416
0.8635351 3.08697 1.369897 0.2005989 1.421863 1.079658
1.029307 1.978574 2.20638 0.2440533 1.216577 1.684342
1.187791 1.309599 3.640987 0.2741443 1.095608 2.553132
1.139228 1.065086 5.462544 0.2408646 1.004548 3.60868
1.134334 1.283215 4.095231 0.2488619 1.04865 2.793374
0.5282315 6.286206 0.3419701 0.05520054 0.8920349 0.1026593
0.8708799 2.880614 1.329296 0.1850967 1.243777 0.9320769
0.999334 1.970548 2.704509 0.2164008 1.134122 1.991507
0.9440146 2.638068 1.618827 0.2530817 1.533136 1.46443
1.395953 0.3688983 7.188389 0.4049316 1.310862 5.403654
0.7918814 3.108902 1.537949 0.3626951 2.870798 2.474209
0.9653872 1.984768 2.600261 0.2163053 1.171157 1.962344
0.8930148 2.662346 1.601535 0.2344257 1.505606 1.417828
0.7881689 3.437993 1.108597 0.1995887 1.616106 0.9242668
1.050182 1.845507 2.83296 0.2017895 0.9768385 1.796523
1.015688 2.180569 1.877082 0.1773095 0.9100052 1.053198
1.080687 1.639661 3.104463 0.2164665 0.9874255 1.988755
1.238024 0.8353706 4.770521 0.2609597 0.9416504 2.71245
1.091557 1.443681 4.391113 0.2480479 1.1371 3.38313
1.073613 1.591023 3.02981 0.2440407 1.114767 2.175212
1.198474 1.258253 3.237791 0.3017041 1.166938 2.337935
1.167644 1.333952 3.791009 0.3210183 1.329654 3.269484
0.7547092 4.002506 0.7747644 0.290026 2.62708 0.9344328
1.016829 1.589381 3.795231 0.2524168 1.259555 3.208896
1.250367 0.698546 6.176124 0.3229903 1.190162 4.537012
0.8731488 2.719777 1.578957 0.2359682 1.568452 1.448318
1.008932 1.689565 4.188856 0.2396387 1.241401 3.575837
0.9640328 2.252793 2.072584 0.223054 1.250471 1.61536
0.7351094 3.837714 0.8633847 0.1778651 1.616074 0.6639237
1.451085 0.3373259 7.439893 0.3434349 1.051223 4.427546
0.8491714 2.889178 1.458905 0.2369004 1.659027 1.377715
1.166611 1.360637 3.393941 0.2474163 1.002132 2.164061
1.14085 1.534299 3.091692 0.2321027 0.9814195 1.944632
1.230873 1.032921 4.043054 0.2772443 1.025095 2.551414
1.472955 0.3050203 6.151131 0.3781728 1.114528 3.682448
0.9334867 2.033529 2.642912 0.2402775 1.370575 2.346037
1.41974 0.3479431 7.703948 0.3600938 1.141511 5.05865
1.250839 0.9491725 4.547312 0.2530824 0.9120403 2.549035
0.8632766 2.828632 1.568461 0.2396702 1.643413 1.490227
0.9549503 2.211401 2.065183 0.2657902 1.498895 1.929792
0.9497973 2.286327 2.308647 0.1699502 0.9755774 1.427957
0.9650009 2.040427 2.619519 0.2868592 1.594985 2.711275
0.9465575 2.222817 1.88662 0.24488 1.380345 1.601054
2.138984 -1.413402 15.21891 0.8870012 1.91676 9.022917
0.6838696 4.498043 0.629789 0.2251734 2.38133 0.6300019
1.385774 0.7720021 3.824794 0.3121281 0.9659925 2.078222
0.8886031 2.781446 1.201627 0.2225646 1.425113 0.957079
1.094897 1.593725 2.980606 0.2543001 1.138266 2.179277
1.114094 1.614949 3.446713 0.2542278 1.145342 2.611076
0.9291167 2.288115 2.305756 0.2395229 1.426054 2.082327
0.7657923 3.711359 0.8625956 0.2758904 2.370648 0.9877997
0.9300949 2.462835 1.835351 0.2270557 1.362433 1.519291
0.7950182 3.333768 1.179509 0.1757462 1.388688 0.8632004
1.499389 0.2356326 5.954166 0.3522842 0.9962471 3.05877
0.7498401 3.719338 0.8656961 0.2056279 1.803867 0.7551733
0.6719938 4.109425 0.9331931 0.2338597 2.450832 1.05871
0.5729756 5.342867 0.5333282 0.1796586 2.511939 0.4968309
1.103661 1.395889 3.892962 0.2641073 1.169318 2.995106
1.075488 1.739644 2.637037 0.2343284 1.080119 1.814163
0.8291371 2.862319 1.884408 0.2001644 1.458661 1.624015
1.162391 1.051043 4.35115 0.2414069 0.9532492 2.602542
1.263055 0.9719449 4.239037 0.2996535 1.078067 2.798239
1.047236 1.820502 2.251037 0.2140882 1.008176 1.415753
0.8353811 2.895478 1.577824 0.2296891 1.652781 1.502418
1.138557 1.431695 3.495426 0.2563109 1.087978 2.462715
1.034022 1.638172 3.277548 0.194395 0.9327804 2.009636
1.162322 1.097858 5.141913 0.231738 0.9397967 3.154417
0.9107328 2.340709 2.127671 0.2630043 1.606981 2.13783
1.224198 0.9591297 5.060416 0.31551 1.205247 3.870738
0.9945625 2.096041 2.169317 0.2300775 1.212247 1.64812
1.0928 1.736531 2.573098 0.25916 1.177254 1.923471
1.718444 -0.3431452 8.747665 0.5063653 1.273518 4.964852
1.016858 1.572954 4.125984 0.2288733 1.144211 3.20521
1.17217 1.237964 4.132254 0.2940758 1.199574 3.209568
0.8882075 2.631633 1.60432 0.177065 1.126601 1.066138
1.31616 1.085445 3.270156 0.3135713 1.063415 2.069273
0.7566286 3.419514 1.369686 0.1842255 1.57316 1.142521
1.50901 0.02694893 9.876308 0.4296414 1.290098 6.907073
0.7934833 3.067369 1.410552 0.2514088 1.946339 1.527495
1.118652 1.780382 2.335867 0.2611465 1.152657 1.68423
1.046578 1.486831 4.000218 0.2088282 0.9868573 2.640561
1.096888 1.802128 2.339506 0.23447 1.059092 1.555962
1.305553 0.5235327 7.61532 0.3328523 1.174706 5.45649
0.8282107 2.952609 1.336413 0.2207808 1.591454 1.190331
1.310346 0.7125711 5.166309 0.2989117 1.015113 3.106959
0.6426563 4.279301 0.9186717 0.1793983 2.000241 0.8278852
1.463216 0.3125508 5.674779 0.3840686 1.128426 3.380147
0.7302346 3.882639 0.8257354 0.2885671 2.666639 1.035023
1.227882 1.058591 4.174091 0.2528068 0.9398977 2.443494
0.7954807 3.172927 1.344882 0.2472121 1.93437 1.420015
0.602474 4.83142 0.7351724 0.2209213 2.810205 0.8462752
1.172625 1.466798 3.526348 0.2997623 1.253695 2.884729
0.9269108 2.243471 2.194522 0.1996753 1.166611 1.610474
1.008915 1.629055 3.485779 0.2742485 1.380829 3.199045
1.093785 1.578762 3.782055 0.2229586 1.021223 2.584929
0.4989079 6.753569 0.328645 0.144282 2.668347 0.26463
1.010052 1.870032 2.714128 0.2362648 1.20363 2.114498
1.442411 0.2592211 6.832912 0.3594705 1.087788 4.011236
0.9424632 2.387381 2.063811 0.2069036 1.215746 1.554719
0.8015346 3.364339 1.093487 0.1712519 1.342588 0.7651696
1.074394 1.338908 4.573161 0.230834 1.05392 3.234862
1.214051 0.7849558 6.604817 0.3425164 1.336534 5.671676
0.880679 2.652884 1.540495 0.1855662 1.188238 1.067843
0.8655591 2.642162 1.807759 0.2603073 1.742945 1.885686
1.225692 0.9298116 4.650216 0.2888396 1.076259 3.090568
0.6772412 4.360057 0.7573934 0.2166648 2.297051 0.7597049
0.8335435 3.085876 1.121947 0.2525679 1.826015 1.103309
1.194894 0.7573229 6.140221 0.2531432 0.967323 3.693139
1.061234 1.818038 2.652 0.2395356 1.141688 1.943248
0.9695135 2.023516 2.532352 0.2531309 1.3813 2.2502
0.5931353 5.468198 0.4733982 0.2235228 3.054825 0.5221047
1.32837 0.6016498 7.008924 0.3471701 1.207438 5.206704
0.6703801 4.55046 0.6601592 0.1931206 2.100042 0.5810595
1.168244 1.367704 3.317948 0.2046605 0.8133097 1.706813
0.6786214 4.18017 0.8645995 0.1946586 2.022012 0.7937851
0.7988747 3.452917 1.223575 0.2320594 1.880945 1.200458
1.083711 1.494497 3.272793 0.2051676 0.9071686 1.909555
1.286022 0.7960179 5.268132 0.2933029 1.032869 3.321643
1.107813 1.391303 3.976558 0.3084613 1.371843 3.604358
0.8269321 3.407418 1.074027 0.3061891 2.35927 1.306624
1.03307 2.121761 1.899289 0.2266149 1.134979 1.322473
0.8501472 2.670303 1.880789 0.2468857 1.69901 1.919988
0.7991142 3.251572 1.188109 0.2011202 1.566455 0.9920232
1.315225 0.4944447 5.895249 0.3657663 1.238171 4.167506
0.473342 7.900659 0.2123452 0.02121661 0.3906831 0.03038933
0.7081006 3.988257 0.7540796 0.3093107 2.979451 1.030854
0.9577176 2.18508 2.332065 0.2310057 1.302842 1.928456
1.245885 0.780536 5.237522 0.2809974 1.017267 3.235754
1.114706 1.363319 3.733361 0.2671512 1.155634 2.798523
1.511239 0.2241541 6.869862 0.366994 1.05421 3.860742
0.8801425 2.821447 1.384533 0.1852015 1.222692 0.9654799
1.064644 1.588157 3.286045 0.2599244 1.214304 2.609715
0.8562532 2.765927 1.625473 0.2088895 1.428003 1.357027
1.035162 1.953152 2.549415 0.2242747 1.123284 1.841921
0.9653051 2.46658 1.574501 0.241076 1.368238 1.275881
1.031209 1.494679 4.625427 0.2214598 1.088232 3.458437
0.7676482 3.401188 1.282557 0.3549942 3.001994 2.036146
0.9459604 2.098137 2.541623 0.2558189 1.458702 2.393492
1.078641 1.617556 3.045984 0.2170097 0.9871577 1.944397
0.7695613 3.350485 1.215492 0.2540545 2.104545 1.350495
0.7463429 3.764928 0.9724149 0.258997 2.328168 1.103241
1.125694 1.579425 3.308146 0.2952738 1.30769 2.832178
1.475688 0.1118839 7.813125 0.3625181 1.072356 4.405975
1.483279 -0.02916395 10.56896 0.4127411 1.260726 7.147983
1.24446 0.746534 5.528053 0.267681 0.967577 3.247658
1.407453 0.6477137 5.331298 0.317784 0.9982476 3.111425
0.5954839 4.880363 0.6217888 0.2557718 3.286158 0.8171549
1.031989 1.577977 3.554367 0.2370047 1.148249 2.702663
1.052452 1.708109 2.978575 0.2395725 1.142168 2.21018
1.375617 0.6988937 4.938471 0.3383278 1.092369 3.160641
0.6608914 4.684878 0.604534 0.2314616 2.596882 0.6412182
1.587386 -0.3716029 11.00875 0.466061 1.303541 6.689834
1.09328 1.609923 2.864784 0.1932948 0.8508285 1.556244
1.08282 1.433623 3.626533 0.2898791 1.311371 3.105964
1.124044 1.079081 5.268165 0.2691313 1.146106 3.970644
1.11877 1.168597 4.050252 0.257886 1.078859 2.775996
0.9802311 2.094826 2.517203 0.241263 1.318831 2.135941
0.7492664 3.527244 1.097804 0.2457784 2.131792 1.191263
1.233429 1.040738 4.38493 0.3188401 1.201891 3.31138
0.6565839 4.42209 0.6941671 0.2544869 2.801608 0.8353864
1.050767 1.923629 2.548857 0.2302645 1.128176 1.845347
0.5572748 6.133454 0.3599763 0.2008387 3.12008 0.3651954
1.024868 1.900506 2.788707 0.2270366 1.149674 2.089358
1.031659 2.107561 1.958156 0.2661835 1.344927 1.624861
1.35743 0.5310655 6.639221 0.3562956 1.190487 4.692033
0.889135 2.640641 1.5998 0.1815962 1.156948 1.090396
1.000375 1.77888 3.361457 0.2877572 1.501766 3.372531
1.58711 -0.2750517 9.164325 0.4567544 1.25556 5.355969
1.300493 0.8558746 4.659642 0.3097957 1.075067 3.034715
0.7294688 3.711312 1.128521 0.2302517 2.115963 1.190329
1.131085 1.328885 4.535951 0.3238792 1.420649 4.325862
0.9832277 2.159393 2.396668 0.2122592 1.159942 1.774156
0.5648375 6.184706 0.3137112 0.2242666 3.436777 0.3437695
2.01172 -1.475264 17.46166 0.8282587 1.930112 10.49115
1.138674 1.640546 2.771103 0.2517634 1.081086 1.907954
0.7162809 4.257632 0.6756206 0.2846605 2.799484 0.8274235
0.9934035 2.109146 2.43923 0.2759566 1.49385 2.334702
1.027648 1.743905 3.019099 0.241605 1.19476 2.360614
0.9290864 2.126895 2.728885 0.2399233 1.409347 2.508072
0.8951722 2.621418 1.702579 0.2453641 1.572147 1.593434
0.9393031 2.200754 2.156984 0.1967091 1.123595 1.525205
0.8729682 2.373408 2.467106 0.2184453 1.417567 2.229801
1.002136 1.770815 2.920584 0.2107916 1.063789 2.02259
0.6904526 4.180364 0.8516342 0.1944114 1.981572 0.7647149
0.7728111 3.670693 0.9212985 0.2261028 1.915408 0.8632362
1.167327 1.132373 4.343831 0.2970844 1.201356 3.340894
0.8873807 2.452372 2.079571 0.1628026 1.026834 1.326063
0.8669538 2.720674 1.638404 0.2635595 1.774651 1.708266
1.003661 1.919131 2.918797 0.2253104 1.175612 2.252326
1.170213 1.303753 3.900501 0.2932066 1.204814 3.047966
0.7920802 2.966695 1.593926 0.1875412 1.437635 1.312128
1.309877 0.7915097 4.853346 0.3026132 1.035871 3.018532
0.8418254 3.023567 1.314421 0.251236 1.805745 1.315089
0.7402127 3.925075 0.7896863 0.2006255 1.827178 0.6714291
0.5844021 5.653836 0.4363376 0.1975255 2.787583 0.4259231
0.8420941 3.02692 1.471311 0.2674773 1.94872 1.614252
1.162455 1.166647 4.798695 0.2910444 1.205046 3.800572
0.773989 3.395297 1.061958 0.1614752 1.306915 0.7150664
0.6787496 4.099057 0.8826711 0.2770461 2.867945 1.167546
0.6822425 4.11174 0.8461267 0.2293088 2.351368 0.9105964
1.224026 1.095662 4.541922 0.2562456 0.9755074 2.832196
0.5764273 5.164657 0.6148668 0.2217652 3.048674 0.7222405
0.9980154 1.920246 2.754338 0.2712893 1.424052 2.552408
0.9879105 1.816616 3.273824 0.226562 1.193496 2.602752
0.8243205 2.997644 1.455438 0.2156363 1.581201 1.292761
1.105505 1.516705 3.180136 0.2600679 1.145507 2.346895
1.42625 0.4314537 6.270038 0.3608289 1.118514 3.961596
0.673191 4.315733 0.7289405 0.2270504 2.402524 0.7662324
0.6357203 4.465929 0.7442471 0.1845827 2.107886 0.6735168
0.5996227 5.600927 0.4202559 0.3680822 5.0453 0.7445538
1.0735 1.953202 2.016778 0.1972206 0.914884 1.138612
1.755478 -0.6796152 11.78406 0.6419088 1.64411 8.077445
0.9080594 2.847563 1.246502 0.2138839 1.361319 0.948645
0.8845639 2.472595 1.767588 0.2274539 1.435259 1.533028
1.009456 1.859921 3.035846 0.2404271 1.24125 2.484862
0.7391464 3.954917 0.6987197 0.2291848 2.081834 0.663897
1.088131 1.450654 3.792568 0.2487275 1.121764 2.803478
1.449934 0.09634796 8.347047 0.4142405 1.274029 5.683789
1.124483 1.238013 4.629015 0.2004681 0.8444464 2.570381
1.188698 1.163759 3.460208 0.2602236 0.9970491 2.118169
1.162606 1.293606 3.817205 0.2477142 1.009103 2.476629
1.157696 1.077671 6.071748 0.2772227 1.168099 4.792996
1.14567 1.357251 3.253762 0.2425085 0.9913259 2.029451
1.346262 0.5250556 7.314768 0.338657 1.151505 5.090636
1.067077 1.79677 2.673465 0.2758536 1.309755 2.247816
0.91211 2.045504 3.311744 0.1923991 1.147364 2.549686
0.9944487 1.72324 3.641 0.2699509 1.41391 3.475577
0.8574088 3.178155 1.239445 0.3282353 2.374989 1.58929
0.8287099 2.963708 1.509284 0.1960328 1.424512 1.219914
0.7866507 3.206123 1.351491 0.2460581 1.960568 1.442376
0.8797639 2.468955 2.240961 0.2011449 1.303295 1.827854
1.306316 0.8768158 4.571705 0.2937369 1.011613 2.804313
0.9957526 1.640636 3.760639 0.243184 1.25094 3.170939
1.222761 0.7820026 8.344882 0.3392538 1.35468 7.610084
1.3881 0.335077 6.975314 0.3663425 1.173145 4.580913
1.046259 2.015772 2.325249 0.2245612 1.113499 1.641626
1.573666 -0.003132235 6.395603 0.4511083 1.218978 3.733249
1.137003 1.195593 4.603582 0.2488253 1.043098 3.136942
1.063536 1.51924 3.591946 0.2131505 0.982951 2.322174
0.6983333 4.143155 0.8340203 0.2036309 2.037434 0.7714689
1.085413 1.538587 3.649374 0.2358472 1.079018 2.609478
0.8823687 2.770075 1.640678 0.2338912 1.556367 1.49298
0.9353102 2.406976 2.338233 0.2073794 1.254386 1.855651
1.20459 0.9352807 4.593576 0.261934 0.9885988 2.804651
1.270341 0.9679225 3.970937 0.2562883 0.8971994 2.146977
0.9652404 2.41395 1.828598 0.2414666 1.382533 1.538541
1.404384 0.4829258 5.986662 0.3713286 1.173969 4.006567
1.052441 1.684127 3.56374 0.2277208 1.104609 2.637538
0.7345588 3.73789 1.034006 0.2382705 2.173263 1.106233
1.383309 0.5634202 5.277809 0.3268767 1.032956 3.093848
0.7918785 3.399167 1.086393 0.233666 1.871445 1.050242
0.881769 2.899846 1.40637 0.1932615 1.297135 1.03533
0.8249073 3.178362 1.365827 0.2215626 1.668114 1.24353
0.998103 1.924755 3.016868 0.2454292 1.297811 2.582581
1.16869 1.110551 3.879216 0.2892454 1.142905 2.757943
0.8299303 3.344388 1.186102 0.1884017 1.4271 0.8896127
1.11399 1.618607 2.636134 0.2724461 1.186135 1.96675
0.8124677 3.194724 1.265466 0.1662682 1.259087 0.8616457
0.6919266 4.090044 0.9190463 0.2547498 2.584496 1.100537
0.7818116 3.372832 0.9686058 0.204844 1.636443 0.8107701
1.146196 1.162466 4.102198 0.2468045 1.005109 2.624214
1.172031 1.225387 3.421352 0.2543592 0.9991765 2.122885
0.8268757 2.889669 1.529926 0.1924878 1.386482 1.216873
0.8370584 3.005037 1.287606 0.2302567 1.647953 1.17204
1.097581 1.598713 3.24654 0.258345 1.169879 2.481781
1.182725 1.067227 4.788403 0.291386 1.162938 3.58378
1.03844 1.816547 2.646553 0.251069 1.226638 2.084529
0.6186276 4.658697 0.6752581 0.1608279 1.918694 0.5357559
0.9088317 2.503097 1.943414 0.1945359 1.205606 1.431716
0.6230987 4.575775 0.654745 0.1909783 2.243873 0.6132085
1.087444 1.736861 2.448692 0.2117569 0.9498735 1.461923
0.6332914 4.830875 0.5394745 0.2241518 2.658552 0.5675399
0.671994 5.019665 0.4900177 0.2084546 2.368549 0.4435549
0.5891663 5.491811 0.4208723 0.2058235 2.810313 0.4183818
0.6980737 4.255848 0.82722 0.2621544 2.684268 0.9951042
1.13085 1.519528 3.019236 0.2525048 1.076704 2.072871
0.7374324 3.833634 0.9056295 0.1985729 1.806179 0.7823627
0.8850689 2.70365 1.541193 0.1978783 1.281201 1.150951
1.205066 0.943935 5.299026 0.2591738 0.9978118 3.367441
1.246863 0.9679585 5.183178 0.2920665 1.093452 3.612911
0.8313841 2.785742 1.561984 0.182723 1.283122 1.164157
0.5022164 6.419496 0.3447079 0.1915281 3.405419 0.3676801
0.7239427 3.957804 0.9883769 0.1777779 1.682018 0.7883063
1.192477 0.8590046 6.583273 0.2943682 1.172758 5.03531
1.156135 1.317404 3.954838 0.3064674 1.283266 3.308317
1.371401 0.6956301 3.830516 0.2760551 0.8431674 1.770075
0.8186043 2.694063 1.964938 0.1720225 1.230993 1.461816
1.554226 0.006616982 7.222012 0.4238248 1.175181 4.201556
0.8023471 3.01199 1.48582 0.2468359 1.878278 1.572365
0.7262585 3.9629 0.8632885 0.2628746 2.481423 1.002256
1.226613 0.9684693 4.785197 0.3236087 1.227345 3.694381
1.023765 1.98592 2.347882 0.2739077 1.391431 2.072704
1.050361 1.863495 2.589819 0.2242436 1.082852 1.794601
0.7121574 4.033283 0.7795346 0.2801657 2.708064 0.9670481
0.8635467 2.943709 1.433868 0.1851874 1.280458 1.039733
0.8370453 2.806873 1.65269 0.2525915 1.792887 1.730386
1.137866 1.484825 3.491683 0.2526632 1.084174 2.469142
1.325802 0.7790774 5.243805 0.305951 1.042296 3.317636
1.116544 1.310352 5.006254 0.2659572 1.182989 4.028543
0.9376754 2.482351 1.657457 0.2520753 1.492964 1.47885
1.180595 0.9911233 4.880911 0.2874458 1.135331 3.514441
0.9545467 2.152551 2.480343 0.3287807 1.881424 2.998499
1.219676 0.9811865 4.168568 0.2736051 1.014782 2.585141
1.087499 1.381125 4.504927 0.2548042 1.164344 3.542666
2.02585 -1.49762 18.20786 0.9004963 2.10878 12.07046
2.161519 -1.686942 18.08663 0.9158263 2.004801 10.20639
0.9269324 2.343491 2.028953 0.2259812 1.340655 1.684483
1.183868 1.18869 4.036709 0.2208613 0.8626947 2.214256
1.429408 0.2683157 6.552793 0.3864464 1.183295 4.172668
1.406898 0.5289867 5.271774 0.3505839 1.089024 3.22742
0.9311021 2.850033 1.354531 0.2826689 1.78146 1.364368
0.9037948 2.427277 2.241373 0.1938562 1.208718 1.698116
0.8028072 2.965869 1.392499 0.2189294 1.638947 1.282415
0.7580363 3.318071 1.531323 0.1810653 1.534778 1.28324
0.910667 2.359745 2.202563 0.2799174 1.724785 2.384674
1.985919 -0.9332463 9.762007 0.6829824 1.489057 5.008033
1.047924 1.809214 2.573317 0.2577314 1.241274 2.03886
1.072475 1.805975 2.542253 0.2519944 1.179724 1.907578
0.913878 2.57334 1.756753 0.2061135 1.274964 1.340956
1.102234 1.43158 3.781875 0.2571787 1.141413 2.83646
1.038083 1.97147 2.41169 0.2346784 1.170862 1.800665
1.044208 1.825342 2.74191 0.2472299 1.208227 2.141786
1.218684 1.018202 4.501282 0.2781549 1.053397 2.976211
0.8168932 3.044551 1.434266 0.2411594 1.805635 1.447087
1.054318 1.825005 2.595587 0.2820184 1.361588 2.264209
0.8777394 2.627026 1.837416 0.2523778 1.664135 1.837714
0.4408535 8.154077 0.2119446 0.00225933 0.002314616 0.01754194
0.7170845 3.65256 1.120632 0.155034 1.423778 0.8015041
1.224714 0.8750061 5.40456 0.2810164 1.057908 3.587617
1.124197 1.571615 2.981176 0.2805808 1.221298 2.333353
1.228095 0.9313905 4.298522 0.2883023 1.060669 2.771328
1.242225 0.983624 4.342942 0.2803136 1.028277 2.756839
0.802027 3.419588 1.11736 0.2534882 2.021492 1.169192
0.6007346 5.265744 0.5003717 0.2110711 2.780488 0.5174182
1.615126 -0.08634561 8.257255 0.4488547 1.211676 4.932056
1.293604 0.9236788 4.539084 0.338494 1.198436 3.345811
0.7166152 3.536822 1.449264 0.212403 1.97191 1.505061
0.891725 2.61823 1.847062 0.2481737 1.610848 1.793795
0.9832833 2.074215 2.348623 0.2106475 1.128192 1.68643
0.9765898 2.301624 2.082589 0.227893 1.278213 1.661932
1.088717 1.565885 3.20658 0.2519335 1.139107 2.37153
0.9936529 1.938971 2.391303 0.2262352 1.168132 1.774068
0.7825812 3.473689 1.186383 0.2561213 2.127399 1.309094
0.6916031 4.652655 0.7041636 0.2356166 2.540139 0.7461836
0.685076 4.099231 0.7622422 0.218881 2.210873 0.7628447
0.9906467 2.123395 2.152215 0.2673536 1.431491 1.932728
0.7910928 3.157201 1.365153 0.2886952 2.275228 1.702897
1.2567 0.95183 4.613649 0.2608648 0.9421883 2.691652
1.128535 1.408401 3.491291 0.2242098 0.9460261 2.123378
0.8709147 2.644263 1.977116 0.1884642 1.257875 1.510496
1.549858 -0.2228873 9.076204 0.4753534 1.350737 5.855065
1.186434 0.9823903 4.782839 0.2403498 0.926755 2.781353
0.8896329 2.887464 1.363255 0.1921738 1.269747 0.9786105
1.034687 1.783135 2.85865 0.237566 1.165696 2.163596
1.073033 1.829374 2.430694 0.2610871 1.223307 1.881003
1.341259 0.4676546 6.367075 0.3308689 1.096058 4.003864
0.562187 5.852846 0.3689179 0.1952272 2.908058 0.3608395
0.8305563 3.100272 1.170616 0.4800564 3.530901 2.235563
1.051202 1.63407 3.737399 0.2412118 1.169596 2.940484
0.5252418 6.619571 0.2854755 0.0603641 1.018165 0.09214102
0.5343268 6.563629 0.340048 0.2223578 3.775561 0.3953516
1.162695 1.010687 4.677313 0.312957 1.258977 3.726223
1.086214 1.148708 6.250605 0.2767043 1.267948 5.46614
1.056485 1.714363 3.029228 0.2081237 0.9856679 1.947857
0.9230577 2.286559 2.237356 0.2190466 1.302622 1.834779
1.465143 0.321662 5.926444 0.4017174 1.193064 3.79633
0.7343845 3.934282 0.9205867 0.2783892 2.599671 1.131919
0.959957 2.047268 2.692326 0.3244843 1.821596 3.188693
1.084693 1.521117 3.247662 0.2301368 1.030229 2.161261
0.8172638 3.046449 1.546868 0.2206182 1.658081 1.445528
0.6990431 4.261454 0.7255107 0.2681302 2.716205 0.8685881
1.16892 1.200652 4.188002 0.2479033 0.9987021 2.691416
0.9769716 2.017115 2.543613 0.2542286 1.374897 2.250247
0.6877716 4.50648 0.6210301 0.256904 2.708122 0.7052075
1.533657 -0.0446822 7.777943 0.4557439 1.296701 4.992359
0.6005539 4.842111 0.6959103 0.1903961 2.419172 0.6840517
0.6673569 4.59554 0.6618177 0.2359822 2.606317 0.7199185
1.234764 1.133797 3.927613 0.2906335 1.090659 2.684185
1.213012 1.225065 3.612381 0.2580939 0.9851473 2.231955
1.702713 -0.6667092 10.35606 0.5474902 1.404464 5.813616
1.0276 2.070936 2.062156 0.2214167 1.116373 1.434191
0.7882701 3.609566 0.9359307 0.3948868 3.274289 1.515239
1.044755 1.784761 3.054202 0.2727477 1.345374 2.702863
1.003306 2.190477 2.091992 0.1884537 0.9953058 1.302813
0.6122186 4.897555 0.5920083 0.2247714 2.799654 0.6571922
1.040804 1.832962 2.757443 0.239288 1.175402 2.099716
0.9432458 2.23745 2.160425 0.2575288 1.48445 2.011649
0.5786349 5.650923 0.3760458 0.2116818 2.990302 0.3874893
0.940717 2.276523 1.897017 0.2351855 1.345754 1.567124
0.9494747 2.491991 1.669427 0.233042 1.365904 1.365528
1.559833 -0.1208821 7.839776 0.4186054 1.153494 4.320781
1.318977 0.5502035 7.590704 0.3377508 1.185119 5.536462
1.121959 1.670498 2.740195 0.2614986 1.148621 2.007884
0.7414913 3.899544 0.7765059 0.2781909 2.523187 0.9118585
1.595027 -0.109647 8.340127 0.4614344 1.26437 5.163065
0.9366903 2.488018 1.770579 0.2424484 1.447676 1.546121
1.354199 0.6121379 6.046182 0.3434415 1.146599 4.137166
0.8718089 2.798796 1.537653 0.2303962 1.550123 1.377683
0.6025733 5.080441 0.526968 0.2105425 2.711621 0.5472492
1.101092 1.414076 3.65028 0.2587029 1.140498 2.71131
0.8514832 2.489463 2.068668 0.2372372 1.589094 2.029736
1.057189 1.484176 3.827838 0.2280985 1.065143 2.705273
1.11116 1.578316 2.945103 0.2662396 1.170601 2.206668
0.8752453 2.80525 1.454995 0.186977 1.238673 1.032753
1.710235 -0.5425516 9.39674 0.5273717 1.335535 5.201093
0.5652374 5.568984 0.4885083 0.2452619 3.574861 0.6252439
0.9473646 2.319563 2.05782 0.2519333 1.460203 1.865139
0.9507622 2.385477 1.704032 0.253195 1.451667 1.489054
1.258959 0.8703548 5.236329 0.3310901 1.218018 3.985953
1.059331 1.654545 3.040501 0.2289654 1.074323 2.122787
1.261751 0.9015225 4.854502 0.3015212 1.094474 3.290295
0.8699749 2.738738 1.544527 0.1982037 1.319243 1.187178
1.551497 -0.156549 10.20254 0.4431818 1.275396 6.559302
0.9678641 2.046678 2.701319 0.1837672 1.003321 1.760821
0.770137 3.740167 0.8982474 0.2370797 2.033348 0.8818982
0.7920418 3.11108 1.413002 0.2208904 1.724968 1.351272
1.277109 0.7797291 6.536494 0.31227 1.145858 4.781836
1.095285 1.742668 2.721145 0.2636549 1.205581 2.104124
0.9284124 2.218338 2.426591 0.2052829 1.207232 1.874122
1.059259 1.777018 2.699091 0.2156582 1.018379 1.764949
