1.600881 1.794701 0.5622259 0.2110162 0.4663678 0.1157673
2.130073 0.7845019 0.7479277 0.3648991 0.5141279 0.131839
1.808547 1.221265 0.6559936 0.2719193 0.4754062 0.1223462
2.237071 0.6636958 0.8870989 0.406159 0.5575813 0.1700396
2.152456 0.7927504 0.6885081 0.3671711 0.5024566 0.1155305
2.404718 0.4196689 0.8503879 0.4726878 0.5828518 0.1485752
1.826741 1.37841 0.628964 0.2690079 0.4775519 0.1221381
1.759466 1.186392 0.6906663 0.2642813 0.4755363 0.1295794
2.051261 0.8170384 0.840264 0.3511949 0.5316099 0.1619654
2.213966 1.025701 0.6331743 0.3564164 0.4847408 0.109878
2.615404 0.4370488 0.8154733 0.5202739 0.585378 0.1415823
1.438289 1.57479 0.6919373 0.2022425 0.4942535 0.152589
1.564609 1.589147 0.5451155 0.2184033 0.4623323 0.1042507
2.016585 0.8836657 0.8035828 0.3424871 0.5266028 0.1549875
1.870315 1.32154 0.6830208 0.2733278 0.4771118 0.1342433
1.928289 0.9620377 0.751941 0.3159004 0.5084428 0.1418869
1.560341 1.789769 0.6390306 0.2115992 0.4970688 0.1455166
1.964319 1.121421 0.6120938 0.3051501 0.4724614 0.1064802
1.660692 1.374826 0.6218579 0.2373971 0.4592652 0.1159853
2.132949 0.7196386 0.7969702 0.3780357 0.5350187 0.1447941
1.810272 1.132636 0.6771637 0.2827143 0.4867271 0.1259981
2.274357 0.4736601 0.9828617 0.4469122 0.6056009 0.193442
1.90231 0.97055 0.8627311 0.3118488 0.5253587 0.176911
2.02935 1.131672 0.7418468 0.314018 0.4948336 0.1452961
2.26915 1.211255 0.669698 0.3444571 0.4806273 0.1264787
1.945884 1.000579 0.8550257 0.3097853 0.5130708 0.1735638
1.901547 1.649432 0.5480045 0.259228 0.460068 0.106451
2.402058 0.7862986 0.7133677 0.4235475 0.5239511 0.1253171
2.401306 0.4916661 0.8246328 0.4640262 0.572833 0.1450318
1.958356 0.8750832 0.789823 0.326007 0.5130865 0.1475394
2.356322 -0.0826007 1.172573 0.5569669 0.7298553 0.2202354
1.954392 1.043277 0.7148003 0.3128456 0.4982669 0.1341928
2.407206 0.4215334 0.9135127 0.479336 0.6000927 0.1686633
1.971383 1.170708 0.6973245 0.2914876 0.4679325 0.1289306
1.680287 1.188458 0.7386506 0.2506002 0.4806044 0.1436176
2.077462 1.056103 0.7797598 0.3296641 0.5056089 0.1540793
2.376175 0.5479398 0.7915107 0.4477573 0.5557469 0.1368752
1.842879 1.328921 0.6185073 0.2703535 0.4669384 0.1150923
1.797372 1.438592 0.6454243 0.2545625 0.4693356 0.1272137
1.910684 1.197663 0.6825597 0.2901939 0.4829651 0.1299616
2.117304 0.9963903 0.7447406 0.3451831 0.5084125 0.1419291
1.499715 2.216495 0.5566565 0.19896 0.5404974 0.1418881
2.25374 0.6183636 0.8496447 0.423318 0.5691034 0.159637
2.457335 0.4226021 0.8643493 0.4899486 0.5941672 0.1547809
2.15862 0.8162854 0.6754159 0.3701634 0.5058268 0.1142889
2.254422 0.3672716 0.9392412 0.4559606 0.6105281 0.1734481
2.84722 -0.213226 1.099389 0.7207402 0.7732837 0.1967835
1.57305 2.073045 0.4966313 0.1912345 0.4504274 0.1005553
1.967404 0.8825126 0.7007069 0.3248003 0.4959475 0.1218132
1.85059 1.238509 0.730093 0.2768956 0.4873618 0.1456877
1.871793 1.323751 0.7669297 0.278032 0.5004275 0.1641876
1.844747 1.193468 0.6716304 0.2786435 0.4767961 0.12539
1.48899 1.987838 0.5695475 0.1886468 0.4809106 0.1267062
2.887092 0.1852432 0.8622564 0.6232727 0.6328045 0.1445596
1.902153 1.148476 0.8402405 0.3007516 0.5239604 0.1824118
1.809933 1.225037 0.6823436 0.2698063 0.4765595 0.1297021
1.959505 1.122766 0.7198241 0.3008266 0.4851233 0.1364131
1.856244 0.9935574 0.7830418 0.2924876 0.4958752 0.1488116
1.690042 1.149711 0.7621924 0.2653009 0.5075374 0.1551484
1.88245 0.9805756 0.7941626 0.3058394 0.511778 0.1549393
3.048216 -0.2948864 1.199287 0.7939519 0.8091507 0.2218542
2.242401 0.5753855 0.8397559 0.4226074 0.5660018 0.1531941
2.222011 0.8471445 0.7957377 0.3806074 0.5280417 0.1511647
1.917227 1.081912 0.74029 0.3020021 0.4975744 0.1427164
2.596853 0.4243762 0.8902832 0.5119439 0.590951 0.1608221
1.550064 1.88818 0.5833954 0.2002056 0.4779656 0.1274516
2.163091 0.8981789 0.757776 0.3558063 0.5044195 0.1386621
1.609141 1.526939 0.6785808 0.2259039 0.4836129 0.1437259
1.998623 1.185529 0.6320396 0.3013368 0.4688355 0.1134174
1.914454 1.193369 0.7412179 0.2961274 0.5011606 0.1499581
1.787196 1.41732 0.6064712 0.255712 0.4642218 0.1149034
1.86233 1.200247 0.6638207 0.275376 0.4636483 0.1205457
2.029012 0.7673714 0.8621058 0.3570802 0.5455942 0.1679744
2.59065 0.4636235 0.830295 0.5057207 0.5780754 0.1456284
2.402468 0.3643169 0.9307732 0.4838387 0.6060426 0.1698523
1.745822 1.442251 0.7039997 0.2550507 0.4988377 0.1516351
2.470359 0.5563868 0.9651247 0.4661952 0.5840908 0.1899835
2.277706 0.4404251 0.9481442 0.4441787 0.5932592 0.1777199
2.01429 0.6481724 0.9075214 0.3616136 0.5523165 0.1728373
2.172702 0.7497828 0.8348393 0.3770626 0.5303804 0.1552304
1.644905 2.077613 0.4744584 0.2035782 0.4557075 0.09575785
1.844024 1.131942 0.7789441 0.282029 0.495903 0.1559566
1.912846 0.9117239 0.8414009 0.3168693 0.5222179 0.166107
2.307387 0.7404976 0.7821314 0.4070812 0.5315619 0.141503
2.08322 0.9340761 0.7478752 0.3426061 0.5066018 0.138717
2.003119 1.002738 0.732684 0.3225741 0.5000674 0.1370921
2.151168 0.6110711 1.050327 0.3917758 0.5775492 0.2170357
1.532264 1.886017 0.5571212 0.2005144 0.472957 0.1179644
1.883715 1.242607 0.7188462 0.2771862 0.4798729 0.1413184
1.879245 0.8839816 0.9088938 0.3126997 0.5313366 0.185463
1.820808 1.371059 0.626063 0.2610282 0.4612976 0.1174008
1.921512 1.298766 0.6787719 0.2816163 0.4752297 0.1316642
1.7274 1.462223 0.6079165 0.2442902 0.4651945 0.1172208
1.878945 1.356625 0.642663 0.274279 0.474057 0.1242796
2.159589 0.6939908 0.776553 0.3899267 0.5404188 0.1392474
1.953243 1.214554 0.5934371 0.2954444 0.4670747 0.1047035
2.099174 0.9261502 0.8324335 0.3490152 0.5246552 0.1653435
2.123603 0.8809752 0.8615898 0.3623171 0.5386166 0.1741163
1.951473 1.34383 0.631031 0.2759493 0.4557719 0.1168762
1.837958 1.297932 0.8089977 0.2769088 0.512994 0.1792965
2.456068 0.3038957 1.055062 0.504115 0.6315559 0.204009
2.290546 0.5460267 0.8795425 0.4248182 0.5595219 0.1596304
1.909312 1.485659 0.5930564 0.2678081 0.4613677 0.1133403
2.745102 0.0774993 1.005274 0.6199752 0.6803819 0.1810625
1.713215 1.074557 0.755378 0.2650021 0.4907969 0.1448504
1.619818 1.427871 0.7092332 0.2305295 0.4831546 0.148129
1.82891 1.159098 0.6956381 0.2790058 0.4823909 0.1313147
2.17548 0.7035968 0.8692181 0.3855979 0.5455139 0.1653343
2.606347 -0.1886024 1.093869 0.6458632 0.7543796 0.1934045
1.913211 0.7414054 0.8344161 0.3338409 0.5349144 0.156142
2.635583 0.09124899 0.9835481 0.5941068 0.6764333 0.1758182
2.012318 0.6547017 0.9451387 0.3659545 0.5666258 0.187825
1.828051 1.046151 0.7076082 0.2937318 0.4984845 0.1323753
2.052279 0.8107212 0.8408779 0.3508047 0.5308115 0.1615967
1.790288 1.183343 0.8820418 0.2796023 0.527596 0.1985214
1.426097 1.633363 0.5833516 0.19588 0.4659148 0.1163485
2.285956 0.4223385 0.8573814 0.4510834 0.586275 0.1512105
2.224073 0.7262654 0.6853646 0.3977815 0.5220546 0.115031
1.46229 1.725775 0.5603607 0.1936928 0.4569952 0.111125
2.627342 0.03768376 1.089521 0.5910762 0.6860004 0.2000483
1.74067 1.783692 0.514101 0.2237839 0.4440014 0.09817255
1.844863 1.085164 0.6399703 0.2878028 0.4779544 0.1130608
2.263381 0.7531138 0.8092708 0.3953853 0.5323566 0.1496553
2.323583 0.3891237 0.9288989 0.4575934 0.592815 0.1681943
1.604738 1.769023 0.6510431 0.2167408 0.4974788 0.1490908
2.593547 0.380714 0.8813701 0.5191794 0.5963921 0.156378
1.595966 1.841602 0.5982151 0.2106759 0.4810044 0.1306564
2.053049 1.061434 0.6937119 0.3207525 0.4820548 0.1257852
1.890108 1.352189 0.633463 0.2744707 0.4694414 0.1206826
2.218199 0.4910924 0.876434 0.4289944 0.5808738 0.1598754
1.534162 1.942806 0.6137051 0.2034968 0.506273 0.1451183
1.457729 1.997791 0.5480312 0.1883807 0.4865968 0.1216831
1.902962 0.8197466 0.8408375 0.3259709 0.5332281 0.1629095
2.168443 0.8397778 0.902686 0.3610555 0.5254526 0.1784091
2.21158 0.7447429 0.8312045 0.3936181 0.5450645 0.1578582
1.920603 0.9335591 0.8105653 0.3122815 0.5105099 0.1562238
2.158827 0.9302792 0.7467865 0.3606396 0.5129279 0.1394418
1.501337 1.566261 0.58241 0.20842 0.4633418 0.1135302
1.781703 1.322154 0.6436442 0.2563304 0.4627252 0.1206022
2.359688 0.4974699 0.9040578 0.4531145 0.5817827 0.1679666
2.168679 0.5857803 0.8750939 0.4006482 0.5601569 0.1617069
1.730506 1.253636 0.746372 0.2594172 0.4939748 0.1529349
2.102035 0.9042744 0.8035345 0.3472345 0.5152763 0.1537726
1.673446 1.283994 0.7332206 0.2492202 0.4912794 0.1499469
2.123641 0.4424419 0.8744648 0.411511 0.5789113 0.1553728
2.134793 0.8267554 0.6732296 0.3672366 0.5083499 0.1148463
1.809087 1.50494 0.5937839 0.2478681 0.452934 0.112487
2.28558 0.9168998 0.6957699 0.37592 0.4971799 0.1226724
2.329838 0.6032848 0.8507278 0.4311839 0.5594093 0.1565257
1.720066 1.509366 0.6502846 0.2382346 0.4723039 0.1326102
2.037857 1.31464 0.6465598 0.3015126 0.4758549 0.1238889
2.105165 0.5792188 0.9164551 0.3968381 0.5774921 0.176522
2.744554 0.1549089 0.9496291 0.6064662 0.660268 0.1692865
1.505938 1.627354 0.7119382 0.2041576 0.4887604 0.1596581
2.583287 0.1077059 1.010896 0.575464 0.6722183 0.1834233
2.034686 0.7965736 0.9322969 0.3595535 0.5611925 0.1944983
2.020709 0.8426813 0.8279999 0.3396317 0.5217395 0.1578006
1.846163 0.8456929 0.9768822 0.3156867 0.5528444 0.208997
1.948322 1.272588 0.6378591 0.2877325 0.4696054 0.1186683
1.979664 0.7728369 0.8749501 0.3379835 0.5305216 0.1677715
2.473129 0.4385831 0.8679054 0.4831014 0.5822478 0.1541074
2.032912 0.8648496 0.7604942 0.3444039 0.5176139 0.14048
2.283403 0.4251534 0.9598647 0.4400224 0.5858408 0.1774832
1.882218 0.8947222 0.8007749 0.3115485 0.5138133 0.1518192
1.736968 1.405509 0.6512683 0.2529454 0.479626 0.1297741
1.903549 0.9419004 0.8153284 0.3162545 0.5231643 0.1612573
2.23739 0.671615 0.9458915 0.4035142 0.5626635 0.1881211
1.840587 1.088128 0.8531644 0.2924113 0.5205597 0.1809641
1.739006 1.090767 0.7967224 0.2722152 0.5046909 0.160553
1.786333 1.13349 0.8740834 0.2841877 0.5297015 0.1931282
1.575916 1.828579 0.5434518 0.2021603 0.4535755 0.1087583
2.404517 0.4694735 0.8805586 0.4708503 0.5880862 0.161058
1.480765 1.978531 0.4700508 0.1823238 0.436519 0.08924425
2.202192 0.5733342 1.091752 0.407654 0.589242 0.2290922
1.440375 2.047848 0.5368106 0.180977 0.4792239 0.1180886
2.335186 0.4966893 1.028298 0.4466968 0.5958857 0.2054184
2.017709 1.027707 0.8192456 0.3259007 0.5179573 0.1665768
2.646493 -0.07346586 0.9841941 0.6322442 0.7146798 0.1692611
1.804323 1.147119 0.7015813 0.278394 0.4906085 0.134588
1.975277 0.8263832 0.8910703 0.3411741 0.5451399 0.1803931
2.281718 0.6122067 0.7838007 0.4175516 0.5432432 0.1366347
2.002389 0.8014046 0.8721537 0.3457316 0.5385236 0.1711163
2.482564 0.4005606 0.7451995 0.4973879 0.5771009 0.1210161
2.484407 0.279856 0.9930841 0.5116117 0.623597 0.1828421
1.613105 1.744544 0.6217395 0.212176 0.4712362 0.1323325
2.287591 0.8143977 0.8120023 0.3959281 0.5331687 0.1545978
1.727845 1.668972 0.6139609 0.2353989 0.47598 0.1286929
1.487634 1.942953 0.5456273 0.1945006 0.4828594 0.1187481
1.921096 0.9505186 0.7855012 0.315841 0.5145536 0.1516325
2.477725 0.06433574 0.9504435 0.5531152 0.6638642 0.1625354
2.17299 0.6791742 0.8137064 0.383898 0.5320879 0.145718
2.251961 0.9785409 0.7834056 0.3593742 0.500417 0.1490452
1.580955 1.678744 0.602439 0.216094 0.4807768 0.1273711
1.922379 1.034985 0.6866476 0.3009789 0.4804808 0.1225436
1.824199 1.155369 0.722341 0.2794735 0.4891536 0.1398842
3.704222 -0.9544146 1.212757 1.286455 1.124166 0.2068058
2.144459 0.6771764 0.92925 0.3838966 0.5575287 0.1828301
2.261504 0.5535416 0.8615331 0.4175053 0.5544 0.1543212
2.054062 0.4696478 1.130034 0.3976432 0.6140861 0.2376613
2.430561 0.5285014 0.8800154 0.4609524 0.5727179 0.161843
2.153923 1.107622 0.681802 0.3338014 0.4817009 0.1250397
2.163207 0.6178307 0.9641082 0.3941513 0.5671687 0.1901051
2.020874 1.161477 0.6413591 0.3072975 0.4714853 0.1151828
2.135882 0.6613646 0.9638601 0.3904718 0.5729452 0.1954569
2.188746 0.6650242 0.9161628 0.3952081 0.559618 0.1787922
1.744085 1.121036 0.7221292 0.2745307 0.4979544 0.1399579
2.578036 0.1473018 1.148236 0.5648142 0.6797271 0.2265794
1.877834 1.087776 0.8162417 0.2905254 0.5026726 0.1655459
2.245732 1.003718 0.7322094 0.3613673 0.4998142 0.1369909
1.755916 1.413194 0.6540023 0.2465618 0.4636861 0.1272167
1.760961 1.223323 0.6411925 0.263447 0.4709643 0.1177482
1.889508 0.8406349 0.8384246 0.3165894 0.5207103 0.1600294
1.897185 1.01503 0.7645832 0.301405 0.498673 0.1457073
1.73775 1.485082 0.6360797 0.2445678 0.4719333 0.1273011
2.26819 0.4439833 0.9966878 0.4464487 0.6063054 0.1947125
1.797787 1.093114 0.7122835 0.2790043 0.4882002 0.1339466
3.240487 -0.3115333 0.7823718 0.8979481 0.8027563 0.1178112
2.035659 0.8289675 0.8023244 0.3452225 0.5223209 0.1504238
1.719839 1.74309 0.5495934 0.2265873 0.4588328 0.1095612
1.764549 1.229718 0.860717 0.2657813 0.5118521 0.1902868
1.384303 2.04438 0.6316552 0.1758001 0.5039028 0.1530725
1.975464 0.9303974 0.8023636 0.325509 0.5163653 0.1553579
1.800723 1.022105 0.8393111 0.2845933 0.5094636 0.1696178
1.816935 1.526231 0.5718129 0.2524683 0.4611161 0.1094549
1.512004 1.592206 0.6025122 0.2089908 0.4712244 0.121866
1.864098 1.170364 0.6569165 0.2843997 0.4744111 0.1197862
2.219333 0.8926803 0.9222313 0.3761709 0.544971 0.194256
1.987591 0.9561295 0.7087275 0.3253044 0.5004094 0.1285815
2.039307 0.6611934 0.8187796 0.3725473 0.5504127 0.1500195
2.209552 0.8280522 0.7443763 0.370063 0.5057651 0.1317046
1.946096 1.148563 0.7046138 0.2990519 0.4855999 0.1337777
2.49313 0.1748124 0.888686 0.5451186 0.6452816 0.1526586
1.99846 0.7071294 0.8603692 0.3600702 0.5533455 0.1650844
1.795162 1.610006 0.6486893 0.2526998 0.4927799 0.1409456
2.009862 1.209317 0.6836634 0.2971817 0.4707612 0.1279341
2.033136 0.9577865 0.667171 0.3318401 0.4890297 0.1156598
2.472497 0.4237563 0.8406533 0.493392 0.5908286 0.1480928
2.006754 1.060998 0.7511546 0.3145351 0.4950529 0.1439608
2.256574 0.8269397 0.7354237 0.381295 0.5086046 0.1299765
1.939214 1.191782 0.6784248 0.2970984 0.4857195 0.1291546
2.646587 0.2121182 0.9695303 0.5615962 0.6376691 0.1743485
2.000414 0.7826893 0.9473921 0.3479474 0.5527103 0.1951231
2.406814 0.42144 0.8799665 0.4784962 0.5943117 0.1586526
2.455306 0.1944936 0.9252054 0.535882 0.6497971 0.1641584
1.722934 1.187708 0.7319457 0.260387 0.4864305 0.1432969
2.493848 0.3693057 0.9536417 0.4967612 0.6014762 0.1748269
2.026715 0.9370903 0.7979852 0.3354512 0.5173785 0.1546144
2.382919 0.6217482 0.8182012 0.4316607 0.5426551 0.1455121
2.041331 0.5852905 0.8062116 0.3806375 0.556907 0.1435965
1.931104 0.9542554 0.9010224 0.3141451 0.5263951 0.187353
2.574968 0.192011 0.8712433 0.5576323 0.6368164 0.1480367
2.358633 0.6782167 0.8353496 0.4300224 0.5539073 0.1564658
1.927777 0.8292458 0.8811176 0.3323988 0.5435167 0.17744
1.849619 1.220769 0.646225 0.2783599 0.4745275 0.119663
1.963466 0.9854423 0.7499602 0.3144541 0.4986224 0.1403859
2.532224 0.3532414 0.7450463 0.5215569 0.5918595 0.1207469
1.839887 1.612438 0.5652244 0.2440631 0.4457169 0.1070308
1.987595 0.8564852 0.7979673 0.334793 0.5191223 0.1500001
2.554703 0.2231583 0.952993 0.5341037 0.6250184 0.1679456
2.430146 0.5813573 0.767526 0.4509492 0.5460197 0.1312572
2.469849 0.3315148 0.9008622 0.5062972 0.6115317 0.160842
2.266938 0.5089551 0.9046489 0.4313346 0.5765811 0.1676342
2.144569 0.9161439 0.7004546 0.3594167 0.5054494 0.1251984
2.542385 0.5530128 0.8527295 0.4786834 0.5664575 0.1551847
1.943471 1.213603 0.7343166 0.3012333 0.5012664 0.1487929
1.867551 1.223312 0.6715807 0.2812838 0.477219 0.126616
2.83224 -0.1847617 1.08769 0.6871523 0.7361314 0.1883309
1.793088 1.40032 0.6447579 0.2546524 0.4669042 0.1251106
1.67986 1.501678 0.7128409 0.2400417 0.4970802 0.1565468
2.428575 0.528932 0.7940631 0.4686944 0.5701128 0.1394015
1.814852 1.030861 0.7243048 0.2874447 0.493419 0.134969
1.746053 1.230642 0.7744017 0.2649118 0.5015014 0.1616023
2.024306 1.161006 0.7092823 0.3125764 0.4900465 0.1366499
1.673849 1.248392 0.8270133 0.2513657 0.5065348 0.1794436
1.994666 0.78641 0.8244152 0.35008 0.5404654 0.1578686
2.306206 0.5710084 0.9419176 0.4308807 0.5766988 0.1830298
2.167804 0.8193602 0.7940364 0.3745975 0.5292586 0.1490652
1.619857 1.547133 0.6297708 0.2255244 0.4713947 0.1274965
1.96801 0.9809773 0.7919263 0.3160321 0.5061894 0.1531032
1.538549 1.708106 0.5636246 0.207655 0.4637548 0.1128313
2.181038 0.383937 0.90964 0.4423073 0.6087521 0.166587
1.494957 1.547438 0.6731806 0.2121105 0.4883315 0.1438402
1.698309 1.550452 0.6225049 0.2363404 0.4706837 0.1254997
1.734674 1.394136 0.7720509 0.2559536 0.51132 0.1735377
2.380891 0.4721177 0.8120984 0.4631825 0.5749279 0.1412186
2.190161 0.9118801 0.767985 0.3656065 0.5154355 0.1447158
1.936452 0.6209765 1.001213 0.3527938 0.5718441 0.2019839
2.418161 0.3194223 1.066322 0.5016257 0.6408046 0.2111442
1.903789 1.10216 0.6590748 0.296127 0.4783965 0.1182484
1.48032 2.096759 0.566866 0.1843056 0.4836118 0.1283992
1.91782 1.068066 0.7506891 0.2979941 0.4906815 0.1430578
2.070769 0.938768 0.8255927 0.3420625 0.5215361 0.1634942
2.882785 -0.1106803 1.239045 0.7101838 0.7716976 0.2468631
1.763469 1.534157 0.5738807 0.2334321 0.4354667 0.1046723
1.607104 1.655817 0.6550077 0.2236191 0.490757 0.1434728
2.585776 0.2254625 0.7592399 0.5570991 0.6170521 0.1204351
1.572118 1.535889 0.6300445 0.2150136 0.4634806 0.1256261
1.601201 1.622437 0.6202513 0.2139788 0.4627563 0.1259626
2.109139 0.7291489 0.9563752 0.3763484 0.5633541 0.1962796
1.984197 1.026073 0.674296 0.3172844 0.488702 0.1208475
1.505512 2.107404 0.5064146 0.1881214 0.4713285 0.1080345
1.910834 1.059744 0.8479487 0.3104623 0.529348 0.1802823
3.13454 -0.4033234 1.108685 0.8560498 0.838595 0.1922466
1.939664 1.039093 0.7401633 0.3096592 0.4996087 0.1408064
2.222708 0.6893556 0.7527727 0.3944717 0.5255295 0.1298161
1.982469 0.7842632 0.8680956 0.3320328 0.5191334 0.1634891
2.187587 0.8967799 0.7522479 0.3637447 0.5085231 0.1380015
1.886956 1.18818 0.6860262 0.2880507 0.4853777 0.1310181
2.141024 1.048668 0.7249575 0.3418631 0.4974239 0.1366718
1.599999 1.449581 0.7231114 0.2290773 0.4913927 0.1553455
1.661366 1.171124 0.7754656 0.2525104 0.495185 0.1567573
2.198784 0.665823 0.7219023 0.3950242 0.526906 0.1215398
2.000954 1.031543 0.6389834 0.3163933 0.4773013 0.1101564
1.722373 1.466043 0.6527066 0.2432252 0.4740428 0.1315819
2.67414 0.2022086 0.8479345 0.5780605 0.6312495 0.1418652
2.27803 0.5260813 0.9187583 0.420706 0.5618401 0.1689927
1.799328 1.458263 0.6201043 0.2526436 0.4646552 0.120348
1.992982 1.185098 0.6946136 0.3041851 0.4839717 0.1324744
2.712905 0.28407 0.8293784 0.5685877 0.6132676 0.1400885
1.781681 1.392648 0.6580318 0.2580665 0.4781546 0.1309703
2.429865 0.4295971 0.860967 0.4759106 0.5828536 0.1519451
2.096014 0.9679964 0.71514 0.3400197 0.4973824 0.1301025
1.754569 1.329953 0.6724465 0.2546944 0.4750887 0.1316092
2.017282 1.190609 0.6832142 0.3047995 0.4788171 0.1287368
2.150318 0.8419813 0.7942174 0.3591112 0.5130709 0.1467574
2.272523 0.686287 0.9113348 0.4107375 0.5618797 0.1799315
2.688725 0.213665 0.8570362 0.5704408 0.6210617 0.142989
2.279615 0.7534603 0.8456115 0.4018697 0.542612 0.1616956
2.232484 0.6159151 1.003087 0.400133 0.5611187 0.1985514
2.247075 0.5108011 0.8592459 0.4319485 0.5759073 0.1557452
1.435799 1.813222 0.5664964 0.189172 0.4725609 0.1191669
1.452105 1.546617 0.8398 0.213603 0.5421315 0.2140053
1.949901 0.9077131 0.8931668 0.3258649 0.534759 0.1840149
2.429981 0.7958444 0.7231306 0.417334 0.5128874 0.1261572
1.718151 1.200413 0.6213379 0.2568839 0.4625106 0.1098991
2.351362 0.5424047 0.8695553 0.4406703 0.5651488 0.1583923
1.917007 0.9325987 0.7890882 0.3183294 0.5167676 0.1516959
1.498719 2.028177 0.5370221 0.1915626 0.4793441 0.1170839
1.934452 1.225923 0.8146027 0.293579 0.5072496 0.1746024
1.889295 1.285672 0.6876373 0.2822495 0.4842118 0.1354968
2.172021 0.7076086 0.7420566 0.3866992 0.5284797 0.1290276
1.810428 1.206839 0.7064324 0.2737359 0.485302 0.1372192
1.787797 1.475855 0.5961244 0.252657 0.4652017 0.1146953
2.195428 0.7098401 0.8679738 0.3934014 0.551972 0.1670757
2.281991 0.337604 0.8015855 0.4703414 0.6003606 0.1345123
2.020143 1.120084 0.7121377 0.3087051 0.483013 0.1340314
2.124522 0.4947829 1.021623 0.3995458 0.5834887 0.1994687
1.725923 1.35685 0.7088255 0.248049 0.4792468 0.1437308
1.76584 1.290602 0.6544677 0.2638617 0.4777232 0.1251533
2.207204 0.6998638 0.8028489 0.3951848 0.5402185 0.146286
1.862189 0.8773046 0.7660894 0.3154594 0.5207029 0.1435359
1.913928 1.053469 0.6986737 0.3046 0.4927197 0.1291667
2.048189 1.107067 0.7598194 0.3212145 0.5018932 0.1506015
1.70559 1.678109 0.5787259 0.2293189 0.4610165 0.1154797
1.880913 1.138201 0.765679 0.2876564 0.4944018 0.152203
1.776973 1.278009 0.6939232 0.2618456 0.477864 0.1353618
1.624357 1.36209 0.7265513 0.2378478 0.4917445 0.1521758
1.846608 1.43074 0.6950303 0.2657388 0.4876392 0.1455078
1.680533 1.708994 0.5931598 0.2239503 0.4661251 0.1218124
1.625645 1.437185 0.7268701 0.2367975 0.501214 0.1589176
1.972233 1.031385 0.7637754 0.319271 0.5100341 0.1492486
2.173179 0.6484897 1.058146 0.3928323 0.5770828 0.2227307
1.981584 1.253449 0.6941857 0.2911734 0.4760522 0.1342342
2.049536 0.8031422 0.7956441 0.357354 0.5330264 0.1493968
1.839133 1.486575 0.5436765 0.2542584 0.4438993 0.09731536
2.088263 0.8011578 0.9256722 0.3627404 0.5514913 0.1902559
2.082224 0.8539188 0.8172592 0.3541607 0.5283918 0.1575057
2.275607 0.02463309 1.051564 0.5185976 0.6904217 0.1899967
1.518307 1.895721 0.5883149 0.1921571 0.4692147 0.1269324
2.253259 0.9229451 0.6765428 0.3612552 0.4814164 0.1151794
1.682683 1.355702 0.6940296 0.2418572 0.475548 0.138501
1.798767 1.174439 0.8121884 0.275173 0.5050827 0.1702096
1.763565 1.376246 0.6779887 0.2525127 0.4732022 0.1344298
2.428978 0.508043 0.7812914 0.46444 0.561156 0.1331349
2.27803 0.517946 0.8827362 0.4305651 0.5697069 0.1609037
2.14933 0.7649634 0.805634 0.3744634 0.5318916 0.1494627
2.140046 0.9751417 0.6760233 0.3459524 0.4893776 0.1189623
1.760315 1.243014 0.742092 0.2629959 0.4907651 0.1504103
1.447976 1.955562 0.5670898 0.1909607 0.4945389 0.1281186
1.83774 1.231972 0.7110983 0.2745524 0.4837726 0.1394776
2.534192 0.4272107 0.8076455 0.506117 0.5863158 0.1392326
2.022464 0.6547542 0.8321891 0.3676568 0.5500474 0.1531331
1.916543 1.091063 0.669336 0.2996151 0.4807687 0.1207362
1.678847 1.79463 0.5241163 0.2193552 0.4584043 0.1041425
1.937676 1.027876 0.8114969 0.3142654 0.5183503 0.1643943
1.737779 1.450291 0.6720902 0.2457427 0.4751688 0.1364293
2.115522 0.6039505 0.8601848 0.3922142 0.5612337 0.1593887
2.114699 0.8609925 0.7634687 0.3558896 0.5147397 0.1404521
2.468633 0.3979692 0.8840022 0.491474 0.5943706 0.1579295
1.944178 0.881692 0.7836446 0.3235301 0.513049 0.1463928
2.069202 0.5915632 0.8776049 0.3822384 0.5609536 0.1630057
1.618952 1.966165 0.473016 0.1998242 0.4367254 0.08980959
1.496091 1.732579 0.5567706 0.1999181 0.4684503 0.1135048
1.911791 1.242999 0.6941535 0.2862605 0.4818277 0.1347425
1.776269 1.502781 0.655486 0.2468768 0.4720826 0.1334562
2.038141 0.8444413 0.830492 0.3453155 0.525783 0.1594402
1.970139 0.9256365 0.7921719 0.3264051 0.5170538 0.1524703
1.787954 1.186999 0.6897619 0.2704959 0.4786499 0.1300376
1.996452 1.035561 0.8360965 0.3163128 0.5134335 0.1710966
1.920858 0.7619722 0.8916527 0.3340444 0.5424487 0.174759
2.462319 0.311175 0.8826454 0.5144373 0.6203959 0.1566141
2.125217 0.8130755 0.9016946 0.3551303 0.5253458 0.1763091
1.948108 0.9617815 0.7862245 0.311706 0.500243 0.14869
2.191485 0.6751792 0.9180725 0.3934007 0.5565199 0.1790562
1.783989 1.409323 0.7263956 0.260648 0.4968522 0.1558522
1.709548 1.60719 0.5964715 0.2325688 0.4660389 0.1197944
2.547726 0.01800366 0.940433 0.5855143 0.6815987 0.1597141
2.454471 0.2494213 0.9185351 0.5279272 0.6415761 0.1652856
1.553469 1.489511 0.600728 0.2178651 0.4648368 0.1164292
1.885155 1.041163 0.7248222 0.2988929 0.4951944 0.136057
2.145895 0.7828658 0.7389484 0.3744078 0.5220766 0.1311174
1.487084 1.833296 0.6093713 0.2044636 0.5075025 0.1408234
2.221692 0.7005814 0.7206112 0.3960027 0.5244579 0.1225655
2.451037 0.7177878 0.763435 0.4333783 0.529208 0.1351088
1.444685 2.031164 0.5252702 0.1771438 0.457736 0.1093891
2.163198 0.4964544 1.079185 0.422625 0.6156542 0.226024
2.637445 0.5205737 0.7437329 0.5010969 0.5512659 0.1229612
1.546626 1.678497 0.689949 0.2132549 0.4987057 0.1574601
1.951913 1.082555 0.818902 0.3062204 0.5092541 0.1677213
1.919648 0.9291879 0.8423575 0.3145518 0.5189788 0.1668402
1.776178 1.437693 0.6308762 0.250431 0.4654141 0.1225226
1.912416 0.9438309 0.8191917 0.3121761 0.5154413 0.160613
2.158549 0.9911066 0.7175162 0.3549814 0.5065459 0.133843
2.190415 0.8437308 0.7403617 0.3705465 0.5114212 0.1327254
2.860427 -0.3264336 1.102012 0.7475244 0.7984632 0.19052
3.255807 -0.3207169 1.035312 0.8716385 0.8114228 0.1772257
2.742599 0.04476514 1.055636 0.6329623 0.7022655 0.1962195
2.154305 0.6586435 0.8221039 0.3894425 0.5463315 0.1500896
1.696087 1.668941 0.5059155 0.2238701 0.4379493 0.09199937
1.581877 1.893826 0.5478543 0.2028627 0.465087 0.1141885
1.625799 2.024983 0.442614 0.2017521 0.4403396 0.08368757
1.48172 1.93002 0.5371135 0.1890152 0.4658623 0.1122687
2.952366 -0.06159082 0.8184093 0.7283191 0.7147031 0.1305853
1.716992 1.315411 0.7111551 0.2486458 0.4761746 0.141306
2.092716 0.6535167 0.9376186 0.3813472 0.5664251 0.1854712
2.127188 0.8317343 0.7141247 0.3653717 0.51313 0.1257286
2.494729 0.5717243 0.8571667 0.4579189 0.5521233 0.1540518
1.946066 1.024013 0.8013538 0.3036505 0.4957941 0.15527
1.470586 1.590608 0.5853527 0.1979692 0.4540801 0.1133679
1.629405 1.597652 0.5331033 0.2195264 0.441675 0.09733241
1.785809 1.741807 0.6263399 0.2380507 0.4759753 0.1344015
1.638557 1.697998 0.6707689 0.225285 0.495335 0.1512331
1.927811 0.9630256 0.8174067 0.3150532 0.5165037 0.1613776
2.03946 1.27371 0.5699602 0.3006678 0.4541293 0.09856803
1.668496 1.411699 0.6269426 0.2403776 0.4700329 0.1212409
1.755116 1.334618 0.7099199 0.25609 0.4812617 0.1430324
2.367931 0.314261 0.9206026 0.4868399 0.6156086 0.1654742
2.814131 -0.01781245 0.9660089 0.6669049 0.7072378 0.1680611
2.347014 0.003099756 1.1606 0.5342646 0.7016936 0.2190389
1.744358 1.335261 0.6433473 0.2530335 0.4673899 0.1219814
2.396515 0.4117421 0.943192 0.4745649 0.5999082 0.1755159
1.852239 1.089599 0.7490474 0.2913062 0.4984712 0.1456333
2.37436 0.6347658 0.8298489 0.4380052 0.557229 0.1529182
1.978096 0.7861092 0.8690685 0.3373636 0.5297104 0.1667815
1.947953 0.8180887 0.9284958 0.3345936 0.5467076 0.1909082
2.367239 0.4575274 0.9002724 0.4637054 0.5901804 0.165702
1.75723 1.23135 0.675248 0.2644603 0.4795615 0.1286172
2.346475 0.2706138 0.9564369 0.4927943 0.6319867 0.1747237
1.965168 1.083529 0.7048536 0.3110818 0.4961237 0.1333148
2.137635 0.8564987 0.8235502 0.3623954 0.5275555 0.1591091
2.091646 0.7247441 0.7869592 0.36633 0.5275607 0.1409822
1.798441 1.274159 0.701144 0.2649485 0.4804155 0.1380469
2.558884 0.4254924 0.9642831 0.5047173 0.6011711 0.1826195
1.730171 1.477904 0.5863205 0.2380766 0.448948 0.1086897
1.96033 0.813511 0.8741642 0.3352004 0.5353862 0.1718944
2.089699 0.7543839 0.8290098 0.3695425 0.5422701 0.157322
1.637847 1.794976 0.5767388 0.2122151 0.4655847 0.120222
1.94453 1.271235 0.6142614 0.2869206 0.4627279 0.11098
2.063137 0.8784469 0.8561199 0.3497306 0.5342049 0.1712506
1.919651 1.208565 0.6149618 0.2877692 0.4658264 0.1095502
1.91125 1.34858 0.6164777 0.2774854 0.4678448 0.1159931
2.948619 -0.1793629 0.9489411 0.7359936 0.7416108 0.156457
2.177037 0.5804515 0.9924774 0.4006513 0.5737471 0.1965507
1.41144 1.962894 0.6061931 0.1867691 0.5013941 0.1413505
2.02568 1.202619 0.725537 0.3069157 0.4887557 0.1429671
1.511544 1.908245 0.5695666 0.1997813 0.4853957 0.1250911
2.327812 0.5175354 0.7868789 0.4350411 0.5491604 0.1326895
1.527342 1.862103 0.5660658 0.2008689 0.4784808 0.1216758
1.943029 1.111135 0.6903354 0.3002066 0.4825415 0.1276655
1.952541 1.326963 0.5989119 0.2828702 0.4596 0.1088589
1.974439 0.6997376 0.8909429 0.3473006 0.5441026 0.1704102
1.892598 0.8797668 1.01722 0.3272363 0.5693133 0.2303059
1.689103 1.545239 0.6289908 0.2335822 0.469142 0.1268887
1.930315 0.8194768 0.8704508 0.327303 0.5314555 0.170406
1.817602 1.276427 0.5825169 0.2656288 0.4544175 0.1019121
2.532696 0.07467432 0.9346632 0.570352 0.6680571 0.1603124
2.034241 1.103696 0.8082315 0.3263238 0.5205988 0.168941
2.060646 0.9768773 0.6351456 0.3279548 0.4731143 0.1059857
2.277536 0.4260266 0.9329277 0.4435227 0.5889377 0.1713528
2.010741 1.148538 0.7006444 0.3046408 0.4808722 0.1321119
1.589726 1.791631 0.5303042 0.206853 0.45333 0.1043242
2.617256 0.5259254 0.752912 0.4986521 0.5567431 0.1266795
2.622535 0.01144512 0.9674256 0.6107336 0.6953366 0.1686475
1.842786 1.274345 0.7027333 0.2750987 0.4868253 0.1399821
1.783937 1.283201 0.7050119 0.2627301 0.4804038 0.1392721
2.710142 0.388112 0.8680858 0.5368137 0.5884076 0.1518986
1.954631 0.8074759 0.7875424 0.3310324 0.5164142 0.1437104
1.723624 1.400616 0.7084251 0.250072 0.4910306 0.1489866
1.950545 0.8244735 0.9111049 0.3354122 0.5441626 0.1853158
1.920581 1.43096 0.5965259 0.2730478 0.4604238 0.1119758
1.947472 0.9432895 0.7481036 0.3206094 0.5077146 0.1395115
1.815351 1.14642 0.7706345 0.2873301 0.5130359 0.1588178
1.522609 1.81719 0.5812141 0.1973114 0.4636145 0.1208932
1.827479 1.713156 0.5513635 0.2376156 0.4476801 0.1068187
1.530299 1.680971 0.6737916 0.2058149 0.4834132 0.1485052
2.280221 0.9060806 0.6106867 0.3841499 0.4914065 0.1004819
2.021181 0.9603475 0.7903453 0.3384688 0.5254103 0.1561306
2.22401 0.5492443 0.766041 0.4253098 0.5607986 0.1318127
2.117798 0.9072887 0.6489736 0.3446488 0.4810686 0.1076598
2.447685 0.6315172 0.7560964 0.4499065 0.5438414 0.1312535
2.524294 0.3105753 0.9194797 0.5188205 0.6142237 0.1643622
1.499179 1.718161 0.7645717 0.2069228 0.522471 0.1909504
1.570247 1.71933 0.6530214 0.2056446 0.4690658 0.1395729
2.259232 0.7556576 0.780501 0.3982426 0.5324888 0.1423162
1.911196 0.9653897 0.7665504 0.3131849 0.5106585 0.1463693
2.941074 -0.2138676 1.065323 0.7462103 0.7706632 0.1873804
2.343393 0.5285257 0.9600146 0.446414 0.5870711 0.1869729
2.732178 0.1731482 1.059498 0.5897277 0.6587921 0.199113
1.991647 1.141206 0.7176211 0.300376 0.4776387 0.1349378
2.080976 0.8125001 0.8629671 0.3536779 0.5303062 0.1674078
2.42423 0.2608142 1.057064 0.5064623 0.6410115 0.2027339
1.874382 1.418218 0.7302377 0.2745192 0.5012189 0.15884
1.8916 1.315852 0.6591844 0.2778714 0.4757605 0.1274155
2.244473 0.4881373 0.9227295 0.4312469 0.5843805 0.1728508
2.110843 0.8779366 0.808387 0.3542907 0.5218179 0.1549796
1.765444 1.239435 0.7468788 0.2626113 0.4863621 0.1499582
1.889505 1.327604 0.6557005 0.2805663 0.4828463 0.1287179
1.436187 2.008227 0.4984427 0.1781082 0.4535457 0.1006776
1.729382 1.595404 0.5909002 0.2374307 0.463027 0.1166336
1.605496 1.630301 0.6718907 0.2155586 0.4734438 0.1431262
1.827702 1.30333 0.6848049 0.2620431 0.4660275 0.1313085
1.75607 1.291815 0.6682853 0.263045 0.481619 0.1297631
1.515705 1.83665 0.5538932 0.1962229 0.4628375 0.1139433
1.653872 1.353619 0.7354935 0.2375527 0.4820365 0.1516195
1.886673 1.060427 0.655904 0.3010524 0.4879403 0.1176736
1.760744 1.142472 0.7489545 0.2711261 0.4932015 0.1471475
1.727529 1.533306 0.6374791 0.2445898 0.4818966 0.1319346
1.956876 1.035247 0.7790517 0.3181066 0.5152953 0.1550022
2.05517 1.253791 0.5835704 0.3026917 0.4543995 0.1012178
3.085508 -0.6031332 1.138184 0.9248771 0.9351966 0.1964162
1.548823 1.824881 0.5269468 0.2023025 0.4598676 0.1056302
2.091827 0.7625935 0.8082165 0.3622202 0.5289472 0.1493598
1.622303 1.599052 0.6156716 0.2194879 0.4618302 0.1233
2.223529 0.7639378 0.9075989 0.3795552 0.5338598 0.1767544
1.873885 1.224105 0.7288763 0.279693 0.4834899 0.1435237
1.970824 1.199568 0.6982031 0.2995193 0.4854547 0.1346609
2.460101 0.5511993 0.8222088 0.4648654 0.5626 0.1461894
1.853181 1.317762 0.7402542 0.2713075 0.4866882 0.152198
2.961567 -0.7207845 1.4296 0.9197865 1.011354 0.2739458
2.180644 0.7399329 0.8060875 0.3869922 0.5395963 0.14968
1.876127 1.371017 0.6134792 0.2711762 0.464503 0.1150033
2.539054 0.4992181 0.857593 0.4832478 0.5697723 0.1533042
2.366302 0.2441417 0.8620094 0.5044207 0.6264075 0.1474675
2.119709 0.788463 0.8009393 0.3595804 0.5178834 0.1463287
2.495557 0.2139329 0.8530286 0.5383059 0.6323873 0.1443764
2.230704 0.8787986 0.6995843 0.3700344 0.4976662 0.1216587
2.45388 0.6147712 0.8478804 0.4472576 0.5513591 0.1548458
1.637765 1.56562 0.662443 0.2263632 0.4771687 0.138868
2.279437 0.3764711 1.034462 0.4605538 0.6232114 0.2032548
1.896413 0.9107259 0.8207595 0.3154724 0.5216685 0.1603507
2.588186 0.3306342 0.7493558 0.5340372 0.5922418 0.1204281
1.774396 1.392403 0.6144116 0.2521561 0.45956 0.1150999
1.989373 0.9236058 0.8493978 0.3172487 0.5036984 0.1638923
1.734531 1.590696 0.6698169 0.235167 0.4720747 0.140595
1.822429 1.169449 0.7375392 0.2730936 0.4824398 0.1430943
1.671813 1.613378 0.5854351 0.2285213 0.4652432 0.1165975
3.048533 -0.2769253 1.081685 0.7992527 0.7999583 0.19108
1.566528 1.4743 0.5935537 0.2210192 0.4613651 0.1129108
2.337416 0.4360331 0.9066699 0.4553954 0.5860216 0.1646171
1.750181 1.357863 0.7101053 0.2555711 0.4890667 0.1469098
1.390233 1.709339 0.6970575 0.1925054 0.5087884 0.1641029
1.303502 2.182613 0.5613205 0.1679796 0.5174644 0.136917
1.919942 0.8418902 0.7930788 0.3247229 0.5193981 0.1479076
1.820442 1.122112 0.8153721 0.2801486 0.5020652 0.1669297
1.634402 1.48301 0.6590855 0.2323066 0.4819882 0.1361714
1.659618 1.667501 0.5620258 0.2226913 0.4587872 0.1105942
1.961498 0.5279215 0.9393311 0.3662871 0.5709359 0.1767433
2.168571 0.7408912 0.7702238 0.3765484 0.5211943 0.1363273
2.190789 0.7347029 0.8273121 0.3840412 0.535082 0.1537138
2.209297 0.5844584 0.7108918 0.4153282 0.5445452 0.1176912
2.558676 0.4786936 0.9081408 0.488795 0.5770694 0.1661788
1.616854 1.690687 0.6020046 0.2181132 0.4700168 0.124412
2.805179 0.05307989 0.8575335 0.648464 0.6755489 0.1415921
2.349049 0.7369195 0.7411993 0.407909 0.5171231 0.1282122
1.868001 1.295697 0.7386044 0.2759132 0.4894464 0.1515971
1.597986 1.844069 0.5280102 0.2064527 0.4591131 0.1064337
1.866226 1.343306 0.7162668 0.2775172 0.4946293 0.148921
2.39656 0.6601944 0.7211393 0.4364158 0.5337041 0.1222984
1.179728 2.753051 0.4097271 0.1401182 0.5378127 0.1003915
2.004214 0.8269481 0.862 0.3335925 0.5200304 0.1654089
1.783023 1.619845 0.6059624 0.2432846 0.470232 0.1236909
1.578231 1.543323 0.6585157 0.2163878 0.4700083 0.1351683
2.221767 0.6234701 0.8981435 0.3966604 0.5469217 0.1673677
2.686261 0.2439693 0.9701289 0.5671492 0.6361641 0.1769596
1.485776 1.72381 0.6378766 0.2005054 0.4848915 0.1398505
1.843619 1.176801 0.7031515 0.2840063 0.4897217 0.1357349
2.12236 0.7178966 0.8866105 0.3804893 0.5555725 0.1736698
1.74466 1.896257 0.5526904 0.226961 0.4727322 0.1171676
1.867268 1.243477 0.7560772 0.2858602 0.5042018 0.1576922
2.231247 0.4581376 1.059317 0.4360166 0.6104922 0.2147341
1.377068 2.195593 0.4880542 0.1680647 0.4699161 0.1042127
2.039312 1.0358 0.8540324 0.3242534 0.5149888 0.1759681
2.021282 0.7152096 0.9483172 0.362311 0.5640165 0.1930907
2.66313 -0.07832238 1.013025 0.6373035 0.7195297 0.1768244
2.277641 0.6860466 0.8914523 0.4081982 0.5527612 0.1716945
2.04785 1.112375 0.713276 0.3189238 0.4919723 0.13604
2.098333 0.8555389 0.6767927 0.3548367 0.5014086 0.1156456
2.408495 0.5785147 0.7421632 0.4598044 0.5576691 0.1271323
1.636798 1.795426 0.5423963 0.2116438 0.4507453 0.1068673
1.969774 0.7261022 0.7255643 0.346962 0.5219771 0.1248399
1.736402 1.447464 0.6193922 0.2451832 0.4639582 0.119361
1.810206 1.293472 0.6007454 0.2694949 0.4682228 0.109619
2.109064 0.8140662 0.7876769 0.3614469 0.5250331 0.1464082
1.780664 1.226804 0.6429101 0.2717971 0.4792185 0.1197435
1.678273 1.526973 0.6845641 0.2369154 0.4870901 0.1462946
2.036655 0.8365701 0.8017199 0.3441907 0.5197979 0.1499045
2.014744 1.206314 0.6319866 0.3068881 0.4750201 0.1153502
2.001226 1.041885 0.717375 0.3218548 0.4973905 0.1340736
2.21018 0.764648 0.7926698 0.3868936 0.5332268 0.1465182
2.263868 0.7265433 0.7854617 0.4031667 0.5372244 0.1429486
1.805278 0.9604676 0.745244 0.293961 0.5030934 0.1386509
1.651065 1.717984 0.7067095 0.2266051 0.5037753 0.1654172
2.34918 0.5080132 0.9407546 0.4411585 0.5735816 0.1762936
2.569425 0.3078284 0.8413043 0.5368616 0.6139071 0.1447352
2.163299 0.5178226 0.9207607 0.4154981 0.5856446 0.1749714
1.549949 1.808049 0.6477577 0.2135176 0.510433 0.1524558
2.164964 0.6322565 0.9656494 0.3881794 0.5581243 0.1889045
1.869759 1.210138 0.6924278 0.2716639 0.4630195 0.1283909
1.583877 1.422279 0.6734843 0.2293255 0.4849977 0.138224
2.085265 1.111213 0.6753787 0.3272985 0.487555 0.1248207
1.888963 1.123106 0.7748179 0.2932011 0.4997135 0.1549014
1.896662 1.324547 0.566209 0.2784386 0.4547806 0.09928849
1.416486 2.099408 0.4820211 0.1746917 0.4638255 0.1001747
2.155318 0.8751069 0.7089917 0.363203 0.5077546 0.1258866
1.838382 1.307886 0.669598 0.2719932 0.4783758 0.1302046
2.000637 1.016453 0.6925602 0.3192358 0.4899654 0.1252548
1.750805 1.592576 0.5593471 0.2369526 0.4534586 0.1066644
2.193327 0.6094855 0.8448515 0.4024606 0.554449 0.1544181
1.963073 1.152502 0.7168634 0.30015 0.4873357 0.1378915
1.751694 1.258592 0.7229512 0.2654918 0.4951769 0.1467372
1.808714 1.027136 0.7900265 0.2870056 0.5034479 0.1544926
2.013685 0.9502486 0.7990604 0.3341135 0.520859 0.1567466
1.974123 1.059356 0.708007 0.3116069 0.4910751 0.1315662
1.812771 1.358764 0.7525768 0.2629812 0.4899329 0.1588205
1.961509 1.031785 0.6656658 0.3100191 0.4825877 0.117812
1.609725 1.584818 0.6469617 0.2249554 0.485248 0.1376193
2.126184 0.8115701 0.7684689 0.3711938 0.5289774 0.1416941
2.078208 0.8513122 0.6797531 0.3508458 0.5011075 0.1161547
3.193042 -0.4881735 1.141717 0.9106681 0.8852327 0.2008341
2.014881 0.7711689 0.8919287 0.3540483 0.5493279 0.1774437
2.181083 0.8833102 0.7023896 0.3681199 0.5075071 0.1245246
2.108209 0.7156066 0.8467463 0.3674171 0.5333697 0.1571395
2.806112 0.1872823 0.871942 0.5998254 0.6271225 0.1458099
1.418344 1.935194 0.6221315 0.190643 0.5126838 0.149054
1.956792 1.179652 0.6657635 0.2945769 0.4724803 0.1223139
1.691494 1.299974 0.7369132 0.2465495 0.4864877 0.1511358
1.641726 1.386866 0.6365661 0.2372566 0.4707305 0.1230309
2.065374 0.7633372 0.8778087 0.3610781 0.5435213 0.1713545
2.347889 0.3726793 0.8954356 0.4774936 0.6078205 0.1618267
1.936896 0.8178996 0.8929572 0.3278993 0.5338381 0.1771884
1.632436 1.510301 0.6612657 0.229885 0.4789759 0.1368128
2.030705 1.026233 0.7752464 0.3281065 0.5100959 0.1520295
2.955734 -0.4554901 1.15927 0.8354389 0.8789641 0.2079587
1.471889 2.216708 0.5466761 0.183081 0.5004625 0.1289123
1.794638 1.449074 0.6744303 0.2539043 0.4757781 0.1371946
4.967851 -2.092523 1.091478 2.897612 2.174445 0.1649637
1.959628 1.270147 0.6212401 0.2873442 0.4621252 0.1127161
1.94104 0.8808469 0.8356818 0.3211547 0.518783 0.161804
2.24269 0.6843899 0.7863445 0.4011529 0.5360964 0.1402791
2.231493 0.9378982 0.7796956 0.364116 0.5074263 0.1473812
1.672783 1.81041 0.5459437 0.2120948 0.4489026 0.1083426
2.061726 0.9825955 0.798638 0.3349896 0.513174 0.1567381
2.498301 0.3101395 0.8404159 0.5108427 0.5988398 0.1414881
2.017496 1.17995 0.6425447 0.3086063 0.47559 0.1169793
2.274202 0.8896776 0.7912923 0.3787346 0.5155136 0.1494993
2.510952 0.1896414 0.9226949 0.5450163 0.6449512 0.1619713
1.999327 0.8641384 0.9953247 0.3373265 0.548783 0.2144912
1.828427 1.307 0.7080152 0.26661 0.4770789 0.1401195
2.033206 0.7849513 0.8573226 0.3482334 0.5315661 0.1643488
2.077179 0.9974975 0.8272364 0.3358738 0.5157039 0.1660775
2.459443 0.2267589 1.165798 0.522563 0.6650771 0.2368324
2.212607 0.6772192 0.8305942 0.3971981 0.5447253 0.1530741
1.791037 1.120209 0.8680886 0.2796639 0.5186386 0.1873007
1.692795 1.42206 0.6564822 0.2420422 0.4765332 0.1315964
1.984562 0.974171 0.8767042 0.3272305 0.5310976 0.1828741
1.985488 0.690228 0.9829846 0.3595319 0.5724109 0.2033536
1.45597 1.852168 0.6228112 0.2005318 0.5128733 0.1467879
2.434479 0.419091 0.8075809 0.4839884 0.5828275 0.1379535
2.051608 1.195708 0.6838968 0.314073 0.4867399 0.1310428
1.758153 1.566474 0.6243261 0.242063 0.4681378 0.1260322
2.586574 0.311235 0.8287135 0.5319436 0.6024067 0.1397235
1.878452 1.220954 0.6073198 0.2824857 0.4662809 0.1081046
1.72498 1.428093 0.5747632 0.2462712 0.455852 0.105187
1.949099 1.185067 0.6721895 0.2944139 0.4784313 0.1258308
2.129147 0.9024868 0.7568402 0.3535517 0.5095835 0.1398308
1.61715 1.898132 0.527437 0.210124 0.4674212 0.1090279
1.949763 0.9713755 0.8586511 0.3135027 0.5157602 0.1733731
1.927221 0.7283018 0.9797462 0.3362614 0.5531575 0.1997153
2.497411 0.6096359 0.7437285 0.464358 0.5454346 0.1270729
1.89766 0.9506459 0.820771 0.3123749 0.5195506 0.1623011
2.833598 -0.06234929 1.068857 0.6715799 0.7204156 0.1930111
1.794348 0.9807903 0.720906 0.2956054 0.5067574 0.1341874
2.164071 0.7078909 0.8355794 0.391986 0.5522111 0.158132
2.763301 0.223988 0.8732483 0.5914761 0.63074 0.1497425
1.621332 1.72708 0.5544743 0.2197584 0.4685112 0.1120935
2.321135 0.462648 0.9316202 0.4505352 0.5893812 0.1741945
2.114659 0.6998948 1.006556 0.3705254 0.5564174 0.2058347
2.505616 0.1163117 1.07628 0.5477432 0.6671397 0.1999891
1.885357 1.60877 0.5494124 0.2531051 0.450273 0.1039958
2.314503 0.7806475 0.7615326 0.3970254 0.517418 0.1357977
2.357589 0.6903432 0.6232743 0.4279898 0.5166379 0.0981587
2.041311 0.7591008 0.847573 0.353881 0.5345385 0.1606958
1.435378 1.905074 0.589973 0.1898033 0.4939617 0.1336769
1.805151 1.465736 0.6057974 0.2531238 0.4589187 0.1152059
2.085165 0.7988014 0.9322683 0.3540308 0.5378494 0.1875089
1.429711 1.969507 0.5583442 0.1760131 0.4583571 0.1174791
2.308531 0.7568811 0.8372391 0.4060387 0.5407709 0.1593195
2.165427 0.4791649 0.9619907 0.4202838 0.5953555 0.185436
1.930495 1.454599 0.6902616 0.2737426 0.4812104 0.1433681
1.969087 0.6371043 0.9316386 0.3542576 0.5556855 0.1792792
2.179831 0.7351979 0.7057197 0.3854702 0.5213686 0.1203864
1.831804 1.001901 0.8233301 0.2956379 0.5151344 0.1652282
1.764115 1.546396 0.5767547 0.2428347 0.4586044 0.1107412
2.111921 1.053099 0.6680304 0.3356308 0.4857999 0.1197848
2.360547 0.4409471 1.086066 0.4576403 0.6067199 0.2191797
1.629356 1.905431 0.529568 0.207569 0.4565661 0.1072918
2.790195 0.1700351 0.8920052 0.6144037 0.6503274 0.1540595
1.379904 1.945102 0.5578184 0.1759121 0.4731605 0.1202183
1.633858 1.507044 0.6033 0.2273236 0.4590655 0.1159466
1.828486 1.283713 0.6863257 0.2745881 0.4883974 0.13633
2.0551 0.9961775 0.7762377 0.3317641 0.5066456 0.1496505
1.878522 1.307722 0.6207637 0.2744039 0.4626016 0.1139407
2.013998 0.5796211 0.9503677 0.3777531 0.5787218 0.185979
2.257443 0.6824637 0.7187638 0.4059967 0.5278931 0.1218316
1.85327 1.478851 0.7573715 0.2709112 0.5114478 0.1727312
2.048428 0.8881309 0.8307226 0.3482835 0.5322406 0.1641887
2.139471 0.7969624 0.8398349 0.3686266 0.5329313 0.1607441
2.261193 0.9456401 0.8319642 0.3672388 0.5135464 0.1634226
2.642406 0.3282436 0.7554418 0.5389929 0.5857815 0.1205551
1.952271 0.9737889 0.823845 0.3173376 0.5150658 0.1633358
2.092503 0.7898118 0.7501514 0.3620085 0.5208137 0.1341782
3.483806 -0.7351538 1.049189 1.102395 0.9824168 0.1686123
1.784997 1.137441 0.7790899 0.2768975 0.5023522 0.157738
2.027145 1.073447 0.6729049 0.3188126 0.4838938 0.1216249
1.957585 1.298925 0.6868292 0.2878456 0.4781896 0.1345278
2.287527 0.9743318 0.7007019 0.3734681 0.4988675 0.1270768
2.078045 0.8013416 0.8458276 0.362034 0.5401237 0.1644501
1.573203 1.763559 0.670251 0.2141454 0.4973218 0.153642
1.833645 1.06307 0.8598869 0.2953531 0.5269784 0.1833541
1.924428 1.00251 0.7459788 0.3120027 0.505137 0.1416618
2.066112 0.9300748 0.8532289 0.3430959 0.5272466 0.1720507
2.077939 0.9404377 0.7457187 0.3383338 0.499609 0.1366101
2.410891 0.4472651 0.9664314 0.4755831 0.6032615 0.1857341
2.084761 0.9497852 0.797879 0.3417147 0.514376 0.1547897
1.547574 1.789461 0.5553239 0.2033092 0.4688124 0.1149292
2.03075 0.8897026 0.7579487 0.3406131 0.5143639 0.1405632
2.135484 0.76517 0.8042072 0.3674997 0.5234066 0.1468668
1.579884 1.508391 0.5771081 0.2221407 0.4623769 0.1101375
2.509039 0.4105432 0.7972397 0.4966521 0.5775603 0.1337727
2.218302 0.7697322 0.7954414 0.3823443 0.5241315 0.1452
2.404726 0.3275908 0.8155867 0.4930289 0.598364 0.1367707
1.852318 0.8326098 0.9254087 0.3142524 0.5392548 0.1885167
2.317 0.4162225 0.9619447 0.4506248 0.5911625 0.1786119
2.031303 0.9219053 0.7638867 0.3331224 0.5070267 0.1423841
2.144196 1.028832 0.6639192 0.3392724 0.4822961 0.1171648
1.894356 0.66965 0.8436232 0.340556 0.5465694 0.1563223
2.032518 0.9452848 0.789697 0.336701 0.5178543 0.1530709
1.881182 1.29747 0.6837916 0.2784698 0.483482 0.1352807
2.677972 0.06297113 1.148362 0.6107956 0.705758 0.2242155
1.734271 1.459888 0.6165114 0.2468968 0.4703413 0.1205791
1.966235 1.479917 0.5312051 0.2743752 0.4432189 0.09376553
1.901357 1.425146 0.6299303 0.2679467 0.462144 0.1209003
2.624962 0.2300571 1.094795 0.5485677 0.6432991 0.2101505
1.626187 1.820087 0.5575326 0.2125805 0.4675039 0.1156854
2.446273 0.5070211 0.804734 0.4564308 0.5495716 0.1362591
1.963796 0.7605595 0.9832679 0.3478253 0.5665772 0.2081248
2.379597 0.5253479 0.75107 0.4533956 0.555392 0.1258595
2.294998 0.4975879 0.9288369 0.4320022 0.5725652 0.1720695
1.805083 1.421665 0.6156666 0.253569 0.4580543 0.1162201
1.654499 1.558948 0.7204169 0.2280707 0.4887192 0.1591937
2.289601 0.7559351 0.7220829 0.3987598 0.5155833 0.1240936
2.07688 1.061837 0.6394156 0.3264652 0.4782143 0.1118313
1.90212 0.9218269 0.8710629 0.318785 0.5341361 0.1784531
1.638192 1.667752 0.5942703 0.2240467 0.4692174 0.1209852
2.144076 0.7911808 0.8382288 0.373996 0.539034 0.1614657
1.82309 1.428965 0.5992563 0.2585047 0.4608842 0.1128676
3.418772 -0.4781803 1.040969 0.9780568 0.873817 0.1745118
1.788625 1.507385 0.6857628 0.2479874 0.4761784 0.1430422
2.468286 0.1992706 0.9799781 0.5214513 0.6345754 0.1748881
1.803918 1.346238 0.6796231 0.2591737 0.4705878 0.1328038
1.635943 1.544472 0.6643754 0.2294497 0.4810649 0.1394308
1.795577 1.191856 0.706119 0.264204 0.4728664 0.1339089
1.848314 1.287775 0.7498962 0.2763105 0.4979297 0.156902
1.625418 1.668638 0.5935748 0.2145785 0.4560142 0.11837
2.192652 0.7452244 0.7823264 0.3865368 0.5319265 0.1420013
2.075742 1.136846 0.7041127 0.3213312 0.4894137 0.134157
1.731836 1.050187 0.7547209 0.2724204 0.4967298 0.1447938
2.349151 0.6062072 0.9207301 0.4316278 0.5648968 0.1765546
1.773629 0.89822 0.8234621 0.299387 0.5285209 0.1619858
2.189194 0.8800878 0.7076031 0.362122 0.4966827 0.1233572
1.935931 1.006963 0.7186736 0.30864 0.4932605 0.1322019
1.621985 1.781715 0.5184077 0.2130978 0.4549324 0.1012853
2.038503 1.112489 0.6642431 0.3139677 0.4775184 0.1201018
1.534007 1.96299 0.5564936 0.1936691 0.4702806 0.1195813
2.184548 0.728047 0.8477584 0.3913061 0.5501479 0.1624401
1.481921 1.861 0.6302508 0.1947521 0.4906226 0.1435657
2.400707 -0.02173356 0.9995976 0.5615923 0.701481 0.1748062
2.291883 0.7912769 0.8331437 0.3988373 0.5369455 0.1595561
1.964088 1.052683 0.7929042 0.3139569 0.5127782 0.1597039
2.224844 0.7134613 0.7881511 0.3913193 0.5297951 0.1411778
2.061103 0.980626 0.773329 0.3343422 0.5084295 0.1486316
1.668953 1.454932 0.6295771 0.2345591 0.4657736 0.1229212
1.638821 1.722872 0.6120876 0.2219196 0.47631 0.1294896
2.420707 0.6480583 0.9719633 0.4299067 0.554705 0.1909369
2.024766 0.8622684 0.902087 0.3446885 0.541562 0.1850225
2.334128 0.885538 0.755546 0.3845193 0.5039883 0.1373265
1.649229 1.603028 0.6024708 0.2276867 0.469259 0.1214327
2.028552 1.016825 0.8158589 0.3319119 0.5232319 0.1663761
1.523139 1.800548 0.5203652 0.1973044 0.451226 0.1016025
1.888225 1.314857 0.6535879 0.2757917 0.4706183 0.1245803
1.811383 1.409169 0.7735962 0.2679614 0.5091373 0.1730252
2.182142 0.8563467 0.7553211 0.3710497 0.518379 0.138861
1.765256 1.41504 0.5368402 0.251699 0.4493117 0.09446328
2.160179 0.6662378 0.8408966 0.3900598 0.5489792 0.156064
3.12524 -0.20428 1.09147 0.7917623 0.7728652 0.1955544
3.139281 -0.5461801 1.11886 0.9121941 0.8997662 0.1911235
2.052413 1.123673 0.7117553 0.3219084 0.495473 0.136857
2.072034 0.5836656 0.8213163 0.3833104 0.5533226 0.1463138
1.806005 1.136551 0.7500252 0.2792604 0.4937844 0.1470661
1.897811 1.376198 0.6428512 0.2777418 0.4774405 0.1258569
1.93837 1.252484 0.6282169 0.2915387 0.4718781 0.1155159
2.070347 1.006678 0.6754479 0.3336974 0.489135 0.1200658
1.589607 1.56384 0.6740484 0.2146372 0.4699721 0.1406246
2.194728 0.8094352 0.7433195 0.3814673 0.5225503 0.1337629
1.992714 0.9161389 0.8101878 0.3327524 0.5227934 0.1581273
1.519959 1.580963 0.67435 0.209535 0.4814995 0.1442072
2.682448 0.4663061 0.7229082 0.5265547 0.5652425 0.1176335
1.526495 1.739595 0.5184529 0.1934518 0.431653 0.0958335
2.119714 0.7063805 0.8922817 0.3793641 0.5544024 0.1740515
2.135029 0.8501838 0.8051023 0.3634341 0.5260265 0.153307
2.285731 0.7819743 0.9500977 0.3962408 0.5514429 0.1955536
1.749168 1.390339 0.7386293 0.2533107 0.4913361 0.1568545
1.907129 1.031842 0.8140794 0.3033742 0.5095584 0.1631245
1.806062 1.350668 0.6508028 0.2585161 0.4659072 0.1244536
2.786278 0.07974815 0.8439613 0.6374197 0.666711 0.1387426
1.86849 1.233894 0.6594468 0.2805603 0.4751605 0.1235267
1.586711 1.65741 0.5878575 0.2129235 0.4641505 0.1186236
1.851691 1.096086 0.842206 0.2894094 0.5112717 0.1755927
2.337798 0.45404 0.959669 0.4528186 0.5905633 0.1809514
2.394562 0.4183426 0.9539559 0.461665 0.5854382 0.1754599
2.42091 0.2641405 1.109754 0.4893183 0.6239941 0.2122105
1.732406 1.628601 0.5348539 0.2320417 0.4469942 0.09999417
2.130579 1.09703 0.7174979 0.3331944 0.4922306 0.1362852
1.594869 1.482769 0.6615023 0.2274173 0.483893 0.1372893
1.799443 1.289841 0.6670498 0.2670236 0.4785899 0.1289587
2.237623 0.6999211 0.820195 0.396907 0.5374677 0.1500587
1.614012 1.495647 0.6030805 0.2213441 0.4520955 0.1141821
2.721551 0.4711891 0.7466658 0.5336568 0.5681136 0.1239137
1.308277 2.213736 0.5405353 0.1721268 0.5331956 0.1349741
2.117634 0.5534245 0.9309859 0.3990109 0.5777019 0.1785058
1.657137 1.541504 0.6520315 0.2267127 0.4681832 0.1329627
1.861224 1.334592 0.5759923 0.2679764 0.4518855 0.1018504
1.826492 1.587933 0.6210984 0.249076 0.4666233 0.1256876
2.003741 0.9386936 0.7474731 0.3291113 0.5066529 0.1389586
1.78676 1.139919 0.6576917 0.2791235 0.4846503 0.1209363
2.504459 0.524921 0.7976496 0.466561 0.5485449 0.1354545
1.971526 0.6544859 0.8670636 0.3452251 0.5331667 0.1579081
2.267927 0.74762 0.8414514 0.403022 0.5460072 0.1610361
2.098886 0.9163694 0.8632233 0.3527072 0.535284 0.1764726
1.940083 1.135967 0.7420315 0.2978846 0.490431 0.1443256
1.830696 0.8807239 0.905318 0.3047664 0.5320512 0.1847695
2.274162 0.5628367 0.9409908 0.43169 0.5845829 0.1839173
1.743986 1.460466 0.6237607 0.2488133 0.4735311 0.1233762
2.143808 0.7635717 0.757368 0.3791417 0.5304066 0.1363156
1.686471 1.012348 0.9973592 0.2703931 0.5367002 0.223697
2.102084 0.7092113 0.9405194 0.3765669 0.5625264 0.1900834
1.277114 2.35973 0.5121777 0.1604684 0.5224313 0.1254367
1.963241 1.180335 0.7388871 0.2995612 0.4910822 0.1458695
1.755908 1.351057 0.7032903 0.2598903 0.489436 0.1440387
1.755618 1.318315 0.6045493 0.2569298 0.4614397 0.1099779
1.98309 0.855881 0.742483 0.3367538 0.515112 0.1347666
1.910088 1.063806 0.7908411 0.2996757 0.5033546 0.1571999
2.045058 0.8636139 0.6869076 0.3471413 0.5046697 0.1189875
2.04064 1.088169 0.6391359 0.3171767 0.4740787 0.1119702
2.063123 0.8121221 0.9646337 0.3596642 0.5588536 0.2044157
2.956499 -0.3912322 1.20073 0.795592 0.8368598 0.2167465
2.184559 0.8887124 0.740376 0.3656204 0.5098448 0.1348982
1.798975 1.443943 0.6470132 0.2586117 0.4771865 0.129617
2.050769 0.9225691 0.7852199 0.3451918 0.5243801 0.1522507
2.835797 0.07879732 0.844968 0.6552166 0.6738746 0.1401519
2.692045 0.01201784 1.084476 0.6226015 0.7059396 0.2012721
2.443071 0.1812941 0.9354082 0.5331497 0.6509951 0.1660034
1.920348 0.9222411 0.8334418 0.3145167 0.5166737 0.1633074
2.358712 0.2735318 1.203703 0.480118 0.6406964 0.2447368
1.757901 0.8842255 0.950173 0.2906979 0.5345996 0.1986107
2.038793 0.9612932 0.6793186 0.3290056 0.4875949 0.1187369
2.100615 0.9297746 0.7241144 0.3388364 0.4929837 0.1295338
1.969357 1.035576 0.6788281 0.3127664 0.4874099 0.1222185
2.440356 0.1865372 0.99487 0.527166 0.6521302 0.1819348
1.541254 1.487042 0.6705664 0.218306 0.4836689 0.1401226
2.457406 0.2630305 0.9287943 0.5159642 0.62707 0.1657113
1.885379 0.9550017 0.7612205 0.3108409 0.5114276 0.1444512
1.929281 1.217356 0.6961758 0.2829551 0.4702293 0.1315464
1.664926 1.615609 0.6443688 0.2291393 0.4821697 0.137374
2.084857 1.030599 0.7230854 0.3358488 0.5010602 0.1362334
1.903359 1.296127 0.7072753 0.2798328 0.4802303 0.1402643
1.793313 1.627503 0.5373244 0.2461444 0.4549684 0.1016891
1.668339 1.155771 0.8861974 0.2623529 0.5285769 0.198195
2.292659 0.7993705 0.7304015 0.394491 0.5145741 0.1283758
2.562537 -0.2062827 1.177065 0.6347125 0.7640024 0.2152482
2.210391 0.7117156 0.7518796 0.3879264 0.5220904 0.1303464
1.860538 1.344621 0.6403641 0.2685808 0.4656391 0.1212025
1.789034 1.315368 0.6555372 0.2663673 0.4829376 0.1281857
1.839235 0.9887063 0.764796 0.29726 0.5059036 0.1461816
2.012144 0.8622779 0.811856 0.3421619 0.526194 0.1556523
1.94473 0.9089919 0.7699031 0.3264575 0.5169887 0.1451721
2.158903 0.6790555 0.9056166 0.3894845 0.5586005 0.1767077
2.260224 0.6960162 0.8022884 0.4093663 0.5462666 0.1472135
1.709595 1.412239 0.8119851 0.2417341 0.4936184 0.1802501
2.204375 0.7906601 0.9168188 0.3870533 0.553757 0.1871085
2.451794 0.4394403 0.837204 0.4770531 0.5752172 0.1449811
2.134952 0.686912 0.8629674 0.381408 0.5472589 0.1628224
1.715588 1.278786 0.7553698 0.2573721 0.499773 0.1585499
2.611269 0.3936842 0.8603235 0.5202925 0.5915229 0.1511044
1.866387 1.25678 0.6579449 0.2810149 0.4823238 0.1261507
2.003602 1.318064 0.5349756 0.2930506 0.4518273 0.09155649
2.056553 0.9611303 0.8868742 0.3394076 0.5330872 0.1858316
1.436438 1.812473 0.6393646 0.1953666 0.5013272 0.147372
2.392797 0.4465027 0.8504829 0.4645794 0.5773987 0.1494155
2.08772 0.9113122 0.7252814 0.3494313 0.5099989 0.1323862
1.425314 1.785202 0.5718659 0.1910644 0.4725724 0.1191961
1.923496 1.234672 0.6799642 0.2814863 0.469704 0.128166
2.242936 0.6305585 0.7827255 0.4155591 0.5510106 0.1390603
1.641408 1.454425 0.6146893 0.2269833 0.4566413 0.1171347
2.259898 0.6115908 0.8640227 0.4191471 0.5629876 0.1614371
1.804765 1.238445 0.7257736 0.270937 0.488855 0.1449495
2.414511 0.4529853 0.8425639 0.46219 0.5667877 0.1454134
2.002948 0.947449 0.8190173 0.329554 0.5186526 0.1613643
2.081419 0.6848032 0.7724919 0.3682745 0.5259458 0.1343317
1.796729 1.436339 0.6049287 0.2536742 0.4628443 0.1152714
2.061609 0.9727398 0.6646657 0.3297763 0.4840398 0.1152945
1.734649 1.433485 0.6482977 0.247423 0.4755669 0.1296157
2.369275 0.2682318 0.8435151 0.5026255 0.622238 0.1440476
2.516806 0.08300059 0.8927151 0.5593869 0.6531529 0.1480138
1.753757 1.21014 0.7236211 0.267624 0.4934952 0.1440942
1.703454 1.84056 0.572458 0.2235705 0.4706451 0.1205538
2.30427 0.5797588 0.7503122 0.4326894 0.5496519 0.1276781
1.825594 0.91051 0.8105574 0.3088854 0.52945 0.1595675
2.823199 -0.07001165 1.048777 0.6717373 0.7202973 0.1869306
1.968013 1.118868 0.7121262 0.3098644 0.4977444 0.1373354
2.232511 0.6451794 0.8904949 0.4085809 0.5618058 0.1707678
1.813419 1.512582 0.6735615 0.2547691 0.4822355 0.1415049
2.104728 0.6963575 0.9191702 0.3803704 0.5633289 0.1831947
2.167247 1.048388 0.6685141 0.3447722 0.4863864 0.1198542
2.016921 1.075453 0.6076749 0.3137881 0.4683452 0.1029096
2.314065 0.7683335 0.852175 0.4001628 0.5346191 0.1625732
2.015924 1.204785 0.7112132 0.2933412 0.4654696 0.1334058
2.080179 0.9025937 0.7349702 0.3438562 0.5028429 0.1326378
2.037918 1.026336 0.7119674 0.3204754 0.4855942 0.1295624
1.935954 0.9474489 0.7671971 0.3164773 0.5078787 0.1448678
2.047929 1.031569 0.6950516 0.3278399 0.4914504 0.1266834
2.238961 0.6318996 0.7453925 0.4098693 0.5384136 0.1274291
2.382088 0.2103352 1.010819 0.5059433 0.6439667 0.1864096
2.282145 0.2153721 1.147296 0.4779874 0.6509908 0.2255757
2.294895 0.416724 0.8811461 0.4493862 0.5842291 0.1562322
1.83276 1.328137 0.7082391 0.2698882 0.4891382 0.1449558
2.085706 0.6750659 0.8819937 0.3668675 0.5404169 0.1652904
2.187211 0.9570738 0.6620397 0.3585257 0.4920362 0.1151518
2.086051 1.367487 0.5432182 0.2934105 0.4382963 0.09260811
1.599617 1.679531 0.5403806 0.2150691 0.454334 0.1040154
1.538223 1.551286 0.6125518 0.2161967 0.4713576 0.1226366
2.167016 0.9223126 0.9333287 0.362757 0.5433992 0.1996205
2.305634 0.6313185 0.8339922 0.4206598 0.5512688 0.1524059
2.128914 0.61458 0.8403613 0.3919258 0.5550267 0.1535356
1.986765 1.100186 0.7232721 0.3063139 0.4866409 0.13672
2.146782 0.9105024 0.7361498 0.3545572 0.5045144 0.1339182
1.919593 0.8880581 0.8604472 0.3184314 0.5232298 0.1699281
2.142323 0.665136 0.7629206 0.3808737 0.5285011 0.1317843
2.080568 0.8268455 0.929812 0.3597882 0.5523079 0.19385
1.866473 1.262655 0.6605205 0.2819372 0.4820649 0.1266457
2.163966 0.9022697 0.7647121 0.3656603 0.519814 0.1442015
1.51928 1.592012 0.6206399 0.2109057 0.4761602 0.1279478
1.837931 1.115438 0.8554532 0.2880414 0.518012 0.1829943
1.667628 1.610444 0.6375592 0.227247 0.4748278 0.1333959
1.689574 1.697817 0.5831844 0.2198 0.4486484 0.1145903
1.992658 0.8867235 0.7868977 0.3357204 0.5221956 0.1500235
1.975849 0.8988569 0.8634368 0.3247269 0.519509 0.1705052
1.547636 1.490965 0.5908268 0.2231644 0.4744829 0.115568
1.968009 1.124439 0.6548216 0.2981966 0.4686895 0.1164514
1.573909 1.64996 0.6380354 0.2109261 0.4689899 0.1330609
2.164196 0.7655847 0.8762878 0.381258 0.5475566 0.1721265
1.725214 1.467367 0.6283945 0.2397507 0.4638255 0.1229343
1.525428 1.973688 0.5617528 0.1978234 0.4848458 0.124441
2.333005 0.8132981 0.7417945 0.3971126 0.511906 0.1313841
1.843588 1.26957 0.6776487 0.2740351 0.4796457 0.1312218
2.203799 0.2614119 1.143975 0.4609817 0.6530931 0.2306639
1.940072 1.321732 0.5907586 0.2854117 0.4636046 0.1072385
1.883379 1.535574 0.5233735 0.2608211 0.443801 0.09345092
1.748558 1.515598 0.7549396 0.2567645 0.5183878 0.1758586
2.625982 0.03191153 0.9960401 0.6006308 0.6866008 0.1758392
