2.627332 2.589754 0.6022078 0.3562938 0.6380526 0.190239
2.847445 2.177081 0.7059231 0.3950315 0.5944321 0.2102722
3.437155 1.510274 0.9221347 0.526747 0.5709018 0.2510317
2.716705 2.244684 0.6859164 0.3772736 0.6067453 0.2087427
3.231787 1.48464 0.9760991 0.4841272 0.5640616 0.2667342
3.35809 1.726231 0.8049746 0.4806079 0.5478323 0.2131414
3.080554 1.862309 0.8153278 0.4442144 0.5775661 0.234166
3.30165 1.770578 0.7707642 0.4769853 0.5530197 0.2046866
3.281151 1.645985 0.8628281 0.494323 0.5761584 0.2406701
3.267902 1.891132 0.7788236 0.4373302 0.5344394 0.2067827
2.587409 3.059223 0.4747764 0.3890992 0.7849288 0.1746746
2.756855 2.16841 0.6931738 0.3937668 0.6065642 0.2087328
3.171083 1.646831 1.024322 0.4775572 0.6001714 0.3129874
3.36882 1.614532 0.927453 0.4891772 0.5561495 0.2533814
3.054877 1.973749 0.9115671 0.5031739 0.7046483 0.3325219
2.499544 2.686589 0.5411685 0.3332483 0.6323318 0.1657706
2.70459 2.648524 0.5616004 0.3502638 0.6121711 0.1683534
2.843047 1.965055 0.90907 0.4287558 0.6437312 0.3044049
2.158309 3.005243 0.5383451 0.3392638 0.8176343 0.2104902
2.894842 1.957566 0.9143302 0.4356901 0.6422241 0.3057475
3.18449 1.603728 1.042013 0.4919155 0.6102998 0.3215987
2.694351 2.326933 0.6896024 0.4031663 0.673346 0.2337718
2.948232 1.811316 1.01811 0.4631697 0.658144 0.3503815
3.166256 1.68005 1.007537 0.4927602 0.6242969 0.3200465
3.969192 1.073595 0.9779143 0.6512204 0.5555339 0.2300272
3.050508 1.69039 0.9238392 0.4177298 0.5364998 0.2489147
3.815488 1.176078 1.048011 0.6334869 0.586024 0.2751261
4.821082 0.3069446 1.577413 1.01356 0.7059842 0.3964368
3.434392 1.162941 1.172128 0.5522895 0.5813429 0.3164287
2.597387 2.798015 0.5178383 0.3539615 0.660653 0.1637808
3.200456 1.742012 0.9321379 0.4776818 0.6011881 0.2840185
3.620803 1.099571 1.20436 0.592001 0.5846697 0.321913
2.542844 2.607578 0.6585653 0.3874828 0.7376594 0.2443794
3.126243 1.876077 0.7089088 0.4302964 0.5334203 0.1815813
2.89157 2.151788 0.7211343 0.393377 0.5814654 0.2111824
2.556325 3.147623 0.4151667 0.3327937 0.6618158 0.1242338
2.716458 2.370671 0.6385924 0.3779407 0.6208204 0.1968834
3.062706 1.677397 0.8650015 0.4416589 0.5558694 0.2353456
2.788299 2.26989 0.5723529 0.3506018 0.5276847 0.1455866
3.184927 2.006957 0.7789451 0.4407851 0.5720789 0.2241868
2.844454 2.20574 0.7108971 0.3877338 0.5896373 0.2112285
2.486195 2.628348 0.5767312 0.350348 0.6617281 0.1862337
2.841472 2.107461 0.7634003 0.4138838 0.6261482 0.2425926
3.281455 1.722263 0.8132101 0.4697628 0.5504648 0.2171718
2.670806 2.502377 0.6692492 0.3669191 0.6483508 0.2203033
3.536416 1.672178 0.8154933 0.5105606 0.5464052 0.2137572
2.42943 2.911349 0.498726 0.3099762 0.6357665 0.1513254
2.790798 2.371127 0.7172103 0.4183988 0.6878612 0.2511918
2.776948 2.445841 0.5974565 0.3845481 0.6216913 0.1820247
3.133782 1.738397 0.9116075 0.4706066 0.5966188 0.2724096
3.336596 1.275556 1.204519 0.5487961 0.6166323 0.359412
3.127859 1.760494 0.8753778 0.4627798 0.5859515 0.2553544
3.309992 1.870179 0.6279426 0.4403642 0.49844 0.1452498
2.245937 3.317857 0.4412025 0.3528114 0.8593437 0.1720849
3.116355 1.73652 0.8848334 0.4562487 0.5792919 0.2555867
2.731227 2.379802 0.6152813 0.3610992 0.5884269 0.1791916
2.24141 3.465077 0.4034847 0.3280214 0.8295232 0.1492139
4.359421 0.6825409 1.62057 0.8226906 0.6692078 0.4641066
2.936969 1.938113 0.7689896 0.4062509 0.5607923 0.21465
3.360755 1.696454 0.8100388 0.4797131 0.545707 0.2134541
3.481421 1.474761 0.9598685 0.5094539 0.5456998 0.2521181
3.530113 1.497312 0.8354362 0.5240967 0.5372009 0.2074905
2.42332 2.856458 0.5389048 0.3556368 0.7280127 0.1883356
2.38887 2.917 0.5349028 0.3383667 0.7140508 0.1833767
2.589673 2.500225 0.6399176 0.3572287 0.6453213 0.2074332
3.023551 1.967881 0.7277166 0.4080018 0.5420042 0.1941537
2.933681 1.985617 0.9199872 0.4452275 0.6560351 0.3162696
2.679733 2.578524 0.5690367 0.370337 0.6345218 0.1752067
3.367496 1.552318 0.8086021 0.4649025 0.5034281 0.190626
3.230871 1.820321 0.8194391 0.469767 0.5779171 0.2343971
2.493477 2.993351 0.4861207 0.3571631 0.7230427 0.1647199
3.453502 1.480848 1.091476 0.5443307 0.608512 0.3304923
2.976802 1.981862 0.7418815 0.4170362 0.5708093 0.2097246
2.852609 2.21829 0.6509031 0.4071743 0.6092091 0.1948675
2.939434 2.095963 0.6348275 0.385225 0.5342301 0.1644663
2.850484 2.335684 0.5537353 0.3528314 0.5193458 0.1376301
2.398403 2.76695 0.5135844 0.3376094 0.66609 0.1620131
2.86751 1.810598 0.8082433 0.4064565 0.5591757 0.222838
3.603517 1.466948 0.9561286 0.5385594 0.5556802 0.2543128
2.846269 2.21918 0.6376517 0.3776359 0.5587705 0.1746053
3.938671 1.228673 0.9115221 0.621254 0.5432925 0.2164539
2.558467 2.333167 0.6955789 0.3624519 0.6394562 0.2253554
3.101561 1.916747 0.6841633 0.4053241 0.513564 0.1698776
3.118076 2.012087 0.7058093 0.4285823 0.5582395 0.1935354
2.667409 2.228277 0.669976 0.3737737 0.6058177 0.2018394
2.7169 2.364685 0.5996975 0.3337617 0.5444843 0.16203
2.682408 2.729761 0.5476864 0.3931618 0.7102375 0.1883701
2.302987 3.144196 0.517842 0.3470125 0.807012 0.1975072
3.937154 0.9028729 1.319794 0.691684 0.6189394 0.3580038
3.528048 1.279057 1.024498 0.5505486 0.5612598 0.2657401
3.134581 1.656568 0.9722703 0.4558408 0.5717381 0.2796673
3.268778 1.904229 0.6393397 0.4201803 0.4892156 0.1475134
3.845391 0.9717896 1.301254 0.6641368 0.6146802 0.3581413
2.593 2.743256 0.5171766 0.3260406 0.613004 0.1541931
2.951763 1.76101 0.8740745 0.4201659 0.5676342 0.2488315
2.932669 1.842624 0.835719 0.419414 0.5778445 0.2423156
2.561572 2.419057 0.6272685 0.3391541 0.59091 0.1836147
3.044592 1.985942 0.6899543 0.4303419 0.5657363 0.1891352
3.228755 1.682846 0.8249774 0.4703493 0.5535367 0.2198922
3.50446 1.295041 1.095904 0.565482 0.5957529 0.3096763
3.257084 1.834238 0.6810503 0.4396378 0.5099204 0.163753
3.583482 1.350945 0.8983833 0.5480889 0.5407676 0.2199428
3.074064 2.149716 0.6237563 0.4051496 0.5363382 0.1613648
2.788384 1.97858 0.8668833 0.4189505 0.6359176 0.2834708
3.670181 1.455689 0.9515562 0.549952 0.5554399 0.2519825
2.533811 2.715536 0.5493868 0.3663624 0.6978298 0.1858949
2.898632 2.204214 0.5763037 0.3718653 0.5280039 0.1456478
3.269274 1.98256 0.738843 0.4658951 0.5771352 0.2100863
3.085679 1.812057 0.7146209 0.4309941 0.5309046 0.1800903
3.703499 1.26832 1.051987 0.569228 0.5535842 0.270663
3.115103 1.808888 0.722422 0.4219502 0.5206867 0.1804624
2.006568 3.335009 0.4261506 0.3352271 0.9174102 0.1759946
3.817148 0.9126205 1.222799 0.6382864 0.5786733 0.3050857
2.939137 2.215239 0.6617763 0.4318581 0.6341322 0.2073918
3.394293 1.41012 1.071009 0.5335796 0.5926532 0.3086067
3.556386 1.427142 1.054247 0.5509811 0.5854496 0.3007331
3.192011 2.080895 0.6080782 0.4215112 0.5212849 0.1503041
2.200126 3.376331 0.385239 0.2880838 0.703996 0.1197587
2.859383 2.403181 0.6101207 0.3793967 0.5824315 0.1741672
2.607677 2.655185 0.5734757 0.3405952 0.6136005 0.172071
3.520557 1.191084 1.099958 0.5553144 0.564405 0.2853005
2.34337 3.166696 0.4608504 0.3209053 0.7240024 0.1548617
3.020247 1.981082 0.6269552 0.3948483 0.5044275 0.1494326
2.967641 1.982374 0.709875 0.4042861 0.5497665 0.1915048
3.565413 1.166067 1.151344 0.5710849 0.5762754 0.30651
2.799575 2.666951 0.5143783 0.3772841 0.6251922 0.1532492
3.233078 1.805767 0.7489841 0.442369 0.5296576 0.1919736
3.387604 1.269612 1.093623 0.539771 0.5816932 0.2988462
4.258083 0.8555685 1.138255 0.7424453 0.5860137 0.2726209
3.426035 1.489113 0.9702814 0.5252508 0.5773876 0.2705907
3.205074 1.747288 0.8883703 0.4866426 0.6003037 0.2651421
2.769553 2.151342 0.6759979 0.3746545 0.5672706 0.1895368
3.499074 1.23581 1.361143 0.5910089 0.6454809 0.4352181
3.300225 1.945999 0.7818678 0.4867011 0.600902 0.2336492
2.451204 2.751932 0.5747182 0.3911793 0.7826894 0.2188378
2.811639 2.414192 0.651109 0.3899928 0.6328066 0.2066738
2.622544 2.561884 0.6038145 0.3595885 0.639368 0.1908198
2.72483 2.255703 0.7589792 0.4097095 0.6753235 0.2627738
3.054187 1.893192 0.768169 0.4194404 0.5453985 0.2064995
3.035631 2.164047 0.6162844 0.3979878 0.5412988 0.1615862
3.333064 1.155499 1.529346 0.5627567 0.6487787 0.4965492
3.764704 1.270286 1.016236 0.5881559 0.5618385 0.2631861
3.094491 1.787198 0.8638998 0.446834 0.578399 0.2505196
2.543861 2.788573 0.4720681 0.3366935 0.6250311 0.1380819
2.141798 3.621675 0.3606051 0.3022324 0.7905823 0.1215196
2.887429 2.471217 0.6096174 0.376422 0.5898771 0.1779273
3.190064 1.866219 0.7944007 0.4575176 0.5777504 0.2280235
3.021535 1.852911 0.7678465 0.4223661 0.5516009 0.207579
2.974065 1.957795 0.8165106 0.4443154 0.618581 0.2546779
2.501168 2.77239 0.5159927 0.338726 0.6521067 0.1611039
3.279499 1.598026 0.9475771 0.469188 0.5512802 0.2585945
3.486863 1.363065 1.030849 0.5175654 0.5456143 0.2681078
3.330672 1.760416 0.7606821 0.456732 0.5242596 0.1919423
2.975784 1.967954 0.8288661 0.4412246 0.6183695 0.2601406
2.918386 2.07356 0.7823794 0.4220306 0.6170266 0.245472
2.937044 2.126288 0.6631565 0.4030375 0.5672307 0.1839837
2.497887 2.634532 0.5886032 0.3643096 0.6943944 0.2007064
2.860629 2.011778 0.824015 0.4233345 0.6223072 0.2608927
3.357539 1.341327 1.015321 0.5188579 0.5646261 0.2695792
3.381176 1.332679 1.164697 0.5495809 0.6132947 0.3480138
3.163895 1.714097 1.018783 0.4574181 0.5844233 0.3070778
5.809794 -0.3193395 1.935716 1.518573 0.8837902 0.4676527
2.989003 2.291376 0.6591085 0.3880511 0.5669461 0.1868394
2.675866 2.260182 0.6793332 0.3815496 0.6172872 0.2084432
3.251698 1.537905 0.8596474 0.4911259 0.5583806 0.2260929
2.832273 2.149202 0.7575156 0.3810345 0.5758757 0.221741
2.589861 2.692714 0.5644291 0.3962307 0.7457558 0.205758
2.692543 2.599127 0.5795493 0.3847895 0.6815979 0.1947972
2.917971 2.047621 0.6944673 0.3945942 0.5505731 0.1877378
2.962028 1.929039 0.8432148 0.4269875 0.5942892 0.2542274
3.345515 1.475894 0.9764166 0.4911974 0.5466741 0.2572759
2.944131 2.201805 0.7712021 0.4300271 0.6488741 0.2572468
2.67848 2.358384 0.6477256 0.3689618 0.6097201 0.1961434
2.621999 2.939938 0.5084581 0.3710718 0.7164195 0.1734949
3.108064 1.986508 0.6953922 0.4092753 0.5281592 0.1797282
2.739196 2.467504 0.6121489 0.3932977 0.6573624 0.1988461
2.600867 2.782318 0.5066895 0.4014799 0.7552344 0.1822398
3.279918 1.467858 0.8687951 0.4828426 0.5322321 0.2147349
3.643358 1.222261 1.168414 0.6023545 0.6077675 0.3351431
2.723088 2.663285 0.5847638 0.3577774 0.6202746 0.177952
2.760043 2.459675 0.5854373 0.3559977 0.5767657 0.1654786
3.569161 1.387522 0.9302602 0.5475777 0.5522669 0.2374823
2.793317 1.863054 0.9062371 0.3991766 0.5895084 0.2744587
2.722134 2.270066 0.7207769 0.392774 0.6489609 0.2386505
3.097583 2.15923 0.6585901 0.4345246 0.587033 0.1893752
3.05201 2.128846 0.7856705 0.4652238 0.6620754 0.2653706
3.096802 2.033804 0.6755105 0.437288 0.5693054 0.1862896
3.073579 2.055708 0.6036299 0.4033805 0.5183092 0.1482827
3.257778 1.67461 1.046704 0.5242985 0.6546803 0.3525368
3.02299 2.164435 0.701574 0.427864 0.6033328 0.2111213
2.879617 2.575911 0.5524936 0.3849311 0.6055228 0.161104
3.007982 2.00798 0.8176089 0.4290731 0.605305 0.2535124
3.239682 1.600165 0.901182 0.4528454 0.5294783 0.2327476
3.101993 2.029593 0.7299977 0.4067093 0.5373583 0.1955293
3.944885 0.9617475 1.267595 0.6896565 0.6178941 0.3462587
2.431217 2.72507 0.6242785 0.3433544 0.6949463 0.2160929
2.684965 2.472552 0.7101073 0.4330627 0.768173 0.2785309
2.245728 3.014718 0.4517784 0.3076648 0.6815797 0.1417657
2.696989 2.134733 0.6699742 0.3730761 0.576464 0.1897382
2.867689 1.959373 0.7843471 0.3962568 0.5682956 0.2241578
3.056675 1.721635 1.044076 0.463279 0.6231027 0.338647
2.504696 2.567911 0.6213065 0.3585202 0.676513 0.2091703
2.659368 2.589743 0.574796 0.3630655 0.6366329 0.179067
2.722751 2.377954 0.6059854 0.3539224 0.5746631 0.1717326
3.342271 1.39272 0.982661 0.5071607 0.5557803 0.2578763
3.544403 1.371303 1.064717 0.5844583 0.6156401 0.3137542
3.352881 1.594636 0.6974583 0.4608833 0.4853086 0.1524172
2.90275 2.137514 0.6290297 0.3903284 0.5507857 0.1675106
4.696641 0.1367217 1.816821 1.013728 0.7311974 0.4557698
3.278659 1.62596 0.7775994 0.4603745 0.5160641 0.1880573
2.763956 2.45271 0.6371688 0.3614211 0.6018559 0.1928428
3.190296 2.004203 0.7852302 0.4497227 0.5876618 0.2330507
2.839516 2.043969 0.8182003 0.4226692 0.6393875 0.2684133
3.811598 1.14385 1.119876 0.61106 0.5693657 0.2896562
3.13678 1.480226 0.8839312 0.4635525 0.5418446 0.2250116
2.948862 2.183263 0.6303099 0.3895618 0.5503553 0.1691434
2.964839 2.147227 0.775508 0.4160584 0.6077515 0.2409515
2.908206 1.783033 1.040806 0.4586471 0.6570749 0.3574869
2.859082 2.084999 0.7218823 0.4016089 0.5834405 0.2091518
2.756545 2.009805 0.8824933 0.3813926 0.5945822 0.2743287
2.932912 2.047571 0.7994187 0.43125 0.6300608 0.2574283
2.902395 2.242785 0.6852714 0.3896531 0.5830217 0.2004202
2.68724 2.435361 0.648113 0.3685371 0.623521 0.2020279
2.383088 3.122053 0.5049159 0.3348201 0.7433654 0.1772091
5.194375 -0.549471 2.746131 1.515312 1.05049 0.7919615
3.54537 1.475755 0.9093906 0.5311216 0.5482629 0.234661
2.777591 2.582692 0.5301057 0.3555974 0.5840831 0.1491327
3.598662 1.302932 0.9694441 0.5689254 0.5639268 0.2494573
3.802373 1.063866 1.263813 0.6365802 0.6028633 0.3496271
2.890834 1.838574 0.7546807 0.4183113 0.5652211 0.2065914
2.862483 2.075117 0.7970865 0.3997564 0.5961659 0.2430898
2.793353 2.634944 0.4531773 0.3480738 0.5520327 0.1156407
4.168437 0.7430657 1.175397 0.7197895 0.5724196 0.2665621
2.888206 2.009382 0.7086516 0.3820607 0.541122 0.1898745
2.828198 2.291091 0.7117336 0.3988994 0.6349409 0.2302564
3.025763 2.104939 0.6580374 0.4085346 0.5473276 0.174741
2.982942 1.833016 0.8853361 0.4150261 0.5613222 0.2520799
2.871099 2.033289 0.8319613 0.42001 0.6256751 0.2676299
3.111784 2.052767 0.6938594 0.4361668 0.5734472 0.195074
3.001667 1.976473 0.7765236 0.4141696 0.5646572 0.2195806
3.326861 1.719721 0.7680925 0.4813238 0.5484854 0.2006295
2.708921 2.417574 0.683519 0.3993072 0.6802877 0.2350752
2.965683 1.941087 0.6871912 0.4072112 0.5444671 0.1808306
3.116633 2.211719 0.5943783 0.414049 0.5477841 0.1561905
2.944833 2.02274 0.6753643 0.3793235 0.5202932 0.1720667
2.91797 2.029348 0.7547122 0.395802 0.5656842 0.2149912
2.259668 3.250793 0.4252069 0.4897417 1.18182 0.2248819
4.280167 0.698348 1.274028 0.7748328 0.6085699 0.3086932
2.881523 2.162544 0.6578338 0.3931804 0.5640991 0.1811544
2.581595 2.619574 0.5903857 0.3496575 0.6408211 0.1866573
2.777796 1.935525 0.746264 0.4041943 0.5866471 0.2151671
2.567052 2.973092 0.4569679 0.3411178 0.6563974 0.1391174
3.078213 1.977045 0.7938699 0.4529404 0.6105326 0.2438326
3.001611 2.067878 0.6270338 0.4005212 0.5391031 0.1626099
2.584344 2.444545 0.6380682 0.3341341 0.5865572 0.1872905
3.0703 1.616331 0.8409909 0.4394963 0.53612 0.215675
2.580543 2.866567 0.4738624 0.3383345 0.632417 0.1404534
3.4003 1.588342 0.9751131 0.5183021 0.5908478 0.2853836
2.922886 2.080755 0.7378721 0.4221022 0.6131172 0.2273416
3.455851 1.511333 0.9581196 0.5116914 0.5562487 0.2579706
4.515245 0.6717356 1.315928 0.8495542 0.6362891 0.3323543
3.670045 1.235305 1.017895 0.5728241 0.5552088 0.2575168
3.158427 1.827049 0.8097172 0.4611895 0.5792614 0.2314166
3.090481 2.1672 0.6189403 0.4382684 0.5880949 0.1754341
3.478502 1.216053 0.9068431 0.5364462 0.5275702 0.208265
3.256365 1.218515 1.188078 0.5326322 0.603423 0.3403255
3.150836 1.727568 0.9393073 0.4786594 0.6067331 0.2872254
2.798137 2.178056 0.6508715 0.3526887 0.526274 0.1690207
2.156229 3.303958 0.4496752 0.3185568 0.7935135 0.1615943
3.081957 1.98202 0.7741214 0.4174241 0.558473 0.2175943
2.973121 2.24943 0.6515906 0.4189783 0.6046302 0.1940499
2.41173 2.694483 0.5577674 0.3399852 0.6708104 0.1813561
2.928226 2.36275 0.7026823 0.3880346 0.5999611 0.2148585
3.171437 1.683034 0.8213747 0.455684 0.5417337 0.2135551
3.149971 1.876114 0.7840519 0.4445381 0.5664442 0.220143
2.935673 1.851643 1.084355 0.4638332 0.680093 0.3946717
3.470219 1.196959 1.086481 0.5543862 0.5712505 0.2843504
2.362068 2.954243 0.4479043 0.277003 0.5738858 0.120038
3.360608 1.671516 0.9693197 0.4854935 0.5722874 0.2805297
2.477841 2.611579 0.5853755 0.341813 0.644555 0.1847066
2.990864 1.923799 0.7194675 0.4017013 0.5327742 0.187245
2.891334 2.20529 0.6479821 0.3973873 0.5820727 0.1852754
2.814918 2.475012 0.5588695 0.3326592 0.5266323 0.1441362
4.214388 0.742471 1.323446 0.7620847 0.6185457 0.3365563
2.98466 2.243347 0.6772616 0.4157787 0.59961 0.201803
2.734205 2.643282 0.5175336 0.3696811 0.6312285 0.1566875
2.402699 3.145627 0.4494127 0.3151989 0.6861157 0.1428237
3.138325 1.935582 0.7264584 0.439445 0.55687 0.1973868
2.774646 2.183438 0.8568817 0.4328703 0.7058153 0.3174748
2.545 2.752628 0.5730485 0.3599754 0.6937656 0.1947191
3.102429 1.795903 0.9191194 0.4473238 0.5831962 0.2727826
3.723069 0.874242 1.255293 0.6560079 0.6104541 0.3267927
5.27445 -0.07155084 1.546589 1.271287 0.7877317 0.3514817
3.823225 1.203804 0.9163071 0.5933121 0.5322415 0.2124037
2.966127 1.94858 0.7212213 0.4068882 0.545296 0.191998
2.126442 3.486427 0.3940561 0.3138096 0.8214775 0.1424546
2.996071 2.455277 0.5736861 0.3983602 0.5940452 0.1660137
3.00613 2.163708 0.6414227 0.412434 0.5662768 0.1763713
3.089254 1.965573 0.7084868 0.4345747 0.5680139 0.1967931
2.144182 3.329098 0.4114355 0.3036426 0.7623116 0.1404685
3.594735 1.530986 0.8785909 0.5329636 0.5490809 0.2286507
3.150207 2.309231 0.5396133 0.3972046 0.523545 0.1338574
3.012939 1.834092 0.8424222 0.4383523 0.5870925 0.2478912
2.524235 2.736211 0.6035263 0.4223951 0.8342199 0.2485644
2.74721 2.819016 0.5349818 0.3960426 0.7067659 0.1815206
3.31587 1.782557 0.8387474 0.4557079 0.5461201 0.2287183
3.381253 1.65795 0.8661019 0.5042364 0.57345 0.2417278
2.923992 2.294842 0.6494517 0.387793 0.5758792 0.1856297
2.859794 2.213151 0.7385184 0.3940809 0.6065704 0.2286467
2.544283 2.719643 0.5125536 0.3301424 0.6110521 0.1498129
3.073809 1.850656 0.8287653 0.4373638 0.5713376 0.2366454
3.32145 1.664633 0.8629316 0.48571 0.5609555 0.2357051
2.851492 2.110372 0.6336323 0.3789341 0.5406339 0.1656439
2.818016 2.082702 0.8175784 0.4307873 0.6621887 0.2779929
3.6744 1.097406 1.080814 0.5662087 0.5357893 0.257345
3.405866 1.478832 0.9289625 0.4847365 0.5236249 0.2319445
3.524025 1.217351 0.9736284 0.5557087 0.5531598 0.2404219
2.674045 2.40436 0.6496357 0.3815099 0.6495799 0.2111166
3.857159 1.239261 1.10637 0.6128045 0.5776841 0.2989395
2.880962 2.218867 0.6953185 0.4107342 0.624163 0.2182191
2.782768 2.367035 0.6845837 0.4311214 0.7078599 0.2441755
3.554746 1.635198 0.8492976 0.5268605 0.5601552 0.2284826
3.578994 1.556758 0.6933769 0.5036545 0.4919714 0.1515627
3.482698 1.560861 0.8354532 0.5163178 0.5453363 0.2138337
3.870102 1.15211 1.146567 0.6552839 0.6096905 0.3201576
2.800719 2.114152 0.7559045 0.3864236 0.5956786 0.2296727
2.902104 2.261885 0.679773 0.3846373 0.5816283 0.1991059
3.584436 1.074084 1.400645 0.6338112 0.654792 0.4340315
3.860506 1.00068 1.034673 0.6322983 0.5522421 0.2401001
3.310904 1.700503 0.8982064 0.4936334 0.5838593 0.2598545
3.550222 1.603797 0.7790017 0.5040037 0.5208584 0.1894388
2.883365 2.113514 0.6252463 0.3677111 0.5184776 0.1570499
2.589956 2.718821 0.4923153 0.3380425 0.6062769 0.1409229
2.248875 2.979715 0.5454493 0.3181233 0.7327325 0.1930562
3.405239 1.351714 1.095758 0.503377 0.5500728 0.2921496
2.786517 2.402872 0.6095926 0.3486865 0.5563245 0.1681295
3.346855 1.527788 1.072811 0.5189353 0.6046899 0.3255103
3.086345 1.602034 1.01336 0.4896708 0.6244469 0.3171787
3.632311 1.286772 1.139143 0.6043137 0.6169492 0.3348226
2.869963 2.192277 0.7576898 0.4058492 0.6168348 0.2381674
2.728953 2.66099 0.535701 0.3615205 0.6171327 0.1591467
2.971599 1.613098 1.157563 0.4741936 0.649775 0.3922375
3.066425 1.954698 0.8891534 0.4720337 0.6553707 0.3013528
3.434901 1.325582 1.156589 0.5379104 0.5882049 0.331232
2.705064 2.407131 0.5327297 0.3287727 0.5191856 0.1321976
3.038379 1.914416 0.8715139 0.4446253 0.6090381 0.2716777
2.412143 3.088899 0.4547934 0.3229336 0.6888738 0.1453603
3.200736 1.60363 0.8132029 0.4580836 0.5301842 0.2036816
2.932649 1.997001 0.7007831 0.3940973 0.5439537 0.1871586
2.998585 1.654095 0.9654495 0.4434466 0.5800455 0.2805531
2.971922 1.760948 0.8475614 0.4226309 0.5594774 0.2349454
2.724541 2.443985 0.5908314 0.3664753 0.6040599 0.1750902
2.790949 2.561645 0.5970768 0.3668354 0.6079544 0.1790912
2.785754 2.163918 0.7337972 0.4024883 0.6248472 0.2315373
3.053708 1.857051 0.8394049 0.4255019 0.5629703 0.2379272
2.521187 2.87461 0.463593 0.3554778 0.6771185 0.1453773
3.211849 1.723366 0.8318175 0.4587314 0.5522314 0.2244185
3.949957 0.8933748 1.349974 0.6755933 0.6025631 0.3583011
3.762462 1.182992 0.9893095 0.573673 0.5303066 0.2334169
2.654439 2.553799 0.6782966 0.3663751 0.6614444 0.228469
3.074878 1.405586 1.182967 0.4918119 0.6149288 0.3625237
3.204232 1.473877 1.093056 0.5130836 0.6191868 0.336536
3.665299 1.177609 1.026966 0.5831312 0.5607646 0.258361
3.304798 1.543675 0.8546669 0.4932227 0.5523835 0.2226696
3.075203 2.054844 0.7142259 0.4149556 0.5590255 0.1986165
2.91821 1.797996 0.8773163 0.4107365 0.5640592 0.2494182
2.240052 3.222938 0.4807344 0.3647082 0.8873223 0.1982327
3.118867 1.531473 1.093926 0.485532 0.6119424 0.3385032
3.055121 1.642192 0.9754464 0.4629162 0.5953121 0.2908309
2.812563 2.429841 0.666962 0.3803106 0.6173467 0.2074333
4.458714 0.3717366 1.478507 0.8760774 0.6505748 0.345666
2.705235 2.217668 0.7935101 0.4041149 0.6698032 0.2748708
2.668656 2.351233 0.7007547 0.3593256 0.6128865 0.2193057
3.026013 1.951634 0.8080465 0.4224505 0.5759012 0.2352677
3.451565 1.476063 0.9490169 0.5191615 0.5595539 0.2539682
3.20666 1.857913 0.8775399 0.444203 0.5650571 0.2527927
3.223621 1.805915 0.8942099 0.4690831 0.5882536 0.2662853
2.969621 2.025534 0.760905 0.4140893 0.5769664 0.2199152
2.646985 2.464032 0.6755921 0.3826042 0.6728635 0.2296497
3.057497 1.936166 0.779818 0.4419608 0.5890306 0.2287572
3.023293 2.082136 0.66603 0.3974094 0.534601 0.1739399
2.918224 1.768267 0.9777168 0.4615794 0.6455067 0.3230563
2.514087 2.489449 0.6881155 0.3731864 0.7029496 0.2459476
2.415648 3.021693 0.4997148 0.350678 0.7518589 0.1779752
3.068507 1.603741 0.8186415 0.4417075 0.5355401 0.2076746
3.387838 1.391035 1.060418 0.5265202 0.5801083 0.2965772
3.615651 1.284433 1.053819 0.5343312 0.5346132 0.2646082
3.664279 0.9947311 1.408128 0.644339 0.641042 0.4172691
3.339078 1.346001 1.075855 0.5087852 0.56511 0.2919567
3.418297 1.672432 0.7831711 0.4764681 0.5236635 0.1953999
2.472043 2.528125 0.5733514 0.3269384 0.6063436 0.1702802
2.867151 1.993326 0.7181176 0.4000345 0.5642098 0.1989166
2.92142 2.26318 0.5878815 0.3761748 0.5433776 0.1547055
3.18826 1.702337 0.9698695 0.4779072 0.5996057 0.2949297
2.690615 2.392507 0.5949404 0.3286432 0.5361213 0.1571845
3.443678 1.524527 0.7794021 0.4726348 0.4894496 0.1751483
3.379854 1.459038 0.9056488 0.499562 0.5402258 0.2299035
3.080222 1.889774 0.8839402 0.4630695 0.6264918 0.2836929
3.320144 1.320142 1.081252 0.5148353 0.5710608 0.2939104
2.582155 3.006038 0.4513547 0.3318051 0.6546736 0.1386307
2.66379 2.583296 0.5889007 0.3185896 0.5564309 0.1628958
2.757827 2.534106 0.6294702 0.4136424 0.701653 0.2192531
2.670969 2.511544 0.5738635 0.3472786 0.5906987 0.1659165
2.904664 2.185537 0.6466186 0.4003107 0.5825531 0.1848923
3.444607 1.705669 0.7242023 0.461775 0.497501 0.1694175
2.540169 2.689361 0.6128434 0.4204778 0.827578 0.2530196
3.166276 2.005195 0.6548709 0.4251566 0.5343059 0.1684234
2.546156 2.649199 0.5957118 0.3546273 0.6639995 0.1949889
3.239026 1.393322 1.112277 0.5183315 0.6084587 0.3316647
2.802149 2.222366 0.6308547 0.3603066 0.5376881 0.1659196
2.501459 2.495296 0.6401075 0.3649815 0.6780204 0.2165457
3.456937 1.427691 0.8848743 0.5008732 0.5223658 0.214503
2.977018 2.055414 0.7063165 0.4139097 0.5722396 0.1994674
2.750523 2.362164 0.6269727 0.378769 0.6106447 0.1893239
2.375028 2.819393 0.5537895 0.3429717 0.7135657 0.1912825
3.049046 1.835697 0.8067883 0.4154661 0.5404987 0.2165807
3.054269 1.964889 0.7944193 0.4429048 0.5967109 0.2378388
2.940963 1.982502 0.9077111 0.4180755 0.6074872 0.2881258
2.825298 2.355884 0.6554434 0.3665517 0.5805685 0.1913961
3.178447 1.691567 0.8730325 0.4443521 0.5422176 0.2337621
3.437831 1.542092 0.9376278 0.5291506 0.5841862 0.2652969
2.130022 3.233331 0.4709942 0.3212201 0.8173743 0.1782787
3.077846 1.926282 0.7824571 0.4379013 0.5789072 0.2258566
2.716297 2.199736 0.7556206 0.3858587 0.6279339 0.2431261
3.36646 1.418209 1.046778 0.5100838 0.5679019 0.2883255
2.905784 2.30201 0.5933236 0.3886304 0.5720451 0.1646684
2.589503 2.449016 0.6347565 0.391774 0.6913443 0.2173774
2.680317 2.658747 0.5974213 0.3664197 0.6494742 0.1910089
2.620517 2.491158 0.6519674 0.3509494 0.623537 0.2049841
3.090731 1.810395 0.7899542 0.4522939 0.5752422 0.2220795
2.9444 2.310124 0.6448737 0.3948173 0.5833636 0.1863088
2.681063 2.50833 0.6443874 0.3528764 0.6121687 0.1984254
3.834893 0.9522953 1.117988 0.6436588 0.5726161 0.2711645
3.166977 1.181415 1.085204 0.5127569 0.5763046 0.2844349
3.623049 1.307967 1.045218 0.5614774 0.5653589 0.2777523
2.522748 2.923637 0.4767543 0.3535763 0.6924402 0.1545053
2.951426 2.226646 0.739261 0.4484012 0.6710584 0.2515608
2.925227 2.016187 0.8555333 0.4183698 0.6113358 0.2706046
3.280266 1.878937 0.6981077 0.4512937 0.5349413 0.1791016
3.08636 1.939066 0.6760496 0.4132546 0.5229981 0.1696686
2.529989 2.921504 0.5258623 0.3759659 0.757914 0.1913593
2.724803 2.122497 0.8145691 0.3947532 0.6314695 0.2653536
2.343906 3.553694 0.3869243 0.3648406 0.8662203 0.1446319
3.605625 1.306486 1.008972 0.5687179 0.5696543 0.266257
3.099407 1.86801 0.8024807 0.4332516 0.561415 0.2244528
3.004008 1.995125 0.8050681 0.4462931 0.6188851 0.2513954
3.222107 1.84968 0.7989029 0.4613586 0.5696797 0.2249007
2.184884 3.024988 0.5232364 0.2734395 0.6574233 0.1667616
2.929652 2.378546 0.6028555 0.3796528 0.5732032 0.170331
2.581199 2.585829 0.5715781 0.3371356 0.6119381 0.172159
2.572688 2.828206 0.497765 0.3399023 0.6462446 0.1534348
2.698419 2.382478 0.6818612 0.4078083 0.6803713 0.2319726
2.729376 2.742922 0.475567 0.3502397 0.6006917 0.134468
2.331854 3.120748 0.4121511 0.2737145 0.5888258 0.1104467
3.771166 0.9244071 1.466643 0.660441 0.6341584 0.4249789
3.024918 1.520717 1.238959 0.4793416 0.640479 0.4146977
4.614543 0.6021075 1.410842 0.8623668 0.6327372 0.3520659
3.218534 1.52924 0.8723741 0.470314 0.5413817 0.2239622
2.410522 2.65936 0.6021745 0.324062 0.6453479 0.1927462
2.889488 2.323246 0.6456294 0.3908807 0.5981988 0.1924265
2.979527 1.911849 0.9235001 0.4132229 0.5819465 0.2800136
3.060627 2.009918 0.6487056 0.3943412 0.5114101 0.1600419
2.953637 1.806845 0.9084324 0.4586719 0.6302997 0.2895631
3.621375 1.113088 1.213039 0.5843645 0.5810836 0.3255635
3.019871 1.810539 0.8665956 0.4381908 0.5817285 0.252928
2.410186 2.965711 0.4782396 0.3473345 0.7271818 0.1632034
3.392932 1.710729 0.7161274 0.421344 0.4569086 0.1547625
2.690057 2.282216 0.7211368 0.3723567 0.6189649 0.2276335
2.963732 1.859927 0.7891678 0.4171834 0.5602545 0.2184845
3.668293 1.135988 1.253277 0.6125941 0.6096347 0.3577236
3.118505 1.620536 0.9781927 0.4658009 0.584989 0.2863529
3.337512 1.644379 0.8487337 0.5056062 0.5742224 0.2340273
2.798711 2.043218 0.8073767 0.3972704 0.6019801 0.2482161
2.098444 3.505012 0.4085173 0.2840155 0.7694973 0.1405039
3.446636 1.488287 0.7927744 0.5004422 0.5149153 0.1852713
3.345464 1.379217 0.9957577 0.5097577 0.5593951 0.2634604
2.942451 2.33466 0.6150485 0.3968525 0.5845227 0.1760313
2.507271 2.984258 0.5434013 0.3581199 0.7432889 0.1951806
2.116269 3.425717 0.4334252 0.3261173 0.8622836 0.1680459
3.755638 1.299056 1.015042 0.5824712 0.5597525 0.2636488
2.616436 2.587312 0.5657669 0.3583096 0.6309674 0.1732989
2.309656 2.947544 0.5533374 0.3068713 0.6823442 0.183674
2.902517 1.779845 0.9826062 0.4489775 0.6381044 0.323782
3.265697 1.778919 0.8449667 0.4644084 0.5597725 0.2344139
3.112825 1.917404 0.751421 0.4329952 0.553738 0.2043554
3.845147 1.27125 0.9859921 0.6021954 0.5571021 0.250117
3.471935 1.490754 0.8490007 0.5106736 0.5344577 0.2109423
2.483849 2.743297 0.6057254 0.3793628 0.7484835 0.2227566
3.504173 1.646883 0.9271556 0.5000819 0.5526372 0.254164
3.01475 2.215146 0.6496803 0.3912022 0.5500656 0.1766347
2.706531 2.410976 0.6654349 0.3768567 0.6323508 0.2112702
2.693289 2.142797 0.7058077 0.3743698 0.5915795 0.2087934
3.133009 1.896565 0.7016908 0.4269708 0.5322308 0.179933
2.729014 2.714069 0.5389706 0.404758 0.7088322 0.1836056
2.063342 3.484473 0.4410151 0.3806138 1.061783 0.2101715
3.067136 1.855434 0.8140217 0.4357809 0.5706907 0.2315834
3.391562 1.628864 0.9321475 0.5109398 0.5848434 0.2692855
2.504613 2.715823 0.5252125 0.3528046 0.6804374 0.1724663
3.548036 1.385994 0.969853 0.5265841 0.5399553 0.2462456
3.031376 1.857761 0.8998299 0.4266734 0.5765138 0.2655999
2.503284 2.874664 0.5136611 0.3034966 0.5989301 0.1482527
3.579712 1.475119 0.8351763 0.5321062 0.5336283 0.2046326
3.013313 2.12851 0.7187537 0.4237356 0.59531 0.2139546
3.98376 1.079629 1.114773 0.6313673 0.5545666 0.2753513
4.338427 0.7127097 1.207769 0.775602 0.5948416 0.282809
2.769118 2.066107 0.8790627 0.4144784 0.654717 0.3008253
3.041225 2.007465 0.7978318 0.4345282 0.5990369 0.2423687
2.865194 1.918376 0.8527168 0.4171176 0.6084285 0.26537
2.837193 2.471967 0.621509 0.356907 0.5716198 0.1772177
2.960937 2.28129 0.5927159 0.370938 0.5286478 0.1523104
2.646173 2.477109 0.6288304 0.3853442 0.6678635 0.2081093
3.360217 1.628641 0.8707054 0.4835508 0.548081 0.2317414
2.115863 3.20432 0.4509487 0.3043941 0.7627032 0.1578785
3.350229 1.420853 1.130113 0.5403683 0.618434 0.3456791
2.739316 2.36436 0.5927268 0.3780729 0.6062493 0.1752163
3.395478 1.714621 0.8282995 0.4813769 0.5452805 0.2200069
3.094297 1.874332 0.9458288 0.4594672 0.6213086 0.305076
3.57224 1.259255 1.069679 0.5657951 0.5731927 0.2852117
3.625208 1.451208 0.7631017 0.5122639 0.492066 0.1675047
3.005248 2.132429 0.7002038 0.4105705 0.5726371 0.1992079
3.031414 2.076433 0.7424607 0.4370581 0.6033883 0.223835
3.514698 1.16787 1.059465 0.5436528 0.5455286 0.2613013
3.038588 2.081407 0.706188 0.4326149 0.5928797 0.2071842
3.258636 1.970628 0.6859063 0.4539197 0.5487727 0.1811555
2.98313 2.25858 0.5984893 0.3758107 0.5309382 0.1546869
3.143612 1.623122 0.8300929 0.4594612 0.547338 0.2164412
3.754145 1.175446 1.143831 0.5880112 0.5637529 0.2989794
3.453573 1.560199 0.9544572 0.5121744 0.5668425 0.2652282
3.393848 1.796544 0.7722749 0.4672696 0.5350892 0.2012522
2.667228 2.459724 0.6274711 0.3627041 0.6200568 0.193551
3.993201 1.016937 1.006308 0.6648899 0.5610232 0.2362318
3.007659 2.112834 0.6547133 0.3811069 0.5219714 0.1680351
2.875165 1.92634 0.8986039 0.4472929 0.6588791 0.3057743
2.465521 2.959293 0.4723109 0.3331063 0.6834947 0.1522921
3.34836 1.538501 0.9234494 0.4951357 0.5551015 0.2470877
4.00771 0.9584939 0.9778906 0.6745529 0.5567086 0.2205996
3.24145 1.689143 0.7955346 0.4818641 0.5625854 0.2133212
2.456788 2.855891 0.5762242 0.3429453 0.7059901 0.1996128
2.96448 1.900159 0.7271997 0.4169723 0.5555101 0.1962539
3.139894 1.756171 0.8291159 0.4652934 0.5790133 0.2351319
2.718853 1.996831 0.8859321 0.4264502 0.6741293 0.3094476
2.825339 2.346734 0.7060248 0.3783684 0.6044583 0.2174086
2.618208 2.478793 0.6096207 0.3496043 0.6057687 0.182429
3.72251 1.125356 1.11858 0.6232814 0.5945131 0.2995064
3.175857 1.647449 0.9329207 0.4651241 0.5702247 0.2642006
3.161537 1.728712 0.883704 0.447099 0.557935 0.2462059
3.080864 1.937179 0.8034169 0.4451816 0.5956941 0.2409158
2.88294 1.892712 0.9142647 0.4182762 0.6043956 0.2852393
2.951835 2.13938 0.6402675 0.3972756 0.5569988 0.1737301
3.343414 1.548378 0.7250344 0.4787875 0.5038487 0.1637551
2.658737 2.485909 0.6862095 0.3713475 0.6582115 0.2301055
2.980192 2.158994 0.7182852 0.4095346 0.5871888 0.2119797
2.745639 1.963554 0.9496727 0.4367555 0.6870579 0.3423948
3.068783 2.022733 0.6412218 0.4030886 0.5192236 0.1596119
3.868524 1.029013 1.155782 0.6388606 0.5774733 0.2944705
2.78848 2.426018 0.6058707 0.3799942 0.6003119 0.1776098
2.736907 2.523077 0.5930012 0.3840182 0.6361636 0.1839518
3.240139 1.728148 1.005887 0.5060814 0.636878 0.3292525
2.526404 2.894157 0.5000026 0.3762961 0.7416213 0.1754613
3.817298 1.031916 1.156034 0.6281133 0.5754823 0.2938236
2.275814 3.206264 0.4779968 0.3514181 0.8389903 0.1869716
3.485391 1.320421 0.9966026 0.5303686 0.5482275 0.2537955
3.1469 1.29769 1.495348 0.5387551 0.6805612 0.5277398
2.685449 2.423236 0.5700912 0.3637374 0.5940436 0.1635924
3.194515 2.153856 0.666938 0.4162893 0.5467274 0.1805255
3.968818 1.095946 1.128842 0.63299 0.5604153 0.2835884
3.517576 1.462946 0.8301733 0.5348323 0.5453945 0.2067124
2.324862 3.116843 0.4795254 0.3086685 0.6958747 0.15664
3.564479 1.298681 0.9679834 0.5341172 0.533603 0.2368743
3.315076 1.671412 0.8572466 0.4948116 0.5733698 0.2388343
2.79599 2.351087 0.6461753 0.3630704 0.5749223 0.1855722
2.528317 3.080296 0.4271506 0.2916847 0.5842628 0.1155708
2.624732 2.344654 0.6566537 0.3477063 0.5849282 0.1918104
3.099678 1.932941 0.7716816 0.4289672 0.5582461 0.2139896
3.09333 2.007436 0.6675401 0.4221044 0.5464016 0.1763869
3.231388 1.513399 0.9990318 0.5163882 0.609444 0.2970255
3.348844 1.41338 1.03003 0.517503 0.5763671 0.2855821
2.947982 2.152864 0.6539757 0.3944902 0.5613286 0.1806285
3.382667 1.261805 1.206754 0.5322654 0.5862875 0.342139
5.548104 -0.314476 2.069032 1.499486 0.930096 0.5423093
3.693108 1.361167 0.9228386 0.548585 0.5301893 0.2248999
4.353089 0.3788186 1.764652 0.9194989 0.7339494 0.4970488
4.021445 0.8979942 1.1365 0.6856099 0.5772469 0.2731149
3.009294 2.008697 0.84439 0.4329832 0.6145334 0.2677869
2.531783 2.746905 0.6359804 0.3517486 0.6979183 0.2234808
3.550868 1.368341 1.081392 0.5670193 0.5967094 0.3106477
3.184175 1.880517 0.7030402 0.4401543 0.5352823 0.1803104
3.138458 1.953552 0.6953812 0.4349568 0.5519484 0.1861252
3.305309 1.459908 0.9921298 0.5041373 0.5709801 0.273072
3.138331 1.910293 0.7322504 0.4197821 0.5294701 0.1898487
3.000209 1.651304 0.9259881 0.4353132 0.5669609 0.2612673
2.417003 3.178194 0.4626922 0.3613107 0.7914524 0.1689401
2.873238 1.942289 0.7880347 0.4204683 0.5970103 0.2345644
3.064752 1.834147 0.9542281 0.4580613 0.6195959 0.3056988
2.330016 2.82375 0.6473919 0.4037089 0.8915038 0.287814
3.101783 1.738409 0.8270729 0.458191 0.5742759 0.2318216
2.478454 2.866414 0.5654178 0.3781738 0.7733049 0.2127397
3.303264 1.744231 0.9246312 0.5034423 0.6093293 0.2834655
3.456352 1.51288 0.9513508 0.5281607 0.574766 0.263698
3.216207 1.68814 0.8182215 0.4773107 0.5663005 0.2229024
3.201448 1.545116 1.097164 0.5185379 0.6384506 0.3539094
2.86143 1.93985 0.7715574 0.3791048 0.5366951 0.2070932
2.948785 2.105089 0.7484344 0.4206639 0.6102837 0.2309406
2.661466 2.245704 0.8320065 0.411164 0.7070231 0.3080966
3.609767 1.327966 1.095587 0.5621098 0.577814 0.3035759
2.462928 2.929131 0.4983895 0.3319149 0.6669916 0.1569552
3.069843 1.732614 0.6783361 0.4250989 0.504619 0.1572564
3.085051 1.852686 0.6717653 0.4241451 0.5216901 0.164887
3.265843 1.443712 0.9892299 0.4862332 0.5558005 0.2648484
3.103871 1.837975 0.8410244 0.4422368 0.5735569 0.2418822
2.90661 1.958936 0.8291115 0.4210361 0.6040029 0.254701
2.641836 2.31531 0.6895405 0.3756622 0.6440259 0.2253076
2.422901 3.05558 0.4667942 0.3273647 0.6822642 0.1475812
2.925421 2.390565 0.5498468 0.3784259 0.5555489 0.146281
2.673576 2.699861 0.5900983 0.3778818 0.6822532 0.1978835
2.829451 2.071784 0.8145275 0.3968274 0.6028124 0.2528114
2.784526 2.684444 0.6090615 0.400651 0.7009276 0.21185
2.373911 3.140581 0.4446829 0.3288235 0.7156716 0.1459058
2.645614 2.233487 0.6289416 0.3408507 0.544174 0.1679627
3.300843 1.750869 0.7914389 0.4798985 0.5627562 0.2157057
3.530055 1.123739 1.300496 0.6142375 0.6412892 0.3928905
2.744896 2.26936 0.6244554 0.3610865 0.56341 0.1728371
3.439624 1.636602 0.7431442 0.4734021 0.5007651 0.1727299
2.735406 2.365899 0.5989066 0.3587198 0.5665552 0.1652763
3.233141 1.462316 1.129871 0.5123823 0.6136071 0.3467024
2.660064 2.603206 0.5487549 0.3807104 0.6639786 0.1757947
3.309912 1.722625 0.8897919 0.4675111 0.5551814 0.2464461
2.408824 2.964363 0.4792885 0.3105898 0.6428466 0.1449943
3.400511 1.588367 0.9762967 0.5250639 0.5976494 0.2884514
3.426341 1.458774 1.281603 0.5926032 0.6931736 0.4588904
2.947848 2.162447 0.7517756 0.398007 0.5841604 0.2239319
3.686475 1.07933 1.135359 0.6239774 0.5976618 0.3024212
3.797551 0.940858 1.294453 0.6630116 0.6163417 0.3520436
2.719749 2.587612 0.573741 0.4092499 0.7123936 0.2000724
3.123543 1.713261 0.9144068 0.4265088 0.5349842 0.2455036
2.577459 2.686902 0.5760491 0.3790444 0.7054483 0.1982715
3.090449 1.738547 0.8649301 0.4641104 0.5913621 0.2528319
3.059938 1.643964 0.8893513 0.433779 0.5447214 0.2378416
3.166691 1.697217 0.8505794 0.4335808 0.5286943 0.2211948
3.510241 1.212883 1.16914 0.5501922 0.5740719 0.3176434
2.962551 2.25121 0.6043688 0.406723 0.5792953 0.1693648
3.224996 1.527408 1.177927 0.5040325 0.6251125 0.3802102
3.304293 1.629937 0.8697558 0.4936739 0.5685714 0.2390519
3.275197 1.625313 0.8455192 0.4811829 0.5545706 0.2249428
2.438684 2.39206 0.7555403 0.3832017 0.7388981 0.2884688
3.726802 1.572094 0.7729758 0.5220058 0.5080929 0.1818698
3.451859 1.003846 1.55443 0.6089487 0.6586015 0.4893072
3.744817 1.136683 1.034302 0.5763805 0.5349711 0.24574
2.761183 2.645175 0.538454 0.3479234 0.5822104 0.1514108
2.50787 2.765357 0.5047143 0.3242595 0.6169638 0.148674
2.952721 2.016779 0.7150929 0.3953306 0.5435708 0.19183
2.792038 2.346404 0.6064567 0.3907796 0.616502 0.1832396
3.986182 1.01772 1.132018 0.6857877 0.5988771 0.2949265
1.948553 4.227409 0.2998696 0.129959 0.3757223 0.05176621
2.54452 2.495959 0.6568018 0.3553415 0.6513918 0.2153136
3.595689 1.101951 1.179915 0.5917229 0.5884643 0.3164035
2.861101 2.431379 0.6030321 0.3856955 0.6041557 0.1793061
3.530784 1.449362 0.8628976 0.5121863 0.5219778 0.2083416
2.87529 2.621818 0.5216127 0.3613265 0.5777977 0.1449949
3.156217 1.838885 0.8814538 0.483315 0.6220426 0.2765182
3.404857 1.152665 1.475483 0.617673 0.6951318 0.5062136
3.793536 1.103571 1.086887 0.6110137 0.5643343 0.2728159
2.535664 2.280942 0.734336 0.3761738 0.6652314 0.2488165
2.883113 2.165627 0.6833189 0.417644 0.6107867 0.2057971
3.391456 1.687352 0.8306222 0.5051516 0.5708764 0.2291453
2.771757 2.49193 0.5855021 0.3897604 0.6378399 0.1823028
3.683548 1.372185 0.968993 0.5753307 0.5695422 0.2578658
2.636089 2.300004 0.7630622 0.3895464 0.6720182 0.2641212
3.078188 1.673585 0.8703268 0.4407624 0.5525944 0.2359187
2.386907 2.710598 0.5745288 0.3240643 0.6519554 0.1832656
2.637665 2.510604 0.6380188 0.3778067 0.667617 0.2126431
2.636752 2.376175 0.5967941 0.361262 0.6000612 0.1746169
2.628793 2.262875 0.7131409 0.3600973 0.6074385 0.2201873
3.634972 1.176611 0.9585271 0.5653652 0.5367661 0.2256311
3.007496 2.272014 0.5998608 0.3553083 0.4962714 0.1458437
3.151932 1.63126 0.9928496 0.4787369 0.59806 0.2983739
3.311251 1.604992 1.03946 0.4940823 0.5891901 0.3105576
4.100089 0.6117805 1.787068 0.7734264 0.6741099 0.5172786
2.313731 3.475753 0.35366 0.3339878 0.804344 0.1236391
2.943584 2.504179 0.4853588 0.3657036 0.5329427 0.1207669
3.128795 2.09141 0.6923129 0.4216104 0.5557847 0.1898776
3.993849 0.7412302 1.329721 0.729787 0.6255185 0.3417276
3.72414 1.086432 1.340901 0.5962605 0.5863734 0.3720623
4.326901 0.8774635 1.161271 0.7255263 0.5675088 0.274729
3.04082 1.896734 0.8289727 0.4217841 0.5670782 0.2377807
4.044688 0.7853034 1.358505 0.7165874 0.6121367 0.3505977
2.704226 2.331776 0.5618808 0.3557673 0.5603265 0.1510536
3.934638 0.9988611 1.047669 0.6612445 0.5706502 0.2520249
3.842854 1.041155 1.247884 0.6361383 0.59109 0.3349933
3.115471 1.712731 0.9099139 0.462612 0.5915553 0.2700353
2.654732 2.767425 0.5377922 0.3528756 0.6478359 0.1691109
2.674148 2.269399 0.6902797 0.3799031 0.6194642 0.213732
2.666132 2.761703 0.4982626 0.3509038 0.6196117 0.1460524
3.146497 2.06311 0.6588214 0.4205376 0.5388914 0.1721746
3.289828 1.525048 1.043791 0.5195938 0.6120787 0.3174526
4.02968 0.7441382 1.307514 0.7217921 0.6108609 0.3275883
3.195699 1.545239 1.202154 0.5332132 0.6725561 0.4185508
3.524084 1.325533 1.20327 0.5974516 0.6450613 0.3803153
3.193066 1.772232 0.8756411 0.4622863 0.5769838 0.2529802
2.913402 2.03229 0.7284573 0.3827716 0.5441501 0.1984343
4.246361 0.670551 1.400619 0.7500356 0.6005766 0.3419978
3.272806 1.655036 0.9098789 0.4901304 0.5803289 0.2600281
4.064325 0.9804414 1.07898 0.669798 0.5604129 0.2561762
3.756046 1.024792 1.254167 0.6089699 0.5757524 0.3268085
3.115769 1.810014 0.714297 0.4241576 0.518257 0.1763456
3.189383 1.555712 0.9275322 0.460582 0.5455087 0.245898
3.137993 1.997024 0.7389909 0.4117377 0.5349595 0.1970384
3.65864 1.408113 0.8954458 0.5402059 0.5291853 0.2186119
3.055697 1.574498 0.8693093 0.4039532 0.4899217 0.205311
3.196943 1.42594 1.1491 0.4992713 0.6032774 0.346692
4.362547 0.315793 1.623698 0.91969 0.7128281 0.4177015
2.990435 1.983249 0.666213 0.4113932 0.5421549 0.1731724
3.090703 1.604559 0.9435229 0.4725411 0.5919397 0.2752175
3.251091 1.744193 0.7652714 0.4610472 0.5396771 0.1976248
2.886739 2.390073 0.6576025 0.3797739 0.5916763 0.1954315
2.748178 1.927027 0.8444817 0.4048463 0.6106971 0.2619767
3.018714 1.645869 0.931525 0.4426989 0.5711476 0.2641841
3.452548 1.459302 1.071398 0.5314245 0.5891488 0.3118376
2.819362 2.039788 0.7785915 0.3718541 0.5507976 0.2176987
3.062148 1.815952 0.841804 0.4244476 0.5511175 0.2317842
2.768291 2.288935 0.7674758 0.3938712 0.6527783 0.2604046
3.249844 1.413769 1.195736 0.5077412 0.6060504 0.3650641
2.306172 3.277913 0.3921865 0.2867888 0.6558461 0.1153628
3.896016 0.9700249 1.046425 0.6576585 0.5685583 0.2475981
3.309947 1.341543 1.320264 0.5457757 0.6415152 0.4284703
4.073059 0.7751546 1.214916 0.7148589 0.5906229 0.2907868
3.350428 1.260629 1.109936 0.5429946 0.5940003 0.3103427
2.616036 2.324955 0.7137575 0.3711011 0.6395786 0.2321447
3.177743 2.068861 0.6375682 0.4218757 0.5373586 0.165568
3.445202 1.625548 0.7631044 0.4935181 0.5285709 0.1882426
3.15433 1.809506 0.9080423 0.4612576 0.5961797 0.2758722
3.568381 1.278271 1.029015 0.5616285 0.5665619 0.2694614
2.612884 2.713341 0.5407629 0.362169 0.6628782 0.1732019
2.775207 2.143975 0.6746715 0.3374577 0.5019553 0.1681612
2.90051 2.013122 0.7433464 0.4096783 0.5823053 0.2154447
2.682293 2.645127 0.5542135 0.3523257 0.6309123 0.1718809
2.736998 2.733143 0.5042269 0.3580999 0.6107719 0.145992
3.907503 1.105443 1.15904 0.644382 0.5868244 0.3080812
3.390922 1.486824 1.204622 0.5496421 0.6438531 0.3977033
3.09719 1.739429 0.8438384 0.4514138 0.56749 0.2350184
3.465855 1.44191 0.9651301 0.5352051 0.5717751 0.2623046
3.160409 1.901363 0.8474118 0.4655352 0.6017397 0.2572292
2.701199 2.457192 0.613729 0.3918979 0.6582014 0.1988054
2.105635 3.350032 0.4330848 0.3595787 0.9384352 0.1827564
2.703951 2.514009 0.5657937 0.3602974 0.5979894 0.1639399
2.945975 1.893088 0.9715603 0.4392827 0.6318868 0.3219437
3.063108 1.976339 0.7407304 0.4350637 0.576834 0.2109523
2.816805 2.324729 0.6372443 0.3534243 0.5494935 0.1746065
2.952352 1.966105 0.8290309 0.4171779 0.5859877 0.2468818
2.751639 2.840843 0.5255931 0.366024 0.6565722 0.1663286
3.44446 1.450287 1.033863 0.5500226 0.604912 0.3039578
2.516907 2.724414 0.5230001 0.3589592 0.6800318 0.1701812
2.994295 2.030499 0.8633161 0.4561697 0.6533053 0.2910565
2.883868 1.981803 0.6841811 0.3865604 0.5357036 0.17819
3.449574 1.666719 0.7784781 0.496201 0.537561 0.1978148
2.625474 2.604743 0.5291836 0.3465384 0.604026 0.1533373
2.569531 2.322089 0.6403858 0.3615569 0.6147916 0.1941845
2.873043 2.021873 0.800895 0.401246 0.5854126 0.2382597
2.550152 2.962247 0.4505997 0.3335992 0.6388142 0.13293
2.422786 2.66464 0.574409 0.3493229 0.6831925 0.1910576
2.729644 2.34678 0.6612271 0.3762555 0.6173168 0.2046943
2.242278 2.946769 0.5328404 0.3299968 0.7576002 0.1943701
2.885844 2.324586 0.6624749 0.4120745 0.6372153 0.2111189
3.036804 2.051456 0.7821225 0.4242967 0.5876376 0.232893
2.743621 2.344536 0.6678917 0.363194 0.5865477 0.1964522
2.893347 2.067495 0.6800692 0.3975585 0.56383 0.1879167
3.250036 1.810071 0.7317281 0.4625269 0.5442159 0.1899935
3.073929 2.200646 0.6495463 0.4225307 0.5842547 0.1868547
3.349467 1.426141 0.9429728 0.5173084 0.5645682 0.2497564
2.165657 3.407866 0.4221139 0.2926719 0.739604 0.1398047
3.303891 1.683197 0.9708466 0.5245491 0.6307405 0.3076712
3.564837 1.421145 0.9830178 0.5417234 0.5621765 0.2632644
3.247106 1.75226 0.7698144 0.4470417 0.5243643 0.1941944
2.983184 2.314127 0.549209 0.3813754 0.5398698 0.1417074
2.97718 2.239838 0.6816612 0.4065004 0.5911665 0.2014168
3.674448 1.098025 1.229417 0.6177447 0.6065718 0.3430044
3.556577 1.538915 0.8212763 0.5196935 0.5319846 0.2032417
3.285744 1.559727 0.8327373 0.4749086 0.5313441 0.2080894
3.047179 2.05744 0.6648212 0.4103032 0.5488117 0.1779512
3.313788 1.427134 0.8639916 0.4870833 0.5266522 0.2091288
3.009669 2.050171 0.8191729 0.4383366 0.6251799 0.2631138
2.466832 2.629276 0.5566914 0.3410751 0.645724 0.1742847
2.575744 2.627988 0.5499465 0.3297094 0.5920884 0.1579707
4.264973 0.8492872 1.425248 0.754596 0.6266823 0.3927611
3.377587 1.284979 1.323415 0.5575726 0.6356054 0.4205692
4.307483 1.023083 1.132316 0.6893395 0.5547076 0.275428
2.891366 2.081968 0.6989015 0.3808138 0.5402035 0.1866116
3.755839 1.18163 1.042581 0.5826655 0.5467942 0.2573932
2.638107 2.348601 0.6360271 0.3494237 0.5902553 0.1873111
2.58854 2.677912 0.4862349 0.3431909 0.6097007 0.13952
3.21756 1.777122 0.7626406 0.4517722 0.537158 0.1969587
3.015642 1.619918 0.9625313 0.4574401 0.5919258 0.2833422
3.678407 1.038802 1.212844 0.6119603 0.5896723 0.3212618
3.146738 1.581813 0.8551678 0.4477467 0.5314388 0.2173233
2.224069 3.070324 0.5325595 0.3491999 0.8350161 0.2124684
2.711694 2.589526 0.5361181 0.3558549 0.6029121 0.1560274
3.193869 1.931626 0.8714868 0.4667625 0.6124496 0.2741578
3.22039 1.723936 0.8301097 0.4515056 0.5412784 0.2197416
3.262051 1.580495 0.9681271 0.5065277 0.5970503 0.2840069
2.672124 2.544362 0.5648098 0.3599984 0.6079204 0.166057
2.575656 2.561734 0.5809485 0.3706893 0.6669685 0.189193
3.040176 1.81261 0.9782049 0.4588886 0.6261769 0.3177427
2.850484 2.489917 0.5793782 0.358904 0.5648712 0.1603232
2.935633 1.693419 0.9991521 0.4724403 0.6510232 0.3314541
3.550132 1.47264 0.9172708 0.5215409 0.53899 0.2337782
2.964941 1.790485 0.9020623 0.4308481 0.5845706 0.2665763
3.215208 1.951369 0.7300432 0.4279301 0.5336349 0.1920025
3.035377 1.94914 0.7810127 0.4346564 0.5845863 0.2278279
2.955816 1.960245 0.9055809 0.4467298 0.6460915 0.3044274
2.830456 2.299421 0.602155 0.3833075 0.5828322 0.1709795
3.041778 1.645854 1.110656 0.4870314 0.6529588 0.3766562
3.644308 1.269024 1.116456 0.5889202 0.5922476 0.3118725
3.63909 1.261925 1.014066 0.5554953 0.5440481 0.2532019
3.160823 1.940988 0.7575184 0.4561414 0.5866867 0.2200378
2.885496 1.967193 0.735234 0.4215378 0.594176 0.2150136
2.886613 2.072716 0.770458 0.4151536 0.6102339 0.2379813
2.583464 2.786223 0.5265297 0.3194853 0.5919758 0.1501226
2.667334 2.452826 0.5677339 0.3344818 0.5587291 0.1549771
2.510195 2.610916 0.5677141 0.3376458 0.6274307 0.173877
3.60005 1.444664 0.885662 0.5471893 0.5518209 0.2267876
4.080642 0.7253711 1.536869 0.7689694 0.6655269 0.4372912
3.071184 1.729978 0.88377 0.4561881 0.586025 0.2573563
2.419014 3.103879 0.4847611 0.3406022 0.7368941 0.1674976
2.912669 2.197733 0.7089118 0.4030051 0.6025187 0.2156686
3.388377 1.641821 0.8788262 0.507421 0.5745237 0.2457071
2.849234 2.273551 0.6725264 0.3993691 0.6146712 0.2065303
3.799519 1.243513 1.068125 0.5836834 0.5528371 0.2741123
3.025654 1.705916 0.9745993 0.4493217 0.5942573 0.2942857
2.993404 1.732369 0.8958907 0.4451761 0.5872509 0.2621069
2.967931 2.035419 0.6613413 0.4083017 0.5487523 0.1747512
2.963932 2.116147 0.7251774 0.3980993 0.571118 0.2088125
3.145788 1.797714 0.8264577 0.4369683 0.5520872 0.2271224
3.219031 1.795733 0.8765357 0.4717479 0.5881755 0.2589752
3.657124 1.08076 1.292185 0.6109028 0.6064907 0.3640195
3.948745 0.773593 1.529678 0.7171751 0.6447163 0.4301431
2.801087 1.950467 0.7561102 0.387568 0.5584934 0.209135
4.176583 0.8245489 1.407969 0.7298831 0.6138782 0.3755663
3.704533 1.413964 0.8446276 0.5533548 0.5293476 0.2026636
3.076547 1.406042 1.236169 0.5182748 0.6584484 0.4108254
2.446602 2.985241 0.5241896 0.3603386 0.7543566 0.1883179
2.749691 1.860557 0.8405993 0.3846035 0.5650635 0.2390688
2.778753 2.355187 0.6810791 0.3914538 0.6330841 0.2169817
3.084369 2.034501 0.6994012 0.4185683 0.555542 0.1914533
3.090129 1.855258 0.7843969 0.4450334 0.5707824 0.2200381
2.762538 2.566822 0.5442722 0.3652306 0.6038202 0.158797
3.045213 1.992345 0.7784312 0.4315796 0.5846018 0.2282422
2.596549 2.547136 0.6536822 0.4143992 0.7597997 0.2487065
3.008595 2.028079 0.7434768 0.4288758 0.5903963 0.2187248
3.09354 1.812586 0.7840268 0.4302508 0.544089 0.2088295
4.889542 0.2416252 1.739988 1.051117 0.7320044 0.454379
2.499652 2.953856 0.476228 0.3265868 0.6408281 0.1424522
3.259156 1.906246 0.6546405 0.4338724 0.5141503 0.1597345
3.17421 1.924947 0.9099918 0.4825832 0.6429615 0.3030001
3.146482 1.982872 0.6535186 0.4185784 0.5225141 0.1635274
2.996825 2.113207 0.7302682 0.4338393 0.6133171 0.2241857
3.582269 1.650883 0.7498184 0.5023743 0.5151849 0.1801525
3.253271 1.651254 0.957988 0.48366 0.5850948 0.2808889
4.023194 0.9010699 1.25598 0.7219161 0.6245947 0.3367815
2.634221 2.693727 0.5146794 0.3282192 0.5879985 0.1459289
3.780308 0.8451812 1.565025 0.7061855 0.6778374 0.4783607
3.262455 1.627542 0.924833 0.4947506 0.5855778 0.2661557
2.421999 3.019402 0.4943692 0.3196828 0.6888078 0.1627763
3.632776 1.508578 1.005777 0.560936 0.5890434 0.2902364
2.686627 2.269285 0.6928512 0.3670241 0.5993187 0.2089754
2.483332 2.911013 0.4591988 0.3388371 0.656632 0.1392084
2.500503 2.632082 0.5524666 0.3092831 0.5791519 0.156621
2.985824 2.315413 0.6183313 0.3924065 0.5640212 0.1707876
4.259882 0.4685233 1.893598 0.8750991 0.730702 0.5660751
2.308316 3.184558 0.4587334 0.3445829 0.7959385 0.1687147
3.282102 1.50455 0.9076675 0.486529 0.5505249 0.2379718
2.938299 2.178865 0.6846679 0.4062278 0.5934583 0.2028178
3.439258 1.379072 0.9605672 0.5320596 0.5615462 0.2514174
3.568688 1.208707 1.131657 0.5865463 0.5970157 0.314294
3.195286 1.59613 0.9400292 0.4695266 0.5659727 0.2621785
2.769384 2.33481 0.6273976 0.3912733 0.6115762 0.1875821
3.163011 1.570201 0.8928591 0.453844 0.5385016 0.2317983
2.835582 2.095779 0.7529185 0.39471 0.5960231 0.2278108
3.018588 2.001202 0.7636669 0.4068803 0.558249 0.2146167
2.202184 3.487913 0.3799254 0.3371238 0.842859 0.1389676
2.517531 2.686084 0.5677166 0.3668257 0.6956746 0.1920065
3.929745 1.160693 0.9505118 0.6151362 0.5358241 0.2210777
2.888151 2.442051 0.6323107 0.4181805 0.6529015 0.2038211
2.402033 3.084326 0.4067179 0.3104238 0.6398 0.1170875
2.603805 2.453508 0.5621369 0.325316 0.5468695 0.1488335
3.472503 1.505639 0.8734783 0.4904098 0.5144379 0.2116464
3.194254 1.729266 0.8955527 0.4556013 0.5641145 0.2529185
2.960425 2.219483 0.7371325 0.399712 0.6030304 0.2288217
2.983012 2.169857 0.6545559 0.4071786 0.5745227 0.1848835
3.131552 1.545331 1.051635 0.4818712 0.6020897 0.3180194
2.969655 1.913508 0.76814 0.4372743 0.592434 0.2242486
3.22901 1.810238 0.7148885 0.4461316 0.5272306 0.1794567
2.415662 3.128578 0.4032432 0.2903247 0.6035715 0.1100802
2.798496 2.250842 0.6948973 0.3778008 0.5899851 0.2065072
2.832666 2.307288 0.6413814 0.3476076 0.5349553 0.1715399
3.830195 1.281837 0.9236742 0.5879304 0.5369343 0.2219371
3.288167 1.113392 1.382187 0.5479399 0.619869 0.4113269
3.426977 1.363687 1.262056 0.5183321 0.5836932 0.3724933
2.911329 2.00136 0.8796337 0.4235056 0.6261297 0.2869257
3.22703 1.601603 0.9308408 0.4563635 0.5398466 0.2471144
2.227501 3.685751 0.3598588 0.3705484 0.9753313 0.1503655
3.482821 1.341159 1.14004 0.5826793 0.6310559 0.3486835
2.785301 2.374652 0.5320867 0.3777319 0.5786038 0.1455975
3.057364 2.245047 0.6230153 0.4209806 0.5900751 0.1800035
2.988864 1.952698 0.7872941 0.4361156 0.5986276 0.2356732
2.962787 2.18683 0.6537425 0.3791795 0.5433577 0.1763406
2.831824 2.421263 0.6465568 0.4136858 0.6644905 0.2140052
3.206634 1.753858 0.9039327 0.4810538 0.598095 0.2710738
3.822303 1.008439 1.075682 0.6280876 0.5620518 0.2586576
2.62269 2.667951 0.5124666 0.3518939 0.6261404 0.1532891
2.614369 2.603091 0.5784105 0.3726742 0.666147 0.188076
3.230496 1.550119 0.9090679 0.4883243 0.5673583 0.2475731
3.250306 1.718972 0.9080396 0.4732227 0.5745925 0.2608288
2.406736 3.200231 0.5045426 0.4442533 1.003718 0.2362269
3.115943 1.82609 0.9249767 0.4720315 0.6213569 0.2937595
2.619085 2.541042 0.523304 0.3162631 0.5400085 0.136007
3.765516 1.385345 1.005175 0.5579632 0.5436507 0.2598026
2.990933 1.934709 0.7296185 0.4146725 0.5536045 0.1977525
3.438815 1.74245 0.7043191 0.4706236 0.5088387 0.1676998
2.823302 2.388425 0.6346689 0.408536 0.6465679 0.2028107
2.803173 2.187445 0.5664101 0.3612164 0.5224334 0.1402556
2.322949 2.884292 0.5604641 0.3548263 0.7797037 0.2125416
3.354183 1.601225 0.9159854 0.4873328 0.5541646 0.248085
2.227913 2.912935 0.577506 0.3285106 0.7595765 0.2145364
2.773966 2.160105 0.715587 0.3822814 0.58776 0.2110209
2.452425 2.626978 0.6564842 0.3940471 0.7868313 0.2598556
3.01681 1.497029 1.112428 0.4483081 0.5780354 0.3246812
3.450326 1.724103 0.8082468 0.481536 0.5328888 0.2085811
2.88858 1.995775 0.7187716 0.3895516 0.5522003 0.196723
3.064124 1.939581 0.77043 0.3934782 0.5189311 0.2003898
2.644723 2.192883 0.6741584 0.3598053 0.5799948 0.194229
3.249349 1.59359 0.8164451 0.4640655 0.5286352 0.2038491
3.484081 1.303497 1.029071 0.5588133 0.5830947 0.2794228
3.068075 1.79409 0.8539632 0.4252877 0.5484148 0.2337884
2.837752 2.371158 0.6744813 0.4124518 0.6544032 0.2211977
3.180939 1.818494 0.7695785 0.4384954 0.5352923 0.2005302
2.624264 2.633797 0.5964874 0.3942168 0.7158185 0.2098387
3.200702 1.822376 0.6955806 0.4281217 0.5080317 0.1677954
2.600704 2.438191 0.6181835 0.3538333 0.6161793 0.1887996
3.176625 1.888523 0.7970274 0.4335731 0.5519106 0.2202305
3.077324 1.977582 0.7966916 0.4472612 0.6029147 0.2419985
2.922497 1.733922 0.789518 0.408647 0.5325488 0.2026198
3.158403 1.616816 0.9781991 0.4730801 0.585155 0.2858836
3.22604 1.836992 0.7917973 0.4519516 0.5499528 0.2138501
3.019414 1.959323 0.7239663 0.4255692 0.5707365 0.2030644
3.067379 2.059599 0.7611682 0.4218683 0.5773557 0.2218304
2.547775 2.585327 0.5810161 0.3440649 0.6225982 0.1766133
3.429769 1.300631 1.336485 0.5743156 0.6463412 0.4330196
2.516032 2.981042 0.4832042 0.3259472 0.6582419 0.1507872
3.091735 1.885395 0.7270771 0.4211903 0.5312866 0.1871262
2.538343 2.660085 0.6397857 0.4068324 0.7808246 0.2487137
3.002993 1.764166 0.9682489 0.4409974 0.5991796 0.2983916
3.012687 1.981598 0.7374915 0.402899 0.5433852 0.1989734
2.815665 2.067269 0.7286656 0.3900281 0.5713517 0.2067275
3.327013 1.79639 0.813761 0.4625734 0.5471533 0.2199085
3.322463 1.564501 0.9235778 0.4975621 0.5672997 0.2539876
2.985224 2.085469 0.7885242 0.4537461 0.6553774 0.2633636
3.083832 1.776422 0.8496517 0.4524812 0.5811968 0.244969
3.151699 1.659579 0.9423414 0.4774435 0.5925374 0.2776917
2.937129 2.320045 0.6022172 0.3806912 0.5546197 0.1627994
2.829385 2.358989 0.5898681 0.3540261 0.5402583 0.155637
3.184963 1.787492 0.7683319 0.4370913 0.5293383 0.1971671
3.207518 1.643057 0.918891 0.4753604 0.574367 0.2604417
2.849757 2.054094 0.7842109 0.4079871 0.6065337 0.2414681
3.186689 1.991083 0.6774536 0.4380563 0.5419418 0.1766032
3.834238 1.183021 1.102908 0.6214211 0.5801744 0.2929464
2.466222 2.762057 0.4994227 0.3222207 0.6181189 0.1465407
3.09754 1.714603 0.8388479 0.4404515 0.5482591 0.2247271
3.481349 1.478917 1.180488 0.5499232 0.6212067 0.3732266
3.571558 1.274831 1.038569 0.5609743 0.5675437 0.2734659
3.002194 2.133618 0.6757408 0.4331939 0.607255 0.202046
3.545524 1.392327 0.914259 0.5214349 0.5308318 0.2253289
2.763268 2.313336 0.7346455 0.3964309 0.6506477 0.2448259
2.756734 2.59509 0.5504886 0.3701886 0.6291365 0.168867
3.597756 1.312992 0.9496163 0.5672406 0.5606803 0.2420814
3.552597 1.407968 0.9525332 0.5483625 0.5641238 0.2520086
2.71694 2.494738 0.5884229 0.3660227 0.6094439 0.1755742
3.30719 1.583848 1.091215 0.5230383 0.633159 0.3536382
3.452067 1.469895 0.9744948 0.5220546 0.5674702 0.2666787
2.561871 2.465177 0.5008047 0.3245635 0.5438377 0.1279265
2.486842 2.815122 0.4873015 0.3251663 0.6294388 0.1452031
3.209818 1.563052 0.9412818 0.4956896 0.587127 0.2684223
3.241594 1.408123 1.01841 0.4743221 0.5443662 0.267427
2.367761 2.692163 0.5794638 0.3370171 0.6884743 0.1958772
4.17418 1.067532 1.002926 0.6761392 0.5501939 0.2353099
3.343884 1.281727 1.071773 0.5422663 0.5924618 0.2973924
2.76868 2.418976 0.6127382 0.3940899 0.6327685 0.18989
2.740188 2.139187 0.6958837 0.3827293 0.5918369 0.2050188
3.645522 1.347754 0.9690072 0.5552393 0.5496469 0.2472874
2.697414 2.562149 0.5804392 0.3482685 0.5974692 0.1707226
2.426592 3.10079 0.477668 0.4210883 0.9041975 0.1996333
3.248206 2.094894 0.6807434 0.4555202 0.5770741 0.1923396
2.919149 2.345839 0.6026835 0.3938694 0.5896754 0.1739684
3.084466 1.921041 0.6643604 0.39625 0.4940765 0.1567253
3.049693 1.742791 1.086219 0.4541463 0.6222762 0.3578276
2.97959 1.972769 0.8007195 0.4527841 0.6313531 0.2541783
2.67076 2.534216 0.592859 0.3743244 0.6409134 0.1858381
2.772022 2.12393 0.8652049 0.3987808 0.6391097 0.2907025
2.939687 1.818937 0.7946984 0.4193832 0.5623704 0.2195735
2.843697 2.252197 0.7277199 0.4420749 0.6845411 0.2508149
3.126968 1.916744 0.7658879 0.4505332 0.5803112 0.2194525
