1.810544 2.494831 0.5670015 0.2592329 0.64601 0.177188
2.082445 1.929206 0.6811019 0.3008434 0.5674727 0.1846766
2.062026 2.347496 0.5373709 0.2786651 0.5745378 0.1462962
1.814577 2.251683 0.7271156 0.2702743 0.6637887 0.2451924
1.863336 2.227629 0.6041442 0.243303 0.5516059 0.1622263
2.15525 1.845473 0.6483144 0.2827491 0.4927624 0.1494476
2.197006 1.572823 0.8587205 0.3113591 0.5271594 0.2161305
1.842627 2.376525 0.5971982 0.2518062 0.603122 0.1762619
2.050599 1.896891 0.6901342 0.2835709 0.5361857 0.1768813
1.605772 3.378655 0.3992752 0.2111061 0.7059983 0.1250849
1.664127 2.645753 0.5642548 0.2222509 0.632261 0.1745582
1.900584 2.115633 0.7204138 0.2628507 0.584996 0.2111504
1.787262 2.326169 0.6028232 0.2456652 0.5904804 0.1728119
1.925479 2.248355 0.7943954 0.2770076 0.6480731 0.2670022
2.098453 1.682008 0.9045361 0.3135227 0.582012 0.2601403
1.708624 2.374285 0.676014 0.2502587 0.6629676 0.2250582
1.667627 2.422545 0.7283255 0.2517879 0.7093512 0.2653185
2.196277 1.640304 0.7540064 0.3145337 0.5272097 0.1851368
1.749752 2.782784 0.5182453 0.2412574 0.6676305 0.1657397
1.721552 2.502201 0.5340767 0.2231966 0.5753672 0.1473181
1.695724 2.93931 0.4997512 0.2404468 0.7143051 0.1692857
1.808313 2.304957 0.7335363 0.2596385 0.6517361 0.2450667
1.833259 2.292251 0.6482985 0.2502805 0.5938741 0.1907332
2.333201 1.528979 0.9067562 0.3422748 0.5481959 0.2383124
2.003731 2.180213 0.6603456 0.2832088 0.5955332 0.1930444
1.709018 2.655069 0.5734585 0.2353778 0.6522632 0.1828269
1.700205 2.511638 0.6935734 0.2566319 0.720573 0.254516
1.735316 2.442296 0.644383 0.2482237 0.6518585 0.2092224
1.54981 2.925882 0.5125826 0.2024095 0.6597298 0.1623169
1.857566 2.246074 0.6391141 0.2334359 0.5319639 0.1678092
1.744162 2.818883 0.5596856 0.2289371 0.6504224 0.177938
2.342771 1.627148 0.8795928 0.3451205 0.5621266 0.2401394
2.049794 1.722288 0.9813618 0.290323 0.5709829 0.2876833
2.718731 0.8244633 1.397657 0.4746626 0.6122207 0.3709465
2.045202 1.970631 0.7671576 0.2856075 0.5726538 0.2195693
2.007563 1.662113 0.9718322 0.2848591 0.5595594 0.2748412
1.954876 1.87258 0.7444194 0.2703057 0.5438815 0.1973905
2.37357 1.6077 0.8332719 0.3556243 0.5603333 0.2215677
2.069768 1.773956 0.8071716 0.2957659 0.5567535 0.2197101
2.558144 0.9277223 1.356043 0.4608733 0.642882 0.3881866
1.981946 1.808177 0.9770116 0.3010182 0.6274505 0.3170264
2.502349 1.154261 1.196782 0.4151286 0.6026088 0.3353972
1.68091 2.926156 0.5836458 0.2532835 0.7854594 0.2250584
2.656857 0.4482791 1.776938 0.539068 0.7093732 0.5004595
1.700832 2.691619 0.5565665 0.2392067 0.6705004 0.1810886
2.27542 1.233839 1.014452 0.3652915 0.5703271 0.2622663
2.195593 1.593555 0.9586 0.3245524 0.570531 0.2704355
1.817165 2.205717 0.7479598 0.2240053 0.5369714 0.2067471
2.205835 1.789439 0.7697316 0.3103093 0.5441028 0.202805
2.327549 1.660275 0.8300374 0.3492951 0.5695249 0.2267073
1.998763 1.884026 0.8100572 0.2826676 0.5707331 0.2310224
2.026587 1.766192 0.9281959 0.3102526 0.6226473 0.293768
1.9548 1.937682 0.8592614 0.2945406 0.6353202 0.2799762
1.829437 2.305765 0.7018288 0.2626965 0.6430312 0.228313
2.097083 1.730481 1.013886 0.3396392 0.6628758 0.3456344
2.062652 2.011019 0.7778806 0.3074567 0.6228414 0.2434115
1.995409 1.983022 0.7824897 0.2881097 0.5982626 0.235162
2.011383 2.135763 0.6413444 0.2795196 0.5775204 0.1802745
3.634657 -0.01412583 1.272777 0.8463344 0.7325621 0.2573835
1.976916 2.044121 0.8052861 0.2862659 0.6139625 0.2519484
1.93261 1.709175 0.90734 0.2824983 0.577618 0.261991
1.664537 2.532088 0.5758718 0.2175348 0.6010112 0.1700318
1.80444 2.602205 0.594619 0.2511465 0.6484577 0.1890051
2.395173 1.054872 1.049612 0.3768186 0.5396729 0.2456329
2.460547 1.210197 1.074592 0.3886951 0.565344 0.2789284
2.178207 1.866032 0.7387321 0.294118 0.5266846 0.1891392
1.742647 2.730742 0.5245707 0.2462399 0.6718981 0.1684806
2.059075 2.087742 0.7220394 0.2753381 0.5609 0.2030153
1.941969 1.788684 0.8292878 0.2817511 0.5742015 0.2355173
1.935755 2.092699 0.7124765 0.2603739 0.5601757 0.1988337
2.291744 1.732206 0.7235775 0.3203277 0.5243882 0.1786179
2.375882 1.26702 0.8868031 0.3643681 0.5299574 0.2068213
1.82506 2.055705 0.9007996 0.2875246 0.6926953 0.3271617
1.976104 2.145468 0.7303832 0.2675292 0.5822731 0.2154108
2.307563 1.441938 0.9991885 0.3527674 0.5720803 0.2752936
2.244593 1.70763 0.8033332 0.3195161 0.5444681 0.2111545
2.36051 1.221735 1.122582 0.3836611 0.5903414 0.3088567
1.788437 2.485311 0.5282009 0.2267565 0.558023 0.1409897
2.467933 1.076208 1.094718 0.4071263 0.5741747 0.276316
1.90645 2.088237 0.736683 0.2671548 0.5895348 0.2177423
1.816288 2.116391 0.8910518 0.2634705 0.6458255 0.3040229
2.529564 1.065099 1.169858 0.4163312 0.5827882 0.306303
2.098203 1.926282 0.8868576 0.2804284 0.555705 0.254902
1.810632 2.205348 0.6787524 0.2376305 0.5595399 0.1894084
1.871162 2.422517 0.6095742 0.2481739 0.5917729 0.1778184
1.646777 3.10688 0.4165359 0.2121735 0.6512738 0.1232801
2.163913 1.608579 0.9811993 0.3232992 0.5852392 0.2873487
1.705734 2.602848 0.5496796 0.2349102 0.6364802 0.1689888
2.104481 1.635434 1.001608 0.3226174 0.6052057 0.3052575
1.922045 2.312117 0.5856966 0.253755 0.5611709 0.1587833
1.948962 1.999391 0.6845963 0.2543301 0.5210826 0.1739397
1.95196 2.227261 0.6086619 0.246914 0.5311932 0.1577252
2.164695 1.670969 1.083833 0.3467936 0.6547339 0.367997
2.017073 1.756461 0.9957131 0.3090717 0.6266862 0.3214308
2.122668 1.515339 1.174086 0.3537014 0.6636597 0.3985322
2.331318 1.369183 1.097249 0.3573161 0.5753519 0.3069478
2.03851 2.199348 0.6506145 0.2781274 0.5711193 0.1818461
2.827934 0.9263259 1.135159 0.4868101 0.5877721 0.2809053
1.811582 2.593556 0.5837436 0.2432266 0.6254796 0.179163
2.117826 1.749036 0.812913 0.2937838 0.5374676 0.2137811
2.177519 1.608105 1.000492 0.3361203 0.6052938 0.3031388
1.549354 3.394106 0.4562641 0.2548071 0.9176489 0.1895513
1.450501 3.12827 0.4971634 0.2004847 0.7461756 0.1767322
1.80484 2.274496 0.6262618 0.2471899 0.5876579 0.1803024
2.207104 1.502285 0.9905387 0.3257448 0.5566646 0.268818
2.227188 1.43707 1.023881 0.3455586 0.5847742 0.2901778
1.879488 2.177671 0.6947067 0.2613635 0.5896699 0.203677
1.925772 2.148217 0.6734725 0.2619411 0.569106 0.1890268
2.118829 1.618203 1.025793 0.3296563 0.6164119 0.3195707
1.873597 2.006733 0.8094526 0.285906 0.6423607 0.263388
3.288786 0.2572955 1.521432 0.6896811 0.6938051 0.3615419
2.193573 1.491054 1.128424 0.3466327 0.618828 0.3524983
1.946513 1.994301 0.8364749 0.2721997 0.5888516 0.252704
1.91344 2.29829 0.6604003 0.2544608 0.5832106 0.1924739
2.20151 1.220416 1.191968 0.3481714 0.5823175 0.3305482
1.889 2.160524 0.7795156 0.2878986 0.6662934 0.2650888
1.77808 2.677382 0.5986724 0.2457457 0.6648119 0.1965576
2.579175 1.075213 1.150371 0.4233482 0.5791219 0.2982527
1.520735 3.161949 0.5519814 0.2495744 0.902762 0.2388531
2.676136 0.9309651 1.213334 0.4563602 0.5909681 0.3092687
2.260535 1.760107 0.7399152 0.322427 0.5427735 0.1910173
2.359347 1.443053 1.036198 0.3621403 0.5797314 0.2925176
1.685588 2.67431 0.6806289 0.253385 0.7468058 0.2579956
1.888934 2.248923 0.6802121 0.2686846 0.6225728 0.2118342
1.812077 2.109589 0.7376716 0.2464626 0.5787094 0.2156672
1.936987 1.975867 0.8137134 0.2669491 0.5697539 0.2350799
2.18932 1.672912 0.9381326 0.3406394 0.6118377 0.2855999
2.048997 1.924361 0.8223687 0.2842342 0.5680913 0.2361648
1.912402 2.333161 0.6399581 0.2587501 0.595071 0.188872
1.913516 2.454565 0.5766727 0.2590565 0.6103149 0.1720299
3.115012 0.2651213 1.77771 0.6706706 0.7383393 0.4770321
2.013047 1.824523 0.8016875 0.2948227 0.5801235 0.2288221
1.745557 2.203738 0.5977602 0.2393225 0.5694693 0.1635197
1.574806 2.983095 0.5470936 0.2654724 0.8735469 0.2287029
2.24773 1.561799 0.9301786 0.3501069 0.5906006 0.2656499
1.626408 2.600648 0.5893425 0.2287772 0.6601353 0.1910071
1.609079 3.180205 0.4882169 0.2210348 0.7365471 0.1687938
1.824873 2.482713 0.6787361 0.2939331 0.7623031 0.2614172
1.941999 1.971517 0.7580782 0.2843447 0.5927163 0.2217434
1.701589 2.430561 0.6422159 0.2346117 0.6251535 0.2001404
2.118738 1.607593 0.9425009 0.3028876 0.5512702 0.2572524
2.172829 1.683274 0.9347405 0.328255 0.594994 0.2776572
1.737548 2.575854 0.523083 0.2233143 0.5820143 0.1458905
3.127192 0.2727103 1.564041 0.6533955 0.6963768 0.3799731
2.805047 0.9420862 1.054034 0.4598816 0.5490504 0.2397874
1.927506 1.856761 0.8978946 0.2954976 0.6327933 0.2898541
1.631962 2.704783 0.5620932 0.2273185 0.671613 0.1842969
1.851497 2.511284 0.5057524 0.229663 0.5373813 0.1282536
1.473268 2.965966 0.5384899 0.2255913 0.7796413 0.2001975
1.9042 2.203182 0.6863164 0.2544102 0.5734874 0.1969272
2.366799 1.437373 0.9402824 0.3599772 0.5588263 0.2478572
1.918295 2.165834 0.6363063 0.2392355 0.5171598 0.161536
2.161871 1.592973 0.8407474 0.3114021 0.5355825 0.2140594
1.802876 2.427064 0.5843817 0.221614 0.5450078 0.1566682
1.789199 2.582755 0.5955043 0.2512228 0.6576377 0.1928251
2.389088 1.423296 0.9037609 0.3571792 0.5414826 0.2275125
2.01923 1.970143 0.6500811 0.2700136 0.5232546 0.1623339
1.969647 2.279726 0.6186647 0.2529573 0.5484289 0.1665348
2.048557 2.009096 0.7305408 0.2765399 0.553926 0.2012782
1.232506 4.040471 0.3414761 0.2009335 1.008408 0.1405999
2.176787 1.589477 1.094777 0.3425808 0.6271769 0.3507429
1.931784 1.591767 1.025039 0.2966844 0.6014574 0.3093885
1.769103 2.762388 0.5371459 0.2632898 0.7324555 0.1904504
2.150021 1.957015 0.667954 0.2843637 0.517333 0.1659045
1.754259 2.613187 0.551738 0.2360709 0.6129766 0.1624976
1.753028 2.451514 0.7054486 0.2815148 0.7512874 0.268572
1.919031 1.952531 0.9161788 0.289562 0.648477 0.3106704
2.500783 1.310705 0.9460691 0.3784595 0.5370952 0.2316974
1.947555 1.961261 0.8826737 0.2749944 0.592684 0.2700443
2.222148 1.57286 0.859332 0.3210466 0.5381895 0.220491
1.631749 2.73733 0.5844583 0.2377124 0.7144014 0.2050956
1.763672 2.904471 0.4312865 0.2336029 0.6386419 0.1264084
2.460755 1.016856 1.370282 0.4310567 0.6385933 0.4048274
2.069447 1.90565 0.7147817 0.2846761 0.5411398 0.1874461
2.036142 2.238186 0.6413547 0.2710456 0.5702645 0.1805733
2.46708 1.46732 0.8577656 0.3609585 0.5294338 0.2106546
1.747548 2.616575 0.6072577 0.2570927 0.7078428 0.2134688
2.132614 1.744913 0.7793487 0.3016609 0.5403658 0.202636
2.187135 1.449343 1.043962 0.3391318 0.5880196 0.2998514
2.036724 1.807481 0.8786916 0.3081349 0.6092776 0.2688027
1.787251 2.726317 0.4877933 0.2272475 0.593375 0.1369482
1.736676 2.605816 0.5222778 0.2245344 0.5931845 0.1487417
1.831714 2.525732 0.6664058 0.2375757 0.612765 0.2077741
2.257232 1.334395 1.079006 0.3591119 0.5890183 0.3030723
2.011491 2.135373 0.6569718 0.2787989 0.5742788 0.1842187
1.846404 2.314884 0.7399412 0.2513955 0.612506 0.2323155
2.132134 1.969365 0.7238577 0.2893238 0.5457522 0.194289
1.647348 2.65382 0.5103414 0.2172109 0.6027329 0.145905
1.671747 2.620655 0.6846011 0.2592948 0.7584007 0.2630797
2.457078 1.377236 0.8795278 0.3705908 0.5359936 0.2143445
2.3091 1.451125 0.8169883 0.3427742 0.5278977 0.1956845
1.724825 2.365811 0.6932885 0.244515 0.6495113 0.2290505
2.296002 1.76552 0.8036406 0.3247165 0.5512417 0.2166534
2.521103 1.414793 0.8715061 0.3900665 0.5549176 0.2210185
2.197874 1.758812 0.7866333 0.3059004 0.5338088 0.2032675
1.9583 2.021958 0.8582122 0.2901341 0.635365 0.2818623
2.266444 1.460443 0.954109 0.3345956 0.54609 0.2487548
1.979743 1.919582 0.7904833 0.2934823 0.6047499 0.2382079
1.926803 2.38362 0.5833182 0.2621895 0.5918697 0.1671616
1.691904 2.712373 0.5159924 0.2370588 0.6593315 0.1619202
2.562289 1.129506 1.067305 0.398916 0.5446288 0.2598544
2.195239 1.943013 0.700698 0.3048452 0.5522311 0.1877135
3.388398 -0.2410291 1.919359 0.8615032 0.8599647 0.4706866
2.417701 1.224916 1.203528 0.4045826 0.6184387 0.3537039
1.887248 2.419313 0.5973359 0.2381584 0.5594403 0.1645622
2.072793 1.548116 0.8658885 0.3023202 0.540659 0.2221789
1.984884 2.328173 0.5717662 0.2522291 0.5442995 0.1507082
1.746675 2.510738 0.6108791 0.2339987 0.6296648 0.1926021
2.317704 1.393746 1.061248 0.3546478 0.5728837 0.2943142
1.868373 2.483494 0.6142156 0.2722947 0.6654287 0.2012821
2.033563 1.819932 0.8524464 0.2991253 0.5906937 0.25191
1.967223 2.089153 0.8454374 0.2986144 0.6629169 0.2904578
2.597615 0.7017524 1.273306 0.477295 0.6195464 0.314502
2.009676 2.324751 0.6127695 0.2772093 0.5954394 0.1779689
1.800162 2.217002 0.6561981 0.2494957 0.5915572 0.1915253
1.661454 2.458569 0.5248461 0.2018495 0.5242284 0.1312858
1.774936 2.805381 0.5679066 0.2535368 0.7120345 0.197779
1.857525 2.225491 0.6980932 0.2489092 0.5781871 0.2026662
1.661399 2.802516 0.5948491 0.2622367 0.800116 0.2349096
2.15969 1.727242 0.8635475 0.3159236 0.575829 0.2462001
2.035109 1.72913 0.9487201 0.3002375 0.5929255 0.2857272
2.37417 1.202125 1.296587 0.4006961 0.6323708 0.3961974
1.859327 2.206086 0.6525193 0.250333 0.5724299 0.1843778
1.836065 2.210392 0.7423664 0.2830539 0.677823 0.2547715
2.300328 1.272092 1.112536 0.358777 0.5708777 0.3005089
1.957815 1.965413 0.7990751 0.2727302 0.5745872 0.2317169
1.765552 2.779601 0.5113539 0.2231938 0.6030007 0.1474735
2.289195 1.619451 0.8891715 0.3301796 0.5507946 0.2388229
2.121622 1.849409 0.8315329 0.2990032 0.5663744 0.235824
1.872058 2.195147 0.8228243 0.2719378 0.6510227 0.2793869
1.554892 3.224303 0.4363302 0.2351831 0.8041164 0.1596897
2.014579 1.894215 0.8398815 0.2984296 0.6074085 0.2573908
1.764216 2.577297 0.6387769 0.2598655 0.6998033 0.2231706
2.087892 1.885455 0.8177227 0.3154551 0.6118235 0.2493055
2.225574 1.542683 0.8067564 0.325547 0.5320267 0.1989642
1.921914 2.066759 0.8266452 0.2510601 0.5623405 0.241756
1.890023 2.137249 0.7970314 0.2646289 0.6196659 0.2565306
1.811272 2.406116 0.6134382 0.2463739 0.6041387 0.182335
2.302798 1.196459 1.158766 0.3534981 0.5561839 0.3024686
2.028657 2.214196 0.6426683 0.2738563 0.5692078 0.1793526
2.615706 1.242996 0.9476227 0.4083923 0.5455675 0.230378
2.301454 1.233407 1.256341 0.3793838 0.6186509 0.3768221
2.321592 1.076091 1.216053 0.3927191 0.606044 0.335266
1.905101 2.224994 0.7220477 0.2588412 0.6023789 0.2221637
2.108008 1.529916 1.106503 0.3305331 0.6166244 0.3453516
1.559039 2.820451 0.5067396 0.2006459 0.6253288 0.1515965
1.937069 1.971159 0.9216125 0.2968822 0.6647751 0.3217026
2.258194 1.306679 1.088544 0.3674778 0.6002523 0.3095304
1.762121 2.312756 0.7182092 0.2541331 0.6504958 0.23778
1.84707 2.275579 0.5899893 0.2389355 0.5409933 0.1539088
2.249043 1.32868 1.271372 0.3653214 0.6249749 0.3970725
2.120141 1.606883 0.9254909 0.3108309 0.5600591 0.2538159
1.809259 2.239413 0.717407 0.2617979 0.6333291 0.2289685
2.43777 1.135116 1.131731 0.4105183 0.6012171 0.3084727
1.960347 2.137292 0.7024648 0.2675341 0.5751577 0.2013312
1.474378 3.038197 0.4721456 0.2117484 0.7407877 0.1637853
2.447359 1.154998 1.009915 0.3804242 0.5393204 0.2410037
1.777828 2.720842 0.5417481 0.2474533 0.667473 0.1748008
2.194833 1.413239 1.065818 0.3373994 0.5803714 0.3016246
2.200807 1.555279 0.8244575 0.303529 0.5062603 0.1968912
1.875649 1.998109 0.9074588 0.2766371 0.6377893 0.3032989
1.857325 2.102412 0.7896732 0.2697603 0.625238 0.2521525
2.262942 1.408765 1.271272 0.3650409 0.6350249 0.4127362
2.318585 1.489709 0.936376 0.3481965 0.5577036 0.2493041
2.111402 1.708365 0.8352835 0.3155369 0.5740367 0.2323953
1.777195 2.796896 0.5007688 0.2342273 0.6393072 0.1529823
2.108959 1.48541 1.018151 0.3304607 0.5947222 0.2953057
2.383201 1.58054 0.8002488 0.3415419 0.5228487 0.1951594
1.665233 2.624416 0.6287279 0.2633188 0.7686107 0.2410861
2.726997 0.9989657 1.028756 0.4532124 0.5632162 0.2435676
2.111675 1.733281 0.8877337 0.3067918 0.5725867 0.2531925
1.767706 2.530073 0.6182657 0.2473442 0.6577395 0.2028864
2.418427 1.461991 1.010719 0.3791558 0.5944691 0.2919757
2.053167 2.169022 0.6721412 0.27085 0.5561842 0.1854064
2.286817 1.668138 0.7537544 0.3097582 0.4975356 0.1761097
2.465349 1.181228 1.084191 0.3814387 0.5508338 0.2732804
1.91711 2.043952 0.7900755 0.2619067 0.5821742 0.2355352
1.855104 2.253571 0.6532776 0.2376207 0.5478703 0.1776599
2.381598 1.250722 1.234173 0.4084194 0.6436352 0.3833319
1.889498 2.135989 0.6781776 0.2716156 0.6017516 0.2006484
1.543811 3.244464 0.4012398 0.1997194 0.6651301 0.1188946
1.829387 2.466419 0.5463713 0.2325677 0.5618375 0.1481665
1.747492 2.650024 0.5210823 0.2435312 0.6507166 0.1622744
2.327137 1.392369 1.088349 0.3641438 0.5899477 0.312574
2.232934 1.60172 0.8903648 0.3297638 0.5604027 0.2416271
2.341512 1.409852 1.007617 0.3492793 0.5523121 0.2666013
1.908234 2.313632 0.7005117 0.2656794 0.6189052 0.2188631
1.947862 2.048467 0.7368584 0.2575986 0.5511364 0.2040884
1.598301 2.699316 0.4385347 0.2007585 0.5620587 0.1129783
2.028184 1.833305 0.8856453 0.2882164 0.5804375 0.2619568
2.097912 2.144581 0.7137363 0.3008923 0.6102611 0.2175854
2.405901 1.228612 1.091319 0.3970143 0.597264 0.3014948
1.653996 2.827429 0.54482 0.2129752 0.6306866 0.1664692
2.92422 0.2628094 1.764614 0.6196477 0.7242517 0.4632114
1.75768 2.527505 0.6168726 0.2406884 0.631889 0.1930545
2.024626 1.846323 0.8381693 0.2859453 0.5655246 0.2371405
2.138612 1.925619 0.7177894 0.2980907 0.5529554 0.193048
2.34496 1.641685 0.7981727 0.3420693 0.5472299 0.2070984
1.888447 2.177633 0.638677 0.2610395 0.5761425 0.1791043
2.226311 1.571031 0.7928856 0.3228298 0.5295356 0.1951282
2.335728 1.421059 0.9818391 0.3487943 0.551989 0.2585529
2.555131 1.059689 1.273327 0.4387732 0.619757 0.3617669
1.579588 3.408993 0.4416325 0.2434717 0.8696233 0.1743164
1.87437 2.384038 0.5822721 0.2492499 0.5761624 0.1624455
1.938477 1.974181 0.641461 0.2503164 0.5037732 0.1543021
1.776073 2.918042 0.5308361 0.2271349 0.6451204 0.1655437
1.848027 2.220206 0.780505 0.2751079 0.6636637 0.2664961
1.90262 2.19606 0.7121997 0.27035 0.6184376 0.2220224
2.058842 1.641624 0.9450455 0.3081801 0.5841088 0.27441
2.237666 1.580168 0.8633825 0.3394029 0.5653102 0.231819
2.0505 1.374345 1.109223 0.3193965 0.5854333 0.3160111
1.901708 2.057346 0.836927 0.2867112 0.6486303 0.2792756
2.25849 1.382653 0.9571688 0.3314521 0.5334135 0.2396958
2.296476 1.689785 0.8142562 0.3314669 0.5477288 0.2144148
1.924096 2.047411 0.9723297 0.3263026 0.757116 0.3916758
2.076723 1.86551 0.8319234 0.2873146 0.5569569 0.2327016
1.880501 2.255362 0.7352145 0.2612349 0.6197403 0.2331478
2.382722 1.432605 1.023648 0.3652258 0.5752606 0.2848437
2.129187 1.74706 0.8205212 0.3079246 0.5611472 0.2247737
1.959626 2.372464 0.5868281 0.2459252 0.5447133 0.1561174
2.225375 1.524432 0.9072925 0.325214 0.5451367 0.2369273
1.923124 2.305137 0.6414854 0.2671131 0.6091723 0.1935683
1.660583 2.841099 0.4652969 0.2167464 0.6215594 0.1348673
2.072705 1.511642 1.070728 0.3237463 0.6051921 0.3231988
1.863588 2.157788 0.7380977 0.2875181 0.6647294 0.2463875
2.27902 1.380216 1.034182 0.3493983 0.567579 0.2805663
1.971088 1.997078 0.6397993 0.2675336 0.5346562 0.1630166
1.717854 2.774673 0.480878 0.2171647 0.5907089 0.1334851
1.939888 2.350474 0.6052313 0.2779618 0.6278538 0.1853435
2.760869 1.027222 1.176079 0.464017 0.5902947 0.3072608
2.616711 0.763223 1.665266 0.491898 0.6802257 0.504725
2.162473 2.037009 0.7328901 0.2904766 0.5557045 0.2034748
1.729008 2.801726 0.5086877 0.2406338 0.6788933 0.1650024
2.207638 1.663902 0.8339697 0.3198059 0.5495015 0.2207579
1.496386 2.926867 0.5584953 0.2447358 0.8343024 0.2240591
1.850329 2.249874 0.777895 0.2805724 0.6821524 0.2731964
2.31079 1.306226 0.919752 0.3515313 0.5368388 0.222994
2.076469 2.05732 0.6294658 0.277073 0.5316108 0.160128
2.134934 1.522441 1.02394 0.3256605 0.5861437 0.2967688
2.095586 1.564692 0.8175051 0.3043053 0.5317978 0.2033371
1.979652 2.138923 0.7887643 0.2808109 0.6211974 0.2524098
2.055653 1.879649 0.7747313 0.2923011 0.5661871 0.2159879
2.311753 1.655638 0.8683186 0.3357018 0.5584521 0.2367434
1.59326 2.749427 0.4913147 0.2076102 0.6100911 0.1414871
1.510709 2.773303 0.6344903 0.2505875 0.8418888 0.2664818
2.125496 1.367321 1.057867 0.3372901 0.5891545 0.2979439
2.180064 1.707734 0.8509754 0.3254655 0.5809921 0.2420348
2.343639 1.518139 0.9371708 0.3491552 0.5582576 0.2519256
1.73079 2.4407 0.6282828 0.2424933 0.6459115 0.2028374
1.740587 2.746513 0.5780918 0.2363957 0.6589086 0.1864799
2.116786 1.727854 0.7943718 0.3052652 0.5497899 0.2099986
2.24374 1.734541 0.7935061 0.3229143 0.5489968 0.209635
1.999922 1.950205 0.7295669 0.2926389 0.5907967 0.2110773
1.841075 2.405853 0.6243148 0.246565 0.5971757 0.1845241
2.097774 1.783854 0.8723986 0.2928869 0.5571133 0.2443292
1.954678 2.09882 0.6240851 0.2628918 0.5431845 0.1627522
2.290171 1.593239 0.9005549 0.3456188 0.5733118 0.2499462
2.230639 1.784469 0.8031613 0.3240448 0.5677529 0.2228171
1.932608 2.069469 0.6899755 0.2502901 0.5328155 0.181975
2.060561 1.887898 0.7798621 0.2891184 0.5591999 0.2153754
1.830611 1.965352 0.8290534 0.2752982 0.6278691 0.2640348
1.755283 2.64987 0.587894 0.2527409 0.6816727 0.196001
2.32105 1.482095 0.9598074 0.3550176 0.5713522 0.2630313
1.600658 2.810061 0.4571328 0.2075557 0.6187324 0.132225
1.651132 3.062737 0.4248036 0.2335436 0.7075227 0.1362727
1.884043 2.161913 0.6623646 0.2440041 0.5486865 0.1805994
1.820276 2.25518 0.7536747 0.2831656 0.6975337 0.26845
1.464828 3.313178 0.4217026 0.1872504 0.6791142 0.1290903
1.590696 2.960515 0.5409941 0.2883335 0.9436736 0.2448903
2.118387 1.954689 0.6951686 0.2833388 0.5299499 0.1789224
2.125321 1.763511 0.8292529 0.3023156 0.5545413 0.2259723
2.0273 1.88741 0.7154442 0.2710876 0.5185064 0.1791169
1.869854 2.445191 0.5677564 0.2302054 0.5406722 0.149407
1.74182 2.387155 0.6300245 0.2306141 0.59087 0.1850339
2.056784 1.921634 0.7339904 0.2839668 0.5490561 0.1972027
2.064808 1.708098 0.9181896 0.2989411 0.572842 0.2638345
2.418291 1.085193 1.349148 0.4182106 0.6362858 0.4038838
2.516946 1.101683 1.070815 0.4156835 0.5763722 0.2720924
1.651568 2.701727 0.5158897 0.2102927 0.6084321 0.1517756
1.837215 2.555128 0.53293 0.2263915 0.5521631 0.1416684
1.926928 1.895632 0.9536957 0.2899991 0.6323693 0.3136859
2.04306 2.084002 0.6316654 0.2545144 0.4999946 0.1529483
2.047938 1.631313 0.7979701 0.2953374 0.5381201 0.2031625
2.04054 2.042941 0.6428729 0.2788726 0.5404031 0.1659285
1.979371 2.168222 0.7193424 0.2669772 0.5808356 0.2111216
2.550451 1.279064 0.8734554 0.3871554 0.5226628 0.2006072
1.924838 2.250946 0.6946612 0.2810316 0.6330267 0.2192125
2.320367 1.197983 1.185679 0.3501555 0.5485111 0.3077173
2.144088 1.848554 0.7934932 0.3163605 0.5840232 0.2274916
1.648488 2.469209 0.6470824 0.2164266 0.602678 0.195882
1.925292 2.231074 0.6651284 0.2748055 0.6168449 0.2034049
1.917375 2.035888 0.73419 0.2700021 0.5807583 0.2117968
2.150661 1.929827 0.8211168 0.3141923 0.6009713 0.2487688
1.707809 2.788039 0.5752768 0.2289086 0.659847 0.1861534
2.043016 2.007382 0.7151348 0.2765975 0.5468027 0.1923044
2.528297 1.329882 1.050028 0.3898394 0.565507 0.2811206
2.480427 1.130825 1.287826 0.4142357 0.6133044 0.3726198
2.474515 1.053456 0.9898916 0.4076423 0.5566811 0.232469
1.775111 2.182717 0.658462 0.2340616 0.556527 0.1811032
1.962521 2.396313 0.5984248 0.2609426 0.5767606 0.1678053
1.974808 2.166626 0.7498193 0.2677071 0.5876673 0.2246929
1.630203 2.479472 0.6477579 0.2337633 0.6583171 0.2124724
1.765575 2.603912 0.5792392 0.2484571 0.6625388 0.1881572
2.267039 1.318914 1.13969 0.3581829 0.5899373 0.3247758
2.564465 0.9719244 1.33013 0.4256431 0.5905025 0.3544603
1.711945 2.7982 0.5121182 0.2143071 0.6055312 0.1491041
1.766983 2.689302 0.5817192 0.2588455 0.7118242 0.2035848
2.042411 1.924937 0.7975539 0.3077061 0.6128008 0.2432162
1.619779 2.701717 0.6085201 0.2663961 0.8105338 0.2437291
1.754877 2.648497 0.5519908 0.2369485 0.6336697 0.1697196
1.646744 2.689144 0.5590507 0.2184631 0.6282161 0.1708032
2.895578 0.1960112 1.728487 0.6394946 0.7490253 0.4498088
2.189085 1.810618 0.8162655 0.3025822 0.5451896 0.2203643
2.117599 1.627751 0.8964332 0.326701 0.5927255 0.2586714
2.135257 1.963144 0.6694709 0.2830505 0.5182835 0.1665934
1.864066 2.322351 0.6301966 0.2521648 0.5979307 0.1869924
2.571103 0.8966845 1.071008 0.4250876 0.5497695 0.2405805
2.067519 2.027204 0.7161304 0.2878875 0.5695443 0.2012128
1.87121 2.236043 0.6710353 0.2595444 0.6002603 0.2005226
2.253047 1.41865 1.113499 0.3476183 0.5873898 0.3227204
1.923852 2.410765 0.5573843 0.2493613 0.5603939 0.1501209
2.058648 1.886576 0.7435621 0.2939077 0.5608046 0.20249
1.89633 1.99506 0.7809495 0.2593468 0.5677927 0.2239895
2.12472 1.583598 0.9367886 0.3174728 0.5706146 0.2613153
2.098565 1.888336 0.705178 0.2889351 0.5346037 0.1810674
2.24041 1.72103 0.7790989 0.3168013 0.5397407 0.2019855
1.750422 2.408494 0.6875601 0.2355939 0.6117906 0.2128769
2.146841 1.477682 1.028533 0.3533407 0.6276243 0.3146085
2.0129 2.013221 0.808225 0.2835645 0.5929326 0.244261
1.951313 2.262659 0.7135176 0.2865809 0.6492681 0.2337899
1.950838 2.144066 0.6904174 0.2680789 0.5797305 0.1988218
1.922007 2.081423 0.8328006 0.2900065 0.6603729 0.2849704
2.523461 1.316828 0.9473443 0.3825824 0.5393204 0.2334816
1.704823 2.435145 0.6673477 0.2331495 0.6267608 0.2108322
1.894301 1.925869 0.9346599 0.2775397 0.6199153 0.3021538
2.285358 1.510921 0.9408711 0.3328886 0.5439037 0.2465547
2.361086 1.31334 0.9885163 0.3646648 0.5547579 0.2531969
1.87312 2.173743 0.6915527 0.2651078 0.6021462 0.2069244
1.537619 3.155331 0.4774969 0.2130906 0.7299597 0.1623603
1.783492 2.380993 0.6715138 0.237721 0.6062239 0.2061387
2.719403 0.9452578 1.151984 0.4620951 0.5837172 0.2867493
2.49015 1.152662 1.166195 0.4023905 0.5815253 0.3129789
1.898797 2.114198 0.6980924 0.2632175 0.584264 0.2029151
1.690578 2.820836 0.5384161 0.2282046 0.6590007 0.1708729
2.217613 1.924265 0.6997631 0.2974666 0.5295314 0.1797376
1.941948 2.143093 0.6587345 0.2526067 0.5413507 0.1756415
1.437551 3.813083 0.3049338 0.1922306 0.7709059 0.09628287
2.128822 1.682673 0.8968056 0.3205594 0.5884824 0.2607038
1.724493 2.511993 0.5772626 0.2384483 0.6292069 0.1771086
1.779762 2.626385 0.6068358 0.2624677 0.7055223 0.2116858
1.699757 2.24334 0.6436668 0.2282675 0.5748654 0.1825389
1.891613 2.09143 0.7608418 0.273569 0.6146828 0.2361641
2.80616 1.154651 0.9605934 0.4365851 0.5334865 0.223075
1.605724 3.190568 0.4655885 0.2245633 0.7337851 0.1572846
2.139782 1.483903 1.072372 0.3388549 0.6097046 0.3238757
2.088389 1.856308 0.8146551 0.3031939 0.5819483 0.2356296
2.670597 0.9258427 1.098482 0.4579 0.5796858 0.264774
1.963391 2.25713 0.5594415 0.2541498 0.5363346 0.1428413
2.366619 1.25827 0.9289263 0.3627511 0.5352816 0.2217722
1.957823 2.168269 0.6390159 0.2465774 0.5167894 0.161271
2.263766 1.446306 1.064499 0.341919 0.5740982 0.3005974
2.905681 0.7066938 1.357243 0.5248716 0.6167005 0.3417469
2.040332 1.947069 0.8289928 0.2892161 0.5871584 0.2472278
1.653533 3.084724 0.4879692 0.2354854 0.7340039 0.1671339
1.990484 1.747368 0.7562189 0.2689362 0.5120447 0.1856337
1.756825 2.584915 0.5167694 0.2174057 0.5639433 0.1401793
2.30717 1.520233 0.8781436 0.3452975 0.5523096 0.2289539
1.914689 2.153908 0.6503061 0.2648768 0.5795553 0.1845582
1.750996 2.522269 0.6197943 0.2439723 0.6512953 0.2011696
1.512319 3.062469 0.5009585 0.2274649 0.7890289 0.1868217
2.250456 1.775533 0.7475645 0.3054611 0.5225378 0.188414
2.014565 2.046267 0.7195015 0.2759913 0.566252 0.2024078
2.46209 1.049186 1.252646 0.4106513 0.5974515 0.3409821
2.206622 1.424553 1.10904 0.3509402 0.6064482 0.3310861
2.045129 1.600855 0.960414 0.3174382 0.5996273 0.2837443
2.177192 1.400952 1.075094 0.342862 0.5922219 0.3089232
2.367857 1.184754 1.042585 0.3828761 0.5721273 0.2686643
2.396275 1.446968 0.9231865 0.3735802 0.5709265 0.246961
2.246352 1.672036 0.7613082 0.3204892 0.5316565 0.1905222
1.951084 2.239406 0.6023159 0.25363 0.5412912 0.1576395
2.097394 1.70297 0.815663 0.2962437 0.5394566 0.2129626
2.011269 2.12706 0.7249833 0.2960225 0.6248822 0.2263197
2.11637 1.75713 0.8903741 0.3362244 0.6349701 0.2818626
1.780412 2.597444 0.5841071 0.2380277 0.6289031 0.1810914
2.096828 1.710881 0.8603429 0.3061235 0.5674411 0.2398449
1.922685 2.21931 0.6932984 0.2772745 0.6294938 0.2187989
2.342949 1.474669 1.009396 0.3462638 0.5562576 0.2735698
2.207039 1.796851 0.8185746 0.3036666 0.5402755 0.2186435
2.204041 1.575294 0.9589076 0.3140278 0.5457641 0.2584615
1.853966 2.484692 0.5400812 0.2267199 0.5422193 0.1416247
2.138777 1.699479 1.024747 0.3025204 0.5719961 0.3032971
2.003958 1.544827 1.007237 0.2926046 0.5629878 0.2819949
2.276269 1.379917 0.8954677 0.3418598 0.5349258 0.2189804
1.884737 2.508636 0.5542677 0.2410248 0.5703088 0.1528368
2.036433 1.526762 1.044773 0.307969 0.5848973 0.3046262
2.429511 1.459112 0.8691363 0.3638652 0.5430783 0.218887
1.622056 3.017335 0.4463612 0.231614 0.7121783 0.1458503
2.094631 1.910146 0.8636122 0.3080962 0.6118628 0.2699273
2.132819 1.929972 0.6835948 0.289382 0.5321883 0.1750093
2.232089 1.394265 1.073136 0.3529935 0.5949673 0.3094834
1.930839 2.180428 0.6464144 0.2333578 0.5008945 0.1598665
2.606142 0.9867351 1.28198 0.4232292 0.5750531 0.3318201
2.286843 1.902681 0.6884585 0.3164341 0.5391973 0.1777552
1.742108 2.951726 0.4360998 0.2097242 0.5867069 0.1185744
1.851975 2.383702 0.6277949 0.261791 0.6393857 0.1996052
1.832065 2.505158 0.6362512 0.2574894 0.6587489 0.2101999
2.576894 0.8952772 1.253887 0.4566487 0.6165643 0.3319663
1.662671 3.041661 0.4731751 0.2339892 0.7104818 0.1559454
1.910486 2.437306 0.5248359 0.2434812 0.5508897 0.1374834
2.535821 0.697586 1.785755 0.4653798 0.6643445 0.5278788
2.054601 1.984656 0.7023211 0.2682033 0.5205632 0.1789459
1.879993 2.201301 0.6834915 0.2598558 0.5864963 0.1987326
2.30828 1.477681 0.9412027 0.3484 0.5594506 0.2508896
1.895935 2.451529 0.5879627 0.2163707 0.5044607 0.146845
2.253108 1.827561 0.7789789 0.3308109 0.5765627 0.2189119
2.284953 1.263817 1.084277 0.3654236 0.5830404 0.2960052
1.801738 2.620919 0.4591788 0.2225254 0.543141 0.1154805
2.028401 1.762405 0.8441056 0.2901238 0.5605033 0.2336381
1.884586 2.077595 0.8063652 0.2821667 0.6431747 0.2650787
2.752547 0.5752395 1.411491 0.5302729 0.6522485 0.3588135
2.256302 1.425972 0.9734204 0.3504818 0.574755 0.2656167
1.954972 2.035105 0.8453268 0.2907393 0.6355363 0.2763482
1.992401 1.595868 1.31099 0.3237938 0.6773727 0.4767873
1.680324 2.825282 0.4966561 0.2326317 0.6727005 0.1583331
2.382194 1.044603 1.252006 0.4051007 0.6089521 0.3461399
2.477294 1.344764 0.9878966 0.3791981 0.5543828 0.2553967
1.889582 2.192717 0.7523259 0.2932477 0.6798408 0.2591275
1.546337 2.98512 0.5019564 0.2112764 0.6995226 0.167182
1.792624 1.868444 0.8170228 0.2740218 0.6160818 0.2499091
1.800388 2.850916 0.5105886 0.2427977 0.6530234 0.1581094
2.565579 1.004427 1.066877 0.4219138 0.5605719 0.2546393
2.280977 1.762139 0.7209083 0.3119642 0.5144868 0.1754931
2.064584 1.721434 0.8641618 0.3039301 0.5747166 0.2446484
2.484042 1.076409 1.104865 0.4083169 0.5739889 0.2800253
1.829706 2.466344 0.6086138 0.2368462 0.5866521 0.176922
2.052809 2.119474 0.6174879 0.2746396 0.5414017 0.1603943
1.856789 2.005956 0.8988884 0.2943525 0.6891502 0.3233153
2.364892 1.332427 1.059697 0.3758215 0.5848285 0.2936451
2.0434 2.118781 0.721161 0.2804206 0.576972 0.2080228
1.911453 1.789956 0.8675519 0.287124 0.5997247 0.259587
2.402863 1.282363 1.065894 0.3785007 0.5734981 0.2863528
1.890396 2.338977 0.674631 0.2749756 0.6516041 0.2203303
1.689313 2.524679 0.5549321 0.1976211 0.515909 0.1389294
2.477874 0.9683702 1.356958 0.4217639 0.6103698 0.3758008
2.181529 1.621034 0.9891171 0.340116 0.61316 0.3035112
1.767738 2.547031 0.592524 0.2556114 0.6668772 0.1932717
1.861972 2.03859 0.7477986 0.2807703 0.6273702 0.2333564
2.399165 1.286541 1.091412 0.3771061 0.5764486 0.2974689
2.139191 1.709909 0.9181286 0.2988912 0.554306 0.2566658
1.892541 2.326258 0.6866865 0.269053 0.6287738 0.2162116
2.077517 1.66545 0.9393555 0.3192692 0.6049197 0.2831788
2.386556 1.703502 0.8295891 0.3424882 0.5506858 0.2219009
1.878629 2.589314 0.5489686 0.2433825 0.6003925 0.1604667
1.964105 2.56618 0.4904631 0.2462094 0.5566561 0.128766
1.891229 2.087709 0.7186336 0.2626053 0.5754809 0.2052108
1.698491 2.834342 0.5729072 0.2148993 0.6387112 0.1812027
1.797637 2.419493 0.5628309 0.2410921 0.5924213 0.1614126
1.915178 2.188712 0.7606872 0.2738303 0.6268565 0.2435987
1.873152 2.258821 0.5973047 0.2529399 0.5645018 0.162317
1.590716 3.109855 0.4318609 0.2256366 0.7327118 0.1450747
2.052203 1.801936 0.7751374 0.2982978 0.5661739 0.2129285
1.852693 2.199601 0.6808563 0.248508 0.5710615 0.1934979
1.881162 2.162279 0.7387965 0.2559567 0.5879763 0.2206531
2.53356 1.246435 1.000213 0.4043328 0.56707 0.2572119
2.134273 1.806269 0.7680273 0.2780754 0.502769 0.1885529
2.213308 1.752676 0.8537752 0.3218416 0.5715567 0.2413422
2.12103 1.833892 0.7732115 0.3032573 0.5594429 0.210787
2.279015 1.347951 1.02726 0.3536544 0.5678405 0.2751344
2.164145 1.776951 0.7705665 0.2911741 0.5202599 0.195066
2.366767 1.247159 1.113398 0.3703399 0.5719158 0.3000685
1.827222 2.308358 0.7046268 0.2612649 0.6410604 0.2287958
1.982036 2.0356 0.753933 0.2843195 0.5939961 0.2234648
2.045501 1.843462 0.9266744 0.3078535 0.6235023 0.2971868
2.161903 1.919624 0.8351175 0.3250186 0.6249315 0.2646013
2.075212 1.88449 0.7317826 0.2934314 0.5541313 0.1963341
2.190441 1.84527 0.7620503 0.3145589 0.5657566 0.2102177
2.279428 1.693541 0.8277831 0.3193718 0.5371256 0.216254
1.843003 2.362759 0.5890553 0.2378039 0.5573484 0.159774
1.96555 2.310873 0.6002756 0.2632655 0.5781984 0.1693199
2.203727 1.635732 0.809615 0.3209157 0.5429601 0.2082841
2.317497 1.574666 0.9523985 0.348857 0.5759384 0.2687823
1.972984 1.866003 0.8908911 0.3042709 0.6332809 0.2865226
2.220043 1.719022 0.8137176 0.3131951 0.5422384 0.2143546
2.326621 1.182753 1.232436 0.3836384 0.6066417 0.3540255
2.212786 1.577227 0.9051908 0.332387 0.5686632 0.2487707
1.805445 2.49764 0.6069077 0.2519247 0.6396818 0.1915254
2.115772 1.684588 0.8290309 0.3066427 0.5527213 0.2213824
2.025974 2.165138 0.7124159 0.28076 0.5852604 0.2078805
2.276627 1.536747 1.031972 0.3557179 0.6064025 0.3112231
2.1649 1.902157 0.7308872 0.3013333 0.5507492 0.1961294
1.93657 1.824884 0.7553532 0.2775686 0.5590468 0.2044918
1.55334 3.267436 0.3958634 0.232227 0.7834769 0.1373476
1.611188 2.849498 0.4499612 0.203778 0.6060767 0.1269948
2.053134 1.895662 0.8851729 0.2946607 0.5932055 0.2689208
1.81179 2.376577 0.7385714 0.2641963 0.67457 0.2561103
1.950107 2.532372 0.5722379 0.2566315 0.6015445 0.1683372
2.258513 1.176454 1.362244 0.3432427 0.5687905 0.3805209
2.029556 1.962334 0.6313223 0.2763944 0.5268481 0.1567007
2.329315 1.561638 0.883104 0.3370873 0.5384981 0.2273905
1.595083 2.914049 0.5494525 0.2280905 0.7443668 0.2002355
1.921424 1.631415 1.064146 0.3042951 0.6377006 0.3478164
2.063036 1.665761 1.122728 0.324385 0.6466372 0.3803131
2.004555 2.069139 0.7056843 0.2750961 0.5712187 0.2001478
2.068118 1.823161 0.873344 0.3109203 0.6098322 0.2683999
2.186525 1.503428 0.9462848 0.3220674 0.5542133 0.2535592
1.882732 2.120453 0.8185548 0.2957402 0.6870272 0.2891962
1.705364 2.594342 0.6221662 0.2374998 0.6591471 0.2040097
1.819341 2.890553 0.4322128 0.2253052 0.5864678 0.1164279
2.039336 1.910185 0.8575963 0.3110316 0.6279429 0.2724813
1.966007 2.171966 0.6209282 0.2573919 0.5409681 0.1629831
2.815457 0.6210881 1.427599 0.549249 0.667954 0.3802457
1.747703 2.592078 0.6769214 0.2317968 0.6508256 0.2265933
1.932974 2.138618 0.7144387 0.270932 0.5970008 0.2136817
1.634995 3.043662 0.5699749 0.2564803 0.8330375 0.2295735
1.89351 2.286288 0.6566409 0.2476342 0.5676888 0.1856762
2.465721 0.9462737 1.274914 0.416041 0.5933696 0.3340641
1.711985 2.373274 0.7209425 0.2336021 0.6262258 0.2316351
1.922839 2.364753 0.5524846 0.2536839 0.5627693 0.1485203
2.271187 1.686475 0.8526709 0.3381139 0.5729428 0.2376628
1.723934 2.576852 0.6039989 0.2427024 0.6574764 0.1957517
2.636605 1.037896 1.176329 0.4293852 0.5714932 0.2991551
1.778926 2.496538 0.6802051 0.2626667 0.7015319 0.2425765
1.990386 2.184279 0.6593154 0.2649063 0.5602288 0.1821784
2.009681 1.567493 1.152944 0.308438 0.6184391 0.3700628
1.949904 2.201663 0.6128036 0.2627944 0.5643698 0.1677472
2.017828 1.831961 0.8862863 0.3091707 0.6232657 0.2790012
3.068439 0.4134351 1.463878 0.6055098 0.6569072 0.3514681
2.275973 1.567714 0.8311182 0.3176069 0.5156598 0.203045
1.702007 2.80964 0.4897335 0.2288978 0.6477849 0.1500925
2.292034 1.513071 0.9344199 0.3541017 0.5806144 0.260427
1.917514 2.140037 0.7104087 0.2551868 0.5637835 0.2009174
2.061452 1.644401 0.9540439 0.3057346 0.5818336 0.2774539
1.694291 2.620882 0.6304412 0.2357268 0.6620958 0.2078771
1.957297 2.010719 0.727384 0.254322 0.5334319 0.1937126
2.21876 1.662396 0.8595757 0.3171741 0.544475 0.2274345
1.898922 2.530405 0.5369321 0.2271465 0.5329861 0.1383685
2.302574 1.44704 0.8352461 0.3380149 0.5244885 0.2002797
3.0858 0.4003618 1.531097 0.6176759 0.6723167 0.3795584
1.933461 2.141662 0.6293188 0.2453963 0.5186221 0.1586625
2.271914 1.610982 0.8486299 0.3339164 0.5502467 0.2229393
2.078639 2.069609 0.7414213 0.287451 0.5821589 0.2170916
1.435369 3.678717 0.3920804 0.227049 0.9169732 0.1548351
1.871034 2.223644 0.6796367 0.2559426 0.5872576 0.1987512
2.333375 1.330906 1.007418 0.3618233 0.5631046 0.2649822
2.109312 1.811001 0.7961184 0.3135146 0.5843806 0.2273819
2.201102 1.296113 1.13841 0.3569807 0.6027217 0.3285895
1.6122 2.996739 0.4664548 0.219815 0.6897529 0.1504337
1.859958 2.457608 0.5741102 0.2503912 0.6106781 0.1717422
2.193589 1.311563 1.096787 0.3466823 0.5839103 0.3052026
2.452445 1.116471 1.317104 0.4087951 0.612407 0.3811068
1.936814 2.091795 0.7169068 0.2692031 0.5806186 0.2072088
1.985478 2.204786 0.6334146 0.2670785 0.5646269 0.1746584
1.602285 2.867385 0.4803726 0.2072129 0.6246848 0.1411205
1.931148 1.76391 0.8923774 0.2969008 0.6158211 0.2752021
1.996341 2.002862 0.725946 0.2736718 0.5555294 0.1988896
2.213027 1.670953 0.745768 0.3111028 0.5214706 0.1822373
2.05668 1.889496 0.8750181 0.3068864 0.6166415 0.2749167
1.815266 2.252009 0.6841998 0.274348 0.6629088 0.2262367
2.238322 1.681464 0.6994825 0.3159777 0.5125528 0.1643476
1.572432 3.199217 0.4331715 0.2182691 0.7414063 0.1476031
1.482484 3.267726 0.4689742 0.2465443 0.9135917 0.1975173
1.813585 2.677593 0.5232051 0.2386509 0.6175526 0.1553161
1.988372 1.977935 0.76565 0.2794734 0.5754844 0.2198208
1.704676 2.840825 0.505669 0.2299908 0.6585889 0.1585632
2.471898 1.039015 1.356033 0.4087067 0.6020163 0.3808302
1.775811 2.966593 0.4402361 0.2277765 0.625692 0.1268305
2.304401 1.407158 0.9428672 0.3540944 0.5612712 0.2477877
1.76898 2.57915 0.6073268 0.2575102 0.6870115 0.2062974
1.981827 1.994028 0.746893 0.2814616 0.5822468 0.2159514
1.554441 2.703687 0.5523189 0.2231764 0.6918234 0.1856047
2.248786 1.703615 0.822982 0.3212208 0.5467296 0.2180696
1.70058 3.193085 0.4123219 0.2161088 0.6605399 0.1236276
1.780057 2.414324 0.5407239 0.2317961 0.5639143 0.1457842
1.989084 2.253269 0.5738893 0.2500233 0.5168055 0.1419119
1.747077 2.935331 0.4902197 0.2404159 0.6859861 0.1586652
2.43706 1.336774 1.106457 0.3874751 0.5941372 0.31675
2.624664 0.7463285 1.271256 0.4716778 0.607907 0.3132389
2.230027 1.632218 0.9816424 0.353849 0.6229388 0.3050426
2.241403 1.699715 0.884188 0.3386563 0.5892092 0.2565675
2.0498 1.966322 0.7850737 0.2942612 0.5924558 0.2334712
1.717764 2.713102 0.5605751 0.2491805 0.6937302 0.1882486
2.087707 1.933775 0.7609687 0.2776471 0.5331328 0.2013201
1.847784 2.215379 0.6139505 0.2439619 0.5504337 0.1639092
2.012138 2.116484 0.7176322 0.2916864 0.6114025 0.2184645
2.475005 1.050155 1.199431 0.4208416 0.6038175 0.3249982
2.252681 1.359339 1.016392 0.3564849 0.581235 0.2785832
1.972352 2.009408 0.8318464 0.2882663 0.6226375 0.2659828
1.979905 1.711635 0.7835557 0.2712421 0.518325 0.1950792
2.342841 1.35586 1.019607 0.3512772 0.5524868 0.2679845
1.80457 2.703814 0.5800569 0.2468837 0.6624998 0.1890788
2.191097 1.35707 1.28297 0.3498308 0.6190199 0.4010792
2.05336 1.757871 0.8300075 0.29665 0.5668977 0.2316014
2.846613 0.7868813 1.374611 0.5195825 0.6353667 0.3698518
2.220952 1.684839 0.8915657 0.3380543 0.5922357 0.2597168
2.198613 1.476941 1.018279 0.3240398 0.5557234 0.2765111
2.010809 2.211852 0.5569985 0.2578129 0.5240177 0.1383894
1.687278 2.571923 0.5857879 0.2307054 0.6357447 0.182869
2.270944 1.232261 1.338389 0.360922 0.6042712 0.4009635
1.973964 2.021758 0.6611885 0.2565072 0.5173848 0.1656427
1.920185 2.244515 0.7078636 0.2802526 0.6380883 0.2268162
2.643406 0.67332 1.343025 0.4869423 0.6240372 0.3354392
2.072874 2.206962 0.6560781 0.2854253 0.5822633 0.1878619
2.389731 1.336425 1.022733 0.3834327 0.5866845 0.281273
1.756141 2.541477 0.595691 0.2362234 0.622074 0.182779
2.034121 2.09459 0.776739 0.3008427 0.6288824 0.2470199
1.793212 2.446582 0.5344829 0.2377309 0.5820157 0.1487053
1.745489 2.488749 0.6670849 0.2568801 0.6891825 0.2316244
1.878159 1.980123 0.8043189 0.2773908 0.6155098 0.2500303
1.799669 2.430296 0.567508 0.2240134 0.5426373 0.1494002
2.232022 1.436985 1.068151 0.3431862 0.5822441 0.3044983
2.457117 1.057388 1.26673 0.4125676 0.6051513 0.3517167
2.376668 1.248191 1.053817 0.3873983 0.5861872 0.284099
2.420837 1.163089 1.020606 0.3796396 0.5471315 0.2484295
1.67548 2.493057 0.670624 0.2412753 0.6723393 0.2272249
2.247287 1.711296 0.8219011 0.3192818 0.5442581 0.2170806
1.931434 2.163699 0.6067588 0.2643638 0.5612346 0.1632766
2.308314 1.321603 1.058864 0.363767 0.5779677 0.2890899
1.769702 2.578155 0.5425797 0.2279365 0.5884096 0.1543966
1.970517 1.89102 0.7862347 0.2732555 0.5551803 0.2166244
2.838412 0.7868442 1.284181 0.4913097 0.5906699 0.3152754
1.519344 3.541069 0.3994163 0.2315785 0.8521993 0.1482061
2.373458 1.157301 1.177601 0.3759625 0.5716871 0.3128384
2.127333 1.559526 0.9170475 0.297118 0.5261729 0.2347528
1.755632 2.307951 0.6783949 0.2458027 0.6180324 0.2099384
1.78691 2.349259 0.6911265 0.257061 0.6461036 0.2248899
2.18167 1.495325 0.9690527 0.3310547 0.5701354 0.2668684
2.483348 1.410896 0.9602456 0.3770237 0.556855 0.2522239
2.119821 1.997502 0.7550067 0.3022211 0.5844248 0.219425
2.422508 1.093144 1.245008 0.3930121 0.584312 0.3359699
2.313947 1.715723 0.7652044 0.3122835 0.508488 0.186123
2.022122 2.068787 0.7158423 0.2729524 0.5627957 0.2010099
1.708146 2.525256 0.5391531 0.2289831 0.6096196 0.1586565
1.643523 2.833325 0.5376283 0.2130314 0.6456895 0.169016
2.144435 1.680742 0.9240007 0.3212424 0.5883317 0.2706732
1.884028 2.55236 0.5792593 0.2497449 0.6113794 0.1737709
1.858764 2.294368 0.7134177 0.2662431 0.6423748 0.2328145
2.2584 1.380774 1.083607 0.3612893 0.6016242 0.3156128
2.218382 1.625528 0.8110382 0.3013103 0.5047885 0.195266
2.143635 1.949157 0.7403834 0.2904601 0.5460116 0.1997789
1.922901 2.181067 0.6686703 0.2661609 0.5855094 0.193304
2.273542 1.333171 1.099199 0.3632182 0.5959822 0.3146959
1.83055 2.132649 0.7723324 0.2625014 0.6171346 0.2424657
2.219114 1.561605 0.9241793 0.3306914 0.5627248 0.251761
2.05065 2.146145 0.6462071 0.2767008 0.5581616 0.1759064
2.111851 1.510249 1.206473 0.3430709 0.6491712 0.4036767
1.852488 2.296634 0.6244003 0.2412272 0.5591759 0.1716464
2.404402 1.313561 0.8881631 0.3594508 0.5226608 0.2079135
2.517782 1.16019 1.03295 0.3995483 0.5554409 0.2557714
1.993843 2.045664 0.7067647 0.2648708 0.546119 0.191314
2.07202 1.784381 0.7749508 0.2684577 0.5003886 0.1897397
1.739672 2.793424 0.5635501 0.2321495 0.6522084 0.1790428
2.653648 0.9148335 1.293296 0.4656901 0.6160967 0.3479673
2.138254 1.467827 1.057274 0.3401929 0.6073396 0.315176
1.978532 2.319788 0.6151233 0.2440773 0.5310194 0.1610861
1.898373 2.075421 0.6542133 0.2483606 0.52495 0.1663598
2.188692 1.880361 0.8062696 0.3225428 0.5964052 0.2395073
2.230129 1.834872 0.7188852 0.3260657 0.5638251 0.193154
1.891837 2.28709 0.6152431 0.2603729 0.5897116 0.1769065
1.94058 2.083943 0.7277722 0.2698432 0.5835014 0.2124052
2.020443 1.81985 0.7728469 0.2918409 0.5642741 0.2120157
1.761691 2.314008 0.7238279 0.2390499 0.6106456 0.2260299
1.730375 2.592893 0.6139469 0.2340147 0.6413538 0.1962009
2.25409 1.501758 1.074709 0.3590267 0.6184091 0.331293
1.849696 2.517046 0.540318 0.2507427 0.5990554 0.1543048
2.097957 1.842289 0.7332143 0.2781252 0.5173211 0.1844708
2.105254 1.712275 0.8088426 0.2835855 0.5125013 0.2011961
2.115839 1.803769 0.7226859 0.2913551 0.5270159 0.181986
2.667075 0.7519116 1.279233 0.4774203 0.6076215 0.3170218
2.31143 1.394644 0.9750008 0.337899 0.532005 0.244833
1.898297 2.318875 0.6592065 0.2583072 0.5951068 0.1950157
2.21657 1.994531 0.7441387 0.304046 0.5621748 0.2082977
1.895303 2.254551 0.7392579 0.2709465 0.630674 0.2368545
2.112712 2.075871 0.7474837 0.3021009 0.6043876 0.2272468
1.742447 2.817478 0.5472431 0.2596919 0.7364383 0.194449
2.401191 1.11504 1.152061 0.3929338 0.5811741 0.3032553
2.202016 1.658477 0.8001649 0.3116446 0.5298269 0.2018524
2.049912 1.818114 0.8075769 0.2855543 0.5496395 0.2193059
1.7065 2.473978 0.7582724 0.318959 0.9024526 0.3524569
1.951383 2.164015 0.652961 0.2553546 0.5499957 0.1771794
2.015823 1.922041 0.8257269 0.285714 0.5842811 0.2443863
1.617609 2.649125 0.5737071 0.2574569 0.7509786 0.2084319
2.041386 1.886034 0.8602442 0.3090605 0.6215724 0.2704597
2.296272 1.439843 0.9081971 0.3473138 0.5504515 0.2333637
1.675204 2.693309 0.6041683 0.2618907 0.7606989 0.2262239
2.04353 2.074419 0.6219185 0.2677881 0.5276342 0.1577167
2.097083 1.925491 0.7132999 0.2763644 0.5235846 0.1827136
2.563453 1.228083 1.027719 0.4099166 0.5682165 0.2652153
1.931588 2.025227 0.7305121 0.2800599 0.5980385 0.2163213
1.7349 2.604284 0.5378507 0.2356022 0.6243764 0.1614562
1.850042 2.29418 0.6929432 0.2692307 0.6416409 0.2227617
2.147268 1.770647 0.6754273 0.2948469 0.507522 0.1589169
2.304962 1.372786 0.9993449 0.3571323 0.5669731 0.2668661
1.709318 2.905806 0.5502654 0.2496037 0.7486426 0.2001343
1.94921 1.888796 0.8372357 0.2690452 0.5653196 0.2401313
1.571124 2.970266 0.5119605 0.2128168 0.6977435 0.1714602
1.901788 2.22786 0.7211014 0.2654342 0.6116647 0.2234257
2.439827 1.330308 1.004119 0.3785801 0.5618786 0.2628979
1.981901 1.741081 0.8257286 0.2845563 0.5599601 0.2266498
1.892722 2.144694 0.7331677 0.2663314 0.6028674 0.2228258
1.983764 1.894606 0.813014 0.2791503 0.571732 0.2333138
1.853848 2.234252 0.6202014 0.2479548 0.5605981 0.1689863
2.404152 1.384331 1.049387 0.3701729 0.5738285 0.2896986
2.258068 1.534379 0.9421761 0.3428543 0.5734846 0.261376
2.826374 0.5762819 1.458367 0.5411897 0.6514463 0.3739118
1.70373 3.101386 0.3779165 0.2153099 0.613352 0.102215
2.42132 1.281188 0.9457535 0.3632651 0.528265 0.2260828
1.995218 2.022437 0.7175479 0.2849646 0.5833187 0.2059321
1.528102 3.034953 0.4513636 0.2095797 0.689984 0.1436615
2.042881 1.958066 0.6662385 0.2657657 0.5118248 0.1643817
1.938674 2.068566 0.888488 0.2954783 0.6684389 0.3108593
2.012966 1.714145 1.034255 0.3141793 0.6364244 0.339579
2.532161 1.173936 1.054271 0.4165016 0.5817219 0.2756105
1.682257 2.659666 0.5541602 0.2324575 0.6514416 0.1750959
1.86706 2.185825 0.7295337 0.2868264 0.6688342 0.2455762
2.159039 1.391747 1.09955 0.3430031 0.5997219 0.3212457
1.859044 2.601618 0.5685027 0.2541701 0.6389947 0.1774574
1.634689 2.705499 0.5273896 0.2131428 0.6214077 0.158467
2.375445 1.202617 1.102608 0.3821886 0.5796954 0.2950288
2.309301 1.486014 0.9755265 0.3480838 0.5689124 0.2690744
2.77915 0.5554666 1.439315 0.5269879 0.6404541 0.3582133
1.953156 2.12221 0.771519 0.28689 0.6343826 0.2490646
2.080315 1.773569 0.7958972 0.2838675 0.5306228 0.2068496
2.014053 2.12377 0.6331648 0.2718883 0.550871 0.168528
1.828857 2.285516 0.7865311 0.2923176 0.7349933 0.2995929
2.199133 1.377073 1.067644 0.3430883 0.5815892 0.2988763
2.38529 1.151155 1.052026 0.3748893 0.5502758 0.2588601
1.878425 2.437501 0.584718 0.2536565 0.6015912 0.1716782
2.238467 1.58369 0.8147235 0.3315426 0.5470827 0.2091291
2.249313 1.557358 0.8886752 0.3312633 0.5508786 0.2344584
2.130152 1.722515 0.7929305 0.31182 0.5599058 0.2133549
2.31277 1.340044 1.182909 0.3774978 0.6203351 0.3602282
2.186003 1.628145 0.9615414 0.3340288 0.5977205 0.2861021
1.878568 2.416785 0.6002151 0.2526119 0.5988435 0.1764676
1.947014 1.754821 0.9022881 0.290925 0.5945255 0.2686998
1.956601 1.964598 0.768695 0.2774619 0.5788298 0.2216249
2.5391 0.8040379 1.383725 0.4595261 0.6320358 0.3735748
1.671385 2.997255 0.5139749 0.2231663 0.6917109 0.1706759
1.983125 1.874412 0.8571454 0.2764684 0.5676353 0.2467468
1.901807 2.105481 0.6651745 0.2495868 0.5432888 0.1778558
1.873164 2.278968 0.6914277 0.2603422 0.6110064 0.212303
2.2119 1.714415 0.87021 0.3239011 0.5713537 0.2451933
1.931812 1.737251 1.131413 0.3304415 0.7199488 0.430808
1.96278 1.958011 0.6604802 0.2645318 0.5280969 0.1668592
2.542679 0.8501084 1.54855 0.4701734 0.6707838 0.4690631
2.010552 2.146801 0.7063853 0.2735501 0.5775599 0.2041808
2.411889 1.406952 0.9211153 0.3669143 0.5503998 0.2353846
2.075092 2.057208 0.6876917 0.2721617 0.5386136 0.1828676
1.954403 2.163181 0.6952429 0.2739022 0.5937665 0.2051819
1.880446 2.410453 0.5825047 0.2748487 0.6494173 0.1834811
2.169674 1.434703 1.136102 0.3454087 0.6151069 0.3484837
2.059494 1.804252 0.8268902 0.2979002 0.5713209 0.2334665
2.116701 1.772712 0.7763194 0.3109153 0.5660709 0.2116502
2.407875 1.062257 1.236661 0.3965327 0.5901868 0.3333758
2.140421 1.742263 0.8598769 0.3169036 0.5807666 0.246472
1.892355 2.30602 0.6618501 0.2773718 0.6501819 0.2144278
1.954133 2.197931 0.6045041 0.2470278 0.5207905 0.1523225
1.767721 2.638699 0.6134258 0.282117 0.7681745 0.232592
2.033947 1.974639 0.7877396 0.2862701 0.5818619 0.2308193
1.828546 2.34116 0.6313826 0.2457993 0.5878828 0.183218
2.024775 2.224508 0.7095009 0.2779943 0.5983915 0.2142906
1.689976 2.741471 0.4465404 0.2061092 0.5602504 0.1161814
2.35469 1.506512 0.8366466 0.3458865 0.5353389 0.2083497
1.61481 3.010098 0.5097969 0.2363822 0.75287 0.1818814
1.720009 2.767544 0.5069369 0.2238749 0.6155875 0.1483242
1.20832 4.563603 0.2709682 0.09046184 0.4532192 0.05123032
2.157581 1.754081 0.9920536 0.3211396 0.6084086 0.3114377
1.639687 2.695807 0.53441 0.2178103 0.6280429 0.1619205
1.769009 2.424452 0.687735 0.2625894 0.6784822 0.2346749
2.365572 1.461826 0.9493304 0.3587931 0.564166 0.2555864
1.603418 3.246013 0.4486057 0.2544209 0.8634712 0.1779308
1.575542 2.662999 0.6428616 0.2360869 0.7340406 0.2365247
2.272839 1.620318 0.9570605 0.3501266 0.5994209 0.2841771
2.322136 1.539724 0.9053612 0.3483685 0.5599618 0.242435
1.556304 2.809388 0.513874 0.2163611 0.6801855 0.1673407
1.947951 2.103134 0.6605291 0.2599379 0.5469209 0.1764845
1.561689 2.685515 0.5592585 0.2168853 0.6617948 0.1799976
2.257317 1.555178 0.9800466 0.3342817 0.5666369 0.2734934
1.60967 2.798379 0.4928447 0.2102954 0.6170438 0.1432633
1.891704 2.169822 0.6915387 0.2591743 0.5772854 0.1980796
2.392405 1.240134 1.067362 0.3888113 0.5869951 0.2893768
1.926485 1.965634 0.766708 0.2684621 0.5657537 0.2157435
1.866233 2.257084 0.6379821 0.2638866 0.6085039 0.1906842
1.756743 2.396811 0.7127083 0.2656136 0.6973901 0.252775
2.010477 1.908339 0.8235486 0.2864806 0.5829871 0.2420343
2.288469 1.49523 0.9351975 0.3352471 0.5431102 0.2429979
2.63897 0.6926855 1.38773 0.4848058 0.6300223 0.3575088
1.982428 2.12546 0.6907016 0.2848948 0.6053069 0.2068609
2.022411 1.679321 0.9559406 0.3049004 0.5958834 0.2859523
1.975279 2.579787 0.5217144 0.2461195 0.5576711 0.1390301
2.371936 1.472128 0.9754464 0.3623238 0.5724031 0.2688244
2.567226 1.186355 1.034969 0.4067852 0.5577371 0.2595105
1.712257 2.572962 0.6762845 0.248221 0.7016802 0.2413766
1.764065 2.634876 0.5312215 0.2383319 0.6277087 0.1603281
1.860252 2.247725 0.6902612 0.2593859 0.6133521 0.2131497
1.935888 2.120861 0.6715551 0.2548302 0.5469054 0.1812582
1.868099 2.31124 0.7226289 0.2894242 0.6991842 0.2562097
1.552864 3.118448 0.4716104 0.2271059 0.7566253 0.1649939
2.377508 0.9978949 1.453061 0.4095833 0.6340703 0.4326724
1.841545 2.414604 0.603762 0.2505499 0.604626 0.1790836
2.075661 1.988579 0.6931826 0.2787266 0.5359266 0.1808824
1.871382 2.330075 0.7021176 0.2511197 0.6063629 0.2171321
1.856639 1.89275 0.8828033 0.2789782 0.6226916 0.2807017
1.622653 3.114528 0.5432322 0.2960164 0.9908355 0.2569411
2.31242 1.410602 0.8716905 0.3494707 0.5385403 0.2142915
2.413941 1.036828 1.213808 0.3909947 0.5727362 0.3128346
1.626521 2.757922 0.5898806 0.2505299 0.7662116 0.2224888
2.411094 1.055526 1.284953 0.4126476 0.6195935 0.3663139
2.135258 1.745705 0.8572817 0.296696 0.5453532 0.2322604
1.761744 2.591462 0.5965263 0.2198757 0.591546 0.1763445
1.8276 2.470433 0.5611205 0.2459784 0.5968607 0.1616231
1.797505 2.549105 0.5699118 0.2370408 0.604979 0.1684781
1.69047 2.669492 0.5424562 0.2196983 0.6058363 0.1586167
1.55962 3.130824 0.3863901 0.2093005 0.6701039 0.1150378
2.242861 1.620474 0.809997 0.3247383 0.5377099 0.20587
2.163071 1.582628 0.9964081 0.321095 0.5795705 0.2889393
2.429559 1.354385 0.9790409 0.3633244 0.5415291 0.2478697
1.72575 2.312274 0.8109384 0.2458516 0.6608713 0.2815983
1.745498 2.651984 0.6645728 0.2325497 0.6543967 0.2213609
1.866745 1.911808 0.888359 0.2881887 0.6447952 0.2933381
1.595974 3.008093 0.4673862 0.205223 0.6543876 0.143943
2.240917 1.5118 0.9895788 0.3495153 0.5957188 0.2880582
1.932359 1.936453 0.9532398 0.3004244 0.6695814 0.3354261
1.643657 2.953485 0.4811228 0.1982911 0.5989041 0.1364192
2.457309 1.352985 0.8742593 0.3605474 0.5142908 0.2027256
2.97382 0.5294271 1.259691 0.5655796 0.6222063 0.2875122
2.136961 1.741433 0.8061915 0.2946293 0.5305568 0.2083362
2.05575 1.97387 0.6656347 0.2773583 0.529122 0.1688186
2.333002 1.489997 0.8162502 0.3406913 0.5234502 0.1959521
1.977569 2.123861 0.6630694 0.2633174 0.5494586 0.178613
1.623448 2.880256 0.5335292 0.2469574 0.7670227 0.1966436
1.872719 2.385753 0.6391064 0.2566737 0.6177707 0.19705
1.878698 2.308901 0.7798165 0.2765347 0.6727061 0.2715286
1.988446 2.082608 0.7211294 0.2784265 0.5862087 0.2107753
2.020172 1.747153 0.940241 0.3017317 0.6014024 0.2868886
2.233319 1.683002 0.8257377 0.3263856 0.5602407 0.223726
2.208868 1.524325 0.8998581 0.3368298 0.5683642 0.243383
2.23043 1.506514 0.8939772 0.3151119 0.520352 0.2213355
1.922447 2.264915 0.716928 0.2858013 0.6638137 0.2412722
1.637084 2.636284 0.5952361 0.2297729 0.6641382 0.1943497
1.607412 2.457485 0.6882126 0.2218117 0.6475139 0.2275478
1.662525 2.846814 0.460433 0.2030187 0.5849053 0.1264075
1.934359 1.896874 0.7913498 0.2582304 0.5350407 0.211315
2.048413 1.792302 1.057418 0.3287399 0.675108 0.3756032
2.16969 2.066879 0.8387101 0.3395214 0.6757626 0.2913572
1.872007 2.227104 0.7560729 0.2683513 0.6304741 0.2430148
1.747391 2.583678 0.5487528 0.2257254 0.5895326 0.1565382
2.492666 1.219188 1.089081 0.3835845 0.5508647 0.2772968
2.11887 1.550235 1.062475 0.333999 0.6175735 0.329625
1.696322 2.492423 0.6929987 0.2533515 0.7167111 0.254332
1.848944 2.130784 0.7473323 0.2613247 0.6068814 0.2296481
1.813949 2.386851 0.6074406 0.228873 0.5540802 0.1659025
2.565463 1.039265 1.039434 0.4150739 0.5517406 0.2454376
2.326007 1.248232 1.079097 0.3698762 0.5767992 0.2898669
1.987457 2.140152 0.6906533 0.2723996 0.5774841 0.1980986
2.21989 1.462764 1.052125 0.3404295 0.5824317 0.3005917
1.808606 2.458032 0.5748665 0.2348414 0.5810371 0.1631949
1.678446 2.73043 0.5152179 0.2165409 0.6039972 0.1483895
1.980352 2.050323 0.7022233 0.2826186 0.5868304 0.2025857
1.700534 2.885294 0.4951555 0.2436617 0.7043538 0.1643886
2.427202 1.425582 0.7936449 0.3581985 0.5149251 0.1821446
1.877903 2.271596 0.6943638 0.2797856 0.651885 0.2259758
1.634116 2.57314 0.5843647 0.2217783 0.6305223 0.1808853
1.71876 2.40643 0.6430632 0.2319864 0.605384 0.1939059
1.798953 2.098728 0.8178256 0.2623698 0.635349 0.2683483
2.191829 1.765691 0.784979 0.2957598 0.5194745 0.198456
2.021338 2.045325 0.710549 0.2805557 0.5700143 0.1999343
1.706271 2.905411 0.4568295 0.2346222 0.6600623 0.1389264
1.948243 2.169762 0.6303332 0.2517958 0.5303014 0.1623494
2.939956 0.4760273 1.512177 0.5628776 0.6453634 0.371747
1.990394 1.806383 0.8882994 0.2913709 0.5929528 0.2665167
2.064047 1.995863 0.7140555 0.299785 0.5889063 0.2057209
2.16188 1.81228 0.7395839 0.312474 0.5569198 0.1972818
1.964479 1.993884 0.798232 0.2723665 0.5804365 0.2355254
1.8686 2.173273 0.7563809 0.2694777 0.6257477 0.2403838
1.970588 1.722134 0.9540997 0.2904972 0.5904849 0.2857944
1.742328 2.957202 0.4970294 0.2185758 0.6378217 0.1518172
2.079541 1.780989 0.8869225 0.296432 0.568617 0.2535923
1.797287 2.543885 0.5677211 0.2421812 0.619613 0.1717092
1.797113 2.244063 0.7483218 0.2805373 0.6928771 0.2632722
2.36415 1.240827 1.053556 0.3878046 0.5905481 0.2858626
1.630293 2.859582 0.5224406 0.2101966 0.6377459 0.1604994
2.394464 1.268426 0.9811897 0.3582983 0.52823 0.2359984
2.4249 1.065973 1.102794 0.3900512 0.5602007 0.2725557
2.024995 1.847576 0.8609941 0.2878645 0.5774162 0.2514851
2.219589 1.595991 0.8560159 0.323595 0.5464104 0.2237337
2.602157 1.215881 0.9794335 0.419374 0.5637565 0.2455825
2.09221 1.839308 0.8247072 0.2925053 0.5579002 0.2294102
2.270711 1.405752 1.101581 0.3728692 0.6230515 0.3348919
2.082879 2.142479 0.6167816 0.2728268 0.5282429 0.1563492
1.811845 2.316055 0.6884388 0.256156 0.6336023 0.2202135
1.905128 1.671507 0.9692373 0.3016434 0.6273207 0.3048923
1.994605 1.568443 0.9792395 0.2941765 0.5703016 0.2770636
1.556021 2.960935 0.4990216 0.2145555 0.6951851 0.1642295
2.253176 1.838843 0.6905895 0.2968653 0.504929 0.1664459
2.134748 1.461691 1.03231 0.3296672 0.5850271 0.294725
1.594546 2.771184 0.6080149 0.2575414 0.7990212 0.2382941
2.152729 1.665439 0.7504747 0.3035352 0.5219071 0.1834286
2.311987 1.728528 0.7529735 0.3211422 0.5215151 0.1864351
1.777484 2.193517 0.7828133 0.2487692 0.6212568 0.2514195
1.854772 2.215683 0.6065586 0.2505526 0.5608918 0.1640122
