2.85484 2.126979 2.549992 0.257036 0.4857469 0.7989642
2.930143 2.06032 2.28422 0.253894 0.453507 0.655234
3.122314 1.780992 2.924538 0.2897347 0.4733085 0.902563
2.901498 2.23915 2.100014 0.2643848 0.4917468 0.6447688
3.455285 1.312132 3.810441 0.290495 0.4001079 0.9833287
2.627711 2.618496 1.812573 0.2492954 0.5457518 0.5942934
3.221515 1.645664 3.194806 0.2627153 0.4062626 0.8492778
2.887016 2.296531 2.071463 0.2958416 0.5608677 0.7230061
2.543652 2.898144 1.424636 0.2450559 0.5717202 0.4622449
3.173623 1.745753 2.86289 0.2707204 0.4288347 0.7948291
3.030983 1.836204 2.91496 0.277067 0.4713678 0.8985705
2.788591 2.338384 2.11971 0.2731762 0.5420524 0.7171624
2.839083 2.297581 2.060637 0.2616163 0.5027996 0.6444975
3.240009 1.575633 3.201856 0.2723965 0.4132651 0.8595004
3.26791 1.511997 3.844639 0.302207 0.4620281 1.185086
2.699085 2.566749 1.80614 0.243213 0.5117566 0.5567176
3.570104 1.136812 4.3997 0.3200061 0.4219555 1.19107
3.026318 2.185823 1.899801 0.2689593 0.4681646 0.5467859
3.038905 1.961992 2.533453 0.2668442 0.4568952 0.7443359
2.955861 2.102739 2.24448 0.2555434 0.4560113 0.6463958
3.116625 1.810344 2.891839 0.2611206 0.4283486 0.8088998
3.194899 1.738507 2.925865 0.2811169 0.4435731 0.8431237
3.278883 1.564664 3.095705 0.2727632 0.405678 0.8091841
2.943486 2.131415 2.185352 0.2692081 0.4851598 0.667141
3.4261 1.278245 4.075291 0.2958953 0.4130095 1.094339
2.779782 2.281771 2.096212 0.245797 0.4813368 0.6297633
2.598335 2.776795 1.581136 0.2398244 0.5395696 0.4963684
3.5086 1.196979 4.198992 0.3106955 0.4189929 1.133067
3.149661 1.772694 2.877007 0.2960578 0.4776455 0.8926543
2.824032 2.403829 1.900607 0.2583194 0.5063348 0.5899389
2.361154 3.484243 1.015942 0.2595405 0.7044102 0.3634303
2.961016 2.026346 2.490938 0.2689206 0.4779654 0.7635659
3.110335 1.696012 3.131607 0.2930296 0.4764124 0.9780231
2.510588 2.994635 1.37505 0.2103071 0.5028569 0.3871521
2.977454 2.04196 2.45764 0.2609154 0.461762 0.7270714
2.718441 2.502634 1.802754 0.2679425 0.5539592 0.6036785
3.281872 1.389137 4.082584 0.3080822 0.4612098 1.248485
2.971381 2.085353 2.317555 0.2452353 0.4348384 0.6399971
3.162568 1.72345 2.869365 0.2543634 0.4016042 0.7453816
2.732635 2.512694 1.724957 0.2367714 0.483821 0.5011035
2.772984 2.493875 1.736803 0.2385869 0.4790178 0.5007048
3.288847 1.630241 3.068568 0.2854726 0.4297514 0.8549337
2.979309 1.984436 2.606366 0.2688548 0.4731226 0.7959251
2.867058 2.093508 2.582864 0.2901863 0.545087 0.9099271
2.661763 2.625934 1.756632 0.2639161 0.5698391 0.59815
3.00285 1.916549 2.765688 0.2661179 0.4612368 0.8299949
3.127045 1.800347 2.838769 0.299975 0.4902141 0.9041694
3.391583 1.437274 3.468041 0.2968698 0.4231281 0.9495055
2.942236 2.157088 2.285108 0.2900027 0.5292444 0.7657774
2.883198 2.256313 2.096384 0.246061 0.4622665 0.606066
2.922666 2.203527 2.14816 0.2595474 0.4766977 0.642228
2.636996 2.727804 1.631747 0.2607193 0.5756545 0.5513776
2.5594 2.848269 1.475825 0.2579539 0.5943171 0.5019227
3.375044 1.492891 3.276921 0.27708 0.3970184 0.8392493
2.990744 1.925034 2.720789 0.2551922 0.4433347 0.7829963
2.894759 2.1479 2.286222 0.2641883 0.4886616 0.7084302
2.895036 2.232646 2.03432 0.2612464 0.4845497 0.6126945
2.937453 2.173397 2.144895 0.2793452 0.5086294 0.6845262
2.998121 2.094982 2.293448 0.2516796 0.442513 0.6429273
3.495221 1.118187 4.443856 0.3108005 0.4174714 1.187854
2.791081 2.3935 1.836903 0.2612237 0.5145453 0.5758849
2.430097 3.116764 1.263127 0.2264802 0.5683033 0.3914867
3.04975 1.895514 2.705531 0.2506029 0.4226375 0.7396081
3.016985 1.956384 2.744556 0.3028118 0.528675 0.9444659
2.921045 2.080066 2.641852 0.2841506 0.523269 0.8967394
3.155947 1.7732 3.087692 0.2718186 0.440404 0.8946806
3.07101 1.870622 2.713024 0.2862307 0.479794 0.8419777
3.06681 1.909544 2.668484 0.2596204 0.4372171 0.7544554
2.823068 2.416634 1.870662 0.2477411 0.4847069 0.5534579
3.271324 1.486462 3.615011 0.3019434 0.4547141 1.080307
2.533363 2.909733 1.391058 0.2597848 0.6088274 0.4781271
2.709686 2.532529 1.88076 0.2509075 0.5254265 0.6004305
2.909524 2.090131 2.390461 0.2794471 0.5115795 0.7809023
3.251397 1.613551 3.054062 0.2757272 0.4174785 0.8240575
2.991242 1.991244 2.550694 0.2829435 0.4963848 0.8148164
2.975306 1.934138 2.741933 0.2311384 0.4027302 0.717398
3.124854 1.721108 3.092698 0.2732067 0.4423139 0.896361
2.77048 2.441951 1.909118 0.2267289 0.4544045 0.5307372
3.503314 1.193423 4.397076 0.3018398 0.408964 1.166481
3.288706 1.565546 3.213344 0.2726142 0.406145 0.8465073
3.165961 1.625947 3.425411 0.2819417 0.4480359 1.015649
3.219251 1.648215 3.022577 0.2862307 0.441768 0.8654936
3.448606 1.223016 4.515642 0.305687 0.4258561 1.26273
3.106708 1.673212 3.455781 0.272061 0.4448803 1.022906
2.800652 2.372563 1.893917 0.2352221 0.4598079 0.5337391
3.040914 1.797635 3.200445 0.2472354 0.4183398 0.8868798
3.148187 1.726428 2.942986 0.2597511 0.413636 0.7901878
3.184137 1.683256 3.081894 0.2777823 0.437402 0.8795518
2.585304 2.788267 1.561754 0.2506624 0.5674332 0.5136682
3.095614 1.816479 3.050508 0.2845514 0.4747097 0.9530732
2.513107 2.922358 1.463041 0.3042525 0.7268414 0.6039594
2.934659 2.159275 2.158685 0.2363577 0.4266442 0.5780099
3.336997 1.496507 3.290406 0.2915524 0.4245809 0.9027827
2.794841 2.325381 2.00452 0.2181879 0.4256271 0.5294031
3.142589 1.7308 3.132011 0.2725201 0.4400685 0.9056085
2.740779 2.545537 1.777726 0.2401847 0.494422 0.5290586
2.919568 2.08433 2.506331 0.2429271 0.4421283 0.7119763
3.239478 1.685276 2.751888 0.258048 0.3916482 0.6888611
2.621608 2.691907 1.65706 0.3111554 0.6898964 0.6742611
3.558445 1.185222 4.305574 0.3267823 0.4358951 1.212184
2.588165 2.748922 1.670878 0.2437934 0.5514446 0.5418458
3.207485 1.788438 2.650127 0.2955472 0.4640433 0.7876239
2.936775 2.029049 2.51658 0.2676306 0.4807162 0.7775495
2.922467 1.989956 2.733454 0.2830816 0.5132612 0.9138193
3.059354 1.886192 2.663825 0.2703327 0.4547522 0.7822237
3.627511 1.186662 3.830701 0.3044854 0.3894691 0.9397874
2.890515 2.290653 1.906569 0.2557102 0.4775651 0.5601835
3.034565 1.909775 2.619798 0.2694707 0.4585405 0.7745167
2.96921 2.008777 2.496063 0.2687087 0.4752873 0.7619488
2.603424 2.719895 1.737511 0.2331641 0.521552 0.5362159
3.462704 1.301685 3.85987 0.290515 0.3991321 0.9945041
3.593815 1.094267 4.652293 0.3203192 0.4195649 1.255729
2.883892 2.374811 1.878623 0.2790416 0.5316901 0.6110106
2.765963 2.512126 1.796386 0.2754325 0.561066 0.6089601
2.998667 1.907218 2.859036 0.2684172 0.46716 0.8736696
3.252067 1.457905 3.936781 0.2741311 0.415615 1.087252
3.31793 1.465828 3.687015 0.2937649 0.4344155 1.052689
2.983784 1.990017 2.635076 0.2475918 0.4349888 0.741758
3.315764 1.46629 3.698095 0.2846681 0.4210363 1.024524
2.728879 2.417295 2.034146 0.252689 0.5172444 0.6502998
3.568042 1.1733 4.328582 0.3100737 0.4103925 1.144766
2.576509 2.787853 1.670981 0.2288924 0.5239619 0.5138495
3.086673 1.744996 3.433963 0.3042863 0.5107441 1.173537
3.291553 1.605357 3.364501 0.2888873 0.4378806 0.9687155
3.662559 1.04195 4.604676 0.3214581 0.4080274 1.191278
3.100455 1.819505 2.830081 0.2708803 0.4463842 0.8210963
2.80799 2.326199 2.0293 0.243951 0.4752972 0.5982895
2.983295 2.022089 2.397068 0.265954 0.4664429 0.7128895
3.156662 1.686188 3.175619 0.2595626 0.4132822 0.8616562
2.797608 2.334017 2.127379 0.2428507 0.4782134 0.6354873
3.388294 1.507548 3.20148 0.2868638 0.410311 0.8459816
3.255051 1.616977 3.111721 0.2911126 0.4430252 0.8949127
2.914969 2.141103 2.313302 0.2759323 0.5070748 0.7447641
2.69722 2.668966 1.570604 0.2972067 0.6329994 0.5828658
2.985065 2.096274 2.432637 0.2605046 0.4644773 0.7230219
2.636233 2.786591 1.538216 0.2556599 0.5672445 0.5052716
2.692269 2.715471 1.513922 0.2495282 0.5332639 0.469392
3.526959 1.126804 4.597933 0.3150819 0.4222378 1.253946
2.983692 2.122055 2.169693 0.2722607 0.4823589 0.6574603
2.919705 2.230166 2.096953 0.2760047 0.509752 0.6673839
2.635939 2.560546 1.940393 0.2665614 0.580601 0.6865828
4.031063 0.5007984 6.344985 0.3752026 0.4149424 1.52839
3.082815 1.875181 2.768336 0.2633692 0.4402302 0.7918076
3.023799 1.90899 2.858251 0.280283 0.4843783 0.9054552
2.945527 2.011444 2.538695 0.2941915 0.5272063 0.8614887
3.471387 1.334429 3.596808 0.2914486 0.3981008 0.9167754
2.747743 2.52142 1.797532 0.256695 0.5264159 0.571456
3.07852 1.896493 2.551151 0.2642246 0.4392287 0.7178637
3.094972 2.01003 2.225641 0.2789481 0.4655451 0.6514851
3.396623 1.360514 3.964939 0.3070536 0.4388811 1.141616
2.737479 2.61313 1.59788 0.2927193 0.6082433 0.5735181
3.268123 1.539906 3.467027 0.2751449 0.4148573 0.9431784
3.120644 1.746685 2.971653 0.2676294 0.4333916 0.839305
2.757315 2.527202 1.808982 0.3075331 0.6323423 0.691027
3.137258 1.61929 3.277563 0.2670309 0.4238705 0.9105896
3.462865 1.260963 4.212888 0.3006234 0.4157161 1.142475
3.043652 1.952261 2.578933 0.2849489 0.4877087 0.8099503
2.841503 2.211459 2.260648 0.2632332 0.5023569 0.7185565
2.709939 2.637582 1.640149 0.2524659 0.5319009 0.5157758
3.173396 1.643958 3.351525 0.2923328 0.4642123 1.026742
2.987575 2.120457 2.290151 0.2800746 0.4985098 0.7227406
2.982122 1.926124 2.97394 0.2646337 0.4673347 0.9162862
2.810495 2.357191 1.918227 0.2256563 0.4384446 0.5172614
2.837352 2.364676 1.868412 0.2446725 0.4707836 0.5378895
2.809724 2.31611 2.057745 0.2577274 0.502006 0.6417851
3.036194 1.894758 2.811537 0.2543016 0.4333538 0.7934508
2.979218 2.02443 2.536561 0.2576802 0.4556783 0.7442863
2.87078 2.261212 2.259901 0.2693012 0.5141847 0.7344828
3.396153 1.388456 3.592936 0.2831303 0.3994947 0.9269491
2.954227 2.097322 2.262008 0.2455639 0.4383887 0.6279335
3.080991 1.858858 2.676102 0.2822091 0.4692988 0.8100568
2.715317 2.564601 1.758118 0.2525298 0.5277867 0.557474
2.781287 2.458949 1.842448 0.285546 0.5737436 0.6424097
3.3456 1.448288 3.499062 0.278028 0.4019551 0.9126847
3.259932 1.513112 3.473689 0.3027665 0.4578864 1.041526
2.977429 2.069571 2.36898 0.2767657 0.4910256 0.7403863
2.94495 2.113903 2.278726 0.2561064 0.4612552 0.6660783
3.392606 1.321405 4.201082 0.3114241 0.4461289 1.235672
3.267843 1.597612 3.214468 0.2945486 0.4470872 0.9372457
2.916352 2.163044 2.237963 0.2574005 0.4719875 0.667092
2.591868 2.813315 1.555717 0.2499598 0.5669265 0.5098496
3.152644 1.664759 3.344994 0.2802238 0.4492235 0.9935061
3.234668 1.50375 3.596471 0.2887042 0.4399596 1.040131
2.72688 2.327678 2.251907 0.2489559 0.5075349 0.7216559
2.71147 2.496021 1.863919 0.2367511 0.4910332 0.5571561
3.381314 1.286583 4.099616 0.2795851 0.3951545 1.055194
2.671134 2.621823 1.769566 0.220678 0.472506 0.5007837
3.009264 2.01418 2.383385 0.28722 0.4989872 0.7568498
3.175644 1.723963 2.98287 0.2786169 0.4420154 0.8584849
3.286183 1.485302 3.506058 0.2921073 0.4349764 0.9956274
3.029747 1.968695 2.66343 0.2639274 0.4564828 0.7883173
3.076565 1.948969 2.375452 0.2495998 0.4155572 0.6268026
2.956633 1.957348 2.69107 0.2601885 0.4602934 0.8033717
2.95815 2.142565 2.316351 0.3159976 0.5747527 0.845801
3.099573 1.879426 2.570071 0.3035961 0.5024373 0.8277804
3.336881 1.303376 4.342477 0.3214996 0.4699759 1.351084
2.554646 2.853103 1.511393 0.2387466 0.5524743 0.4797032
3.077004 1.915494 2.710767 0.2666516 0.4497231 0.7910837
3.226413 1.598227 3.153573 0.2824217 0.4322232 0.8850674
2.527535 2.925637 1.453035 0.2410707 0.5698014 0.4697688
3.041386 1.940046 2.568156 0.2669032 0.4545596 0.7507485
3.101128 1.738324 2.992841 0.2655572 0.432184 0.843084
3.295648 1.443971 3.742901 0.2717789 0.402082 0.988516
2.775005 2.327154 2.199586 0.2339266 0.4653159 0.6431374
3.770437 0.8952202 5.174644 0.3458411 0.4232086 1.371961
3.788204 0.9020307 4.844332 0.329472 0.3962695 1.186038
3.07533 1.742533 3.402017 0.2776997 0.465013 1.055211
2.977665 2.143587 2.288386 0.2890811 0.5193631 0.7523935
2.904667 2.190923 2.169122 0.2459251 0.4537019 0.6190887
3.199041 1.680311 3.181047 0.2989103 0.4716485 0.9846504
3.336011 1.450413 3.731632 0.2852412 0.4182436 1.026037
2.914635 2.076722 2.469021 0.2913658 0.5330403 0.8438072
3.212972 1.584843 3.142132 0.2663145 0.4064694 0.8267299
2.967238 2.04309 2.468365 0.2474427 0.438536 0.6935076
3.179012 1.823815 2.663167 0.2532659 0.4024984 0.6895035
2.732013 2.60609 1.585243 0.2534327 0.5247701 0.490817
2.994957 2.001911 2.443082 0.262436 0.4568831 0.7130432
3.225977 1.673511 2.904387 0.2740242 0.4208131 0.7876661
3.104045 1.795753 2.994429 0.2788927 0.4605183 0.9036523
2.536743 2.919493 1.459552 0.2923628 0.6903687 0.5719982
2.689381 2.627709 1.685097 0.3061 0.6536585 0.6541793
2.996842 1.97463 2.427072 0.2519306 0.4352647 0.6744182
3.179028 1.774071 2.901603 0.2757579 0.4403225 0.831785
2.893927 2.158348 2.419631 0.2570457 0.479241 0.7417358
3.20772 1.683829 3.030592 0.2605069 0.404833 0.7978866
3.524877 1.226943 4.064664 0.320112 0.4307454 1.12686
3.233277 1.5893 3.3038 0.2776728 0.4253903 0.919271
3.398804 1.36137 3.792249 0.297175 0.4210177 1.037912
2.823473 2.316499 1.992411 0.2546886 0.4922323 0.6069242
3.121954 1.712176 3.146945 0.2664033 0.4313885 0.891552
2.609093 2.763875 1.580656 0.2577499 0.5771148 0.5312831
3.094374 1.759828 3.00607 0.2488659 0.4067676 0.7988335
3.131546 1.848005 2.682872 0.2816112 0.4593634 0.7945511
2.850121 2.358744 1.912359 0.246444 0.4728847 0.5551999
2.862879 2.285199 2.133991 0.2631152 0.5023486 0.6708986
2.761904 2.409776 2.001167 0.247026 0.4974724 0.6141392
3.296028 1.622438 2.91932 0.2722123 0.4043878 0.757511
3.331129 1.608703 2.87136 0.2840119 0.4162199 0.763865
3.548879 1.068805 5.017732 0.3018511 0.4012616 1.306039
2.298166 3.476485 1.122532 0.2410998 0.6768105 0.3912018
2.793818 2.501877 1.769854 0.2700393 0.5414932 0.5774918
2.986307 2.008915 2.447097 0.2642065 0.4626292 0.7240392
2.923889 2.139177 2.269852 0.2494267 0.4538805 0.6519098
3.388095 1.279211 4.379486 0.3009712 0.4297702 1.241339
2.531967 2.884277 1.54076 0.2377912 0.5597353 0.4953849
2.767012 2.357197 2.029302 0.2817181 0.5631692 0.7078999
2.88567 2.178803 2.238401 0.2579178 0.479816 0.6782535
3.054615 1.922375 2.51151 0.2632155 0.443145 0.7126886
3.115659 1.877539 2.595798 0.2827623 0.4648569 0.774996
2.788271 2.36347 2.063895 0.2540166 0.5041501 0.646352
3.124364 1.908707 2.500764 0.2591305 0.4240725 0.6777944
2.984348 2.070973 2.285072 0.2601808 0.4581806 0.6632375
2.842728 2.24058 2.274232 0.27457 0.5276442 0.7591193
3.479826 1.32018 3.757295 0.3104052 0.4259911 1.03205
2.912249 2.171959 2.23301 0.252603 0.4649688 0.6562802
3.525288 1.132075 4.541956 0.304704 0.4074544 1.19327
2.924253 2.109032 2.328782 0.272834 0.4964532 0.7346341
2.757778 2.490349 1.785785 0.245931 0.4982619 0.5378459
3.25757 1.627501 3.114587 0.2887722 0.4401434 0.8913372
2.939747 2.027165 2.624475 0.2565811 0.4626132 0.7868837
2.83187 2.228226 2.377482 0.2593874 0.5007294 0.7583195
3.367541 1.430286 3.628739 0.293774 0.4238894 1.003493
2.906337 2.335742 1.881638 0.269939 0.5062501 0.5841601
2.421449 3.175188 1.293082 0.2387517 0.6099208 0.4286187
2.888668 2.193114 2.18179 0.2417516 0.448259 0.6152263
3.159034 1.833579 2.553732 0.2793146 0.4469807 0.7288684
3.039871 1.908229 2.722318 0.2757211 0.4706686 0.8311702
2.995707 1.998144 2.441411 0.3109141 0.5438988 0.8483399
2.950047 1.922001 3.274061 0.2794064 0.5054935 1.10858
2.743436 2.535704 1.669748 0.2562217 0.5230531 0.5208982
3.082363 1.796982 2.749169 0.2645144 0.4342747 0.7707937
3.186268 1.628539 3.417679 0.2683359 0.4222088 0.9535788
3.109291 1.736844 3.061623 0.2758577 0.4500758 0.9025264
2.993707 2.084647 2.227193 0.2770972 0.4867022 0.683087
2.641886 2.637138 1.70917 0.2770432 0.6031958 0.6131591
2.38271 3.256637 1.244035 0.2450241 0.6434279 0.4285423
3.169532 1.661077 3.430763 0.2833217 0.4529228 1.031367
3.190722 1.671455 2.999856 0.270071 0.4206921 0.8175736
3.048402 1.971141 2.575504 0.2732648 0.4682745 0.7772514
3.188356 1.797953 2.678245 0.2823388 0.4473279 0.7700678
3.052418 2.008924 2.408002 0.2508759 0.4279598 0.6577481
3.143174 1.770441 2.853067 0.2653063 0.4260677 0.7877765
3.341519 1.481511 3.497969 0.2849179 0.4159693 0.9490622
3.262946 1.677502 2.960362 0.3064718 0.4693732 0.8999589
2.835073 2.235406 2.179773 0.2407281 0.4593797 0.6297801
3.229466 1.720652 2.844175 0.2801257 0.4334877 0.7952945
3.017536 2.004497 2.443044 0.2675054 0.4626254 0.7219168
2.860774 2.304247 1.985046 0.263781 0.5016987 0.6158395
3.004242 1.988811 2.464388 0.2657971 0.4612182 0.727628
3.201542 1.592341 3.344525 0.2667794 0.4132929 0.9066918
2.758176 2.477134 1.869474 0.2180045 0.4405747 0.501626
2.712075 2.541181 1.882757 0.2451059 0.5131592 0.5866225
2.726835 2.454969 1.946228 0.2762544 0.5694811 0.6797596
2.795674 2.328969 2.058884 0.2502755 0.4917914 0.6298649
3.458179 1.3686 3.70671 0.2955125 0.4105519 0.9866505
2.310765 3.534887 1.029071 0.2925005 0.8213559 0.4273623
2.826606 2.220159 2.31369 0.2255087 0.4319789 0.6344686
3.247524 1.555715 3.399993 0.2768608 0.4210042 0.9379163
3.181206 1.700107 3.026579 0.2700462 0.4256267 0.8391004
2.440996 3.11901 1.312989 0.2753073 0.6939385 0.499463
3.048122 1.896476 2.891913 0.2543497 0.433714 0.8214276
3.144107 1.848421 2.620544 0.2642166 0.4266665 0.7177487
2.834086 2.324015 2.106645 0.2723973 0.5297142 0.6963522
2.697487 2.5252 1.938806 0.2610314 0.5508402 0.6521209
3.181484 1.655478 3.173401 0.2589774 0.406034 0.8430154
2.820012 2.396736 1.915855 0.2954982 0.5808353 0.6820622
2.831496 2.272023 2.217318 0.2772239 0.537099 0.7499777
2.834792 2.214859 2.255241 0.272364 0.521617 0.7437425
2.600702 2.782483 1.547777 0.2503175 0.5617563 0.5033861
3.307113 1.52818 3.304042 0.2988519 0.4430892 0.9509229
2.895899 2.21869 2.14547 0.2572584 0.4781537 0.642918
3.392015 1.468816 3.318662 0.2933689 0.4181525 0.894752
2.760518 2.516108 1.75167 0.2592853 0.5268256 0.5549562
3.188155 1.660601 3.139311 0.2764119 0.433433 0.8886344
2.647148 2.622875 1.809464 0.2576944 0.5605397 0.6087581
2.519694 2.976256 1.377114 0.2071611 0.4911054 0.3791848
2.770508 2.46595 1.895538 0.296078 0.6006335 0.6946857
3.11468 1.735891 2.930738 0.2813342 0.455894 0.8684739
3.135993 1.765917 2.864337 0.2722563 0.438888 0.8155378
2.996934 1.960905 2.581032 0.2742008 0.477497 0.7944579
2.793483 2.273667 2.307695 0.2423087 0.4764471 0.6968944
3.264921 1.533827 3.353652 0.2639826 0.3951343 0.862542
3.133697 1.760097 2.992835 0.2507028 0.4049907 0.7925483
3.355457 1.330476 4.347851 0.2954911 0.4287076 1.235101
2.957039 2.024209 2.546992 0.2573054 0.4586051 0.7523989
2.758396 2.400042 1.956209 0.2372227 0.4757608 0.572706
2.79325 2.443532 1.796162 0.2626874 0.5211449 0.5671505
3.304999 1.590035 3.063903 0.26368 0.3895113 0.7692408
2.928554 2.102409 2.452626 0.2587182 0.4712675 0.7403333
2.895099 2.178908 2.334663 0.2657804 0.4961414 0.7368612
3.078285 1.87138 2.658575 0.2781755 0.4634689 0.7941902
3.043214 1.921459 2.575553 0.2722189 0.46184 0.7645643
2.856974 2.159817 2.383688 0.273365 0.516532 0.7853495
3.228706 1.674986 3.106415 0.2878923 0.4470659 0.9065243
3.315767 1.500074 3.262987 0.2891016 0.4235313 0.8921598
2.620727 2.722113 1.626282 0.2514812 0.5577623 0.5327222
2.844753 2.446937 1.750537 0.2738753 0.5326632 0.5626532
3.089778 1.726243 3.145673 0.2506552 0.4099279 0.8469222
3.063515 2.024877 2.325183 0.2781378 0.4736634 0.6984713
3.038623 1.954083 2.587803 0.2755345 0.4722037 0.7873827
2.98043 2.011713 2.49449 0.2548604 0.4479276 0.7170081
2.866639 2.319643 1.967637 0.280261 0.5336935 0.6477777
3.073161 1.896468 2.671805 0.2847249 0.4785257 0.8258612
2.662623 2.678327 1.651351 0.2355991 0.5093598 0.4967153
3.32564 1.471695 3.526944 0.2795429 0.4092559 0.9412987
2.981786 1.972417 2.736421 0.2565715 0.4519366 0.8045248
2.984534 1.913933 2.843341 0.2836809 0.4973482 0.924221
3.849252 0.7869957 5.331658 0.3612539 0.4271436 1.392536
3.31594 1.472213 3.52003 0.2917591 0.4295728 0.9865088
2.816689 2.25647 2.154243 0.2687592 0.5194727 0.7017058
3.232135 1.605184 3.096169 0.2779224 0.4235859 0.8489434
3.079795 1.901348 2.506895 0.2431387 0.4020173 0.6439245
3.203123 1.554061 3.584834 0.2734827 0.424501 1.006579
3.156557 1.784163 2.916558 0.2641657 0.4248446 0.8070934
3.032255 2.022306 2.366039 0.2239387 0.3817964 0.5738144
2.924072 2.134178 2.176398 0.2553019 0.462769 0.6337557
3.546797 1.174252 4.436378 0.3266577 0.4379141 1.258819
3.238338 1.620738 3.051657 0.3029522 0.4637537 0.9164961
2.663303 2.749586 1.55967 0.2772103 0.6063771 0.5504402
2.485403 3.142318 1.244485 0.2926896 0.7238233 0.4886029
2.380801 3.295863 1.154901 0.2906258 0.7667296 0.4674678
3.012289 1.968467 2.574658 0.2658966 0.4603131 0.7633183
2.760462 2.442066 1.970828 0.2432948 0.4928362 0.5973201
2.668539 2.723912 1.525582 0.2543872 0.5510714 0.4895876
3.762888 0.9120669 4.990202 0.3307905 0.4031413 1.253777
2.834045 2.210917 2.232651 0.263116 0.5022043 0.707438
2.787739 2.3547 2.09541 0.2841929 0.5656205 0.7377758
2.818494 2.388971 1.95179 0.2508968 0.4915558 0.5901774
2.968073 2.046746 2.389998 0.2742358 0.4866082 0.7417074
2.772115 2.387519 1.897093 0.2474635 0.4916021 0.5715671
3.101142 1.832029 2.854763 0.267993 0.4430121 0.8238767
2.809023 2.351613 2.057179 0.2816656 0.5549014 0.7090106
2.795324 2.295579 2.228627 0.2451289 0.4818671 0.6763071
3.206038 1.612946 3.342189 0.2647587 0.4112007 0.9034202
2.909383 2.126721 2.241281 0.2432261 0.4425526 0.626358
3.148594 1.64248 3.294083 0.2771355 0.4416608 0.9572308
2.829843 2.284846 2.127414 0.2833445 0.5481916 0.7291579
2.699334 2.532682 1.826133 0.2730291 0.5734059 0.63329
3.001269 1.945704 2.605809 0.2485579 0.4293501 0.7215957
3.181973 1.696179 2.974165 0.2713717 0.4264488 0.823474
3.48131 1.395631 3.426704 0.3007066 0.412769 0.9067861
3.010082 1.985834 2.588539 0.2578902 0.4481087 0.7479866
2.895514 2.173935 2.215068 0.2847479 0.5283595 0.7378564
2.853041 2.162304 2.374415 0.2527492 0.4772062 0.7225316
3.17825 1.572971 3.550036 0.287163 0.4517553 1.061686
2.916269 2.165813 2.287444 0.2947817 0.5442979 0.7885615
2.853607 2.242105 2.126283 0.2745642 0.5216379 0.6942726
3.064286 1.886786 2.67912 0.2613682 0.438672 0.7596216
3.235756 1.630183 3.049911 0.2806891 0.4289441 0.8468368
3.007756 2.018421 2.379256 0.2762169 0.4799937 0.7268765
3.115854 1.777359 3.097059 0.2720746 0.4474415 0.9126527
2.71671 2.537534 1.854458 0.2833084 0.593301 0.666835
3.465308 1.371337 3.390982 0.289873 0.3962887 0.8558436
3.141626 1.703527 3.027898 0.2623682 0.4184861 0.8252011
3.60751 1.200857 3.922076 0.2921321 0.3775132 0.9404634
2.470385 3.060251 1.330922 0.3043876 0.7521414 0.5532662
2.743935 2.510169 1.860694 0.2541894 0.5223328 0.5900593
2.784091 2.446169 1.890269 0.2550314 0.5107793 0.5898126
2.907856 2.288389 1.924102 0.252776 0.4681112 0.5538768
3.469859 1.338438 3.562717 0.3088258 0.4232045 0.9647089
3.173594 1.686443 3.073814 0.2741581 0.4332026 0.8688878
3.163169 1.777032 3.127628 0.2634458 0.4262301 0.8791064
3.085457 1.765669 3.100572 0.2617932 0.4333741 0.8846723
2.744852 2.315079 2.402789 0.2362617 0.4786016 0.7320573
2.514515 2.998649 1.30558 0.2396909 0.5716849 0.4145772
3.209255 1.742219 2.861248 0.2950586 0.4634679 0.8585957
3.389101 1.372463 3.754851 0.2829833 0.4018572 0.9818094
3.08364 1.870347 2.778999 0.2563472 0.4273805 0.7716071
2.633022 2.784293 1.475583 0.2834092 0.6278669 0.5332045
2.892724 2.073454 2.575937 0.2393597 0.4403472 0.7324823
3.422656 1.243971 4.067081 0.3021212 0.4194985 1.101704
3.294649 1.549079 3.117182 0.3025031 0.4489057 0.9015582
2.648692 2.698515 1.605067 0.2690904 0.5874392 0.5533969
3.234788 1.470882 3.781377 0.2858698 0.4354834 1.08799
3.375836 1.478241 3.320306 0.2924123 0.4198015 0.9003543
2.652861 2.731524 1.499795 0.2448753 0.532119 0.4627702
3.347783 1.36483 3.896379 0.2760651 0.3978464 1.014068
3.381158 1.345479 3.986147 0.2924109 0.4179202 1.091051
3.106716 1.762515 3.029781 0.2764066 0.4528886 0.8981296
2.978799 2.109481 2.225297 0.2524794 0.4469965 0.6274187
3.473123 1.380736 3.558135 0.2912828 0.4010713 0.9194293
3.135041 1.732814 2.961769 0.2572041 0.4125766 0.7953888
2.911382 2.152868 2.275106 0.2835029 0.5220446 0.7516784
3.149735 1.8085 3.041795 0.2688127 0.4387583 0.877973
3.027864 1.983464 2.417806 0.271923 0.4664155 0.7189865
3.40238 1.360475 3.680406 0.2832691 0.3981818 0.947159
2.904659 2.241507 2.059418 0.2666911 0.4951898 0.635249
2.939143 1.995173 2.629526 0.2542034 0.4545235 0.7731842
2.873349 2.240332 2.164791 0.2285432 0.4292469 0.5837294
2.863507 2.159279 2.418015 0.240537 0.452058 0.6988009
3.390391 1.437488 3.636384 0.2949815 0.4232963 1.00521
3.056044 1.939748 2.655857 0.2575096 0.4378114 0.752454
2.928103 2.112005 2.431204 0.2610237 0.4767114 0.7421103
2.811317 2.331737 2.113945 0.2491388 0.4879855 0.643771
3.314827 1.432099 3.86087 0.2833888 0.4183958 1.065637
3.141466 1.733018 3.02894 0.2835193 0.4570586 0.9046012
3.078772 1.904985 2.862397 0.2798417 0.4743034 0.8879002
2.865078 2.338354 1.981947 0.2659386 0.5082207 0.6216221
3.116349 1.793149 2.89172 0.2893905 0.4738771 0.8918568
2.753721 2.459013 1.881814 0.2580203 0.5240967 0.601848
3.022299 2.027198 2.301644 0.2728034 0.4701313 0.6847065
3.033909 1.867659 2.683207 0.2567413 0.4333473 0.7510012
2.676022 2.573576 1.784528 0.2406335 0.510952 0.5482336
3.187721 1.723385 2.987751 0.2884149 0.4564706 0.888327
2.658057 2.583264 1.78484 0.249555 0.5355892 0.5747217
3.258562 1.551839 3.163042 0.2772795 0.4155271 0.848973
3.234266 1.666537 2.833925 0.2592975 0.3941224 0.7160731
2.705571 2.721341 1.644332 0.2686064 0.5772706 0.5576564
2.333244 3.355931 1.20876 0.2351762 0.6404291 0.4083835
3.304493 1.482976 3.539797 0.2872725 0.4251501 0.9835464
2.974701 1.970202 2.765731 0.2698613 0.4779116 0.8614569
2.959238 2.016238 2.495321 0.2784779 0.4951932 0.7930405
2.434287 3.131778 1.326638 0.2418631 0.6126891 0.4462072
2.796316 2.477676 1.819602 0.2596046 0.5191718 0.5730352
2.625463 2.62866 1.658449 0.2722909 0.5933082 0.5829016
2.82269 2.21267 2.261099 0.2778545 0.5347483 0.7647984
3.046977 1.798805 3.135912 0.2668328 0.4516788 0.936469
2.849962 2.234163 2.230711 0.2495592 0.4750706 0.668451
2.96952 2.135036 2.304393 0.2597068 0.4664701 0.6821788
2.845614 2.269893 2.073905 0.2673166 0.5101106 0.6589253
3.626961 1.126459 4.127383 0.320669 0.4111018 1.071662
3.365125 1.428651 3.42737 0.2851384 0.4073888 0.8998569
3.17062 1.662016 3.13756 0.2874076 0.4541465 0.9307133
3.100137 1.743632 3.243713 0.2866059 0.4739295 1.017606
2.883191 2.071515 2.467335 0.2476932 0.454998 0.7194184
3.26814 1.637178 3.137914 0.3009298 0.4590712 0.938365
2.785107 2.401996 2.019268 0.2711972 0.5432609 0.678458
2.992747 2.034927 2.235285 0.2837446 0.4938102 0.6953167
2.59719 2.858157 1.430425 0.2769068 0.6293738 0.5128964
2.859399 2.262275 2.17849 0.2974239 0.5694582 0.7795265
3.042592 1.86914 2.76831 0.267801 0.4534482 0.8152011
3.00609 1.899074 2.753185 0.2626774 0.4526592 0.8097914
2.92883 2.139807 2.230994 0.2662906 0.4835365 0.6801909
2.754775 2.497267 1.802921 0.2614165 0.5326255 0.5810403
3.493125 1.267022 3.97229 0.3093409 0.4215852 1.081434
3.087502 1.830395 2.640081 0.2725551 0.4480415 0.7597898
2.877471 2.231387 2.009037 0.2918684 0.5452755 0.6791164
3.239268 1.59311 3.168478 0.2770484 0.4219571 0.8689757
3.115159 1.782895 2.84379 0.2706749 0.4406091 0.8131194
3.192423 1.626201 3.243128 0.2838327 0.4438598 0.9428593
3.033092 2.01835 2.484322 0.2485242 0.4284806 0.6822148
2.720476 2.557367 1.723347 0.2539218 0.5277713 0.5450423
2.518684 2.993523 1.435718 0.2334875 0.5599191 0.4523843
3.211354 1.663662 2.941852 0.2627437 0.4052225 0.7707578
2.85602 2.217476 2.17747 0.2473249 0.4660439 0.6370979
3.349791 1.469407 3.286717 0.283253 0.4075483 0.8614103
2.875847 2.162847 2.369393 0.2625928 0.4922633 0.7433787
3.135779 1.708589 3.159537 0.2621434 0.4219173 0.8754232
3.090128 1.87269 2.575796 0.2608117 0.4299623 0.7098784
3.22119 1.680667 2.889154 0.2781988 0.428945 0.799252
3.503563 1.240732 3.832536 0.3075311 0.4132759 1.010113
3.143244 1.751948 2.946382 0.2651589 0.4259781 0.8169178
3.082864 1.768504 3.060462 0.2599198 0.4299257 0.8643274
3.003221 1.991121 2.701434 0.2641972 0.4640397 0.8149968
2.883657 2.07501 2.463128 0.2609607 0.480421 0.7580134
2.680458 2.747766 1.494764 0.265951 0.5742152 0.4963822
2.946188 2.106505 2.39232 0.2472827 0.4461662 0.681311
2.887264 2.180239 2.23223 0.2793825 0.5208872 0.7340356
3.424319 1.454733 3.072143 0.2943106 0.4096326 0.797694
3.079283 1.809604 2.947306 0.2643122 0.4394138 0.8468505
2.893852 2.272151 2.054696 0.2698798 0.5064261 0.6476339
3.077841 1.986735 2.297389 0.2599322 0.4353131 0.6325765
2.941708 2.232809 2.055805 0.2468004 0.4501181 0.5763982
2.944939 2.126673 2.140928 0.2429861 0.4343898 0.5832522
3.209808 1.56181 3.416218 0.2891697 0.4469382 1.00235
2.906984 2.097861 2.420687 0.2610103 0.4781151 0.7398115
3.029377 1.986913 2.452504 0.24574 0.4207944 0.6599462
3.355759 1.371439 3.913449 0.2987365 0.4318351 1.107198
3.025896 1.965976 2.580081 0.2606306 0.4487478 0.7461172
3.354748 1.503848 3.299806 0.2642743 0.3811366 0.8131026
3.039393 1.884424 2.778163 0.2805117 0.4780807 0.8637282
3.093605 1.863112 2.653921 0.2509247 0.4137413 0.7079699
2.760025 2.478329 1.84663 0.2481244 0.5031871 0.5649404
2.930501 2.144631 2.199362 0.2455948 0.4444173 0.6153536
2.731283 2.437887 1.980134 0.2787773 0.5723288 0.6968097
2.727897 2.421381 2.023749 0.261587 0.5367094 0.6710252
2.96988 2.024058 2.551708 0.2853419 0.508535 0.8365703
3.324872 1.510099 3.267079 0.2704176 0.3942564 0.8320723
3.210506 1.586285 3.296102 0.2723598 0.4199183 0.905241
3.050653 1.955728 2.618492 0.2925362 0.5017419 0.8490764
2.669424 2.740488 1.513597 0.2490908 0.5386899 0.472363
3.356122 1.439264 3.631954 0.2754743 0.3978503 0.9427028
2.858548 2.258583 2.116503 0.2961085 0.5642333 0.7465362
2.967836 2.159365 2.06861 0.2444705 0.4342386 0.5595691
2.977122 1.976726 2.668489 0.2797011 0.4941839 0.8547493
2.954548 2.069673 2.460074 0.2615701 0.4691574 0.7393615
2.794634 2.358372 1.986727 0.2931112 0.5791872 0.7102572
2.827003 2.336134 2.056615 0.2605587 0.5069097 0.6475856
2.783304 2.316819 2.06473 0.2733794 0.5395227 0.6930413
2.923981 2.161689 2.263031 0.2502371 0.4578133 0.6557365
2.921456 2.106262 2.339624 0.2526218 0.4593844 0.684164
3.099723 1.819637 2.818989 0.2839027 0.468437 0.8574782
3.066479 1.889124 2.643274 0.2719812 0.4567674 0.7793474
3.023579 1.939237 2.645247 0.2486254 0.4266004 0.7298399
3.156897 1.633251 3.32881 0.25658 0.4058226 0.8890696
3.070713 1.782943 3.091605 0.290305 0.4862768 0.9900319
3.51408 1.260454 3.950248 0.3195729 0.4324902 1.100358
2.882504 2.197542 2.155787 0.2239417 0.4146586 0.5613274
2.93187 2.116276 2.37471 0.2858905 0.5216833 0.7897848
3.249278 1.596709 3.157288 0.277925 0.4217129 0.8643983
3.49867 1.224041 4.012135 0.2980062 0.4014768 1.032826
3.297253 1.63287 2.945782 0.2570822 0.3814274 0.7219782
3.456351 1.272925 4.236786 0.3162719 0.440539 1.221069
3.073769 1.873004 2.833123 0.2835597 0.4777774 0.8824917
2.832713 2.203739 2.133422 0.2656114 0.5038811 0.6734236
3.400976 1.292868 4.03637 0.3195866 0.4522898 1.189244
3.243061 1.522021 3.551129 0.2709202 0.4113959 0.9604352
3.524807 1.289026 3.960087 0.2811575 0.3789435 0.9718843
2.94192 2.145684 2.299877 0.2727579 0.4963499 0.7239706
3.150484 1.770219 2.87945 0.2649816 0.4252753 0.7953618
3.296828 1.489249 3.555518 0.2823495 0.4196887 0.9777649
3.406855 1.234837 4.038758 0.2920178 0.4055215 1.054038
3.094616 1.871119 2.509659 0.2559932 0.4193487 0.6713045
2.560113 2.902236 1.400462 0.2724996 0.6313208 0.499534
3.301169 1.469882 3.417429 0.270588 0.3966777 0.87852
2.900361 2.188943 2.164602 0.2455635 0.4527265 0.6154392
3.22238 1.667984 3.047911 0.2789514 0.4317514 0.8555469
3.279086 1.544097 3.370164 0.2780224 0.4170489 0.9181747
2.589519 2.793527 1.50493 0.2445191 0.5514288 0.4788299
3.131694 1.798809 2.965995 0.2935261 0.4810769 0.9340568
3.103718 1.830463 2.954547 0.2759246 0.4579499 0.8861931
3.399116 1.390612 3.914309 0.2925504 0.4186905 1.077644
3.697919 0.8868886 5.191722 0.3350094 0.4171754 1.354317
2.981333 2.175936 2.079657 0.2551706 0.4544908 0.5899742
2.678508 2.704673 1.560715 0.2869151 0.6188528 0.5641479
3.035758 1.980848 2.544951 0.2776937 0.4779324 0.7817196
3.208059 1.633552 3.252293 0.2866559 0.4469083 0.9529668
3.195102 1.718499 2.859705 0.2683704 0.4192199 0.773907
3.136625 1.75632 3.208252 0.2869382 0.4694275 0.9960905
2.903309 2.189133 2.2782 0.2786075 0.5185585 0.7480562
2.653707 2.676134 1.625913 0.2372275 0.5133871 0.4916874
2.665852 2.649368 1.677098 0.2510491 0.5414779 0.5390286
3.154116 1.702286 3.061317 0.2905044 0.4644291 0.928478
2.810909 2.318544 2.029404 0.2572597 0.5005745 0.6300166
2.971256 1.996066 2.548862 0.2570709 0.4529813 0.7430304
3.309778 1.407277 3.805596 0.2985141 0.439845 1.098487
3.213718 1.584566 3.489945 0.2806835 0.4359351 1.004927
2.875541 2.192236 2.27705 0.2507449 0.4704079 0.6787355
3.696691 1.099712 4.195862 0.3124087 0.39084 1.03296
3.36798 1.408307 3.525866 0.2937274 0.4197986 0.9562197
2.684628 2.664222 1.640211 0.2505287 0.5360884 0.5191628
3.306654 1.510719 3.689044 0.2872464 0.4300078 1.049322
3.268629 1.477696 3.450254 0.2721894 0.4044725 0.9069338
2.915865 2.129764 2.395176 0.2299482 0.4199696 0.641935
3.166582 1.733895 2.887133 0.2809424 0.4459652 0.8337465
3.228399 1.729892 2.894299 0.2917935 0.454744 0.8529608
3.180818 1.548019 3.730423 0.2706761 0.4247539 1.055044
3.440597 1.297149 3.781015 0.2910398 0.4010983 0.9743473
3.148386 1.782347 3.028429 0.2731646 0.4434678 0.8810168
3.031615 1.987629 2.555524 0.2641242 0.45549 0.7491496
2.339336 3.245067 1.286826 0.2176794 0.5823682 0.4041439
2.484837 3.052895 1.45303 0.2664788 0.6569712 0.5339041
2.925292 2.082589 2.36508 0.2659418 0.4819179 0.7264615
3.112705 1.831687 2.703367 0.2639876 0.4313646 0.7525852
3.194943 1.753091 2.695931 0.2650779 0.4140869 0.715773
3.128624 1.734751 3.13119 0.2799211 0.4550757 0.9366641
2.868062 2.33437 1.953906 0.2457985 0.4677384 0.5638279
2.705261 2.534229 1.837689 0.2333846 0.4873091 0.5422304
2.98673 1.97598 2.618108 0.2702029 0.4740219 0.801853
2.873985 2.197976 2.206179 0.2610961 0.4889909 0.6794378
2.92013 2.155979 2.206307 0.2313423 0.420429 0.5844784
3.232431 1.594227 3.297385 0.2561357 0.3911979 0.8437042
2.970881 1.863685 2.872422 0.2757832 0.4810194 0.9029845
2.894019 2.213472 2.130138 0.2345695 0.4342265 0.5795333
3.566472 1.155456 4.334838 0.30869 0.4071652 1.133168
2.929807 2.246298 2.043579 0.2661481 0.4894362 0.6218263
3.200354 1.610989 3.466583 0.2846946 0.4464762 1.024065
2.583556 2.88794 1.394163 0.2387961 0.5448962 0.4298517
2.945718 2.072305 2.396875 0.2685562 0.4828705 0.7389758
2.79056 2.437447 1.914243 0.2545374 0.5079174 0.5949073
3.201421 1.752877 2.749044 0.2860037 0.4482686 0.792519
2.85102 2.31396 1.920585 0.2854444 0.545144 0.643937
3.020381 1.967205 2.399616 0.2779955 0.4760637 0.72668
2.803774 2.35971 1.882596 0.26869 0.5250212 0.6052477
2.751824 2.564045 1.684308 0.2211696 0.4514711 0.453995
3.291503 1.560345 3.061671 0.2801368 0.4144551 0.8154358
2.466777 3.076249 1.325199 0.22463 0.5534086 0.4043636
3.586858 1.043456 4.804336 0.3259061 0.4260268 1.310414
2.728289 2.518817 1.776621 0.277699 0.5733228 0.6136473
2.657766 2.657816 1.694451 0.2604588 0.564547 0.5674267
2.795431 2.371457 1.963122 0.2617335 0.5165042 0.6248561
3.159586 1.744977 3.131495 0.2867327 0.4628084 0.953344
3.212755 1.739426 2.822577 0.2775552 0.4333192 0.789789
2.889764 2.190992 2.285864 0.2295497 0.426785 0.6183792
3.023826 1.849439 2.936732 0.2691426 0.4605241 0.8867455
2.893892 2.2014 2.223312 0.2625366 0.4891032 0.6857333
2.769202 2.318316 2.137524 0.2880662 0.5750663 0.7691512
3.084785 1.8378 2.949166 0.2731876 0.45704 0.8835176
3.198747 1.71911 2.999532 0.2777904 0.4369494 0.8534368
2.875837 2.213915 2.1235 0.2595218 0.4846543 0.6436906
3.086495 1.764294 3.071673 0.2435854 0.4002744 0.8064482
3.140561 1.780948 2.942529 0.2915167 0.4729817 0.906982
2.617336 2.875506 1.400216 0.290554 0.6565589 0.5213054
2.868252 2.195609 2.314407 0.2699927 0.5098271 0.7487136
2.651303 2.685715 1.710759 0.2661806 0.5826216 0.5908361
3.073811 1.804083 2.999273 0.2880808 0.482264 0.9489411
2.872023 2.360637 1.93617 0.2641387 0.5048076 0.6009869
3.116553 1.84447 2.696811 0.2686937 0.4400207 0.7662453
3.015681 2.140621 2.102818 0.2369906 0.4130992 0.5431643
3.098634 1.840724 2.807011 0.2708226 0.4479884 0.8169755
3.209477 1.607045 3.483637 0.2944992 0.4612791 1.064392
2.950176 2.113654 2.389284 0.2442212 0.440199 0.6709616
2.93316 2.187439 2.183528 0.2607416 0.4760623 0.6532159
2.899963 2.134645 2.41388 0.247809 0.4581331 0.7074359
3.483938 1.230106 4.123213 0.2978569 0.4052389 1.07876
2.872163 2.22619 2.176507 0.2804448 0.5290593 0.7233903
2.878638 2.237027 2.147257 0.2457665 0.4608829 0.6203828
2.417736 3.325026 1.145972 0.3111506 0.8123624 0.4891483
2.628871 2.684802 1.607675 0.2481383 0.5432903 0.5132985
2.880815 2.20446 2.221778 0.2678548 0.5023848 0.7042324
3.453231 1.289841 4.13378 0.3144538 0.4385375 1.184733
2.942444 2.049368 2.615555 0.2687461 0.4864601 0.8236208
2.839085 2.379495 2.026355 0.2483826 0.483904 0.6068596
3.515802 1.317258 3.675136 0.3010254 0.4063342 0.9576462
3.169552 1.833922 2.771774 0.2830845 0.4570343 0.8213478
3.184308 1.59208 3.478583 0.2772503 0.4348507 0.9989628
3.031117 2.032909 2.312064 0.2671477 0.4600109 0.674319
2.696583 2.699782 1.53968 0.2529447 0.5382937 0.4830393
3.091449 1.923466 2.511791 0.2673677 0.4448643 0.715441
3.263898 1.549365 3.456114 0.2852565 0.4323858 0.9811045
2.634871 2.698638 1.569711 0.2750052 0.6023326 0.5530212
3.314535 1.489486 3.546159 0.3004472 0.4451017 1.033321
2.900761 2.089564 2.461563 0.2869745 0.5290254 0.8352483
2.893146 2.222096 2.158443 0.2523722 0.4703367 0.6373355
2.845474 2.144398 2.507504 0.247209 0.468736 0.7557893
3.581678 1.118993 4.452889 0.3073896 0.4023024 1.147624
3.334452 1.506251 3.367171 0.3061175 0.449547 0.9839445
2.912111 2.267993 2.003612 0.2505942 0.4639954 0.5761929
3.14217 1.70122 3.112485 0.2847078 0.4571993 0.9313047
3.22651 1.551964 3.363147 0.2742729 0.4185632 0.9196758
3.564255 1.127504 4.387529 0.3022909 0.3970776 1.11452
2.905875 2.2287 2.082007 0.2653289 0.4908762 0.6369938
3.077546 1.872758 2.761925 0.2892334 0.4854099 0.8701922
3.260267 1.536566 3.45271 0.2856233 0.4321297 0.9776977
2.702351 2.61898 1.691304 0.2485228 0.5251774 0.5286328
2.678145 2.489465 1.868488 0.275943 0.5807283 0.6601043
3.219806 1.541775 3.666429 0.3052521 0.4738833 1.152919
3.087606 1.782546 2.819263 0.271396 0.4448734 0.8117167
2.916486 2.09923 2.466101 0.2874793 0.5282335 0.8358026
2.40133 3.192106 1.296974 0.2486861 0.6445009 0.4541643
3.630295 1.015085 4.742797 0.3122192 0.3986864 1.197284
3.020349 1.993281 2.435415 0.2828465 0.4887502 0.7603221
2.517724 2.977414 1.395926 0.3058592 0.7335578 0.5746584
3.211001 1.663594 3.122947 0.260535 0.4044298 0.82453
2.944629 2.200007 2.067261 0.2432403 0.4401662 0.5675752
2.986394 2.11807 2.0428 0.2689357 0.4719002 0.5996045
3.089543 2.065147 2.209638 0.2374606 0.399926 0.5571938
2.73769 2.448473 1.907634 0.2484419 0.5063628 0.5905763
2.789128 2.429802 1.877069 0.2843535 0.5671853 0.649508
3.02586 1.921561 2.525113 0.2660242 0.4524462 0.7317938
2.52746 3.061358 1.298606 0.2247268 0.5386726 0.3859943
3.175639 1.82962 2.653663 0.291557 0.4671853 0.7975159
2.816437 2.323443 2.158169 0.2505182 0.4904908 0.6632893
2.809536 2.316831 2.173115 0.2565376 0.5031622 0.6854029
3.114131 1.782863 2.850035 0.297325 0.4857142 0.8980423
3.382776 1.527123 3.14814 0.2890055 0.4147596 0.8398913
3.279106 1.511221 3.564011 0.2785078 0.4182332 0.9801768
2.928494 2.199175 2.158359 0.2438791 0.445635 0.6035581
3.00085 2.058733 2.434781 0.2603496 0.4579199 0.7131404
2.732574 2.543646 1.653444 0.2515966 0.5159067 0.5079415
3.192275 1.640735 3.215292 0.2841281 0.4450208 0.9367681
2.679705 2.637339 1.632052 0.2941391 0.6288952 0.6063054
2.109467 4.178754 0.7830842 0.259744 0.8636079 0.3038052
3.143209 1.697236 3.014589 0.2722672 0.4342788 0.8520768
3.081603 1.901651 2.507786 0.2418392 0.3999434 0.6414264
2.885737 2.026423 2.682591 0.2883357 0.5333402 0.9306894
3.181524 1.712564 2.861531 0.2896702 0.4554096 0.8408268
3.03058 1.942505 2.673114 0.2567133 0.440549 0.7624866
3.081745 1.904391 2.535193 0.277223 0.4618453 0.7498813
3.416289 1.320146 4.021155 0.2965072 0.4180957 1.099032
3.19155 1.698607 2.891642 0.2506431 0.3896932 0.7278461
2.815749 2.40913 1.889133 0.2506443 0.4922206 0.5691322
2.893165 2.161695 2.335896 0.2527113 0.4687121 0.6955459
2.895953 2.233999 2.159764 0.2586383 0.4830549 0.6547536
3.175709 1.714707 2.971011 0.2904487 0.4600629 0.8880859
2.6863 2.501104 1.954084 0.2441347 0.5141962 0.6150687
2.916222 2.214116 2.188876 0.2620685 0.4850885 0.6682041
2.896013 2.216076 2.146261 0.2633682 0.4899156 0.659348
2.660641 2.618226 1.655026 0.2398364 0.5128318 0.5033414
2.815004 2.260244 2.273653 0.2665067 0.5189267 0.7459947
2.828573 2.382142 1.939421 0.2420424 0.471096 0.5618895
3.050838 1.895854 2.670689 0.2639683 0.4457962 0.769224
2.942205 2.036941 2.695561 0.2844256 0.5161551 0.9045419
3.149893 1.693076 3.280179 0.3022353 0.4883107 1.058711
3.065069 1.901741 2.661988 0.2679267 0.4511609 0.776026
2.918375 2.24116 2.055298 0.2429749 0.4468506 0.5714888
3.911129 0.6511359 6.248189 0.3753231 0.4377669 1.663435
2.752427 2.388811 1.984659 0.2590576 0.5215562 0.6382514
3.305435 1.554912 3.326488 0.3021868 0.4514878 0.9801679
2.408982 3.235051 1.215556 0.3232319 0.8390217 0.5459763
2.901034 2.205403 2.167511 0.2482713 0.4591846 0.6247887
2.875665 2.3298 1.955343 0.2632264 0.4997506 0.6024276
3.152215 1.719619 3.095228 0.2811238 0.4517807 0.9169617
3.272045 1.605762 3.175611 0.2858626 0.4324763 0.8937329
3.061234 1.831407 2.94881 0.2887416 0.4870275 0.940633
2.79968 2.492606 1.772111 0.2411252 0.4800159 0.5131448
3.204881 1.624849 3.252219 0.296205 0.4617757 0.9832049
2.89398 2.164756 2.227801 0.2337781 0.4305435 0.6055308
3.141791 1.675358 3.206671 0.2777047 0.4451985 0.9378205
3.134668 1.713829 3.163724 0.2826695 0.4574077 0.95145
3.017669 1.903128 2.693723 0.2884855 0.4958158 0.864672
2.689986 2.66805 1.614816 0.2585565 0.5516186 0.5242208
2.964533 1.981779 2.621088 0.2727033 0.4827703 0.8175796
2.598232 2.66578 1.79342 0.2755239 0.6171253 0.6618039
3.104896 1.783137 2.684485 0.2588137 0.4187066 0.721915
3.061598 1.9653 2.515295 0.2812555 0.4777905 0.7705916
3.146481 1.669004 3.197077 0.2839197 0.4538432 0.9516204
2.858304 2.241389 2.256828 0.2786996 0.5328062 0.7602286
3.076651 1.693467 3.257779 0.2544969 0.4174845 0.896546
3.130576 1.819627 2.7591 0.2736309 0.4452481 0.7951466
3.265273 1.575988 3.3239 0.2822852 0.4276262 0.9295259
2.87927 2.189499 2.265121 0.2754317 0.5163071 0.7394774
3.148642 1.702415 3.110162 0.2747866 0.439934 0.8958516
2.716793 2.536328 1.873413 0.2679024 0.5608081 0.6378787
3.024568 1.892247 2.822796 0.2739833 0.47055 0.866173
2.720589 2.535838 1.819332 0.2384973 0.4947585 0.5438503
2.933258 2.192545 2.167438 0.2673472 0.4890546 0.6657537
2.865828 2.273562 2.142923 0.2587265 0.4921539 0.6605817
2.785274 2.387427 2.022311 0.2462145 0.4898645 0.6127916
3.008934 1.933886 2.628765 0.2431251 0.4180186 0.7097492
2.962608 1.915799 2.81393 0.2906065 0.5132897 0.9423618
2.871697 2.167794 2.225825 0.266498 0.4973606 0.698535
2.922511 2.101032 2.467228 0.2669462 0.4879754 0.7717908
2.736114 2.475111 1.954832 0.2367071 0.487075 0.5847357
2.493168 2.971093 1.435472 0.24265 0.5856619 0.4738321
3.07833 1.854573 2.693305 0.265102 0.4398785 0.7644304
3.757572 0.7959298 5.531118 0.3472827 0.4232285 1.446867
3.01991 1.947246 2.579237 0.2338332 0.3995389 0.663195
3.40716 1.299638 3.946774 0.2989241 0.4195966 1.073529
3.253313 1.52962 3.360799 0.2701808 0.4065452 0.8901565
3.286226 1.544221 3.218325 0.2539515 0.3757413 0.7829209
2.870012 2.300878 2.081716 0.2796053 0.5338683 0.692761
3.368407 1.398237 3.68765 0.2974489 0.4274409 1.026473
2.840834 2.201054 2.348834 0.2511352 0.479092 0.7155642
3.139476 1.718609 3.210198 0.2694513 0.4356422 0.9220019
3.401249 1.325354 4.027946 0.2855959 0.4040072 1.064165
3.111565 1.792751 2.821463 0.2606449 0.4243797 0.7761589
3.297163 1.463684 3.829453 0.2809755 0.4191857 1.061806
3.074719 1.855408 2.721884 0.2650663 0.4411422 0.7763974
3.048992 2.013261 2.247764 0.2709924 0.4601635 0.6520102
1.939258 4.673878 0.6318054 0.2656822 1.0176 0.2642518
2.837538 2.315694 2.096967 0.2823996 0.5474377 0.7155743
2.971542 2.092121 2.275549 0.2629149 0.4665637 0.6715692
3.424664 1.200856 4.972074 0.3033407 0.429124 1.420444
2.69244 2.521628 1.91913 0.3117062 0.6601534 0.7720744
2.98153 1.918331 2.922892 0.2665561 0.4689193 0.9002251
3.340227 1.545533 3.143291 0.2926603 0.4274184 0.865958
3.007767 1.898539 2.8758 0.2763342 0.4795103 0.9028584
2.835333 2.342912 1.996832 0.2565288 0.4968018 0.6138123
3.339367 1.417853 3.700268 0.2740249 0.3971637 0.959504
2.728508 2.302647 2.383293 0.2364926 0.480489 0.7285148
3.493193 1.252607 3.904307 0.3091063 0.4187927 1.048794
3.187934 1.863795 2.684703 0.2810831 0.45172 0.7828011
3.090566 1.862589 2.660854 0.2811644 0.4658921 0.7987334
3.333343 1.525939 3.303551 0.2917757 0.4282277 0.9182582
2.781914 2.38254 2.074614 0.2196714 0.4365336 0.5625796
2.474874 3.121604 1.263604 0.2644145 0.6537527 0.4499565
3.196348 1.677685 2.992681 0.2431263 0.376559 0.7304941
2.939977 2.145692 2.220212 0.249781 0.4514164 0.6319853
3.260929 1.553965 3.294148 0.2973216 0.4493824 0.963966
3.358983 1.510708 3.446025 0.2713201 0.3943851 0.8868962
3.576977 1.11797 4.540841 0.3136136 0.4123627 1.203344
3.358246 1.440107 3.538927 0.2810793 0.4050924 0.9316527
3.376835 1.422818 3.670615 0.2943655 0.4233798 1.014416
3.059603 1.824463 2.894138 0.2565188 0.4288614 0.8092804
2.848487 2.317657 2.073629 0.3132827 0.6058547 0.7815594
2.666319 2.778826 1.49862 0.249178 0.5440016 0.4708603
2.792051 2.407228 1.883542 0.2522021 0.4997276 0.576221
3.157724 1.795293 2.894217 0.2686232 0.4325675 0.8145564
2.656905 2.634397 1.71664 0.2657813 0.5744577 0.5868064
2.795356 2.462263 1.813537 0.2569636 0.5115952 0.5624817
3.152202 1.772065 2.813704 0.2567634 0.4101555 0.7465734
2.774315 2.384342 2.132904 0.2701296 0.5438066 0.7229377
3.406318 1.521814 3.1334 0.2761034 0.3915154 0.7874254
2.99896 2.076016 2.274567 0.2470759 0.4311558 0.6195164
3.146107 1.763705 2.869678 0.251732 0.4025853 0.7490509
2.515504 2.863555 1.618484 0.2441668 0.5791697 0.5428487
2.701547 2.535497 1.913002 0.2264662 0.4753302 0.5539642
2.779917 2.514757 1.707413 0.2455053 0.4931387 0.5047573
2.837537 2.272356 2.216632 0.240175 0.4620516 0.6449736
3.487425 1.364767 3.465529 0.3024545 0.4124266 0.9134319
3.300335 1.590664 3.034733 0.2746856 0.4072284 0.7962092
2.858408 2.261501 2.213314 0.2738668 0.5238767 0.7300268
3.03987 1.911765 2.65354 0.2555251 0.4337096 0.7432886
3.065799 1.968987 2.406919 0.268633 0.4527125 0.6935163
3.068819 2.010833 2.320956 0.2282769 0.3838491 0.5652825
3.137855 1.760623 2.904324 0.2738901 0.4417435 0.8341548
3.250676 1.592379 3.321113 0.2846099 0.4347519 0.9457265
3.749064 0.9321223 4.853515 0.3498274 0.4296918 1.301174
2.979541 2.007922 2.601009 0.2562582 0.4525117 0.7602924
2.847829 2.275815 2.289595 0.2857816 0.5532784 0.8015843
2.79679 2.252409 2.253965 0.2334163 0.4547055 0.6478712
3.144894 1.820553 2.801312 0.2824444 0.4589213 0.8342752
2.711676 2.484967 1.875587 0.2315744 0.4790029 0.5476902
2.99901 1.972502 2.615348 0.2671033 0.4657875 0.7865145
2.964077 2.064832 2.398552 0.271583 0.4843647 0.7413858
3.552644 1.175208 4.276767 0.2964707 0.3925013 1.079003
3.154619 1.731934 2.85078 0.2676574 0.4248356 0.7824457
3.250235 1.631243 3.056215 0.2831936 0.4316707 0.8555043
2.597171 2.676425 1.62226 0.2529575 0.5600706 0.5344856
2.891917 2.136419 2.327242 0.2592571 0.4791153 0.7085395
2.954112 2.031493 2.566537 0.2592356 0.4636046 0.7672202
3.059912 1.842139 2.893235 0.2556755 0.4289201 0.809762
2.847627 2.201567 2.192497 0.259905 0.4913813 0.6778492
3.275456 1.566839 3.300245 0.2779798 0.4184934 0.9016162
2.898729 2.121264 2.349134 0.2940576 0.5429447 0.8113216
2.903558 2.247942 2.102841 0.2534353 0.4715622 0.6195063
2.671797 2.701639 1.549184 0.2407177 0.5181099 0.4690395
3.186407 1.668949 3.183009 0.2602729 0.408967 0.8535186
2.928875 2.038471 2.576882 0.2446858 0.4410714 0.7330307
3.366485 1.389472 3.712454 0.2832624 0.4055385 0.9791452
3.275856 1.525423 3.420088 0.3104716 0.4677326 1.045909
2.905907 2.194499 2.136464 0.2498247 0.4597177 0.6154576
3.272921 1.504231 3.495433 0.2949877 0.4429601 1.01301
2.965937 2.078307 2.39326 0.2588431 0.4619412 0.705685
2.87296 2.326138 1.919593 0.2883903 0.5481838 0.6471064
2.527778 2.928375 1.409343 0.2370349 0.5576252 0.4433799
3.546873 1.054202 4.815232 0.3238408 0.4292887 1.327568
3.237179 1.642492 2.837719 0.2847963 0.4325649 0.7858461
2.915649 2.196389 2.265347 0.2707165 0.5017327 0.7190933
2.883082 2.094161 2.534665 0.2509349 0.465982 0.761895
3.157658 1.615295 3.486153 0.2625649 0.4168413 0.9630702
2.57219 2.809825 1.598191 0.244344 0.5603296 0.5205625
2.914466 2.164186 2.193495 0.2716069 0.4981292 0.6877072
3.130384 1.738809 3.011364 0.268848 0.4342383 0.8539365
3.195887 1.615536 3.190192 0.2638656 0.4088147 0.8504566
2.996898 2.019076 2.363017 0.2467704 0.4282846 0.6435289
2.723991 2.688264 1.635094 0.2529148 0.535024 0.5148669
2.83209 2.460416 1.712391 0.238178 0.4636372 0.477414
2.960494 1.966466 2.729099 0.2858779 0.508547 0.9023881
3.148946 1.784512 2.924228 0.2702978 0.4367965 0.8330058
2.973552 1.980526 2.608998 0.2413215 0.4228951 0.7114674
2.458685 3.072649 1.421675 0.2745974 0.6863583 0.5433578
2.875104 2.109762 2.511729 0.2379927 0.4424893 0.7148148
2.843914 2.210169 2.36317 0.2479004 0.4735508 0.7124173
2.609224 2.737694 1.662534 0.2475155 0.5537816 0.5414064
2.252959 3.565001 1.069397 0.2719017 0.7880045 0.4260137
2.931561 2.122655 2.35862 0.2722356 0.4960156 0.7446482
3.296453 1.497247 3.539484 0.2802907 0.4168071 0.9664306
2.964296 1.98991 2.765524 0.2810703 0.5026449 0.9069331
3.63762 1.066503 4.803106 0.3032384 0.3898446 1.201758
2.764208 2.45796 1.84529 0.2387499 0.4803248 0.5390072
3.303404 1.461091 3.780065 0.3000016 0.4472591 1.115882
3.27292 1.539841 3.233552 0.2684489 0.3998841 0.8371536
2.910546 2.064617 2.547014 0.2614899 0.4775968 0.7831886
3.394312 1.269803 3.861689 0.3013244 0.4210556 1.044153
3.133791 1.837231 2.608528 0.2755514 0.4461148 0.7461544
2.224726 3.711376 1.017562 0.2818331 0.8440086 0.4233451
3.205099 1.528949 3.584587 0.2814258 0.4347378 1.027479
3.261759 1.603918 3.142502 0.2840141 0.4302732 0.8782097
3.53742 1.281845 3.594816 0.3028266 0.401768 0.9154624
2.789996 2.397365 1.840626 0.2562537 0.5048908 0.5660487
2.547449 3.010792 1.272583 0.2750168 0.6487428 0.4560349
2.727128 2.52348 1.876703 0.2497495 0.5187767 0.5920411
3.150735 1.75714 3.000204 0.2702596 0.435053 0.8528114
2.977503 2.064872 2.493745 0.2657819 0.4735348 0.7581976
3.259104 1.647894 3.022321 0.2671708 0.4053004 0.7930285
3.052615 1.848039 2.835413 0.2660626 0.4482454 0.8279908
2.959639 2.199895 2.06664 0.2339942 0.4200515 0.5410713
2.803019 2.338758 2.030133 0.2719289 0.5340196 0.6721576
2.88011 2.178434 2.378216 0.2819704 0.530827 0.8048452
3.193785 1.746678 2.746151 0.2777809 0.4353719 0.7685301
2.909532 2.102321 2.407202 0.2512137 0.4594283 0.7066357
3.059602 1.911964 2.606918 0.2872521 0.4853508 0.8145629
2.710228 2.64196 1.580912 0.2330176 0.4878866 0.453351
3.179829 1.609891 3.235968 0.2731212 0.4261717 0.9005704
2.648915 2.603031 1.762608 0.2629541 0.568502 0.6003235
3.223036 1.687794 2.859909 0.2804367 0.4321195 0.7955864
2.617392 2.725862 1.591631 0.3503622 0.7808916 0.7263886
3.188129 1.725472 2.865219 0.2745072 0.4315655 0.7999988
2.791046 2.327861 2.091745 0.2496109 0.4918141 0.641271
3.134861 1.699087 2.971766 0.2557678 0.4072031 0.7855557
2.930511 2.096602 2.282034 0.2543086 0.458672 0.6634521
3.373959 1.351076 3.901294 0.2942631 0.4209333 1.072304
2.913119 2.089359 2.467291 0.246691 0.4502393 0.7124357
3.952698 0.8347258 4.847404 0.3657709 0.4184209 1.231426
3.044607 1.876696 2.71754 0.2684009 0.4537453 0.798375
3.201999 1.534534 3.60118 0.2906363 0.451187 1.073769
2.732883 2.568537 1.657448 0.2431384 0.5006846 0.4936417
2.746275 2.45914 1.931433 0.2503607 0.5105202 0.6036371
2.885769 2.226331 2.120445 0.2410742 0.4493215 0.5966909
2.609489 2.78109 1.527351 0.2434516 0.5445303 0.4816785
2.711433 2.611086 1.638702 0.2689455 0.5654443 0.5496526
2.957805 2.143354 2.181083 0.2531872 0.4533014 0.6211436
3.620691 1.173755 3.956979 0.3101864 0.3992017 0.9998584
3.119631 1.789297 2.799938 0.265612 0.4307585 0.7802507
2.847766 2.164932 2.353865 0.2871747 0.5446924 0.8157166
2.781482 2.418043 1.948497 0.238594 0.4752908 0.568282
2.636754 2.634374 1.754155 0.2235168 0.4860312 0.5094841
2.840745 2.220006 2.236035 0.2465179 0.4697053 0.6632776
3.203369 1.557405 3.36013 0.2877038 0.4440819 0.9759804
2.908382 2.238449 2.043095 0.2534106 0.4683123 0.5953201
2.797445 2.370052 1.948202 0.2404949 0.4726475 0.5671893
3.141836 1.769674 2.935915 0.260806 0.4198481 0.8020834
2.654097 2.747851 1.476141 0.2502642 0.5456942 0.4660313
2.941575 2.241687 2.023825 0.2583726 0.4721049 0.5936175
3.013074 2.010537 2.426307 0.2459151 0.4246762 0.6575345
2.678235 2.545342 1.9124 0.2415134 0.514022 0.598792
3.077117 1.887794 2.710959 0.2669446 0.4470392 0.7845825
3.008016 2.020141 2.384308 0.2626594 0.4560342 0.6926129
2.778797 2.436976 1.875172 0.2603838 0.5216247 0.5972544
2.81929 2.226333 2.297035 0.2497813 0.481939 0.7017991
2.979286 2.022353 2.549162 0.2489249 0.4399687 0.7232335
2.545294 2.987353 1.369597 0.2419472 0.5708276 0.4371234
3.280603 1.393911 4.185662 0.3109452 0.4681219 1.306881
3.460686 1.284363 4.06082 0.324359 0.45053 1.190861
2.472672 3.08035 1.37871 0.2443565 0.6041312 0.4611362
2.738577 2.48131 1.81882 0.2132909 0.4335048 0.4786784
3.346186 1.491888 3.28619 0.2969621 0.4310859 0.9147272
2.859021 2.134969 2.3463 0.2682783 0.5025916 0.7502263
3.446891 1.300007 3.997642 0.29145 0.4042115 1.049747
2.74159 2.501185 1.846988 0.2451953 0.5026193 0.5635211
3.02899 2.011305 2.339138 0.2951519 0.5086202 0.7552099
3.18537 1.760552 2.862432 0.2746458 0.4355575 0.8089935
3.022532 2.007966 2.370289 0.2761389 0.4763128 0.7181972
3.250514 1.620713 3.103488 0.2871848 0.4378166 0.8824046
3.361995 1.422206 3.81907 0.3000778 0.4364829 1.096755
2.970445 2.094443 2.435699 0.2700185 0.4841882 0.7544967
2.499163 3.056615 1.314218 0.2370318 0.5756174 0.4181726
3.343002 1.446062 3.425214 0.2835253 0.4093345 0.9060883
2.683916 2.694137 1.637719 0.2908332 0.6279804 0.6052986
3.035716 1.983577 2.383081 0.2910731 0.4982974 0.755359
3.021243 1.971914 2.647015 0.2797912 0.4858232 0.8321923
2.850626 2.236139 2.238988 0.2786008 0.532475 0.7522468
3.272591 1.501055 3.79942 0.2987015 0.4538351 1.14576
2.862056 2.257953 2.0868 0.2753948 0.5218074 0.6788854
3.003086 2.030844 2.476759 0.2722048 0.4775487 0.7586248
2.78767 2.348578 2.061477 0.2424888 0.4792705 0.6141936
2.668821 2.616064 1.731665 0.2415269 0.5178575 0.5359093
3.105803 1.879003 2.626674 0.2899754 0.4797226 0.8112093
2.552165 2.864483 1.478536 0.2488168 0.5769837 0.4880773
2.726824 2.548961 1.704156 0.2576384 0.5321843 0.5422647
3.008095 1.985177 2.572325 0.2787691 0.4862838 0.806632
3.10644 1.852269 2.81715 0.2600904 0.4299932 0.7885869
2.725713 2.473744 1.854553 0.2560323 0.5257919 0.5929407
3.020946 1.986811 2.449678 0.2712661 0.4674824 0.7318738
2.694399 2.449862 2.029252 0.2427629 0.5065415 0.6346133
2.671758 2.631903 1.646268 0.2757329 0.5902536 0.5748827
2.967758 2.007261 2.61207 0.2732483 0.4857413 0.819971
2.736563 2.457584 1.878338 0.2486786 0.5069938 0.5804877
3.079371 1.859621 2.810904 0.27031 0.4520206 0.8266654
2.833689 2.380121 1.900491 0.2635136 0.511526 0.5955522
2.814123 2.234988 2.312196 0.2599476 0.5041448 0.7391967
3.523277 1.193139 4.390359 0.3191894 0.4312548 1.228464
2.975698 1.987214 2.679203 0.2707276 0.4794851 0.8337309
3.388056 1.310675 4.10074 0.2969846 0.4225403 1.134357
3.178978 1.836016 2.580505 0.2740833 0.436383 0.7207018
2.790234 2.473574 1.704205 0.2440687 0.4842024 0.4957307
3.050824 1.917104 2.731147 0.2735033 0.4662682 0.8270882
2.916717 2.218569 2.104234 0.2708123 0.4997975 0.6575629
2.95716 2.125117 2.304086 0.2482522 0.4455792 0.650843
3.061991 1.843827 2.901915 0.274689 0.4628458 0.8781979
3.381741 1.498633 3.55011 0.3040494 0.4423491 1.030036
3.118481 1.802993 2.847974 0.2797755 0.4573965 0.846335
3.050373 1.822032 2.865712 0.2845837 0.4788771 0.894026
3.136688 1.719638 3.279196 0.3012358 0.4912807 1.06661
2.831015 2.176946 2.475417 0.2392569 0.4582123 0.7281715
3.222056 1.691674 2.826528 0.2794542 0.4303551 0.7817862
2.985536 2.097856 2.365548 0.2564592 0.4559038 0.6875876
2.787802 2.423338 1.910572 0.2491496 0.4963361 0.5810258
