2.045211 1.832111 0.808243 0.1455396 0.2826224 0.1130329
2.325308 1.466372 0.9034484 0.1751232 0.2760864 0.1171899
1.952201 2.131785 0.7056664 0.1343959 0.2912025 0.1025916
2.160987 1.749417 0.8006237 0.1551511 0.2769901 0.1075869
1.850687 2.367725 0.6582727 0.1318668 0.3204931 0.1054837
2.136704 1.673186 0.8792151 0.1554211 0.2811451 0.1213466
2.006618 2.047921 0.7385541 0.1397287 0.2885511 0.106288
1.924772 2.218271 0.6468775 0.128895 0.2837075 0.09031237
1.846907 2.376873 0.6151546 0.1244645 0.298317 0.09046488
2.109573 1.632603 0.9262231 0.1567026 0.2878341 0.1316206
1.817129 2.363973 0.6581125 0.1225062 0.3043004 0.1007777
2.064623 1.804871 0.7890528 0.1468318 0.2787322 0.1076038
2.111263 1.877299 0.7755124 0.1466237 0.2765559 0.1058873
2.112161 1.78586 0.8362733 0.1475708 0.2755174 0.1143355
1.811272 2.424483 0.6166888 0.1246894 0.310493 0.09471374
1.86496 2.235044 0.6874015 0.1294963 0.2996907 0.1028205
2.305012 1.361034 0.9848579 0.1754309 0.2770551 0.1279081
2.423614 1.239658 1.164732 0.1941216 0.2950679 0.1633086
2.065839 1.882185 0.7819203 0.1440504 0.2790465 0.1080836
1.835196 2.233928 0.6441938 0.1230164 0.2855288 0.09060534
2.152961 1.703474 0.865516 0.1572976 0.2834997 0.1205129
2.488612 1.185739 1.023404 0.1989341 0.2815277 0.1291779
1.84115 2.338472 0.6391894 0.124756 0.2986 0.094685
2.003566 1.787727 0.8896741 0.1441687 0.2893331 0.1299501
1.742624 2.685103 0.5102472 0.112004 0.2975077 0.0723272
2.00977 1.943428 0.8173718 0.1471845 0.3020089 0.1244653
1.891367 2.196295 0.707154 0.1315799 0.3005354 0.1068007
2.144643 1.82127 0.7921419 0.1509016 0.277215 0.1079482
1.991366 2.001551 0.6949607 0.1352971 0.2729019 0.09254594
2.112657 1.839068 0.7740326 0.1463235 0.2727452 0.1035733
1.933814 2.160017 0.7057536 0.1348652 0.2959723 0.1042153
2.077831 1.86774 0.7347118 0.1433443 0.2697636 0.09613999
2.04138 1.822387 0.8182177 0.1428332 0.2779033 0.1129182
2.15199 1.786969 0.8012417 0.1520679 0.2751715 0.1077979
2.239819 1.642803 0.8185349 0.1587974 0.2670459 0.1046878
1.931862 2.1288 0.7119821 0.1340306 0.2937457 0.1045478
2.223655 1.551518 0.9325586 0.1611635 0.2743697 0.1245225
2.048971 1.949411 0.8230754 0.1481616 0.3000589 0.1251951
1.936862 2.035246 0.7960837 0.1381402 0.3013334 0.1219983
2.109009 1.778789 0.8306075 0.1486951 0.2769224 0.1136498
2.227482 1.569046 0.9068416 0.1629321 0.2762902 0.1212516
2.055955 1.818545 0.8358995 0.1464648 0.2844671 0.118595
2.374977 1.464799 0.866094 0.173264 0.2649612 0.1068483
1.984051 2.098933 0.72037 0.1423226 0.301588 0.1082381
2.186966 1.632401 0.921393 0.1620555 0.2860347 0.1297544
2.2861 1.484218 0.919431 0.1713063 0.2778079 0.1214204
2.013541 1.969245 0.760866 0.1403845 0.2837681 0.1073766
2.184615 1.714843 0.8750101 0.1562496 0.2790231 0.1207829
1.783719 2.584322 0.571853 0.1189748 0.3102012 0.08685921
1.684022 2.750178 0.5443491 0.1172681 0.338188 0.08923502
1.918648 2.111094 0.7769733 0.1328773 0.2983209 0.1185542
2.258491 1.525388 0.8672116 0.1647504 0.2688244 0.1100949
1.83916 2.481336 0.5768716 0.1205233 0.2931125 0.08240102
2.054235 1.971752 0.7810152 0.1457061 0.2930223 0.1149561
1.902482 2.178611 0.6373337 0.1244008 0.2732374 0.08530822
2.110675 1.926076 0.7260712 0.1440156 0.2710645 0.09620182
2.099829 2.044768 0.7406628 0.1441408 0.284898 0.1055181
2.032589 1.909834 0.6956016 0.1386691 0.2660005 0.08895587
2.397741 1.341548 0.9988819 0.1826287 0.2765081 0.1292509
1.739708 2.714479 0.5521076 0.1202776 0.3335075 0.08962391
2.096275 1.66906 0.9898969 0.1538835 0.292473 0.1471083
1.822196 2.378092 0.6330988 0.1238165 0.3019158 0.09473073
1.974925 1.979908 0.7752367 0.138672 0.2892691 0.1124459
2.108793 1.743534 0.8313922 0.1526044 0.2815699 0.1146688
2.163922 1.842901 0.7901576 0.1573512 0.2880684 0.1118509
2.157859 1.660905 0.8808711 0.1550553 0.2767164 0.1195436
1.803801 2.294533 0.6816413 0.119878 0.2929686 0.1005634
2.097391 1.87122 0.7687543 0.1443782 0.2723386 0.1029511
2.140356 1.609479 0.9562828 0.1597431 0.2900526 0.1376262
2.02078 2.143953 0.6899053 0.1336111 0.2792453 0.09609891
1.864211 2.305249 0.6526266 0.1276324 0.2981302 0.09642771
2.098229 1.908721 0.7613222 0.1462116 0.2789613 0.1047918
2.039934 1.884985 0.7216095 0.1378546 0.2641406 0.09239298
1.83467 2.538346 0.5617758 0.126339 0.3143124 0.08566929
1.841293 2.314648 0.6236299 0.1252096 0.2952363 0.09047091
2.167341 1.737942 0.8419823 0.1593539 0.2869674 0.1185875
1.971262 2.059091 0.7205825 0.1381404 0.2910527 0.1042096
2.029247 1.909351 0.8263874 0.1481573 0.2995837 0.1247908
1.93003 2.265794 0.6431724 0.129872 0.2894 0.09188114
1.959051 2.032576 0.774911 0.1331197 0.2843666 0.1115828
2.089956 1.881182 0.7892058 0.1462913 0.2802064 0.1096871
2.06016 1.957469 0.7222804 0.1426742 0.2776921 0.09824747
2.259076 1.38424 1.061372 0.1706371 0.2814349 0.1442457
2.385454 1.390511 1.041218 0.1869625 0.2918814 0.1457677
1.899401 2.171485 0.7049615 0.1321929 0.2978672 0.1051326
1.782239 2.423016 0.6370215 0.123874 0.3147315 0.09978394
2.061869 1.79866 0.8536274 0.1495139 0.2885399 0.1227766
2.00947 2.19897 0.6445761 0.1384906 0.2896061 0.09128979
1.810477 2.570727 0.5742054 0.124414 0.3177823 0.08908187
2.0045 1.938067 0.7351514 0.1331222 0.266898 0.0969325
1.768663 2.519911 0.5784597 0.1178473 0.3028252 0.08559557
2.122672 1.765996 0.8242521 0.1470386 0.2707086 0.1099924
1.971247 2.018055 0.7736009 0.1406318 0.2977494 0.1159538
2.25935 1.349342 1.071388 0.1738276 0.2853037 0.146552
1.948596 2.281745 0.6280379 0.130697 0.2888652 0.08920953
1.875328 2.271219 0.6069479 0.1221029 0.2757269 0.08149326
2.035823 1.879875 0.817537 0.1438286 0.2851955 0.1166944
2.163568 1.710469 0.8205866 0.1530572 0.2712235 0.1080652
1.930425 2.064059 0.7038268 0.1306722 0.2789504 0.09712865
2.027796 1.888019 0.788277 0.145604 0.2884368 0.1126797
1.838936 2.389856 0.6418961 0.1301879 0.3188406 0.1018593
2.013525 1.946109 0.7629195 0.1390181 0.2787809 0.1055256
2.01275 2.076296 0.7056358 0.1384337 0.2856984 0.09996116
1.849126 2.415398 0.577964 0.1235239 0.2942059 0.08262087
2.262644 1.445688 1.044599 0.1684768 0.2813268 0.143832
1.93873 2.281348 0.6782346 0.1341681 0.3035505 0.1030658
2.161018 1.776612 0.8479706 0.1519606 0.2775928 0.1170354
2.144047 1.670105 0.8813224 0.1555472 0.2807561 0.1216152
2.06317 1.984508 0.7083473 0.1421727 0.2766821 0.0957922
1.837671 2.238418 0.6831685 0.131518 0.3115918 0.1063084
1.949607 2.019149 0.7322381 0.1352883 0.2844983 0.1033111
2.080101 1.886373 0.8135559 0.1464456 0.2854387 0.1164426
1.993338 2.133372 0.6816295 0.1385039 0.2914655 0.09815901
1.98771 2.081838 0.6949694 0.1349251 0.2826757 0.09739432
1.858697 2.34919 0.6561527 0.1289165 0.3095075 0.1014731
2.040054 1.998618 0.7087626 0.1379355 0.2742088 0.095632
2.019821 1.913181 0.8285616 0.1465215 0.2975924 0.1243879
2.024185 1.808636 0.806701 0.1424422 0.2770327 0.1101259
1.925199 2.237998 0.641519 0.1324678 0.2936976 0.09258057
1.858455 2.348374 0.6551863 0.1285459 0.3090143 0.1012184
2.127095 1.794907 0.8377573 0.1518259 0.2831649 0.1178806
1.994321 2.038942 0.7207874 0.1361875 0.2812729 0.1006289
2.346556 1.441249 0.9657585 0.1751732 0.2761379 0.1271862
2.047297 1.996827 0.7191167 0.1408222 0.2790495 0.0988244
2.055934 1.960611 0.7995619 0.1468518 0.2947945 0.1187222
2.278713 1.608377 0.8775116 0.1614268 0.2678285 0.1138933
2.1824 1.727938 0.8186511 0.1565478 0.2764055 0.1100253
1.903652 2.236091 0.6622058 0.1272516 0.2875376 0.09465393
2.091285 1.701309 0.9023704 0.151138 0.2834914 0.127363
2.214091 1.653017 0.8549557 0.1619751 0.2795322 0.1158591
2.362297 1.51945 0.9410803 0.1756439 0.280152 0.12748
1.921431 2.112979 0.6680447 0.1281249 0.2748908 0.09011101
1.838955 2.265252 0.6584498 0.1243401 0.2918519 0.09533338
1.738277 2.623377 0.5597863 0.1188061 0.3195445 0.08697631
1.921513 2.028719 0.7726278 0.1371698 0.2984066 0.1161072
1.910429 2.178599 0.7161397 0.1346411 0.3035561 0.109281
1.958436 2.095491 0.7215782 0.1333823 0.2858691 0.1032192
2.050338 2.138138 0.6940776 0.141724 0.2908711 0.1002189
1.893796 2.260019 0.6632007 0.1307981 0.3002992 0.09908815
2.0057 2.020548 0.7457156 0.1374008 0.2823282 0.1051126
2.100652 1.742138 0.8656317 0.151507 0.2834481 0.1216649
2.254388 1.588101 0.9256955 0.1687954 0.2859527 0.1291679
1.988902 1.984253 0.7938327 0.1374675 0.2870949 0.1153428
1.976507 2.041417 0.7575345 0.1366495 0.2891306 0.1102693
2.105437 1.71745 0.7663343 0.1478636 0.2659558 0.0972858
1.947148 2.119125 0.673348 0.1318028 0.2806396 0.09293615
2.014721 1.847775 0.8373166 0.1477312 0.2965665 0.1244169
1.920612 2.124572 0.7051802 0.1334519 0.2922615 0.1025486
1.965243 2.075632 0.7025799 0.1338865 0.2820876 0.09814787
1.952953 2.181398 0.6537782 0.1330003 0.288147 0.0928022
2.245512 1.64473 0.8139679 0.1607674 0.2696622 0.1049083
1.940824 2.166272 0.6654879 0.1300675 0.2828654 0.09310766
1.918593 2.02024 0.769971 0.1372118 0.2981805 0.1154157
2.065361 1.988676 0.7549035 0.1395005 0.2768695 0.1044852
1.893302 2.496386 0.5647165 0.1247462 0.294947 0.08078023
1.901525 2.217288 0.6501577 0.1276689 0.2855241 0.09156717
2.100634 1.818158 0.7697317 0.1462161 0.272003 0.1021191
1.995102 2.016872 0.752533 0.1352546 0.2801118 0.1056452
1.738374 2.722101 0.5183846 0.1197343 0.3259985 0.08070633
2.011572 1.896365 0.8253271 0.1412559 0.2873281 0.1197614
2.171134 1.634552 0.8581553 0.1576649 0.2753128 0.1140988
2.209347 1.625692 0.8545971 0.1583919 0.271586 0.1120562
1.780927 2.404696 0.6001893 0.1231966 0.3076949 0.09049011
2.137896 1.959881 0.7218133 0.1442698 0.2706808 0.09596914
2.28304 1.554033 0.9074622 0.1692999 0.2787617 0.1217854
1.927528 2.15767 0.7308456 0.1404805 0.3149847 0.1160872
2.146558 1.663525 0.856847 0.1548395 0.2757347 0.1148528
1.849706 2.300137 0.6352361 0.1258681 0.2955715 0.09261399
2.061112 1.963502 0.7458087 0.1446958 0.2846554 0.1049802
2.055236 1.885765 0.835104 0.1466957 0.2911077 0.1226184
1.922242 2.193789 0.6932648 0.1318741 0.2942775 0.1019991
1.770321 2.630722 0.5403876 0.1204042 0.3178392 0.08301721
2.102079 1.919926 0.7376326 0.1449131 0.2748763 0.09943262
2.130097 1.654839 0.9105606 0.1538698 0.2798234 0.1259316
2.076374 1.8057 0.7846013 0.1493039 0.2814999 0.1077687
2.221496 1.608002 0.8711868 0.1578184 0.2678509 0.1127369
1.888326 2.263409 0.658146 0.1281328 0.2930256 0.09566851
1.993897 1.897384 0.8396856 0.1454172 0.2988927 0.126756
1.807834 2.527269 0.5616522 0.12434 0.3107969 0.08439319
2.015661 2.098536 0.7098054 0.1419395 0.2942299 0.1036532
2.103621 1.938089 0.7291012 0.1463042 0.2780881 0.09929414
2.178627 1.62174 0.9668892 0.1621648 0.2908333 0.1403394
1.7948 2.390689 0.6639532 0.1314142 0.3332922 0.1109803
1.902978 2.149822 0.7310047 0.1316849 0.2966996 0.1094649
2.084424 1.856588 0.7960108 0.1472812 0.2809058 0.1105485
2.205069 1.505861 0.9696363 0.164176 0.2808611 0.132246
2.178808 1.713733 0.8517012 0.1571038 0.2797141 0.1168783
1.994147 2.041345 0.7563934 0.1411993 0.2972337 0.1131225
2.155121 1.694661 0.8372121 0.152843 0.2726049 0.1112245
1.911301 2.090749 0.7700627 0.1345879 0.3005988 0.1176371
1.926141 2.087123 0.696018 0.13156 0.281433 0.09658362
1.881117 2.083139 0.7584565 0.1297082 0.2913807 0.1117279
1.879672 2.369592 0.5685787 0.1231676 0.2830325 0.07769241
2.028231 1.93664 0.7761495 0.1435056 0.2874245 0.1110682
2.047824 1.942263 0.7583237 0.1437763 0.2837984 0.1065508
2.054324 1.752361 0.8540708 0.1429983 0.2720427 0.1150923
2.030921 2.000041 0.7068615 0.1359048 0.2702204 0.09386381
2.04135 1.905512 0.7717613 0.1404386 0.2760083 0.1055892
2.101036 1.715001 0.8732111 0.1555145 0.2897252 0.1249188
1.848722 2.15724 0.7400593 0.1313765 0.3069217 0.1149609
2.030592 1.802699 0.8828525 0.149201 0.2952547 0.1311492
1.942474 2.032195 0.7884981 0.1356671 0.2948475 0.118254
2.220923 1.628009 0.935876 0.1652772 0.2889254 0.1338106
2.003737 1.908475 0.8230204 0.1433599 0.2924906 0.1212516
1.82053 2.248766 0.6937338 0.1300265 0.3123743 0.1086645
2.381268 1.42987 0.9182903 0.1771381 0.2707178 0.1163671
2.037809 1.926869 0.8069512 0.1436443 0.2883284 0.1170171
2.077267 1.911205 0.7988904 0.1467898 0.2873457 0.1149021
1.872192 2.133376 0.7372084 0.1319752 0.3019797 0.1123615
1.880197 2.322342 0.6305482 0.1274671 0.296131 0.0921428
2.064265 1.867434 0.8080501 0.1496261 0.2899999 0.1162356
1.844407 2.219943 0.7343814 0.1356816 0.3243463 0.1208923
1.848671 2.397629 0.5816972 0.1214695 0.2885884 0.08178308
2.105025 1.792397 0.8226628 0.1505894 0.2819478 0.1144948
1.911158 2.129562 0.7181387 0.1289767 0.2847659 0.1024713
2.038968 1.955599 0.7409786 0.1405612 0.2782959 0.10182
1.960364 2.042084 0.7647942 0.1415884 0.3032009 0.1166666
2.071308 1.981781 0.7128438 0.1438 0.2800867 0.09785001
1.907335 2.156505 0.6629645 0.1250629 0.2737865 0.08950837
2.056898 1.848022 0.8184981 0.1433917 0.2787998 0.1138163
2.001113 1.888972 0.7939711 0.142533 0.2868485 0.1132322
2.148772 1.671368 0.9795449 0.1662446 0.3079516 0.1521958
1.986126 1.954549 0.7918069 0.1402925 0.2898963 0.1152356
1.81439 2.571296 0.5404174 0.12128 0.3060991 0.07982718
2.045619 1.861812 0.8378222 0.1429944 0.2826923 0.1192295
2.079491 1.915484 0.7455941 0.1434523 0.2764424 0.101498
2.071009 1.836459 0.8491408 0.1488124 0.2890967 0.1231539
1.914905 2.182318 0.6761371 0.1287154 0.284444 0.09539766
2.129127 1.868943 0.7652795 0.1491622 0.2775114 0.1042273
1.846208 2.236296 0.6684453 0.1240194 0.2902632 0.09675686
2.08868 1.84691 0.7987306 0.1486621 0.2833299 0.1119171
2.018376 2.113402 0.6758026 0.1388516 0.285943 0.09506531
1.885586 2.229511 0.723574 0.1330302 0.3098404 0.1136229
2.022047 1.855677 0.8683612 0.143567 0.2890486 0.1273044
1.871084 2.141981 0.7128324 0.1301462 0.2965958 0.1059953
2.270903 1.467852 1.014964 0.1749589 0.2913145 0.1438524
1.806733 2.358261 0.6753893 0.1257398 0.3143885 0.1070658
1.970797 1.971381 0.7389157 0.1362472 0.2801101 0.1023051
1.885428 2.319261 0.6003021 0.1228735 0.2795758 0.08182737
1.938812 2.160862 0.7137654 0.1334966 0.2945907 0.1056112
1.687774 2.711568 0.5567999 0.1153274 0.3300365 0.08970964
1.895966 2.185773 0.7085733 0.1294996 0.2941778 0.1048648
1.907177 2.205449 0.6445723 0.1260368 0.278099 0.08805928
2.053261 1.904374 0.8415371 0.1486148 0.2979651 0.1270693
2.013589 2.022083 0.735056 0.1410805 0.2883294 0.105256
2.035244 1.936834 0.7658318 0.1425371 0.2834738 0.1077537
2.020075 1.935541 0.8093526 0.1424809 0.289074 0.1178274
2.057587 1.830629 0.880493 0.1453794 0.2863197 0.1278683
1.850302 2.361582 0.6378374 0.1295605 0.31236 0.09891964
2.195547 1.553464 0.9768706 0.1635128 0.285454 0.1372946
2.242391 1.516083 0.9912073 0.1683428 0.2862451 0.1391211
2.075404 2.007946 0.717163 0.1424278 0.2800599 0.09916479
1.853476 2.384866 0.6017188 0.1254258 0.2983566 0.08794244
2.082566 1.682035 0.9281074 0.1537121 0.2906785 0.1348287
2.224309 1.729772 0.8080016 0.1535353 0.265347 0.1043525
2.028617 2.048786 0.7235674 0.1408898 0.2881769 0.1037354
1.802515 2.426702 0.6130902 0.1197758 0.2977866 0.09021653
2.007168 2.023433 0.7431329 0.1387906 0.2854517 0.1058338
1.955463 2.151227 0.6694638 0.1308503 0.281681 0.09331256
2.051189 1.976342 0.7467302 0.1434484 0.2853319 0.1057349
2.105858 1.89504 0.8062063 0.1483115 0.2849473 0.1148917
2.016312 1.890826 0.8234273 0.1427472 0.2878888 0.1192111
1.771355 2.323293 0.6668612 0.1248751 0.3120638 0.1039014
2.08417 1.921012 0.7356785 0.1419128 0.2712973 0.09792559
1.955654 2.003641 0.7470384 0.1383643 0.290259 0.1077523
1.897928 2.27407 0.6433724 0.1292028 0.2937121 0.09326172
1.784697 2.391588 0.6465839 0.1202955 0.3028856 0.09784793
1.792928 2.487223 0.5776513 0.1220819 0.3077625 0.08673115
2.047357 1.98003 0.7210301 0.1386624 0.2749467 0.09787168
2.196347 1.757431 0.7595263 0.1554315 0.2696083 0.09800078
1.850975 2.262774 0.6967818 0.1299329 0.3089482 0.1083926
1.814532 2.290134 0.6824735 0.1225182 0.2980051 0.1023808
1.937302 1.948522 0.8099965 0.1397537 0.2980416 0.1218171
1.786837 2.60698 0.5588592 0.1206258 0.3138095 0.08525828
1.999466 2.191376 0.6753204 0.1385641 0.2940858 0.09829572
1.893671 2.251428 0.6737625 0.1305114 0.299085 0.1004951
2.094524 1.821195 0.8031955 0.1456304 0.2738504 0.1084989
2.048885 1.936261 0.8006316 0.1387096 0.2770091 0.1118587
2.237557 1.673315 0.8556487 0.160275 0.2748436 0.1146763
2.17471 1.620376 0.8949863 0.1628472 0.2859634 0.1244463
2.277253 1.521653 0.990825 0.171725 0.2871995 0.1394017
1.792024 2.386308 0.6318797 0.1220807 0.3037226 0.09516292
2.100971 1.915482 0.7494941 0.146546 0.2801347 0.1034718
1.99035 1.988888 0.7626809 0.1428203 0.2954875 0.1124397
1.932417 2.061731 0.7465572 0.1389468 0.3020828 0.1130564
2.073976 1.862915 0.7563383 0.1449258 0.2747932 0.1014479
2.260485 1.520879 0.970234 0.1662884 0.279014 0.1322207
1.958148 2.160739 0.6803359 0.1298076 0.2806163 0.09502713
2.024479 1.91204 0.7486108 0.1364767 0.2686731 0.09909573
1.925554 2.185436 0.6727756 0.1301838 0.2866289 0.09559674
1.992311 2.019422 0.7601102 0.1352435 0.2807843 0.107168
1.973696 2.099846 0.7178961 0.1329595 0.2820853 0.1012156
1.767914 2.339595 0.6564069 0.1243211 0.3134056 0.102693
2.038406 1.973304 0.7166243 0.1438765 0.2850363 0.1000743
2.106443 1.800419 0.8448711 0.1527629 0.2880206 0.1209769
2.1407 1.632188 0.8775309 0.1528286 0.2719224 0.116165
1.942242 1.949083 0.795822 0.1369944 0.2902942 0.116264
2.229271 1.642382 0.9215672 0.1639541 0.284926 0.1297029
1.883753 2.211335 0.690573 0.1281117 0.2943581 0.1019933
2.139128 1.786316 0.7741573 0.1533107 0.2782613 0.1043978
2.074608 1.86821 0.747318 0.1428461 0.2713019 0.09901494
2.134046 1.806031 0.7887728 0.1490918 0.2735955 0.1057332
2.10138 1.67393 0.8397154 0.1482484 0.2689579 0.1095981
2.071803 1.896716 0.8014439 0.1478995 0.288037 0.1150294
2.018828 1.88637 0.8115457 0.1430857 0.2872694 0.1167559
1.860381 2.171723 0.7078757 0.130717 0.2999176 0.1061306
1.916244 2.04191 0.7771599 0.1362178 0.2986056 0.1172621
1.936699 2.02339 0.7280515 0.1343868 0.2850938 0.1029341
2.032912 1.809995 0.8435787 0.1423337 0.2793815 0.117868
2.08746 1.846593 0.8266205 0.1535873 0.2958276 0.1218537
1.91743 2.107158 0.7305336 0.1358122 0.2979371 0.1087924
2.189096 1.523138 1.061804 0.167152 0.2963042 0.1573382
2.022947 1.796275 0.8924821 0.1508205 0.3011697 0.1356622
2.037949 1.899705 0.8163119 0.146734 0.293491 0.1202655
1.889711 2.224579 0.7115845 0.1324974 0.3059103 0.1097739
2.003635 2.013519 0.7282371 0.1366548 0.2791276 0.1008114
1.995167 2.052891 0.6786457 0.134835 0.2750753 0.09128932
2.115283 1.721548 0.8817425 0.1537079 0.2854234 0.1249495
1.957104 2.016636 0.7566128 0.1370615 0.2899782 0.1098218
1.739718 2.775557 0.4799065 0.110013 0.2983463 0.06753789
1.911421 2.120543 0.7277851 0.1352078 0.3007764 0.1098889
2.219804 1.630919 0.811875 0.1586297 0.2670127 0.1030627
2.0795 1.748585 0.8303572 0.1463183 0.2738356 0.1117333
1.805649 2.386417 0.6966652 0.1311851 0.3338215 0.1180917
1.846432 2.306427 0.6815098 0.1284384 0.3092446 0.1060288
2.220334 1.474423 0.9254891 0.1657092 0.2757674 0.1211644
1.731462 2.560415 0.566389 0.1169423 0.3111053 0.08590315
2.138907 1.698414 0.8461932 0.1557991 0.2805244 0.1156951
2.279703 1.363306 1.076101 0.1754792 0.286329 0.1483015
1.943263 2.136523 0.6836913 0.1293544 0.2784838 0.09437694
1.904226 2.20199 0.6738466 0.1272314 0.2852579 0.09565957
1.839106 2.426531 0.6057669 0.1286478 0.3154483 0.09409212
1.936637 2.051018 0.7600006 0.1318109 0.285594 0.1096471
2.252042 1.542533 0.9391281 0.1633704 0.2739052 0.1250485
1.749624 2.490506 0.6011412 0.1217349 0.3185168 0.09435626
1.747926 2.58172 0.5677272 0.1218308 0.3230302 0.08926625
2.051922 1.899641 0.8041929 0.147583 0.2921507 0.1174714
2.070848 1.989842 0.6911316 0.1454071 0.2825879 0.09497037
1.948952 2.020195 0.7701963 0.1334029 0.2853643 0.1109392
1.950746 2.017904 0.7463614 0.1356553 0.2874287 0.1071186
1.882858 2.300825 0.6544237 0.1295501 0.2998486 0.09731385
1.844859 2.310948 0.6283945 0.1235949 0.2891207 0.08927855
2.001982 1.983058 0.7843243 0.1428214 0.2954774 0.1165646
1.727996 2.611759 0.5531456 0.1199994 0.323807 0.08683984
1.981318 1.904106 0.8603415 0.1440756 0.3005424 0.1316952
2.232628 1.541612 0.9213596 0.1672186 0.2815798 0.1249603
1.933607 2.196181 0.6886442 0.1302733 0.2890083 0.09956294
1.822111 2.352378 0.6445055 0.1231042 0.3001695 0.09638772
1.9697 2.007735 0.7743227 0.1381582 0.2910864 0.1133613
1.91845 1.918505 0.8241998 0.1383752 0.296093 0.1231056
2.018584 1.838392 0.9288225 0.1467232 0.2998513 0.1434051
2.000805 1.977393 0.764956 0.1391253 0.2847117 0.10875
1.885696 2.158618 0.7386151 0.1384217 0.3180808 0.1187557
1.820453 2.441588 0.6407616 0.1272412 0.3186938 0.1018373
1.989277 2.076832 0.7129698 0.1392449 0.2913671 0.1031177
1.841633 2.412165 0.6056084 0.1273511 0.3069254 0.09105763
2.059515 1.776936 0.8574285 0.1423419 0.274072 0.1175445
2.004469 2.026157 0.7294287 0.1388736 0.2844861 0.1029228
2.05597 1.891535 0.8057313 0.1418082 0.2783992 0.1122798
1.972596 2.124001 0.7211381 0.141091 0.3033064 0.1093718
2.191223 1.651349 0.8413096 0.1560612 0.2701851 0.1097935
1.751998 2.444806 0.5996357 0.1194163 0.3082873 0.09110133
1.976652 2.028302 0.8225836 0.1403832 0.3033123 0.1283048
2.193813 1.694679 0.8815005 0.1659993 0.2951339 0.1280211
2.213141 1.438594 0.9343149 0.1640518 0.2712625 0.1195201
2.059545 1.853992 0.7379689 0.1411961 0.2686905 0.09638691
1.803016 2.39734 0.6262198 0.1221121 0.3031488 0.09413825
1.96296 1.981262 0.7429945 0.135237 0.2814476 0.1038947
2.214367 1.73369 0.8550591 0.159714 0.2819348 0.1189248
1.998921 2.113006 0.6539649 0.1363388 0.2798805 0.08908655
1.93636 2.164389 0.6812074 0.1275738 0.2798892 0.09512487
2.20434 1.692826 0.9319166 0.1647444 0.2957657 0.1381075
1.944837 2.017473 0.7838583 0.1382909 0.2982631 0.1182812
1.734728 2.709946 0.5043289 0.1117898 0.3000006 0.0719236
2.104997 1.827732 0.7748372 0.1494539 0.2783629 0.1053093
2.07501 1.893857 0.828694 0.1501784 0.2957148 0.1234017
2.004933 1.962489 0.7883536 0.1418697 0.2914026 0.1154242
2.011213 1.955098 0.7958525 0.1424905 0.2928399 0.1174813
1.900658 2.222737 0.6377151 0.125434 0.2822117 0.08883616
1.862946 2.242842 0.6898358 0.1280787 0.298215 0.1030165
1.893686 2.291497 0.6625436 0.1308271 0.3047646 0.1009354
1.992302 1.906545 0.825097 0.1471937 0.3027923 0.1256879
1.955076 1.965608 0.8405899 0.1377374 0.2941519 0.1263969
2.004078 2.06915 0.7152803 0.1397326 0.2891171 0.102575
1.711182 2.729374 0.5108159 0.1136738 0.3142963 0.07665889
2.100195 1.859507 0.8124223 0.1509628 0.2886384 0.1167109
2.11699 1.806741 0.8076545 0.1529091 0.2854947 0.1135672
1.975201 2.104879 0.6609828 0.1302502 0.2704316 0.08746455
2.067324 2.063257 0.6895908 0.1428985 0.2842298 0.09633259
2.056775 2.030659 0.6720544 0.1382392 0.2695084 0.08788975
1.784595 2.399128 0.6195119 0.1172508 0.2926902 0.08979694
2.075152 1.763025 0.8328219 0.1444374 0.2732444 0.112563
2.137287 1.567731 1.013833 0.1592334 0.2894921 0.1466214
1.933622 2.076902 0.7815131 0.1358305 0.2994932 0.1192375
1.955145 2.101999 0.757063 0.1410638 0.3087011 0.1182992
1.909343 2.29677 0.6384078 0.1303564 0.2971581 0.09374714
2.122438 1.572644 0.9723938 0.1582804 0.2873896 0.1380821
2.178769 1.593812 0.8960431 0.1593944 0.2767401 0.1200632
1.925327 2.126262 0.7148756 0.132673 0.2909227 0.103971
2.372247 1.232154 1.093737 0.1884401 0.2875647 0.1462734
2.012947 1.838698 0.826412 0.1408283 0.2796685 0.1153765
2.295182 1.344579 1.118836 0.1822932 0.2975331 0.1610506
1.992304 2.012236 0.6918205 0.136566 0.2778791 0.09403438
1.917916 2.07383 0.7162701 0.1330272 0.2882772 0.1025912
1.863428 2.098553 0.7226426 0.1326878 0.3004963 0.1085019
2.107343 1.74262 0.8656575 0.1499142 0.2797254 0.1202744
2.148737 1.620049 0.8839085 0.1537161 0.2721163 0.1170418
2.073078 1.672004 0.8999979 0.15193 0.2844143 0.1263126
2.090296 1.797204 0.8253913 0.1526506 0.2883069 0.1174046
1.844151 2.257872 0.6829395 0.1289288 0.3065673 0.1049833
2.053402 1.830336 0.8127146 0.1439757 0.2782032 0.1120914
2.087313 1.874822 0.8286253 0.1474836 0.2868929 0.1195958
2.083829 1.769226 0.8430342 0.148264 0.2795266 0.11658
2.040072 1.925474 0.7637078 0.1395915 0.2752896 0.104242
1.973353 1.981349 0.7587127 0.1382046 0.2867984 0.1084258
1.857823 2.144147 0.6985596 0.1289519 0.2943397 0.1024812
2.172667 1.723874 0.8403167 0.1570317 0.2809719 0.1157282
2.056636 1.96963 0.7073639 0.1420051 0.2778008 0.09608641
1.960853 2.101832 0.7285735 0.1344768 0.2897113 0.1060111
1.886269 2.25783 0.6820218 0.1325263 0.3069134 0.104704
1.771791 2.384097 0.6616394 0.1222052 0.3122544 0.1038146
2.1496 1.686467 0.8442614 0.15638 0.2789326 0.1144113
1.811869 2.239239 0.6858482 0.1283822 0.3080147 0.1055548
1.972773 2.081028 0.6822964 0.132704 0.2767976 0.09290592
1.986891 2.008784 0.7603934 0.1389572 0.289206 0.1101216
2.018683 2.044003 0.70473 0.1418693 0.2891879 0.100442
1.906706 2.113961 0.777064 0.1421928 0.3209533 0.1267244
1.777725 2.511765 0.5799045 0.1186687 0.3041501 0.08636952
1.861266 2.302921 0.6532975 0.1243001 0.2915964 0.09477543
1.912471 2.223136 0.6840508 0.1329272 0.3014652 0.1031583
2.255104 1.625719 0.8642415 0.1629897 0.2737579 0.1143377
1.870363 2.084861 0.7159838 0.1302605 0.2910204 0.1037126
1.954059 2.190217 0.6391089 0.1288659 0.2749517 0.08590687
1.904588 2.285673 0.6525177 0.1305662 0.3003921 0.09754022
2.087733 1.838235 0.8791453 0.1500213 0.2923278 0.1303851
2.033245 1.959649 0.7824104 0.1410844 0.2838713 0.111305
2.161725 1.880786 0.7222279 0.1487053 0.2688179 0.09392188
2.238384 1.621857 0.8436344 0.162457 0.2735166 0.1106686
1.668534 2.767589 0.5665875 0.1215976 0.3588624 0.09920428
2.043974 1.868072 0.8416473 0.1463407 0.2912513 0.1235892
1.924074 2.074481 0.6877034 0.133952 0.2868374 0.09691635
2.012377 2.066615 0.7767298 0.1436781 0.303547 0.1197064
2.09152 1.820562 0.8185644 0.1517811 0.2880083 0.1166089
1.835691 2.18695 0.7168084 0.1307997 0.3094227 0.1118124
2.023466 1.935692 0.7730548 0.1445385 0.2914308 0.1122301
2.105903 1.809709 0.8028145 0.1483539 0.2774995 0.1097079
2.057147 1.891477 0.756138 0.1444151 0.2787621 0.1033737
1.993336 2.044569 0.732667 0.1374594 0.285316 0.10413
2.240158 1.51851 0.9372533 0.1654356 0.2774466 0.1255291
2.245225 1.685144 0.8265199 0.160658 0.2733652 0.1093562
1.901186 2.189434 0.7523445 0.1321798 0.3040396 0.1167872
1.88743 2.007513 0.8280162 0.1348978 0.3012273 0.1275283
1.991302 1.989105 0.7299981 0.1364209 0.2778252 0.1001629
1.884403 2.21765 0.7167093 0.1329794 0.3089765 0.1119834
1.913616 2.214891 0.6842835 0.1294555 0.2917042 0.09985679
2.539704 1.165701 1.056895 0.2004741 0.2785684 0.1326871
2.138527 1.648098 0.8735845 0.1525184 0.2726571 0.1161997
1.897623 2.197522 0.6872071 0.1310729 0.2983912 0.1026452
1.831753 2.351572 0.6403413 0.124804 0.3015111 0.09585125
1.793815 2.325592 0.6784186 0.1255071 0.3119132 0.1063328
1.998537 1.970913 0.7115718 0.1386866 0.2784411 0.09681423
1.982947 2.247487 0.5765871 0.1329781 0.2790704 0.0769072
2.018411 1.806876 0.8873465 0.1453069 0.2903065 0.1302193
2.058029 1.806836 0.8834942 0.144878 0.2828517 0.1262668
1.839791 2.353822 0.6239385 0.122018 0.2910671 0.0896597
1.901159 2.177424 0.6787523 0.1282502 0.287763 0.09729792
2.075698 1.746408 0.8867222 0.1475755 0.2816891 0.1250802
2.118754 1.883334 0.7532359 0.1491514 0.2785071 0.1025833
1.882741 2.428383 0.5828715 0.1263825 0.2969776 0.08426812
1.873332 2.353821 0.6294926 0.1235004 0.2906414 0.09068992
1.763363 2.371677 0.6474686 0.1228157 0.3137917 0.1015538
1.8894 2.051537 0.7910032 0.134695 0.3023008 0.1216567
1.959719 2.048675 0.6668624 0.1298253 0.267503 0.08684574
1.799945 2.380599 0.6054121 0.1278333 0.313807 0.09290588
1.916801 2.205752 0.7072277 0.1316929 0.2991207 0.1067748
2.07275 1.789668 0.8273988 0.1492443 0.283921 0.1160111
2.076531 1.768606 0.8275218 0.1477404 0.27852 0.1134683
1.972134 2.083888 0.6968418 0.1359149 0.2853377 0.09820491
1.805908 2.40641 0.6034044 0.1223299 0.3015092 0.08939758
1.891101 2.339073 0.6378266 0.1294343 0.3023651 0.09566122
1.935481 1.97809 0.7958898 0.1387833 0.2974483 0.1193897
2.142306 1.69591 0.8939111 0.1543207 0.2816529 0.1249611
1.830978 2.259455 0.6839933 0.1234754 0.2955856 0.1016874
2.211808 1.485663 0.9930804 0.1666359 0.2850106 0.13781
2.03931 2.165453 0.6345711 0.1392622 0.2822126 0.08686929
2.017643 1.913999 0.7802873 0.1427432 0.2857619 0.1107918
2.143221 1.64772 0.9284094 0.1565814 0.2853064 0.1317126
1.974075 2.113708 0.6791628 0.1356399 0.2865946 0.09599887
2.018849 1.867892 0.739706 0.1423319 0.2769645 0.09947955
1.907058 2.052462 0.755438 0.135096 0.2970026 0.1127554
1.929839 2.153361 0.7205581 0.1363497 0.3026091 0.1095276
1.786653 2.399089 0.6175678 0.1195966 0.2981138 0.09095593
1.860013 2.484753 0.5607809 0.1198077 0.2887758 0.07876216
2.308203 1.554257 0.8624149 0.1702254 0.2738121 0.1120062
1.85747 2.468532 0.5717492 0.1226817 0.2952165 0.08215487
1.957761 2.100245 0.7049115 0.1343863 0.2862224 0.1001668
1.803907 2.504296 0.5986455 0.1210978 0.3077916 0.09095848
1.900607 2.202464 0.7226044 0.1336838 0.3057262 0.1115801
2.168792 1.734447 0.7615863 0.1540915 0.2697117 0.09801375
1.965116 2.243238 0.6210615 0.1363641 0.2957839 0.08961833
1.894567 2.099811 0.7452256 0.1302195 0.291116 0.109467
1.859431 2.272029 0.727654 0.1345172 0.3231287 0.1196634
1.967521 1.933896 0.7239088 0.1331285 0.2690291 0.09526976
2.180439 1.754451 0.7856309 0.1523504 0.2684512 0.1020984
2.173549 1.679325 0.8579998 0.1537532 0.2719843 0.1141627
1.929044 2.189197 0.6573461 0.129009 0.2816833 0.09125279
1.830116 2.412062 0.6346471 0.1234462 0.3037215 0.09595701
1.92415 1.970111 0.7525192 0.1316392 0.2777204 0.1038154
1.900019 2.165485 0.7385445 0.1349908 0.3066993 0.1145385
2.096731 1.798888 0.806615 0.1464484 0.2741621 0.1088664
2.057447 2.003625 0.6882755 0.1392907 0.2721711 0.09132187
2.030609 1.968997 0.7487651 0.1439382 0.2894915 0.1075268
1.697609 2.758476 0.5206022 0.1145339 0.322672 0.08044216
1.895202 2.267389 0.6874546 0.131319 0.3046921 0.1052869
1.906085 2.256904 0.6249335 0.1294278 0.2884364 0.08802235
2.097789 1.975371 0.7468055 0.1466335 0.2843331 0.1052294
1.878374 2.253537 0.6505048 0.1325802 0.304233 0.0976226
1.997037 1.999653 0.7344222 0.138003 0.2822869 0.1027494
1.950488 2.010573 0.7974205 0.1370428 0.2946717 0.1193299
1.973853 2.068393 0.6800876 0.1333179 0.2771343 0.0925262
1.978562 2.109332 0.6932917 0.1354622 0.2859249 0.09821334
1.988859 1.907219 0.8095159 0.1441619 0.2951541 0.119634
1.910211 2.034346 0.7353235 0.1311263 0.2831167 0.1036865
1.916036 2.30148 0.6293343 0.1331327 0.3003482 0.09272949
2.268591 1.486799 0.9009111 0.1680987 0.2723768 0.115856
2.123779 1.644654 0.8321029 0.1542274 0.2737359 0.1091609
2.009086 1.907758 0.821441 0.143291 0.2915147 0.1206008
1.998736 2.100997 0.7118031 0.1402394 0.2936705 0.1039096
2.038295 2.075059 0.7137373 0.1417312 0.2888855 0.1023335
1.98671 2.23085 0.6405886 0.1367223 0.2927353 0.09200942
1.991053 1.970946 0.7463174 0.1373567 0.2810692 0.104153
2.332183 1.324755 0.9812871 0.1810044 0.2796991 0.1269416
2.088732 1.742124 0.856898 0.1508706 0.2832271 0.1199799
1.987072 2.014949 0.7357807 0.1336388 0.2755417 0.1009111
2.117479 1.761411 0.8253068 0.1474335 0.2709625 0.1099365
2.156453 1.782013 0.7377554 0.1495375 0.2650056 0.09353078
2.044065 1.799512 0.8708181 0.1482264 0.2904469 0.1269181
1.909025 2.103302 0.7553605 0.1306652 0.2901413 0.1108912
1.847889 2.301354 0.6665508 0.123572 0.2943457 0.09828408
1.907556 2.278578 0.6644248 0.1298281 0.2967758 0.09828511
1.986691 2.037267 0.7536452 0.137979 0.2898839 0.1097522
2.074481 1.723485 0.9296895 0.1552009 0.2989718 0.1400902
2.240794 1.5622 0.892387 0.1610716 0.2698198 0.1159854
1.8269 2.394899 0.6025673 0.1223039 0.2965063 0.08774114
1.84557 2.346508 0.6383539 0.1266355 0.3054568 0.09699656
1.997287 2.077022 0.694632 0.1361137 0.2802912 0.09593312
2.445226 1.110568 1.214788 0.2029989 0.2995426 0.1676809
1.794353 2.412181 0.5779943 0.1224968 0.3018826 0.08477098
1.917192 2.258723 0.6743648 0.1299982 0.2966998 0.1002918
1.834005 2.151574 0.7292219 0.1295697 0.3029679 0.1112608
2.237618 1.749779 0.7835049 0.1590682 0.2729866 0.1032377
1.722263 2.829932 0.4744965 0.1142713 0.3196041 0.07129095
2.018671 1.926206 0.7609028 0.1391231 0.2775185 0.1046046
2.095409 1.788445 0.8210238 0.1484104 0.2794698 0.113397
1.926612 2.033811 0.7666885 0.1391893 0.3017247 0.11616
1.945024 2.047709 0.7924425 0.1362524 0.2962964 0.1195427
2.028315 1.843539 0.8017476 0.139231 0.2726925 0.1084789
2.036947 1.985849 0.7387377 0.1392022 0.2793233 0.1025265
2.084292 1.803135 0.8969477 0.1529027 0.2973192 0.135153
1.85764 2.325745 0.6582011 0.1311171 0.3133458 0.102879
1.82988 2.286306 0.6864003 0.1260536 0.3040003 0.1049689
1.932356 2.114265 0.7204824 0.1339418 0.2927775 0.1055966
1.938427 1.900021 0.8753014 0.1393767 0.2980274 0.1335458
2.027369 1.825624 0.8321222 0.140807 0.2766691 0.1149089
2.119732 1.677626 0.8593143 0.1541131 0.2805737 0.1178444
2.113363 1.767545 0.81226 0.1498686 0.2761796 0.1098441
2.181715 1.690359 0.9557507 0.1603214 0.2919119 0.1408512
2.049833 1.957725 0.6945033 0.1386257 0.2676148 0.09009358
1.86125 2.099594 0.7725912 0.1335791 0.307688 0.1208892
1.870762 2.255416 0.6403304 0.1249055 0.2858249 0.09020581
1.693821 2.455831 0.607125 0.117149 0.3110219 0.09275361
2.065874 1.823061 0.8190688 0.1488161 0.2859736 0.1159672
1.977662 1.973488 0.7694253 0.1402947 0.2917131 0.1122119
2.201513 1.641712 0.9823355 0.1615242 0.2893661 0.1432931
2.015358 1.85686 0.8650257 0.1441076 0.2908333 0.1273685
2.076835 1.743803 0.892357 0.1519145 0.2893739 0.1289366
2.079826 1.725487 0.8671417 0.1492749 0.2809881 0.1206021
1.96232 2.133646 0.6622623 0.1318737 0.2802103 0.09127443
1.894788 2.12148 0.7586373 0.135731 0.3069547 0.1179672
1.949622 2.042998 0.739174 0.1369623 0.2910888 0.107246
1.999121 2.016765 0.758802 0.1356325 0.2812827 0.1072815
2.00944 2.082278 0.7029152 0.1404572 0.2911493 0.1013786
1.914037 2.30788 0.6467207 0.13277 0.3032187 0.09710586
2.20059 1.623372 0.9591774 0.1624635 0.288106 0.1377597
2.079498 1.982861 0.7545527 0.1438566 0.2828827 0.1063272
1.870153 2.290149 0.6762171 0.1255342 0.2972863 0.1012718
2.180102 1.830356 0.7262172 0.1480595 0.2617741 0.09146386
2.057727 1.905553 0.7606756 0.1443039 0.2798119 0.1047673
2.085281 1.982313 0.721997 0.1468867 0.2845424 0.1008083
1.96697 2.130818 0.7204391 0.1369948 0.2955442 0.106712
2.049877 1.746456 0.8844875 0.1527103 0.2944138 0.1295615
2.137706 1.799479 0.7202645 0.1454629 0.2589363 0.08893399
1.78273 2.426768 0.604623 0.1151194 0.2889687 0.08629737
2.037061 1.848769 0.8113034 0.144484 0.2838426 0.1145331
1.804284 2.371122 0.6296385 0.1245401 0.3055143 0.09501396
2.023368 1.959372 0.7736177 0.1409499 0.2849906 0.1102414
1.828294 2.531428 0.611734 0.1316636 0.3340527 0.1009156
1.989669 2.021128 0.7135049 0.1338388 0.2729423 0.09599472
1.717586 2.729319 0.5246745 0.11613 0.3223354 0.08123409
2.155627 1.72542 0.8896745 0.1548774 0.2828699 0.1254458
2.169819 1.818189 0.7552776 0.1540142 0.2757472 0.1007357
2.393312 1.181766 1.085841 0.1922616 0.2869318 0.1422208
2.069633 1.701432 0.9101018 0.1464205 0.2776563 0.1262918
2.177488 1.659519 0.8817069 0.1590788 0.2818818 0.1218118
2.094671 1.677378 0.9529223 0.1551506 0.2928759 0.1402951
2.140099 1.765474 0.7412352 0.1492024 0.2639906 0.09316165
1.886925 2.251844 0.6533121 0.1262441 0.2880849 0.09331675
2.189056 1.617549 0.9998859 0.1686114 0.3030138 0.1520318
1.9456 2.32708 0.6233808 0.1302662 0.2928769 0.09007269
1.775902 2.540613 0.5793413 0.1208429 0.3126162 0.08861549
1.810306 2.409843 0.6300865 0.1281374 0.3187406 0.09950511
1.933089 1.98265 0.7624076 0.1351951 0.2874988 0.1095356
2.072977 1.78205 0.8244778 0.143871 0.2712407 0.1102801
1.770374 2.37559 0.6576429 0.1229219 0.3131903 0.1032436
2.105316 1.916373 0.7860306 0.1466904 0.2820055 0.1105539
2.030768 1.896277 0.8227591 0.1504763 0.3007868 0.1237952
2.120367 1.811638 0.8073838 0.1512334 0.2816307 0.1120853
1.688475 2.556633 0.5848037 0.1178717 0.3257487 0.09368043
2.139216 1.614847 0.8804545 0.1554632 0.2766233 0.1182251
2.139506 1.765757 0.7811413 0.1461825 0.2629142 0.09969413
2.236418 1.6223 0.8469204 0.1613239 0.272656 0.1110739
1.909399 2.158857 0.739467 0.1368463 0.3105638 0.1163209
1.981286 1.993863 0.7624392 0.1368097 0.2845541 0.1086672
2.32595 1.447325 0.9664251 0.1712713 0.2729118 0.1262252
1.894123 2.300494 0.6557417 0.1260739 0.2906971 0.0949473
2.170762 1.680771 0.7966795 0.1560217 0.2712285 0.1031744
2.155627 1.703706 0.8850276 0.1564903 0.284072 0.1245651
2.20671 1.692033 0.8583806 0.1594894 0.27891 0.1171448
2.229189 1.445518 0.9958308 0.1730359 0.2903086 0.1389204
2.265493 1.380233 1.043905 0.1748121 0.28644 0.1432806
1.953889 2.139156 0.6941996 0.1316045 0.2826473 0.09751383
2.094121 1.813195 0.7977482 0.1476614 0.2786901 0.1095553
1.890628 2.269822 0.6826799 0.13217 0.3071102 0.1051377
1.672073 2.652068 0.5821959 0.114655 0.3275387 0.09385915
1.896104 2.103607 0.7250476 0.1302176 0.2898647 0.1054116
2.010697 1.94016 0.8299055 0.1445097 0.2981862 0.1256758
2.026624 2.050453 0.7113483 0.1407074 0.2861783 0.1006756
1.915154 2.044885 0.6995217 0.1302101 0.2793081 0.09640725
1.888436 2.187896 0.7143418 0.1353913 0.3087443 0.1106172
2.033679 1.939125 0.7925992 0.1429868 0.287675 0.11438
2.070664 1.804844 0.8146915 0.1429324 0.2729952 0.1102499
1.781312 2.437099 0.6275762 0.1214427 0.3106874 0.09715002
2.055629 1.997257 0.7411801 0.1402888 0.2785556 0.1025689
2.124224 1.87453 0.7582178 0.1486095 0.2758988 0.102308
2.042144 1.901429 0.8190374 0.1400693 0.2788015 0.1150679
2.085604 1.854533 0.8500181 0.1515272 0.295838 0.1268558
2.137736 1.675953 0.8936755 0.1552954 0.2819788 0.1243714
2.078861 1.86116 0.7873458 0.1454184 0.278034 0.1081308
1.976438 2.185097 0.6407187 0.1323094 0.2806796 0.08806694
1.998951 2.118285 0.6970113 0.1358011 0.2837361 0.09812934
2.121786 1.680403 0.9531856 0.1589447 0.2967594 0.1422118
1.975453 2.200149 0.65993 0.1371989 0.2948925 0.09593247
2.004549 2.041477 0.7634918 0.1409409 0.2944392 0.1132132
1.993153 2.073037 0.6890631 0.1354209 0.2796546 0.09488482
2.125623 1.776244 0.7997022 0.1491536 0.2731851 0.1067941
1.962392 2.105104 0.7013795 0.1377681 0.2953246 0.1029478
2.217077 1.672253 0.8417639 0.1564453 0.2690461 0.1099383
2.096016 1.67108 0.9151998 0.1549346 0.2881215 0.1306559
2.006928 2.108866 0.706198 0.1389345 0.2911029 0.1023949
2.000528 2.046812 0.7395966 0.1352221 0.2803056 0.1037588
1.785299 2.531509 0.5819091 0.1257118 0.3223584 0.09153247
1.737865 2.725441 0.5511223 0.1260262 0.3527295 0.09450787
2.027748 1.923977 0.8069932 0.1437276 0.2899028 0.1175883
2.151211 1.804471 0.7585435 0.1477389 0.2652264 0.09742554
2.194161 1.714865 0.8778475 0.1570558 0.2803717 0.1220903
1.915611 2.253878 0.6493041 0.1292173 0.2899328 0.09308499
2.009205 1.85086 0.8100746 0.1426569 0.2842866 0.114535
1.804206 2.297711 0.6534472 0.1200925 0.2920797 0.09524596
1.889988 2.325277 0.594553 0.1282452 0.2927 0.08454907
1.865058 1.993707 0.8874721 0.1429595 0.3295846 0.1519011
1.784684 2.354184 0.6495642 0.1202588 0.3006175 0.09760072
2.053233 1.914008 0.7642659 0.1409114 0.275888 0.1044802
2.133137 1.726675 0.896846 0.1527094 0.2818976 0.1262375
2.147753 1.721687 0.882515 0.1589879 0.2905451 0.1270382
1.917187 2.099052 0.7682048 0.1357898 0.3026882 0.1180909
2.006019 2.058297 0.7192035 0.1377768 0.2843164 0.1016074
2.032123 1.904894 0.7722141 0.1401061 0.2774486 0.1063419
1.861753 2.1503 0.7126183 0.1285868 0.2932913 0.1045912
2.108302 1.898363 0.7736665 0.1497668 0.2860513 0.1095863
2.022177 1.928433 0.7823096 0.1371657 0.2742582 0.107153
2.000463 2.19733 0.6554505 0.1327929 0.2809438 0.09093725
2.245074 1.503897 0.9828715 0.169294 0.2855633 0.1366969
1.915474 2.08765 0.7416331 0.1323451 0.2915386 0.1088176
2.050061 1.931034 0.7454298 0.1399027 0.274125 0.100861
2.205366 1.534847 0.9143692 0.1612526 0.2738634 0.1204739
2.031166 1.863321 0.7820208 0.143077 0.2799098 0.1079206
2.223815 1.640316 0.9166096 0.1636105 0.2840051 0.1282029
2.111108 1.852397 0.8341715 0.1503113 0.2877012 0.120455
2.034622 2.069198 0.7045401 0.1419165 0.288008 0.1001888
1.848665 2.352478 0.6661432 0.1327432 0.3233033 0.1079966
2.101127 1.831481 0.8050109 0.1511768 0.2861179 0.1138443
2.180005 1.635657 0.8989411 0.160782 0.2839677 0.1250801
2.094764 1.933429 0.6960452 0.1382624 0.2606136 0.08809609
2.053808 1.886999 0.8165817 0.1469268 0.2901001 0.1186742
2.053693 1.979041 0.7616654 0.1426086 0.2850694 0.108498
1.827216 2.162379 0.7379581 0.1325794 0.3136693 0.116933
1.989186 1.870459 0.8610818 0.1466539 0.3022671 0.1318818
1.899899 2.271494 0.6359549 0.126273 0.2857639 0.08961026
2.066551 2.001755 0.6994505 0.1396391 0.2727881 0.09347876
2.242396 1.674668 0.8207725 0.1581414 0.2678728 0.1060847
1.859707 2.562842 0.5515297 0.1198616 0.2936799 0.07856105
1.980342 1.974061 0.8006796 0.1367117 0.285319 0.1155221
2.321787 1.513334 0.8806594 0.1697556 0.269966 0.1125474
1.913262 2.258135 0.6473066 0.1260282 0.2841513 0.09123886
2.210327 1.694648 0.8014635 0.1554781 0.2675922 0.1032679
1.77935 2.403865 0.6332806 0.1266413 0.321259 0.1009885
1.866122 2.120916 0.7765644 0.1350291 0.3120817 0.1235083
2.057633 1.842484 0.8566954 0.147803 0.2904312 0.1253266
2.097282 1.650039 0.8652411 0.1522806 0.2773389 0.116627
1.88935 2.346397 0.6518449 0.1288535 0.3029736 0.0985225
1.983678 2.100766 0.6721457 0.135212 0.2823517 0.09323516
2.385687 1.356423 1.015227 0.182467 0.2799981 0.1342332
2.10246 1.844917 0.7544994 0.1444125 0.268829 0.09887799
1.998846 2.092803 0.6786871 0.1347876 0.2793133 0.09340873
1.933111 2.246356 0.6746556 0.1335969 0.3008117 0.1013794
2.16245 1.60387 0.8686086 0.1554178 0.2712115 0.113628
2.186107 1.581035 0.883786 0.1583713 0.2726924 0.1161283
2.072555 2.035612 0.717393 0.1452215 0.288456 0.1023505
2.301528 1.541004 0.865778 0.1686854 0.271424 0.1113344
1.841666 2.437757 0.5940768 0.1218528 0.2959703 0.08634189
1.786171 2.488872 0.607228 0.1178416 0.2993723 0.0897505
2.151679 1.767708 0.8439473 0.1546007 0.2827784 0.1180672
2.024797 2.118047 0.6902453 0.1376134 0.2829243 0.09658619
1.887194 2.193932 0.6947583 0.1296562 0.2962402 0.1031747
2.012246 1.944516 0.7400813 0.1357376 0.2714179 0.0992391
1.698467 2.425334 0.6269217 0.1142381 0.303278 0.09445545
1.882444 2.295624 0.6798099 0.1259435 0.2944778 0.1006208
1.985693 2.014333 0.7649658 0.1404874 0.2937169 0.1127112
1.90703 2.226496 0.6913947 0.1295456 0.2944567 0.1021647
1.925136 2.216731 0.6667597 0.1273811 0.2824605 0.09357654
2.073984 1.868614 0.8087767 0.148111 0.2874113 0.1158363
2.166937 1.802608 0.8370586 0.1543756 0.2824724 0.1174815
1.985651 1.92857 0.7876859 0.1404019 0.2882908 0.1135396
1.923146 2.242512 0.6754541 0.1347426 0.3047205 0.1026973
2.048941 1.874224 0.7969615 0.145473 0.2846768 0.1126348
2.291335 1.524173 0.9211133 0.1736637 0.2841715 0.1255467
1.996976 1.806901 0.8410286 0.1444363 0.2884778 0.1208515
1.966937 2.075075 0.7460939 0.1390229 0.2969796 0.1112047
2.132506 1.819779 0.7830792 0.1439487 0.2653972 0.1023315
2.084615 1.811026 0.8812935 0.1526366 0.2957961 0.1315605
2.005393 1.977216 0.7974263 0.1418606 0.2930777 0.117969
2.242165 1.610457 0.9123411 0.1658156 0.2830866 0.126231
2.008951 1.976655 0.7644283 0.1404074 0.2860626 0.109106
1.844896 2.243956 0.7262169 0.1275267 0.3059804 0.1131938
2.057155 1.908229 0.7624607 0.143725 0.2802234 0.1055162
1.937864 2.006085 0.7280497 0.138166 0.2907266 0.1043472
2.070422 1.869136 0.7759228 0.1442096 0.2768845 0.1059339
1.989849 1.985339 0.7349448 0.1354902 0.2766013 0.1006613
1.78202 2.576077 0.5756088 0.1189423 0.3088435 0.08699551
2.084094 1.880816 0.8090418 0.1447021 0.2800575 0.1133648
1.899426 2.171197 0.6699766 0.1290635 0.2869357 0.09506823
2.052567 1.953883 0.725563 0.1418937 0.2777217 0.09888888
2.032681 1.889029 0.7871783 0.1421693 0.2813607 0.1100965
2.091238 1.967989 0.7273473 0.142552 0.2759246 0.09902648
1.818757 2.433818 0.5963224 0.120565 0.2972901 0.08722136
2.135361 1.737166 0.821206 0.1535483 0.2786953 0.1116987
2.033948 1.861786 0.8322038 0.1440723 0.2865072 0.1197569
1.9631 2.051861 0.7050723 0.1336583 0.2795991 0.09736319
1.97839 2.010402 0.7687019 0.1397738 0.2929981 0.1130321
2.266468 1.50475 0.9211752 0.1685877 0.2768339 0.1218554
2.045357 1.979282 0.6974701 0.1385396 0.2716692 0.09248071
2.060868 2.000869 0.7333683 0.1442927 0.286086 0.1038361
2.061812 1.928506 0.8681226 0.1497391 0.3032069 0.134931
1.609993 2.833162 0.5464636 0.1205963 0.3741844 0.09891933
2.009582 1.974518 0.7254682 0.1365334 0.274934 0.09839524
1.923554 2.163449 0.7523584 0.1319716 0.2977094 0.1142229
2.020859 1.922192 0.7691599 0.1422077 0.2832893 0.1078873
1.837546 2.189046 0.7125173 0.1260432 0.2958699 0.1061095
2.136646 1.93002 0.7221906 0.1500456 0.2802022 0.0987304
1.792603 2.393177 0.6634409 0.1250646 0.3166881 0.1055763
2.176647 1.74433 0.8411737 0.1524332 0.2730837 0.1132693
1.996833 2.028411 0.7397214 0.1390904 0.2882176 0.1063186
2.006709 1.987528 0.7859946 0.1401474 0.289288 0.1146149
2.00912 1.952313 0.7397421 0.1338656 0.2678728 0.09798385
2.161182 1.650443 0.8445932 0.1594089 0.2807215 0.1143446
1.844767 2.302715 0.6176006 0.1277017 0.2984892 0.09008032
2.106562 1.886902 0.7604046 0.1433484 0.2700833 0.1011184
1.933213 2.273466 0.6611838 0.1306463 0.2930361 0.09634608
1.968609 2.103074 0.6785339 0.1328348 0.2789632 0.09315529
2.136902 1.719627 0.9039562 0.1599407 0.2961325 0.1335652
1.968276 1.95538 0.8017045 0.1408772 0.2957719 0.1195458
2.172713 1.721858 0.8410707 0.1545169 0.2754214 0.1135249
2.221592 1.532652 0.9208149 0.163486 0.2763942 0.1226661
1.974025 1.943821 0.8297065 0.1451506 0.3056275 0.128633
2.121913 1.823909 0.8153399 0.1464097 0.2732766 0.1105958
2.001562 1.994806 0.8120901 0.1454291 0.3038732 0.1251782
2.297377 1.43625 0.9156362 0.1721008 0.272702 0.1168154
2.145768 1.708376 0.8338826 0.1520038 0.272649 0.1108847
2.056086 1.96828 0.7618628 0.1481757 0.295289 0.1119299
1.699288 2.560297 0.6110359 0.1198045 0.3318699 0.1006755
1.843687 2.313697 0.6386773 0.1249833 0.296755 0.09387335
2.298098 1.54892 0.8670201 0.1680301 0.2716843 0.1119386
2.124631 1.563877 0.9632102 0.1607761 0.2899903 0.1370676
2.209617 1.567279 0.9075536 0.1611818 0.2757218 0.1211808
2.022531 1.935426 0.8157142 0.1457339 0.2964412 0.1219199
2.073376 1.900403 0.7692934 0.1454354 0.2807578 0.1066606
1.864522 2.315708 0.6375343 0.1224363 0.2859479 0.09030247
2.10023 1.892121 0.7820761 0.1470847 0.280294 0.108564
1.832087 2.389311 0.6210291 0.1211444 0.2939867 0.0903883
1.711881 2.689971 0.6000932 0.1222878 0.3475812 0.1032064
1.818667 2.471765 0.60184 0.1229032 0.3075331 0.09134564
2.073542 1.857753 0.719399 0.1386094 0.2597015 0.09031488
2.011997 1.950005 0.7944472 0.139398 0.2829274 0.1128292
2.142923 1.748542 0.7941645 0.1505386 0.270561 0.104237
1.941341 2.175957 0.6499993 0.1245302 0.2690552 0.08628023
2.002256 2.028688 0.7125056 0.1361826 0.2790355 0.09835865
1.876479 2.373139 0.641506 0.1278081 0.3035512 0.09686474
1.868602 2.152245 0.7335802 0.1311526 0.3031756 0.1125684
1.933989 2.136039 0.7301692 0.1326445 0.2925989 0.1077107
2.02475 1.919713 0.7834127 0.1447837 0.2898326 0.112975
1.898695 2.202872 0.6446465 0.1279015 0.2841011 0.08989465
1.865933 2.291122 0.6491079 0.1273639 0.298471 0.09623923
1.985929 1.860362 0.7934567 0.1393937 0.2806079 0.1103994
1.902244 2.195106 0.6451387 0.1243028 0.2748661 0.08722749
2.016579 1.816951 0.8275728 0.1448738 0.2858472 0.1174722
2.089274 1.623424 0.8896413 0.1522408 0.2782587 0.1206172
1.763942 2.393385 0.6089509 0.1168556 0.2933182 0.08793739
1.932442 2.016111 0.6879586 0.132962 0.2794476 0.09399319
1.95589 1.915828 0.8899403 0.1448829 0.3088412 0.1410972
2.270981 1.585896 0.8771023 0.1620844 0.2682709 0.1133897
1.989778 2.004904 0.7722696 0.1393107 0.2901179 0.1125861
2.106969 1.695408 0.8216206 0.1483954 0.2687656 0.106956
1.972491 2.023742 0.7211163 0.1355938 0.2807659 0.1000581
2.110004 1.589505 0.9922985 0.159372 0.2943106 0.1456357
2.003571 1.9434 0.7939505 0.1441508 0.2944612 0.1170722
1.973917 2.061042 0.7616531 0.144734 0.3096847 0.1187467
1.919923 2.174801 0.6782076 0.1319099 0.2917915 0.09820579
2.06417 1.911318 0.7758175 0.1438739 0.2818468 0.108763
1.899727 2.329567 0.5817048 0.1221731 0.2750258 0.07754089
1.820739 2.292453 0.6315839 0.1217275 0.2891793 0.09003727
1.965268 1.995882 0.7823426 0.1406375 0.2979588 0.1174454
1.925306 2.15104 0.6748112 0.1298209 0.2831653 0.09450252
1.957377 2.049199 0.6969322 0.1358328 0.2840241 0.09723453
2.144003 1.757493 0.8180849 0.1546323 0.2807833 0.1123482
2.086021 1.864634 0.7565204 0.144342 0.2732535 0.1012257
2.081389 1.788959 0.8865025 0.1551499 0.2993084 0.1333264
2.08611 1.913616 0.8298835 0.1527083 0.3007262 0.125915
1.9192 1.943644 0.8214127 0.131748 0.2830746 0.1180341
1.803066 2.24272 0.7568213 0.1303839 0.3231922 0.1255127
2.02296 2.045834 0.727957 0.1416115 0.2888187 0.1043409
2.29457 1.286272 1.105615 0.1822148 0.2919449 0.1529672
2.106464 1.88964 0.7542456 0.1450486 0.2727635 0.1009318
2.099664 1.748371 0.820901 0.1493338 0.2766486 0.1112055
1.845924 2.25747 0.7067246 0.1274589 0.3048016 0.1090422
2.002354 2.072385 0.7138094 0.1376829 0.2850322 0.1009948
2.260599 1.60517 0.8334673 0.1617616 0.2677253 0.1064281
1.854131 2.29833 0.622423 0.1242601 0.2890878 0.08833502
2.121649 1.804076 0.74465 0.1448151 0.2627691 0.09436292
2.212419 1.529529 0.9804948 0.1620486 0.2785138 0.1339489
2.121264 1.842597 0.7787773 0.1495811 0.278002 0.1061914
1.925929 2.022099 0.8285064 0.140528 0.310365 0.1318199
1.926917 2.179901 0.686382 0.1302821 0.2879864 0.09853833
2.153703 1.649218 0.9346604 0.1583215 0.2864193 0.1330019
2.132497 1.696298 0.8962751 0.1556663 0.2856764 0.1270238
2.087842 1.815583 0.8195373 0.1461997 0.277164 0.1126109
1.961893 2.034257 0.7544035 0.1364062 0.2894275 0.1095585
2.08257 1.851685 0.8273648 0.1487416 0.2871214 0.1187258
2.293657 1.482102 0.9108955 0.1738771 0.2794813 0.1202554
2.234027 1.547514 0.9444615 0.1646365 0.2791787 0.1283507
1.965245 2.094345 0.7164759 0.1357006 0.2889899 0.1032078
2.44148 1.038229 1.277564 0.2038168 0.2996962 0.1749104
2.010359 1.934275 0.784472 0.1368891 0.2776695 0.109252
2.371432 1.472786 0.9314439 0.1765617 0.2754492 0.122043
1.950836 2.045975 0.7820269 0.1419723 0.3063502 0.1210422
1.931687 2.027266 0.727585 0.1334249 0.2834579 0.1022543
1.853573 2.357331 0.6078499 0.1248326 0.2957471 0.08825358
1.812687 2.482664 0.5818459 0.1224185 0.3035802 0.08615212
1.86349 2.315533 0.6117128 0.1265444 0.2934945 0.08776719
1.68606 2.593924 0.5790268 0.1133287 0.3137964 0.0891503
1.978469 1.982824 0.7408138 0.1355225 0.2788233 0.1024504
1.977098 2.098594 0.7018302 0.1367339 0.2887446 0.1005354
1.818224 2.437497 0.5994212 0.1203613 0.2971503 0.08771989
1.979097 1.961371 0.7500363 0.1394092 0.2853477 0.1058414
2.107805 1.789472 0.9305988 0.1537434 0.2970854 0.1413406
1.729568 2.445311 0.6329003 0.1175783 0.3085689 0.09717616
1.798409 2.421258 0.6503038 0.1233001 0.311589 0.1014584
2.283162 1.545499 0.8683511 0.1613947 0.261412 0.108041
2.052691 1.940723 0.6956363 0.1395791 0.2682966 0.09029858
2.116458 1.845261 0.7150466 0.1451181 0.2644687 0.09070006
1.959102 2.136028 0.6724277 0.1309518 0.2788581 0.09253184
1.923417 2.085008 0.765684 0.1365167 0.3017292 0.1170179
2.00489 2.031459 0.7563055 0.1402059 0.2918893 0.1109128
2.075018 1.937353 0.7763473 0.1439133 0.2803581 0.1083075
1.901266 2.198458 0.6550379 0.1295699 0.288409 0.09304049
2.10191 1.857312 0.8092856 0.1518474 0.2895784 0.1164139
2.014403 2.040239 0.7104964 0.1386282 0.2844702 0.1001666
2.238111 1.686551 0.8461448 0.1589892 0.2728652 0.1126081
1.861202 2.190199 0.6864635 0.1288046 0.2964787 0.1014655
2.007733 2.091048 0.7154946 0.1408582 0.2929515 0.1041991
1.701212 2.599155 0.5697192 0.1141824 0.3117157 0.08666958
2.066666 1.835828 0.8397624 0.1495672 0.2903958 0.1218685
1.835352 2.455138 0.587366 0.1192406 0.2913517 0.08399213
2.063921 1.771293 0.8303252 0.1480247 0.2812913 0.1150797
2.246484 1.584078 0.9339404 0.1690609 0.2878906 0.1314126
2.151364 1.670355 0.9339879 0.1635711 0.2989087 0.1390603
1.838507 2.331497 0.6533939 0.1289258 0.3106443 0.1010368
1.824556 2.481975 0.5555941 0.1193417 0.2922463 0.07863304
1.86549 2.442168 0.6073482 0.1282433 0.3103208 0.09291287
2.237328 1.698903 0.8585665 0.1648508 0.2848528 0.1195896
1.758618 2.482375 0.6140773 0.123362 0.3219478 0.09786748
1.763086 2.50348 0.5797429 0.119202 0.3062416 0.086668
2.080097 1.804722 0.8311762 0.1500586 0.2861327 0.1179112
1.851059 2.352551 0.6158811 0.1238955 0.294829 0.08953583
2.070301 2.016742 0.7628498 0.1433599 0.2889089 0.1109948
1.984355 2.079659 0.7236265 0.1378284 0.2900261 0.1046551
1.946121 2.186536 0.6865393 0.1292946 0.2832012 0.09710275
1.959545 2.114434 0.6766181 0.1310883 0.2775445 0.09258242
1.772913 2.548038 0.5715792 0.1185505 0.3069478 0.08568736
1.951505 1.865291 0.8891983 0.1476456 0.3121863 0.1415221
1.864281 2.24157 0.6118924 0.1239195 0.2813152 0.08385139
1.920835 2.295521 0.5816985 0.1233196 0.2703618 0.07587064
1.816672 2.381518 0.6010744 0.1251768 0.3031024 0.0890152
1.935304 2.273404 0.6393693 0.1278154 0.2840184 0.08966718
1.78954 2.414774 0.6411202 0.1216354 0.3066762 0.09803392
2.129953 1.725217 0.8595899 0.1564532 0.286375 0.1211198
2.320905 1.462555 0.9292232 0.1738616 0.276266 0.1216313
1.817207 2.39309 0.5990121 0.1211266 0.2925126 0.08564588
1.749251 2.409575 0.6940897 0.1257516 0.3308593 0.1164832
1.956707 2.029177 0.7589785 0.1347128 0.2861642 0.109127
1.970499 1.876733 0.8295991 0.1429479 0.2937845 0.1221602
1.61252 2.925433 0.5083625 0.117051 0.3671356 0.08892415
2.060998 1.721334 0.8668318 0.1492966 0.2835089 0.1214774
1.926086 2.340295 0.5804019 0.1277776 0.2855301 0.0802074
1.846386 2.275463 0.6730953 0.128743 0.305578 0.1027784
1.983005 2.209314 0.6343179 0.1337983 0.2843584 0.08823365
1.984031 2.234823 0.5836541 0.1274636 0.265258 0.07428797
1.824398 2.426019 0.6494513 0.1278031 0.3204393 0.1042845
1.99792 1.85227 0.7811136 0.1422015 0.2825324 0.1085912
1.978752 1.912497 0.83339 0.1441027 0.2997351 0.1262982
1.961499 2.136442 0.700114 0.1330947 0.2856313 0.09960753
1.908805 2.20213 0.7315637 0.1314249 0.3009082 0.1118984
2.045903 1.951815 0.7654308 0.1469147 0.292899 0.111426
1.967688 1.971044 0.7746176 0.1348524 0.2817163 0.1095631
2.189147 1.726411 0.8550899 0.1580744 0.2810952 0.118268
1.940167 2.221278 0.701763 0.1377571 0.307943 0.1083395
2.194533 1.722516 0.9185653 0.1550599 0.2808856 0.1301609
1.91571 2.059441 0.7606588 0.1293929 0.283791 0.1091865
1.974632 2.142931 0.6783854 0.1325218 0.2810573 0.09432619
2.132997 1.689895 0.9048151 0.1585508 0.2921858 0.1314063
2.105633 1.70236 0.9155919 0.1542186 0.2890651 0.1323434
2.127466 1.818117 0.8089408 0.151617 0.2815621 0.1123706
2.110527 1.696522 0.9170487 0.1611055 0.3004781 0.137056
1.825791 2.324524 0.6560817 0.1232514 0.2978028 0.09749804
2.168583 1.638622 0.9178481 0.158201 0.282323 0.1279342
2.034639 1.888611 0.7915164 0.1458892 0.2898211 0.1141282
1.971526 2.022021 0.7177613 0.1335514 0.2769504 0.09835617
2.044268 1.808941 0.8777139 0.1477102 0.2913213 0.1289869
1.823081 2.440979 0.5993574 0.1230112 0.3026092 0.08910991
1.88184 2.114644 0.709051 0.1308897 0.2930647 0.1035914
2.117719 1.838042 0.8101249 0.1514327 0.2843048 0.1140295
2.097641 1.776816 0.7803608 0.1466428 0.2700847 0.1022773
2.014449 2.010916 0.7473156 0.1394673 0.2858255 0.1066718
1.739329 2.739201 0.503819 0.1110827 0.301891 0.07267914
1.960552 2.097992 0.724889 0.13554 0.2906581 0.105427
2.108925 1.919547 0.7440931 0.1465976 0.2777608 0.1015248
2.10691 1.774247 0.8655881 0.1544343 0.2910525 0.125525
1.877983 2.337223 0.6197068 0.1261383 0.2932839 0.08941497
2.093393 1.810421 0.8018459 0.1508352 0.2837589 0.1117598
1.773283 2.513744 0.6018018 0.1162289 0.3013472 0.0898106
2.026985 1.89306 0.8241948 0.141605 0.2843999 0.118109
2.414157 1.197344 1.103785 0.190446 0.283588 0.1445361
2.083843 1.749186 0.8708996 0.1477038 0.2794723 0.1212564
2.158397 1.550648 0.9329529 0.162305 0.2853619 0.1292155
2.055078 1.840984 0.7227794 0.139463 0.2613788 0.09082652
1.977106 1.994574 0.7701649 0.1402565 0.2934679 0.1133153
1.926043 2.124235 0.7206089 0.1334393 0.294017 0.1062733
2.074395 1.911625 0.8150511 0.1460964 0.288035 0.1182636
1.83749 2.328734 0.6521352 0.1231947 0.296426 0.09650657
2.044996 1.923909 0.7787742 0.1377331 0.2714295 0.1054127
2.068765 1.96193 0.7039868 0.136688 0.262499 0.09019881
2.081584 1.958059 0.7354847 0.1438556 0.2791979 0.1012731
1.939302 2.057721 0.7999748 0.1452558 0.3196471 0.1301965
2.108777 1.89355 0.6590203 0.1418404 0.257587 0.0802438
2.228441 1.593464 0.868573 0.1604944 0.2711665 0.1133474
1.820724 2.38097 0.6129034 0.1235651 0.3007539 0.09077638
2.199713 1.65839 0.8623653 0.1597439 0.2774151 0.1162618
1.931342 2.038158 0.7546665 0.1358955 0.2936518 0.1112113
2.166924 1.594039 0.9479375 0.1573623 0.2793342 0.130704
1.690711 2.690895 0.5577838 0.1153709 0.3269147 0.08894062
1.974706 2.009878 0.7630873 0.1374524 0.2869742 0.1096058
2.300472 1.392063 1.033372 0.1786503 0.2882845 0.1425845
2.054301 1.892942 0.7963843 0.1392419 0.27182 0.1080033
1.941135 2.162891 0.7119572 0.1353953 0.2976915 0.1061501
2.096543 1.820663 0.8005747 0.1502701 0.2822839 0.1110676
1.9626 2.113247 0.7485442 0.1374925 0.2981777 0.1127167
1.97696 1.957505 0.8346196 0.143811 0.3030604 0.1286688
1.924441 2.110222 0.797067 0.136272 0.3074078 0.1260634
1.988475 2.095087 0.7025094 0.1346492 0.2817083 0.09824419
1.750551 2.464757 0.6275113 0.1226046 0.3201196 0.09975565
2.070891 2.027208 0.6889603 0.1370568 0.2677096 0.09039888
1.94164 2.152874 0.7449511 0.1405343 0.312739 0.1179074
2.1943 1.466864 0.9781504 0.1606684 0.2733039 0.1290329
1.99754 2.095803 0.6963238 0.134793 0.2788191 0.09595654
2.104799 1.850629 0.7915306 0.1485935 0.2802579 0.1094891
1.699883 2.811722 0.5486899 0.1152836 0.3349081 0.08929866
1.797765 2.532978 0.5996801 0.125065 0.3195822 0.09415156
2.254161 1.645825 0.8947638 0.1646451 0.28148 0.1235764
2.200856 1.617327 0.873915 0.1587191 0.2731781 0.1155533
1.836589 2.308351 0.655774 0.1254649 0.2992539 0.0976076
2.366526 1.486488 0.8850207 0.1721476 0.2662582 0.1109086
