1.052155 0.4337855 3.722578 0.2526239 0.9758475 1.798407
0.7448974 2.533774 1.032564 0.1259196 0.8765356 0.4996835
1.195849 0.3972075 3.162336 0.2747456 0.8998116 1.324013
0.9633779 1.020749 2.554711 0.1979673 0.8595687 1.208359
1.008835 0.9022607 2.759708 0.2173699 0.894341 1.335345
1.151899 0.4018885 3.302403 0.2484273 0.8462641 1.319446
0.8639416 1.836969 1.277223 0.1679536 0.8711557 0.615805
1.223103 0.1207236 3.72979 0.2853912 0.9090352 1.471443
0.8308589 1.696055 1.919927 0.1782074 1.001786 1.144557
1.031648 0.7926854 3.068738 0.2186354 0.8781135 1.450004
0.8405542 1.88842 1.52537 0.1675015 0.9370601 0.8287433
1.116834 0.4774199 3.387325 0.2507842 0.8983334 1.491391
0.9235028 1.359708 1.825438 0.1759541 0.8064628 0.8153551
1.237139 -0.09616702 4.88489 0.3356782 1.093917 2.269254
0.9860175 0.843436 3.140957 0.1841062 0.7719164 1.326438
1.042349 1.007009 2.468448 0.2212579 0.8824378 1.184349
0.8638499 1.734148 1.711489 0.1646204 0.8773147 0.8776753
0.8336993 2.080329 1.363591 0.1311576 0.7559515 0.5963314
1.127152 0.7882077 2.255004 0.2115939 0.7250642 0.8058825
1.083474 0.5328862 3.454905 0.236643 0.8820146 1.533584
1.86148 -1.923955 10.39649 0.9223019 2.271423 4.969689
1.243585 0.2962877 3.028133 0.2841911 0.8747434 1.163375
1.006238 1.116772 2.570626 0.2143795 0.9124424 1.327574
0.8532082 1.766745 1.657296 0.1383097 0.7423115 0.7197322
1.131739 0.8006199 2.547878 0.2223833 0.7815022 1.018566
0.9845562 0.9457529 2.67466 0.1954753 0.8215398 1.195458
0.984775 1.129193 2.208144 0.1986007 0.8402745 1.015381
0.8489192 1.871292 1.586468 0.1574537 0.8713467 0.8075997
0.9338589 1.152268 2.31272 0.1772316 0.799741 1.033373
1.045008 0.9418298 2.623762 0.2234517 0.8866441 1.258696
1.334241 -0.2897695 4.403175 0.3639043 1.064848 1.74968
0.9851834 0.965027 3.02274 0.2277648 0.9926513 1.695432
0.9986511 1.139119 2.177838 0.1904532 0.7906293 0.9413426
1.058488 0.8690437 2.972467 0.216589 0.8515243 1.381601
1.013477 0.7115876 3.347534 0.2120809 0.8635186 1.541485
1.601622 -1.280119 7.314862 0.628935 1.660934 3.179447
1.001778 0.9592714 2.583222 0.1946602 0.8009665 1.122514
0.9040773 1.413993 1.942401 0.1709475 0.8200823 0.9066679
0.8471792 1.33882 2.768165 0.1719271 0.9224769 1.550479
0.9063036 1.21135 2.370958 0.1881406 0.8931205 1.203699
0.7768365 2.188221 1.194705 0.1194806 0.7428309 0.5028454
0.9630065 0.8360113 3.401491 0.2160793 0.955884 1.816484
0.5806133 3.404766 0.6967511 0.1719247 1.790361 0.6045676
0.9212252 1.317655 2.027322 0.1767969 0.8184856 0.9318909
1.167423 0.6235699 2.707876 0.2463781 0.827542 1.093284
1.022879 1.009516 2.296341 0.1953435 0.7768854 0.9520055
0.9468246 1.275062 2.166702 0.173317 0.7790957 0.9537217
0.9148735 1.417325 2.003913 0.1685103 0.8034367 0.9250187
0.8561459 1.488593 2.233759 0.1653366 0.8757409 1.167002
0.8579488 1.632798 1.753465 0.1513401 0.7916447 0.8052198
1.140859 0.5586916 2.926271 0.237301 0.8155048 1.157989
1.368472 -0.5700809 5.838489 0.4168697 1.233813 2.552909
1.11083 0.3818101 3.570389 0.2522128 0.9046513 1.545638
1.31336 -0.07015468 4.281492 0.3389859 1.015723 1.79174
1.020803 0.731321 3.327598 0.222251 0.9042888 1.614298
1.196854 0.1519123 4.038456 0.2844379 0.9397988 1.69733
0.9311109 1.472955 1.708109 0.1840188 0.8500339 0.8092644
0.9695923 1.075335 2.164585 0.1892508 0.7979663 0.9252432
0.9907362 1.321452 1.8997 0.1756675 0.7442734 0.7836212
1.139594 0.3891797 3.402984 0.255722 0.8856028 1.423695
1.113448 0.4520567 4.148704 0.2728122 1.017451 2.166168
1.054973 0.7581364 2.76045 0.2264023 0.8655458 1.229901
1.041603 0.7596234 3.134191 0.2060027 0.8097353 1.352009
1.173562 0.4532942 3.181055 0.248324 0.8285901 1.253842
0.9899638 1.142843 2.173858 0.1944154 0.8164974 0.970849
1.047609 0.9753468 2.4883 0.2247999 0.8874066 1.190303
0.8890561 1.537089 1.846379 0.1613021 0.8016085 0.8528515
0.9013578 1.081925 2.629505 0.1912524 0.9065978 1.346252
1.040153 0.9757639 2.248688 0.2033194 0.788073 0.9307037
1.394662 -0.5437194 4.920292 0.4024685 1.135086 1.895473
0.8265846 1.937555 1.63073 0.1544734 0.8977754 0.865597
0.9108179 1.517253 1.855574 0.1698324 0.8226301 0.8778132
1.660172 -0.99041 5.432983 0.565219 1.365564 2.044157
0.9727209 1.129104 2.374966 0.1852155 0.799659 1.057726
1.360758 -0.1664175 4.338511 0.3754826 1.086249 1.862971
0.9180541 1.443133 1.713623 0.1851275 0.8633133 0.820687
0.9589365 1.22971 2.184214 0.1998297 0.8883314 1.087275
0.7865848 2.062195 1.258551 0.1369513 0.8247051 0.5879102
0.9074318 1.232939 2.623831 0.1681537 0.8097772 1.246034
1.016387 0.8520767 2.981574 0.2102196 0.858188 1.38762
0.8628259 1.724356 1.980608 0.1765463 0.9639793 1.146825
0.7793607 1.74041 2.023888 0.1494309 0.9097121 1.116325
1.003974 0.986149 2.427102 0.1872285 0.7605618 0.9920335
1.116835 0.7769389 2.34322 0.2072284 0.7192924 0.8363529
1.125541 0.6390503 3.586601 0.2658874 0.9852545 1.875672
1.138541 0.4558052 3.053365 0.2509731 0.8625944 1.244051
1.019052 0.9493062 2.389942 0.2149338 0.8608031 1.089343
0.8310113 1.715002 1.667169 0.1679837 0.9237775 0.8915373
0.7727742 2.23858 1.246042 0.1767473 1.146812 0.8134297
1.155235 0.2436194 4.282918 0.2899389 1.020459 2.079188
0.9724448 1.218081 2.207842 0.1874012 0.8174074 1.012528
1.553394 -1.077655 7.439403 0.5654801 1.530348 3.340619
0.8525883 1.986591 1.533755 0.1719887 0.9756368 0.8768666
1.012019 1.10014 2.294209 0.1905769 0.779612 0.9789341
0.8876431 1.459341 2.344018 0.1749367 0.8942786 1.255103
1.082447 0.952837 2.286269 0.2021322 0.7504745 0.9018544
0.9517804 1.105127 2.493679 0.2005458 0.8949681 1.25016
1.280822 0.3218312 2.704329 0.2945642 0.8660359 1.003605
0.9390923 1.428729 1.626114 0.161254 0.7185742 0.6399621
0.935661 1.107976 2.864487 0.2165345 1.013576 1.684312
1.063554 0.6893052 2.992195 0.2391436 0.9131549 1.404405
0.9598839 1.420765 1.650368 0.164653 0.7173657 0.6489567
0.7050175 2.139657 1.763386 0.1495737 1.091081 1.166757
1.243638 0.2489738 3.160703 0.2824279 0.8692907 1.196137
0.5775923 3.372989 0.7947467 0.1847667 1.956088 0.7711372
1.308902 -0.1997177 4.479973 0.3589662 1.082396 1.907367
1.508804 -0.8933923 5.783137 0.484005 1.289214 2.206436
0.9614481 1.024453 2.5014 0.171489 0.7338055 1.004917
0.8936628 1.443129 1.938421 0.1884759 0.9257824 1.025171
0.7661304 2.297432 1.160281 0.1392698 0.90319 0.5889189
1.16436 0.3748325 3.46586 0.2581525 0.8757737 1.435238
0.9741424 1.066504 2.23473 0.1910928 0.8056515 0.9702392
1.098914 0.4682285 3.581161 0.2468778 0.9066843 1.611646
0.7724757 2.29139 1.222166 0.1514402 0.9847577 0.6829541
0.956592 1.077729 2.233166 0.1861569 0.8008473 0.9671284
0.7869877 1.756292 1.735857 0.1548472 0.9135183 0.9311845
0.9724785 1.318138 1.841783 0.1626627 0.6951934 0.7054454
1.056677 1.014061 2.27071 0.2012574 0.7741363 0.937242
1.110851 0.7334819 2.75608 0.2323269 0.8390035 1.182252
0.9966569 1.274023 1.830445 0.1708307 0.7045181 0.70062
1.224377 0.3409261 3.012564 0.2781657 0.8743723 1.179432
0.7994527 2.132498 1.246801 0.1386516 0.8330313 0.5886753
1.58996 -0.7685588 4.603895 0.4993838 1.223624 1.650457
0.8656244 1.354384 2.354833 0.1597924 0.8126726 1.12207
0.9105971 1.507313 1.679495 0.1596176 0.7536457 0.7095157
0.7953109 1.758386 1.889042 0.1728206 1.029065 1.162274
0.9259478 1.328779 2.238105 0.1998518 0.9477129 1.224285
1.023597 1.041578 2.261833 0.2083358 0.8361161 1.015359
0.8687702 1.629612 1.678372 0.1583578 0.8107973 0.7792797
1.124634 0.08734078 4.346082 0.290267 1.035369 2.007062
1.100443 0.3353215 3.970601 0.2538103 0.930335 1.786565
0.8400414 1.530492 2.221835 0.1944361 1.067464 1.420422
0.9371772 1.313139 1.799407 0.1531117 0.6741844 0.6644689
0.9124697 0.8587648 4.024721 0.1910361 0.9140665 2.1492
1.162908 0.5350094 2.922857 0.2620902 0.8876887 1.248749
0.8232117 1.755135 1.86774 0.165927 0.9493919 1.058302
1.06337 0.4255232 4.004171 0.2178058 0.8255406 1.649762
0.9969856 1.059281 2.63724 0.2059428 0.8752985 1.292898
1.31676 0.1666477 3.730764 0.3218544 0.9605988 1.583693
1.110271 0.3908528 4.293247 0.2612065 0.9706268 2.106396
0.9402746 1.26631 2.192689 0.1675756 0.7580789 0.9415989
0.9692633 1.257134 2.081033 0.1956111 0.8567064 0.9943001
0.7220525 2.209302 1.361852 0.117245 0.8112401 0.6439011
0.9421921 1.471485 1.727783 0.1657454 0.7528714 0.7283322
1.190918 0.1762681 4.379039 0.2848087 0.9627744 1.955867
0.8095378 1.872543 1.65856 0.1698593 1.000216 0.9780226
0.8575675 1.813665 1.440186 0.1483564 0.7825084 0.6401808
0.8857312 1.54963 1.840831 0.1482971 0.7376824 0.7848102
1.02315 0.8817652 2.600339 0.2019996 0.8027711 1.10642
0.993218 0.8511677 3.075973 0.2104907 0.8860772 1.490824
1.046145 0.8444662 2.506187 0.1934422 0.7342723 0.9500768
1.152853 0.2860634 3.450715 0.2518012 0.8497493 1.332951
1.013705 1.02347 2.47708 0.2082746 0.8556843 1.159351
1.031672 0.700138 2.868588 0.2186026 0.8503001 1.24194
0.9484029 1.077633 2.556355 0.1901338 0.846719 1.210091
1.926785 -2.107965 10.92144 0.9635736 2.324189 4.880983
0.6955102 2.61157 1.089962 0.1366069 1.055399 0.6397702
0.791548 2.175144 1.291107 0.1425632 0.8831232 0.6525926
0.7823711 2.093217 1.573877 0.1434207 0.9086214 0.8471849
0.9928792 1.168046 2.241146 0.1913325 0.8097414 1.008083
0.8725769 1.462021 2.033848 0.1653386 0.8387678 0.9913162
1.07721 0.7696301 2.683051 0.2128164 0.7888832 1.086536
0.6715611 3.052286 0.7591941 0.1557182 1.31451 0.5073824
1.037338 1.010914 2.753275 0.2241572 0.9171171 1.411966
1.006829 0.868386 3.112146 0.1980148 0.822946 1.416379
0.8456855 1.695261 1.724579 0.1557443 0.8370868 0.83952
0.9307099 1.134267 2.578589 0.1991945 0.9216985 1.353827
1.316203 -0.192762 4.857054 0.3566832 1.081899 2.125555
1.018853 0.7846586 2.868856 0.2111503 0.8441583 1.273541
1.127736 0.5475543 2.841067 0.2441948 0.8473562 1.155404
1.078869 0.645006 3.046915 0.2414749 0.9039627 1.399326
1.313037 -0.02543465 4.295077 0.3271386 0.9806088 1.769923
1.009253 0.9154763 2.773702 0.219876 0.909721 1.375392
1.087989 0.8673922 2.339276 0.2187572 0.8008331 0.9601624
0.7914559 1.849712 1.770393 0.1686468 1.02192 1.079014
1.030007 0.7907962 3.021576 0.2146969 0.856564 1.378589
1.011405 1.071569 2.191771 0.2008156 0.8138081 0.9572442
1.161061 0.3372115 3.604525 0.2612953 0.8930221 1.520135
1.011923 0.7993665 3.029299 0.2129311 0.8682811 1.408495
0.9814329 0.9952669 3.200845 0.1821802 0.7939709 1.463035
1.644265 -1.143075 5.110922 0.563 1.362463 1.718345
1.076279 0.945493 2.3184 0.2074249 0.7750516 0.9417965
1.158474 0.850762 2.546309 0.2419969 0.8446486 1.120883
1.009724 0.8981959 3.01282 0.2220014 0.9267978 1.541587
1.066589 0.6475091 3.394019 0.2099056 0.7983475 1.413435
0.8142045 1.837099 1.591448 0.1568268 0.8969846 0.8296803
1.178636 0.3872463 3.649306 0.2401527 0.8039712 1.409131
0.9310199 1.42821 1.952226 0.1719891 0.8034765 0.8967227
1.041094 0.6558703 3.548946 0.241463 0.96557 1.820791
0.8510127 1.417633 2.182715 0.1708282 0.8926194 1.139653
1.257174 0.2548319 3.182031 0.280789 0.8543396 1.187188
0.9713802 1.093508 2.479282 0.1820408 0.7855874 1.085663
1.159316 0.1408913 4.418555 0.2859693 0.9939301 2.014999
1.472415 -0.5389396 5.125645 0.4306911 1.158429 2.042866
1.047963 0.6350793 3.35636 0.2169544 0.8430189 1.470642
0.7828207 2.165193 1.394256 0.1539574 0.9805177 0.7948331
1.107933 0.5515509 2.948288 0.229506 0.8129016 1.164657
0.9825206 1.20579 2.374347 0.2025447 0.8873965 1.199066
0.8645357 1.745429 1.332927 0.1502266 0.7622204 0.5622405
1.169891 0.660547 2.760059 0.2521171 0.8549382 1.173677
1.708163 -1.331585 6.565216 0.6251712 1.516621 2.420833
1.068263 0.6287 3.475636 0.2228085 0.8535366 1.550726
1.0469 0.9682203 2.325946 0.207964 0.8062355 0.9922476
1.131257 0.7411881 2.693458 0.2339265 0.8256524 1.131691
1.041766 0.7192914 3.137532 0.2229956 0.8771508 1.448393
0.9912142 1.329005 1.963513 0.1810972 0.775473 0.8526981
0.749026 2.412997 1.173679 0.1583211 1.091806 0.7222732
1.040127 1.070645 2.308297 0.1896274 0.7493675 0.9418649
1.108581 0.494869 3.270229 0.232522 0.8321079 1.333004
1.027867 0.8352103 2.887796 0.2118234 0.8476959 1.310532
0.9413926 1.362617 1.876983 0.1870941 0.847673 0.8867893
0.9254593 1.256399 2.41116 0.1781737 0.8359193 1.164657
0.9557904 1.539369 1.667381 0.1702801 0.7742535 0.7284127
1.175185 0.4245024 3.360838 0.2807125 0.9524492 1.533488
1.254982 0.5698825 2.42748 0.2679005 0.8134449 0.9125357
0.8827747 1.391331 2.262223 0.1798001 0.9057682 1.201127
0.6639137 2.715021 1.039472 0.2239791 1.860131 1.056202
0.6137674 3.33223 0.7974825 0.2344691 2.32549 0.9247068
0.9719768 1.220912 2.280892 0.1785487 0.7815448 1.009491
0.8888389 1.329475 2.651438 0.2054265 1.047816 1.666573
1.082687 0.8985494 2.618101 0.2282406 0.8656842 1.209576
0.9628914 1.157009 2.311163 0.1889469 0.8279517 1.067589
1.150181 0.3454184 4.772559 0.2744119 0.9953635 2.424375
0.6136573 2.974769 0.9082787 0.150947 1.408469 0.6744375
0.7658575 1.863669 1.7056 0.1683806 1.052387 1.06306
1.04257 0.6524088 3.319085 0.2441619 0.9649727 1.67124
1.718466 -1.352839 9.170967 0.6522945 1.643273 4.070958
0.8257088 1.363307 2.5782 0.1665571 0.9107788 1.409997
1.069753 0.6432908 2.935926 0.2250357 0.8384539 1.235935
1.215464 0.3050728 3.571339 0.2840202 0.9230776 1.526201
1.276167 -0.0212627 3.796144 0.3282929 0.9981151 1.54166
0.8640756 1.482232 1.896378 0.162354 0.8258521 0.8996664
0.9427512 1.215123 2.22895 0.1765422 0.7928968 0.9925808
1.050428 0.9033022 2.730227 0.2305721 0.9118304 1.345537
0.8607436 1.679867 1.779587 0.184686 0.98536 1.0241
1.216916 0.327818 3.297455 0.2722894 0.8714524 1.313675
0.8374404 1.822209 1.390452 0.1438866 0.7729102 0.6059733
1.010446 1.065041 2.287124 0.1964303 0.8019226 0.9953487
0.9388875 1.286639 1.92142 0.1749183 0.7800562 0.825602
1.039766 0.6951123 3.421056 0.2211139 0.8797361 1.60524
1.044663 0.1632684 4.783721 0.2621096 1.028217 2.332225
1.267233 -0.4307561 5.217278 0.3799653 1.201604 2.303129
1.046424 0.667891 3.669504 0.2348053 0.940302 1.860566
0.9171901 1.092351 2.663813 0.1772864 0.8224638 1.242257
0.9238883 1.006328 2.514501 0.1929272 0.8690027 1.192211
1.14748 0.4844331 2.660373 0.2504703 0.8358694 1.019473
1.103643 0.6909666 2.585945 0.2071319 0.7280224 0.9275727
0.858217 1.470777 2.090619 0.1634344 0.8488485 1.03919
0.8662717 1.760185 1.547596 0.1518305 0.7926904 0.7033261
0.9722948 1.147061 2.563903 0.1799949 0.79015 1.15671
1.031248 0.8285325 2.679688 0.2082459 0.8181677 1.1499
1.017222 1.036065 2.332156 0.2123081 0.8614558 1.083367
1.005896 0.7748605 2.82556 0.2092356 0.8436441 1.243784
1.265812 0.3554746 2.794085 0.2648245 0.7882757 0.9686359
1.274838 0.01202 3.624494 0.2844149 0.8471732 1.247756
1.305122 0.001302183 4.169646 0.3238096 0.9744258 1.714596
1.398144 -0.372818 4.793467 0.3915537 1.104159 1.945179
0.8840291 1.342963 2.166984 0.1931101 0.9567105 1.190208
1.129678 0.7720208 2.342757 0.2233276 0.770241 0.8926048
1.679959 -1.215364 7.29847 0.6348577 1.591632 3.148275
0.8804384 1.283785 2.533374 0.192165 0.9702226 1.446643
1.014806 0.7320552 3.03944 0.2168006 0.8729216 1.391384
1.031938 0.7329413 3.004575 0.2090507 0.8216226 1.289306
1.140602 0.3769848 3.639945 0.2562353 0.8964261 1.567543
1.175631 0.1904678 3.726091 0.2637027 0.8736978 1.445187
0.7592898 2.324434 1.217774 0.1540557 1.033265 0.7158219
1.218421 0.4486169 2.819828 0.2684509 0.8491675 1.101564
0.7403783 2.111819 1.336937 0.1357186 0.889994 0.6835313
1.239989 0.1881927 3.076582 0.2850877 0.8699662 1.122914
0.7042773 2.819609 0.9657529 0.2590448 2.055995 1.064217
0.9232047 1.269299 2.120444 0.1646107 0.7537305 0.8977527
0.997283 1.394145 1.621497 0.1899602 0.7936932 0.6963431
0.7806778 2.054335 1.35736 0.1487292 0.9167823 0.7150911
0.8245885 1.849992 1.655176 0.1629253 0.9321136 0.9063833
1.192439 -0.07235073 5.752021 0.3065951 1.060126 2.745649
0.5023843 4.377175 0.5304658 0.178556 2.491582 0.5521459
0.9197725 1.396923 2.073794 0.1693625 0.802339 0.957651
1.147117 0.821936 2.232954 0.2235103 0.7602206 0.8457287
0.8815634 1.509148 1.658978 0.1588731 0.7761123 0.7205848
1.235226 0.06603049 3.783861 0.2917754 0.9150744 1.463118
0.9019507 1.78122 1.502818 0.165567 0.8346162 0.7171481
0.9280122 1.370791 2.173138 0.1947589 0.925754 1.165499
1.058682 1.181086 1.823888 0.1873969 0.7115136 0.6853369
0.9125451 1.616622 1.527826 0.1595183 0.7608371 0.6509964
0.9625231 1.011382 2.707864 0.2033992 0.8922649 1.344245
1.261639 0.05827508 3.972314 0.3176495 0.9891682 1.68057
0.9160128 1.268894 2.16484 0.1821804 0.8521251 1.042352
0.7802708 1.951069 1.664965 0.142803 0.8860562 0.8784024
0.9681753 0.8393426 2.964997 0.1953309 0.832048 1.329569
1.241136 -0.03381126 4.61577 0.3258693 1.052054 2.0875
1.757912 -1.577261 7.449214 0.7453849 1.824566 3.048493
0.9881984 1.123079 2.554607 0.1994133 0.8614624 1.246139
1.148228 0.412365 3.04505 0.2481798 0.8375007 1.180378
1.761664 -1.086665 5.150295 0.5821955 1.308681 1.709577
1.047657 0.6316998 3.093269 0.2559199 0.9942605 1.563754
0.9551919 0.9086917 3.161857 0.2041641 0.909215 1.613683
1.227094 0.3860941 3.529894 0.2819568 0.9158806 1.546789
0.9206756 1.298644 1.9803 0.1749497 0.8049906 0.8887242
1.324955 -0.4324932 4.665036 0.3799323 1.124478 1.853046
1.271353 0.2874515 3.091522 0.2933731 0.8861121 1.205588
0.9585811 1.212238 2.492728 0.1955263 0.8853363 1.271482
1.257278 0.1165241 3.740481 0.3067227 0.9531835 1.541273
0.9994358 0.8491098 3.07396 0.211817 0.885785 1.48838
1.05678 0.9160736 2.500269 0.2304841 0.8930709 1.182829
1.539342 -0.7301077 5.281784 0.47803 1.235321 2.054398
0.6856028 2.69721 1.009375 0.1373052 1.082642 0.5959728
0.9874323 1.421218 1.735261 0.170262 0.7281733 0.7010726
0.83816 1.720947 1.875204 0.1777265 0.9907636 1.102467
0.8632004 1.732135 1.530737 0.1513627 0.7877292 0.6882953
0.9689672 1.090777 2.548509 0.1977309 0.8654963 1.237658
1.374652 -0.3797143 4.945936 0.3935222 1.135942 2.079347
0.8775372 1.579742 1.749488 0.163812 0.8247289 0.8249784
0.7526257 2.254003 1.232407 0.167651 1.115744 0.7803378
1.228595 0.3775275 3.165246 0.2779976 0.8830565 1.291648
1.231262 0.2362478 3.109812 0.2808301 0.870694 1.168859
0.9156713 1.158915 2.537522 0.1903519 0.8955272 1.297155
1.110583 0.4236983 3.654503 0.2609921 0.9487975 1.699624
0.9704177 1.173163 2.13588 0.1832368 0.7857682 0.9219315
0.8289703 1.488078 2.11488 0.1621252 0.8784614 1.093851
1.391225 -0.1664853 3.763843 0.3659792 1.007679 1.431105
0.9541199 1.328697 1.888178 0.1587531 0.6937266 0.7254705
1.011414 0.8965643 2.449738 0.2022076 0.8070544 1.035659
1.567839 -0.9200219 6.868706 0.5551464 1.472853 3.153298
1.401647 -0.558801 5.284666 0.3898183 1.098222 1.989339
1.346867 -0.5250818 6.023083 0.411612 1.246009 2.748209
0.8866986 1.40908 2.347956 0.1677677 0.845109 1.175828
0.93513 1.174486 2.629072 0.1939847 0.9017039 1.369587
1.017042 1.025224 2.436673 0.1916904 0.7785392 1.03573
0.9774352 1.237911 2.007163 0.1875884 0.8022335 0.8852852
0.7414367 2.418366 1.230143 0.16133 1.135068 0.793961
1.644557 -1.103608 6.471471 0.5934376 1.489267 2.656836
0.9442892 1.226514 2.564894 0.1932957 0.8963109 1.33869
0.9166348 1.311918 1.995757 0.1678859 0.7760971 0.8667632
1.709687 -0.9258131 5.163974 0.5590063 1.299404 1.887702
1.483292 -0.7987471 5.956167 0.525164 1.450041 2.750203
0.8928766 1.352118 2.251658 0.203341 1.009048 1.319565
1.072604 0.7720829 2.335743 0.2109602 0.765727 0.8843046
0.843207 1.956072 1.33307 0.1723702 0.9580512 0.7244114
1.187927 0.08957724 4.309958 0.270236 0.8974436 1.712038
0.8988512 1.552126 1.649333 0.1670585 0.8091634 0.7510447
0.730539 2.365299 1.341234 0.137539 0.978169 0.7597898
0.8733505 1.608921 1.766459 0.1646649 0.8427503 0.858548
1.082993 0.5917462 3.047611 0.2230918 0.8174834 1.239011
0.9450108 1.436441 1.773352 0.1675396 0.7559821 0.7496785
1.027029 0.5963762 3.091546 0.2109209 0.8176227 1.265214
0.9441809 1.154962 2.117131 0.1795375 0.7874814 0.9096305
1.33059 -0.2107645 4.998589 0.3561505 1.068263 2.148602
1.946353 -1.815629 6.943829 0.9147772 2.046554 2.728169
0.3908488 6.340889 0.2603594 0.05193059 1.140523 0.09485211
0.9526289 1.134175 2.385714 0.1925637 0.8551387 1.139829
1.205027 -0.01860704 3.947694 0.2954878 0.9520476 1.546792
1.076946 0.758443 2.909792 0.2260816 0.853599 1.298431
0.865738 1.708727 1.757394 0.1566808 0.8287769 0.8535698
0.9113941 1.478198 1.94797 0.1682087 0.8142691 0.9173569
1.108089 0.2658085 3.898387 0.2658551 0.9597136 1.748529
0.8101655 1.683829 2.116895 0.1740372 1.017897 1.308385
0.752882 2.161308 1.50355 0.1725185 1.158973 1.025301
0.8042026 2.025622 1.49935 0.1431907 0.8598067 0.7540276
0.7126636 2.793142 0.9806488 0.1933224 1.50509 0.7955161
1.263457 0.2420629 3.300975 0.2909599 0.8889704 1.291256
0.9448259 1.441555 1.728491 0.1671168 0.7532201 0.7258235
1.14112 0.6780039 2.889623 0.2464323 0.8660076 1.267551
1.440491 -0.4673637 4.260331 0.4256067 1.14554 1.646768
1.520512 -0.657026 4.857517 0.4705846 1.219636 1.888733
0.5131743 4.428276 0.4808002 0.2562033 3.517867 0.6955137
0.928269 1.108376 2.646214 0.1826078 0.840358 1.264769
0.8221057 1.881151 1.561434 0.1826607 1.051596 0.9551608
0.9487853 1.164704 2.415057 0.203958 0.9210006 1.256027
1.269243 0.1934117 3.146263 0.2879194 0.8611686 1.147702
1.219194 -0.03700059 4.767116 0.3216387 1.061438 2.188149
0.884664 1.73813 1.800125 0.1775034 0.9357701 0.9960674
0.9745196 1.129625 2.492084 0.1900362 0.828615 1.165452
1.298034 0.2114023 3.473656 0.3163346 0.952007 1.460808
0.7624292 2.185576 1.39896 0.1460017 0.9576957 0.7794497
1.350208 -0.1003605 3.356052 0.3232113 0.893754 1.122782
1.842576 -1.832903 8.007208 0.81189 1.93565 3.081322
1.172762 -0.02355554 5.681848 0.3192941 1.13041 2.944965
1.145188 0.4545914 2.850169 0.2446641 0.8224888 1.0833
0.8730431 1.316743 2.05552 0.1627873 0.7954323 0.9213912
1.059325 0.8059187 2.836744 0.2227432 0.8604143 1.291002
1.081552 0.8019584 2.600286 0.2246445 0.8352192 1.120633
1.231907 0.1877383 4.184831 0.28991 0.9403802 1.812063
0.9701606 1.006997 2.576378 0.1964194 0.8441715 1.193892
1.301224 -0.004757857 4.147336 0.3237085 0.977309 1.706985
0.8295273 1.697054 1.803133 0.1486461 0.8214015 0.8716828
0.7947615 1.707651 2.353608 0.1976858 1.210022 1.76858
1.272614 -0.05926091 4.316609 0.3252444 1.006484 1.801794
0.9448704 1.198583 2.270053 0.1915789 0.8619089 1.097181
0.8415639 1.690999 1.751271 0.1717707 0.9347439 0.9541241
0.9016361 1.184248 2.867581 0.1911412 0.9381596 1.589295
0.9624839 1.217152 2.055506 0.1811272 0.784987 0.8875996
1.225569 -0.1783748 5.206864 0.3262777 1.072003 2.314177
1.532392 -0.9088443 6.088646 0.5231926 1.393646 2.554629
1.339893 -0.5486545 6.055264 0.4100368 1.247501 2.738058
1.029009 1.027767 2.241577 0.2096651 0.8328678 0.9953253
1.176763 0.4921833 3.236377 0.2631417 0.889382 1.400682
0.8328183 1.695021 1.563168 0.1600619 0.860902 0.765398
0.9336109 1.334706 2.053614 0.182851 0.842242 0.9786768
1.294837 -0.2305625 5.434873 0.3454551 1.077529 2.401105
1.97317 -1.831582 7.17927 0.8886393 1.960319 2.697237
1.207853 0.44133 3.03037 0.262422 0.8453636 1.198628
1.041485 0.8372291 2.464882 0.2115169 0.8136994 1.034122
1.006198 0.6602543 3.533388 0.2333508 0.9659221 1.814823
1.588513 -0.7372911 4.820323 0.4990146 1.235814 1.814516
1.044331 0.4952874 4.323631 0.2537836 1.021944 2.330735
0.8848765 1.333104 2.449474 0.1718461 0.8609616 1.243968
1.268157 0.2123228 3.371459 0.3076068 0.9419084 1.390323
1.258934 -0.04934798 4.072923 0.3389495 1.058274 1.769894
1.105976 0.4148143 3.694098 0.2627232 0.9605311 1.738617
1.019204 0.6635012 3.098142 0.2189064 0.8706554 1.388387
0.9621825 1.089034 2.689176 0.1960651 0.870985 1.329236
1.006449 0.8790476 2.893757 0.2184615 0.9047057 1.422858
0.8447596 1.738833 1.737712 0.1525943 0.8328689 0.850308
1.711749 -1.318459 6.53548 0.6656345 1.622691 2.611753
1.098572 0.6117678 2.925758 0.2416096 0.8765014 1.274334
1.549086 -0.6126562 4.49938 0.4662946 1.170185 1.670111
0.800249 2.07343 1.444185 0.1557073 0.9497333 0.7979308
1.054014 0.9385396 2.418952 0.2145864 0.8278973 1.059044
1.029334 0.6793978 3.271577 0.2226658 0.8877209 1.524451
1.022882 1.009202 2.236233 0.1869664 0.736049 0.871211
0.8022308 1.831697 1.805433 0.1630839 0.9691272 1.044016
1.737741 -1.375774 6.824235 0.6634897 1.598749 2.630428
1.597823 -1.103194 6.332208 0.6082835 1.577809 2.75664
0.9601234 1.082079 2.120026 0.1894532 0.8055603 0.9116829
0.9341743 1.338477 2.121534 0.1691911 0.7806476 0.9470107
1.18045 0.3073884 3.641086 0.2864116 0.9651977 1.638084
0.7954955 1.779046 1.728798 0.154998 0.911446 0.9292671
1.103022 0.5235348 3.751103 0.2492232 0.926878 1.784118
1.148102 0.4421879 3.106698 0.2333929 0.7892154 1.157644
0.9130697 1.469915 1.865083 0.1626149 0.7752186 0.8258333
1.031014 0.7175227 2.824108 0.2087474 0.8100674 1.169428
1.075151 0.9561541 2.512916 0.1923925 0.7276635 0.9844913
0.9520826 1.30454 2.009233 0.1857752 0.8297765 0.9320733
0.9071645 1.114724 2.832278 0.196631 0.9446295 1.549359
0.7411508 2.267728 1.536578 0.1831514 1.288175 1.170529
1.154024 0.4282987 3.168571 0.2666071 0.9100616 1.360209
0.9446848 1.461757 1.921235 0.1738304 0.8054524 0.8883704
0.9841745 0.8522798 2.875813 0.2120637 0.8926871 1.382383
1.032851 0.7234351 3.597031 0.2145025 0.8686856 1.703994
1.274979 -0.007652442 3.980592 0.3224431 0.9872846 1.6293
1.041015 0.6296456 3.53506 0.246731 0.9840227 1.830897
0.7971526 1.881153 1.712651 0.1548535 0.9300549 0.9469877
0.9926773 1.269724 1.745817 0.1791885 0.7371899 0.6889301
0.7274378 2.539499 1.058063 0.1521419 1.099138 0.6430668
0.9987998 1.028735 2.333077 0.2066456 0.8529767 1.072222
1.183779 0.4492435 2.750585 0.2624746 0.8507542 1.067727
1.076828 0.6393459 3.048917 0.2461375 0.9246819 1.431738
1.027857 0.6514819 3.943948 0.2297172 0.9434384 2.027999
0.8310511 1.738592 1.998617 0.1766951 1.01167 1.221845
1.359983 -0.5492946 5.12118 0.4198475 1.229173 2.158433
1.043166 0.9372224 2.573847 0.202716 0.7982951 1.108591
1.127947 0.6330974 2.799543 0.2127415 0.7365597 1.019763
0.8645239 1.197889 2.517715 0.1618014 0.8050358 1.165046
0.7821235 1.924441 1.81159 0.1870011 1.176419 1.283835
1.161663 0.03477838 5.094396 0.3036773 1.069627 2.482553
0.8980268 1.412329 2.006947 0.1786574 0.8702378 1.001012
0.7712252 2.053394 1.602433 0.158762 1.020725 0.971011
1.215082 0.1493519 3.796158 0.293249 0.9469524 1.581085
0.8349114 1.829435 1.403412 0.1623153 0.8858051 0.7030423
1.39643 -0.4254153 4.60712 0.3900896 1.091057 1.773466
0.7035811 2.466097 1.294639 0.1179549 0.8874173 0.6636444
0.9646915 1.177835 2.274497 0.1807863 0.7879487 0.9995981
0.9408602 1.340712 1.879199 0.1624489 0.7258947 0.7584452
1.081061 0.9392119 2.178998 0.2037869 0.7468489 0.8372998
1.020708 0.8976813 2.630721 0.1852187 0.7333809 1.026941
1.0251 0.8111584 2.901439 0.2210187 0.8874725 1.3705
1.001432 0.9224728 2.791132 0.2199254 0.9192869 1.40295
0.9113689 1.419411 2.172945 0.1874998 0.9166371 1.165147
1.260959 -0.2182372 5.818707 0.3285477 1.060056 2.587536
1.171771 0.5114924 3.067678 0.2476512 0.8302554 1.22858
0.9919808 1.194854 2.134555 0.1897779 0.8007026 0.9438665
1.46266 -0.147387 3.628 0.3811481 0.9930091 1.35699
1.453488 -0.8996373 7.477369 0.4893578 1.408395 3.397501
0.8501577 1.568615 1.929666 0.1587875 0.8412361 0.9511898
0.9664394 1.142475 2.102705 0.1818419 0.7749358 0.884056
1.941072 -1.786149 5.93208 0.8412257 1.836345 1.98392
0.9777629 1.230869 2.258328 0.193055 0.8445718 1.078876
0.7244859 2.573184 1.227101 0.1684843 1.264491 0.8803561
1.634035 -0.7739258 5.086423 0.5139484 1.245154 1.924648
0.8429557 1.422411 2.531449 0.1796511 0.9763018 1.495932
1.534721 -0.4697314 4.293376 0.4393515 1.105965 1.598876
1.407342 -0.1809066 3.949718 0.3785664 1.039378 1.562375
0.897933 1.261686 2.702826 0.1834881 0.9094022 1.459873
1.214511 0.4016534 3.229961 0.2596627 0.8342802 1.26229
1.188011 0.1376881 3.763527 0.2877417 0.9480809 1.557476
0.7488463 2.101727 1.711612 0.1542494 1.042135 1.073275
1.259985 0.3474344 2.786668 0.281044 0.8451258 1.03099
1.179389 -0.06632698 5.419321 0.315877 1.096874 2.630957
1.150582 0.3963491 3.249982 0.2680122 0.9172623 1.396812
1.34235 -0.01127685 4.04026 0.3254177 0.9436891 1.583829
1.07206 0.7058847 3.107455 0.2286473 0.8701736 1.41256
1.289545 0.1757392 3.390138 0.2826918 0.8362936 1.215367
1.195903 0.1404293 4.337347 0.29337 0.9840586 1.944043
0.7793403 2.196757 1.195808 0.1465438 0.9194703 0.6207569
1.4107 -0.6756112 5.955365 0.427292 1.222194 2.445672
0.8818663 1.604887 1.924125 0.16307 0.8382825 0.9489177
0.8517946 1.637832 2.119837 0.1530012 0.8302736 1.059732
1.104754 0.4874206 3.222712 0.266864 0.9667174 1.514241
0.8415239 1.553639 2.158496 0.1531404 0.8287513 1.06936
0.9206025 1.467204 2.060504 0.1736419 0.836468 1.004296
0.9310211 1.2509 2.090777 0.1860884 0.8471827 0.9872777
1.628306 -1.313008 7.759569 0.6324629 1.654264 3.369159
1.267285 -0.2327154 4.524935 0.3478203 1.081793 1.898575
0.9961257 0.8287007 2.759889 0.1934823 0.7878113 1.148878
0.7258145 2.298467 1.323684 0.1286749 0.8997881 0.6873492
0.9566415 1.188473 2.12372 0.1727323 0.7503846 0.8779188
0.9333803 1.204576 2.293937 0.1672738 0.7584742 0.9825796
1.042066 0.9316063 2.206436 0.2072935 0.7938667 0.9033829
1.297809 -0.2831669 5.231278 0.3596448 1.112354 2.29824
0.7444426 2.409148 1.292802 0.1534557 1.082185 0.8048458
1.266839 0.1161363 4.066879 0.3107426 0.9719205 1.750992
0.9882472 0.9346857 2.5428 0.2014547 0.8348838 1.134384
0.9413571 1.170244 2.65908 0.1883133 0.868574 1.337134
1.186587 0.3378684 3.518995 0.284818 0.95347 1.571448
1.121446 0.8740279 2.096542 0.2157071 0.7478792 0.7808782
1.283946 0.1815033 3.457392 0.3165367 0.958271 1.438834
0.7406917 2.315984 1.116183 0.1295207 0.8714519 0.5451803
0.8231473 1.689431 1.98896 0.1467144 0.8282508 0.9886951
1.003502 1.079152 2.415714 0.2126888 0.891133 1.188623
0.728069 2.514928 1.019023 0.1326242 0.9378443 0.5246187
1.53357 -0.4403901 3.689033 0.4311683 1.061116 1.27184
0.9387963 1.211145 2.292196 0.1869099 0.8505117 1.101364
1.07821 0.9602782 2.283027 0.1829259 0.6737162 0.8077271
0.5760524 3.759813 0.5930144 0.2238801 2.485104 0.6726315
1.083612 0.7815267 2.380542 0.2142905 0.7741899 0.918595
0.8866454 1.629104 1.638112 0.1697395 0.8510422 0.7940047
1.159429 0.5328797 2.845605 0.2396728 0.8031927 1.090832
0.7860494 1.749198 1.708838 0.1504325 0.8839741 0.8839931
0.9904706 1.069826 2.549838 0.197275 0.8396774 1.194815
1.036726 1.339163 1.861895 0.2023387 0.8260445 0.8515045
1.161795 0.3935877 3.508022 0.2580678 0.8809026 1.475287
1.017572 0.7976974 2.720504 0.1886944 0.742632 1.053642
1.207244 0.1000254 3.422702 0.296106 0.9424521 1.344932
1.00431 1.161244 2.159368 0.195361 0.8100048 0.9592883
1.033265 0.9284267 2.608326 0.2283425 0.9146505 1.28271
1.197041 -0.04556285 5.27311 0.3172908 1.083047 2.535391
1.208286 0.2052445 3.739057 0.2824009 0.9181187 1.540519
0.9333723 1.418945 1.767199 0.1788155 0.8172109 0.8031893
1.157574 0.613406 3.022279 0.2371106 0.8140019 1.23088
0.9289049 1.173622 2.650196 0.1917659 0.8981406 1.377449
0.8880494 1.513222 1.995098 0.1959433 0.9929669 1.155108
1.484247 -0.2488928 3.456002 0.4001345 1.014759 1.233441
1.051036 0.6407207 3.319471 0.208406 0.8017795 1.377999
1.154343 0.5771862 2.990506 0.2439996 0.8365352 1.232061
0.926028 1.854206 1.383787 0.1881497 0.9297798 0.7262938
0.8616395 1.799899 1.554694 0.1841891 0.9877598 0.8840893
0.9793722 1.365503 1.749128 0.1683272 0.7158021 0.6867118
0.8211409 1.925123 1.693638 0.2365694 1.408714 1.416323
1.044111 0.9999512 2.413617 0.2094718 0.8252994 1.073626
1.072613 0.5370754 3.845678 0.2315648 0.8881068 1.774241
1.019629 0.9192151 2.613238 0.1892296 0.755445 1.058424
1.040604 0.8288894 2.629052 0.2095647 0.8117116 1.111646
0.971672 1.037957 2.391005 0.195919 0.8354113 1.086719
1.486722 -0.4925439 4.119723 0.4239638 1.093273 1.477336
1.186833 0.3652192 3.448049 0.2582141 0.8563399 1.390063
1.048783 0.781397 2.699608 0.2073791 0.7922003 1.103824
0.8365014 1.761875 1.662064 0.1446222 0.7939554 0.7707769
1.150077 0.3293038 3.520371 0.2694123 0.926654 1.520077
1.213752 0.2203835 3.728919 0.2676886 0.8617726 1.44938
0.942479 1.253054 2.210149 0.1790365 0.8119578 1.016358
0.7741328 2.105057 1.392763 0.1562962 0.9913629 0.7997245
0.9932705 1.539667 1.528856 0.17435 0.7477725 0.6304024
0.7773903 2.193162 1.281269 0.1422348 0.9043796 0.664244
0.8458519 1.707827 1.720259 0.1619885 0.8748586 0.8759347
0.8635395 1.851895 1.646763 0.1583616 0.8621485 0.8344903
1.061146 1.234214 1.825748 0.1954997 0.7538127 0.7383789
1.153849 0.4337946 3.755204 0.2754321 0.9705076 1.806439
0.9630638 1.159963 2.186921 0.1881394 0.8157072 0.9814692
1.091657 0.820624 2.765973 0.2290783 0.8556494 1.246935
0.9040761 1.449001 1.884884 0.167169 0.8031049 0.8616469
1.185273 0.1149041 4.890041 0.2715288 0.9258712 2.10242
0.9084101 1.434048 2.056546 0.1665167 0.8040852 0.9566841
0.8363197 1.699729 1.789328 0.1703792 0.9391828 0.9859698
0.9728641 1.286349 2.219866 0.1946932 0.8650222 1.095978
1.013877 0.653757 3.405162 0.1988132 0.7968355 1.419689
1.19171 0.1138554 4.206268 0.2627602 0.8645303 1.609738
1.265486 0.2718415 3.141003 0.2862023 0.8680852 1.199435
1.066859 0.8481838 2.489882 0.2113344 0.7929565 1.020974
0.9591603 0.9851504 2.713436 0.1825035 0.7932971 1.190168
0.6933523 2.522386 1.102964 0.1551726 1.177206 0.7217962
0.9783799 0.9662135 2.794989 0.1988961 0.8539566 1.32352
0.9620695 0.9187516 2.706007 0.2049034 0.8838884 1.295465
1.047236 0.9047016 2.241018 0.2127344 0.8097293 0.9312023
0.7052227 2.560544 0.9079625 0.1322909 0.9621899 0.4691778
0.9182864 1.203721 2.079165 0.1973605 0.9044089 1.033757
1.308552 -0.3106295 5.331429 0.3651793 1.121688 2.342681
0.7567469 2.132942 1.197794 0.1245773 0.7868252 0.5318713
0.9215048 1.187014 2.419543 0.1831886 0.8519729 1.171859
1.168685 0.3259684 3.739958 0.2631928 0.8966673 1.589817
1.093216 0.9307941 2.190245 0.1920355 0.6900248 0.7765419
1.408582 -0.4072038 4.635857 0.3953139 1.097678 1.81417
1.192468 0.2330806 4.779493 0.2945524 1.018246 2.371947
1.28385 -0.07084851 4.697659 0.3189508 0.9862258 1.954382
0.8989343 1.520321 1.956175 0.1882328 0.9386534 1.067731
1.178606 0.1741959 3.474161 0.2638488 0.8605341 1.293044
1.022646 1.119088 2.359668 0.2136195 0.880822 1.152973
0.7371731 2.429031 1.342759 0.1567203 1.127812 0.8761858
0.9549782 1.179683 2.082509 0.1991046 0.8707762 0.9906018
0.8919997 1.588497 1.588647 0.154949 0.7564771 0.676616
1.211841 0.6804393 2.390119 0.2528981 0.8066507 0.9266105
0.9647989 1.169332 2.121647 0.1800734 0.7735931 0.8982616
0.9178864 1.351651 2.275564 0.1787693 0.8563561 1.134501
1.105067 0.2104456 3.782882 0.2672523 0.9556552 1.632635
1.053556 0.456273 3.678203 0.2386776 0.9163398 1.674479
0.8793102 1.574638 2.073295 0.1905378 0.9968159 1.229664
0.9279872 1.411159 1.876942 0.1808582 0.8405271 0.8892777
0.8697458 1.804282 1.879677 0.168496 0.9217201 1.040301
1.10748 0.4502204 3.042019 0.2375053 0.8352594 1.194724
0.5359875 4.080744 0.5454601 0.1480751 1.842472 0.4366207
1.035608 0.8023389 2.882127 0.2269727 0.9011178 1.376762
1.099337 0.7320002 2.388562 0.2169069 0.7657973 0.8970778
1.29973 0.07345781 3.759375 0.3192133 0.9549692 1.519409
0.8843414 1.635025 1.584341 0.1530633 0.7594276 0.6803118
1.45396 -0.4738637 4.834242 0.4140869 1.120439 1.897783
1.5382 -0.6772771 5.123609 0.4633216 1.189966 1.949985
1.034556 1.109252 2.091226 0.1807631 0.7074857 0.7930507
1.009036 0.8315726 2.895515 0.2112416 0.8629327 1.338749
0.904217 1.244019 2.129387 0.1733221 0.8103698 0.9633849
1.023729 0.8703935 2.920141 0.2141765 0.8705822 1.38345
0.9067684 1.301203 2.330989 0.1676821 0.8042667 1.086328
0.9725879 0.9349952 2.638043 0.1747574 0.7349361 1.051996
0.8163159 1.71906 1.720701 0.1746564 0.985676 0.988069
1.335707 0.306891 2.931292 0.3207015 0.919992 1.179392
0.8623858 1.640562 1.892539 0.1619986 0.8582473 0.9577583
1.03816 0.7962795 3.075056 0.2125097 0.845225 1.39827
0.7098275 2.479767 1.238492 0.1399972 1.043117 0.7361503
1.564383 -0.706152 4.883045 0.4975207 1.256284 1.910084
1.00815 1.13192 2.415285 0.2104908 0.886354 1.19844
1.13176 0.6360364 2.697708 0.2377096 0.8238959 1.087261
1.211463 0.3194686 3.541681 0.2617787 0.8462168 1.389451
1.07929 0.8170802 2.495126 0.21769 0.805323 1.030701
1.087793 0.7141187 2.75153 0.2228278 0.8170157 1.140955
0.8571752 1.62082 1.976641 0.1738693 0.9332771 1.0945
0.9970038 0.6455466 3.896061 0.2328305 0.9867588 2.086428
1.023524 1.134139 2.227211 0.1943379 0.7903511 0.9680799
1.244175 -0.01993053 4.436252 0.3104161 0.9891439 1.872463
1.25708 0.02073052 3.888075 0.3056517 0.9455583 1.536577
0.9876342 0.9774012 2.548311 0.1978744 0.8279703 1.144877
0.7862638 2.143957 1.335023 0.1653858 1.035375 0.7938571
1.324541 0.1641482 3.339002 0.3204333 0.9310695 1.324191
0.8832118 1.624771 1.773628 0.1885989 0.9648318 0.9890432
0.8682591 1.344425 2.52632 0.1788768 0.9237928 1.388672
0.7741335 2.069057 1.378997 0.1800354 1.132014 0.897732
1.020757 0.8820178 3.213994 0.2195642 0.9129314 1.63947
1.465011 -0.5738074 4.998153 0.4348213 1.172948 1.971282
1.123186 0.693756 3.186734 0.2302058 0.8339465 1.388644
1.055417 1.128489 2.202538 0.192506 0.7533818 0.9077471
0.7746016 2.068534 1.544377 0.1265894 0.7991425 0.7298524
0.7419341 2.313125 1.371903 0.1436982 0.9954454 0.7924055
1.359322 -0.3632652 5.822165 0.3747256 1.117052 2.549101
0.9757918 1.015418 2.245405 0.1945569 0.8127269 0.9711409
0.9735673 0.7841624 3.782329 0.2185335 0.964359 2.059024
1.269169 0.04057581 3.594119 0.3143084 0.9534158 1.40854
1.409977 -0.2902887 4.178315 0.3825513 1.05044 1.611336
1.808765 -1.497036 6.622833 0.782085 1.834429 2.736263
0.8291481 1.62322 1.866974 0.1601675 0.8784883 0.9617958
1.068594 0.6923145 2.850133 0.2081671 0.7739043 1.119733
1.058498 1.111825 2.06019 0.206635 0.7986567 0.8810932
1.103339 0.5820325 2.825677 0.2298067 0.8161117 1.12098
0.9559319 1.260713 1.893481 0.153708 0.6590298 0.6824084
1.060222 1.033609 2.589866 0.2007415 0.7905806 1.135094
1.059881 0.7911914 2.754273 0.2293349 0.8799798 1.264851
0.7381044 2.059549 1.506973 0.1989326 1.330853 1.17129
1.131176 0.3722612 3.820715 0.2618422 0.932436 1.728474
1.030482 0.4005557 4.481603 0.2341194 0.9403657 2.155749
0.9020267 1.501033 1.868727 0.1791213 0.8757964 0.9382294
1.345262 -0.2204363 4.477859 0.3538111 1.031585 1.796442
0.899206 1.434191 2.179467 0.1836461 0.911896 1.165268
1.71321 -1.002167 5.265744 0.593944 1.387758 1.980948
0.8839866 1.89116 1.34034 0.1509847 0.7789327 0.5896243
1.172327 0.2960781 3.11394 0.2631403 0.8618115 1.188818
1.037372 0.9878927 2.1693 0.201167 0.7776833 0.8804053
1.056276 0.5803978 3.430885 0.2312308 0.8907264 1.565117
0.8682425 1.492885 1.94259 0.1765703 0.9024645 1.012353
1.398574 -0.2669613 4.028807 0.3708291 1.018932 1.503478
1.018529 1.004805 2.394365 0.2177665 0.8832418 1.138781
0.9885529 0.8274354 2.966023 0.202191 0.8436452 1.345957
1.140539 0.373267 3.326603 0.2574659 0.8868032 1.378144
0.8087498 1.924631 1.395383 0.1484188 0.8571017 0.6848425
0.9454331 1.343778 1.955562 0.1945801 0.8833201 0.9690937
0.7234225 2.725304 0.9367593 0.1654317 1.237156 0.6226509
1.114655 0.6927359 2.485832 0.2237913 0.7814829 0.9508279
0.9078738 1.184442 2.376954 0.1733625 0.8125107 1.092095
1.126447 0.6462101 2.815995 0.2352472 0.8267321 1.157868
0.7958766 1.650144 2.200736 0.1655063 0.9809212 1.314447
1.302564 0.08845685 3.403111 0.3228494 0.9515804 1.341097
0.8795631 1.53699 1.892154 0.1875516 0.9545867 1.044933
1.137059 0.6028211 2.688039 0.2368665 0.8110046 1.051334
1.345815 -0.111548 3.572445 0.3234081 0.9066916 1.232165
0.7123396 2.456957 1.109849 0.1463678 1.063843 0.6589915
1.280902 0.02639051 3.463286 0.3265685 0.9775614 1.367659
1.319547 -0.3242583 4.665854 0.3719307 1.111899 1.939981
0.8746349 1.504192 2.003846 0.1511291 0.7653609 0.8954283
1.102925 0.936754 2.47527 0.2279981 0.8448197 1.111949
1.625128 -1.157683 7.029017 0.6264852 1.618898 3.147623
1.08946 0.6838638 3.07553 0.2300225 0.8548584 1.35653
1.203105 0.3110296 3.868785 0.2922105 0.9771168 1.797751
1.054926 0.7775895 2.818852 0.2149806 0.8254498 1.215412
0.8073339 2.221408 1.178623 0.1446215 0.877884 0.5835985
0.9548636 1.267818 2.309016 0.2037879 0.9285978 1.229683
0.8409978 1.640124 2.030882 0.1706863 0.9412427 1.142782
0.9147249 1.379954 1.790405 0.1798875 0.8347544 0.8269423
0.8527352 1.493366 2.307235 0.1607135 0.8568421 1.186196
1.228289 0.04467298 3.854423 0.2943789 0.9296831 1.503447
0.9373733 1.194338 2.562104 0.1946609 0.9012793 1.330086
1.030159 0.5389982 3.187732 0.2441614 0.9531768 1.50328
1.090425 0.8061677 2.575028 0.220885 0.811331 1.075608
0.842978 1.705739 1.781954 0.1740639 0.9543938 0.9985723
0.8915491 1.347762 2.168851 0.1915821 0.9426665 1.176701
1.556457 -0.7085632 5.29694 0.4987633 1.280475 2.16618
1.606034 -0.7399081 4.111375 0.5034534 1.204053 1.421498
0.9128826 1.358249 1.942612 0.1691893 0.7923251 0.8662546
1.103229 0.7551052 2.460677 0.2354093 0.843403 1.036143
1.369028 -0.03513034 3.683089 0.3487598 0.9808217 1.445114
1.193771 0.3350551 3.490771 0.2843845 0.9435694 1.536416
0.992172 0.9913152 2.524248 0.2057851 0.8612488 1.183035
1.293975 0.2648147 3.034102 0.2996267 0.8841179 1.162217
1.179645 0.4778165 2.585657 0.2566831 0.8273106 0.9686187
0.9549107 1.318606 2.266388 0.208681 0.9605817 1.258049
1.038866 0.6554012 3.433712 0.2302022 0.9134222 1.649322
1.006095 1.158407 1.980475 0.2037079 0.8321794 0.8837365
1.591675 -0.4803726 4.534541 0.4706238 1.156223 1.79248
1.125698 0.4566058 3.362001 0.2661623 0.947234 1.547633
0.9402731 1.073998 2.439252 0.2029078 0.9079465 1.222532
1.085627 0.7537686 2.783636 0.2262687 0.840176 1.206997
1.441278 -0.6353222 5.230962 0.4540337 1.257477 2.175053
1.065462 0.5320002 4.407367 0.2468808 0.9796168 2.320177
0.9831959 1.114043 2.140777 0.1860655 0.7778759 0.9010603
0.7664728 2.162847 1.358438 0.1783391 1.157578 0.9062423
0.8621205 1.890838 1.714747 0.1735665 0.9660735 0.9841041
0.9154415 1.412314 1.672922 0.1558434 0.7100463 0.650686
1.052828 0.8921278 2.593184 0.2152942 0.8345274 1.148562
1.103698 0.827711 2.70063 0.2018525 0.7351126 1.044559
0.8224498 1.976746 1.356446 0.1454022 0.8284074 0.6413629
1.1456 0.2568132 3.810406 0.2730935 0.9484436 1.671794
1.14296 -0.05060401 6.070864 0.3052991 1.11444 3.114559
1.234354 0.3484298 3.005172 0.2634966 0.8161104 1.099593
1.220465 0.1796336 4.746591 0.3185312 1.07494 2.436218
0.9145473 1.412798 2.130948 0.1753913 0.8450939 1.045937
0.683229 2.605684 1.101032 0.2059345 1.629857 0.9945047
1.012628 0.770665 2.977953 0.2116703 0.8549625 1.344659
1.308023 0.01234744 3.993911 0.3159887 0.9407834 1.5737
1.041676 0.8736518 2.50994 0.1954791 0.7519835 0.9861589
0.7566968 2.254453 1.164127 0.1446811 0.942375 0.6159083
1.079966 0.363644 3.700206 0.2450344 0.906481 1.608055
0.9471758 1.115018 2.850582 0.195427 0.8969382 1.482424
0.6905666 2.827229 0.8569333 0.1799398 1.428368 0.6433222
1.005284 0.8913632 2.737066 0.2065543 0.8468032 1.247344
1.078202 0.6593667 3.377127 0.2292425 0.872211 1.54662
1.4053 -0.3073971 4.232822 0.3954118 1.09415 1.692404
1.123797 0.4656124 3.824746 0.2762288 1.009923 1.951124
1.276086 -0.1181412 3.861443 0.3162437 0.950206 1.428009
1.083915 1.177416 1.972793 0.20697 0.7852174 0.8355801
1.614865 -0.8929033 6.140449 0.5555773 1.407095 2.630541
1.576201 -0.6944613 4.45522 0.4828373 1.188141 1.600521
0.989145 0.8610636 2.773714 0.2269336 0.950179 1.409742
1.478398 -0.5713159 5.852448 0.4362861 1.190793 2.463307
0.7909686 1.692902 1.632735 0.1504866 0.8583391 0.805183
0.993373 1.133341 2.360341 0.1922034 0.8142915 1.071309
1.129745 0.1813071 4.714234 0.2687002 0.9683948 2.165036
1.52158 -0.7603449 6.033293 0.4790292 1.275617 2.490174
1.320845 -0.01456074 3.607212 0.3259414 0.9454232 1.36828
0.9214903 1.172095 2.640712 0.1965732 0.9298106 1.420216
1.044235 1.117277 2.127154 0.1892911 0.7405166 0.8500292
1.093896 0.233889 4.830327 0.2530953 0.9498442 2.241237
0.612108 3.370047 0.8060783 0.1803093 1.805367 0.7248408
1.007251 0.6622055 3.434043 0.2151525 0.878247 1.588342
1.148952 0.3132165 3.703689 0.2598468 0.8978023 1.562567
1.68558 -0.9627977 5.545858 0.5920479 1.418517 2.224836
1.207799 0.4374257 3.001508 0.2650563 0.8522059 1.190095
1.200304 0.1197843 4.380584 0.2732713 0.9047012 1.790294
1.043318 1.169535 2.015301 0.2132107 0.8451223 0.9199912
1.176788 0.4549393 3.370589 0.2671236 0.9061593 1.483851
1.057498 0.9958519 2.281825 0.1915014 0.7287923 0.8809774
0.986439 0.8786247 2.97778 0.2220329 0.9454039 1.541637
1.768708 -1.198264 5.808458 0.6410213 1.477771 2.163558
1.105796 0.6606469 2.612921 0.2318717 0.8216138 1.051369
0.7088971 2.76549 0.9878365 0.1637531 1.272282 0.6805011
1.113972 0.3735893 4.188277 0.2735829 1.010738 2.112963
0.9940897 1.154053 1.999086 0.1798099 0.7377523 0.7929365
1.004468 1.028448 2.685403 0.2073747 0.8733931 1.311212
0.8650578 1.39264 2.149635 0.1741541 0.8878481 1.107021
1.27591 -0.1264923 4.508071 0.3267877 1.00925 1.850729
0.8681185 1.423394 2.001297 0.1733973 0.8754425 1.005271
0.917517 1.349431 2.167254 0.1600242 0.7545243 0.9426081
1.322301 -0.0999272 4.285199 0.3380997 1.002211 1.743029
1.106498 0.8303676 2.50076 0.2204878 0.7968423 1.027054
1.310073 -0.06990916 4.26415 0.3466194 1.044371 1.837456
1.932708 -1.686725 6.748555 0.8531915 1.892119 2.592404
1.210259 0.2407457 3.460396 0.2998047 0.9719566 1.504008
1.114578 0.7596194 2.371147 0.2169567 0.7583986 0.8905062
0.9129219 1.381437 1.947514 0.1772329 0.836998 0.9215904
1.134985 0.3764868 3.527013 0.2659765 0.9335437 1.566682
1.043344 0.9935052 2.262837 0.2136353 0.8325323 0.9961362
0.6439232 3.307804 0.7807151 0.2679859 2.519456 0.9806354
0.7095312 2.438834 1.340005 0.1238819 0.9233061 0.7182745
0.8463262 1.551164 1.787179 0.1557439 0.8123239 0.8325383
1.059237 0.431642 4.458441 0.2340411 0.9153444 2.107992
1.175629 0.5897918 2.730962 0.2481822 0.8240324 1.085905
0.6663133 3.071072 0.7986773 0.1471527 1.256793 0.5121755
1.174852 0.3354981 3.232166 0.2721497 0.9026661 1.329178
0.9218607 1.028099 2.845109 0.1624644 0.7439941 1.203405
1.145188 0.8201646 2.188067 0.2221198 0.7535163 0.8165933
1.130746 0.2161136 4.121289 0.2647812 0.9356867 1.786543
0.9646262 1.291037 2.177636 0.1883963 0.8416421 1.043452
0.7287059 2.431219 1.303177 0.1895447 1.378307 1.030385
1.087366 0.4849604 3.807535 0.2611564 0.9877731 1.913251
0.8798119 1.402937 2.188615 0.177957 0.8968949 1.145279
0.7610489 2.391336 1.164648 0.1811266 1.227582 0.8047673
1.11505 0.3953422 4.768512 0.2866657 1.087609 2.706457
0.8115118 1.851489 1.696985 0.1380615 0.8000416 0.8036332
0.8389106 1.655761 1.641942 0.1576079 0.8421963 0.7929222
0.9588451 1.397984 1.964814 0.1846447 0.8332152 0.9296087
1.189686 0.4476461 3.113167 0.2581694 0.8493763 1.251039
2.390294 -2.8769 10.61282 1.530075 3.205276 4.373371
0.9662442 1.490777 1.703789 0.1898156 0.8489695 0.8094603
1.19933 0.06906904 4.135906 0.3002735 0.9909337 1.783499
0.932475 1.290729 2.159801 0.1835987 0.8471513 1.038908
1.250405 0.3439166 2.89139 0.2743784 0.8349982 1.067638
1.000795 1.222066 1.84574 0.1864883 0.7631402 0.7559907
0.803188 1.975421 1.555854 0.179004 1.082328 0.9886198
1.294735 -0.1649743 4.736423 0.3435376 1.054493 2.026718
0.9271872 1.065551 2.834693 0.2019801 0.940495 1.525152
0.8669949 1.600612 1.771274 0.1731688 0.8965596 0.9166763
1.132118 0.703063 2.922299 0.221978 0.7833919 1.172481
0.8274325 2.074019 1.290019 0.1472707 0.8530856 0.6282536
1.324378 -0.2556973 4.704353 0.3591804 1.071347 1.953036
1.206589 -0.004972114 4.688286 0.309781 1.031297 2.112257
1.150895 0.4153726 3.393663 0.2697782 0.9332457 1.515207
1.109784 0.4753589 3.179192 0.2547451 0.910321 1.392789
0.9283951 1.180212 2.854348 0.1800548 0.8515625 1.433308
0.6729194 2.747684 1.097676 0.1404991 1.162274 0.705961
0.8870639 1.7482 1.56891 0.190863 0.983234 0.884111
1.039957 1.116401 2.015762 0.2172401 0.8547185 0.9165539
0.6535569 2.718993 1.105694 0.174723 1.488076 0.9110674
0.8049422 1.908417 1.441421 0.1582035 0.917562 0.7581073
1.017143 0.8774995 2.728616 0.2078714 0.8398955 1.228257
0.9216299 1.488965 1.682837 0.1862887 0.8708628 0.8158726
0.7580403 2.015786 1.407821 0.1365792 0.8586094 0.6969624
0.8696128 1.443329 2.165544 0.1744664 0.8963019 1.138953
1.014006 1.113098 2.307202 0.214729 0.888737 1.128808
1.045445 0.896245 2.905039 0.2270909 0.9101498 1.448338
0.8202515 1.836462 1.692003 0.1850392 1.068994 1.063997
0.708001 2.766449 0.8384089 0.1276742 0.9560075 0.4209085
1.005518 0.9640792 2.715692 0.2097202 0.8729924 1.303762
0.9204348 1.355916 2.061038 0.1759902 0.8259437 0.9691749
1.134098 0.123254 4.519098 0.2786376 0.9906946 2.049622
0.9816864 1.085886 2.671781 0.1853922 0.8028985 1.218261
0.7450264 2.129915 1.544584 0.1501557 1.012295 0.9253566
1.331536 -0.1437844 4.003857 0.3319573 0.9597533 1.4928
0.8536151 1.485425 2.026464 0.1598774 0.8312447 0.9809299
0.7013559 2.474985 1.194826 0.1572855 1.18754 0.8043145
1.079905 0.8583745 2.567501 0.2086556 0.7775988 1.044761
1.242075 0.4930788 2.575395 0.2740001 0.8430228 0.9914061
0.9945571 0.8607832 2.80539 0.1985397 0.8190892 1.231641
0.9934637 0.922335 2.645248 0.2084299 0.8665532 1.235218
0.7601514 2.126129 1.392408 0.158786 1.029024 0.8285644
0.9085898 1.204638 2.073977 0.181759 0.8371869 0.9538371
1.143774 0.3886497 3.302425 0.2740915 0.948343 1.471985
0.9095525 1.300266 2.244329 0.1792614 0.8561931 1.104249
1.419848 -0.9073918 8.758689 0.4940272 1.488641 4.404004
1.088135 0.5033475 3.372406 0.2331462 0.8560534 1.42689
1.940464 -2.023473 8.625158 0.963686 2.24597 3.593656
0.861929 1.804977 1.411676 0.1591801 0.8316625 0.6614785
1.379931 -0.2572276 4.571637 0.373631 1.064596 1.867666
1.066654 0.6949459 3.222966 0.2369439 0.9142086 1.550161
0.9246982 1.375833 2.038088 0.1819989 0.8551419 0.9948232
0.9992336 0.9025301 2.619946 0.1947573 0.794477 1.109768
0.8531065 1.68667 1.679416 0.1686166 0.8980025 0.8719636
0.74766 2.24642 1.454853 0.1279556 0.8713409 0.7463363
0.9113974 1.211792 2.199086 0.1939942 0.9058423 1.112782
1.358552 -0.07036706 3.614086 0.3560852 1.006037 1.422125
1.080377 0.6163578 3.104485 0.2343904 0.8728947 1.370604
0.880325 1.653627 1.554439 0.1767935 0.8896297 0.7790992
0.8732769 1.415289 2.19295 0.1820001 0.9296845 1.193967
0.9460327 1.193044 2.073634 0.185885 0.8202822 0.9330824
0.7048966 2.320607 1.308739 0.1708584 1.248579 0.9384145
1.07135 0.7710395 3.353697 0.2038946 0.7861836 1.431819
1.194571 0.4139351 3.112661 0.2681402 0.8762467 1.270229
0.7812435 1.924114 1.489097 0.1648211 0.9995743 0.8610825
0.8843894 1.597072 1.702222 0.1736217 0.8723951 0.8482124
0.9700857 1.228832 1.949057 0.1701952 0.7237416 0.7699537
0.9335592 1.013612 2.972124 0.1871449 0.8578503 1.453996
1.574368 -0.493734 4.483393 0.4623952 1.144951 1.73535
0.7139116 2.177068 1.555835 0.1766697 1.265096 1.165223
0.7594271 2.108695 1.516495 0.1646152 1.083353 0.9677659
0.9101903 1.406672 2.020136 0.1700425 0.8137832 0.9430424
1.008226 0.7625773 3.413317 0.2176825 0.9042798 1.682545
1.063124 0.7539281 2.642498 0.20177 0.7513068 1.011276
1.391731 -0.2228699 3.811272 0.3674845 1.008176 1.412077
0.858038 1.590816 1.914439 0.1540577 0.8083085 0.9070564
1.003176 0.8482362 2.597207 0.2071226 0.8365476 1.137478
1.147243 0.2747752 4.173385 0.2727008 0.9617249 1.919501
1.011384 1.037276 2.573583 0.220899 0.9224583 1.316374
0.9757186 0.987577 2.767022 0.195001 0.8401522 1.292928
1.220332 0.5329433 3.132289 0.2618299 0.850487 1.305227
1.075361 0.7238766 2.572443 0.2055033 0.7482013 0.9609171
0.9225643 1.04192 2.813505 0.184468 0.8532531 1.363155
1.559877 -0.7547194 5.428541 0.5160255 1.330467 2.275793
1.152716 0.4778292 2.759462 0.2405848 0.8006008 1.022689
1.193853 0.1270686 3.69046 0.2731623 0.8848851 1.40442
1.254597 0.2776814 3.740854 0.3047601 0.9676142 1.680659
1.059681 0.7091096 3.061171 0.2222958 0.8534702 1.361871
0.961258 0.682963 3.607579 0.222234 0.9699728 1.886685
1.212625 0.1090809 3.585743 0.3241021 1.045887 1.598329
1.351486 -0.3776707 4.488228 0.3874476 1.123133 1.814386
0.8643314 1.461333 2.049576 0.1722234 0.8854277 1.055488
0.839607 1.749238 1.939298 0.1727044 0.9732705 1.133396
1.084768 0.9597653 2.363132 0.2148311 0.803941 1.0057
1.189713 0.02410085 5.001184 0.3154266 1.082538 2.445462
1.12329 0.3484799 3.57346 0.2610607 0.923632 1.557357
1.420641 -0.5137331 5.579767 0.4209423 1.192092 2.386866
0.9693253 1.084149 2.937507 0.202269 0.9071235 1.544942
0.6261125 3.055909 0.9095013 0.1883013 1.754783 0.8341187
0.9679879 1.394473 1.868145 0.1690414 0.7434008 0.7798693
0.6113523 3.425906 0.7220546 0.1501941 1.498741 0.5277256
0.8171919 1.984656 1.392622 0.1430649 0.8274492 0.6631071
1.533284 -0.9035814 5.506957 0.5207298 1.36634 2.190692
0.9222463 1.295825 2.46236 0.1875616 0.897788 1.295449
0.8398771 1.655756 1.967204 0.1872863 1.035451 1.209824
1.004615 0.8798064 2.873257 0.2010503 0.827819 1.290778
0.8845868 1.611486 1.756303 0.1872379 0.9522858 0.9634508
0.8547201 1.495526 2.086481 0.1787795 0.9414432 1.152867
0.9102282 1.096441 2.667692 0.2049194 0.9701699 1.471236
1.209585 0.322492 3.049236 0.2626201 0.8304722 1.127674
1.098999 0.6642992 3.007383 0.2042704 0.7369674 1.128043
1.170856 0.4659056 2.909384 0.2469308 0.8151501 1.107682
1.278373 0.2950251 2.749 0.2566003 0.7426536 0.8684289
0.8045113 2.118231 1.265431 0.130274 0.7780602 0.5620399
1.124356 0.4066466 4.444985 0.2705124 1.002135 2.287389
1.004525 1.095106 2.127959 0.1830862 0.7423116 0.84855
1.41526 -0.9444627 8.636495 0.4891197 1.473494 4.193857
0.9463658 1.263216 1.95179 0.1758049 0.7760838 0.8333726
1.003051 1.216876 2.173729 0.1923993 0.8110633 0.9853703
1.046801 0.6789457 4.025367 0.2437597 0.9951702 2.21946
1.163545 0.5031839 3.0048 0.2715727 0.9229631 1.330862
1.15259 0.05001803 5.30463 0.3169674 1.139638 2.809916
1.261356 0.1682238 3.451268 0.2939534 0.8984628 1.335453
1.075561 1.123655 1.89941 0.1956981 0.7307944 0.7305989
0.855666 1.649854 1.762671 0.1758927 0.9352999 0.9582877
1.149012 0.2489639 3.692834 0.2774473 0.9552476 1.610706
1.188884 -0.07665314 4.629839 0.3251948 1.095301 2.135112
1.180415 0.5178014 2.864546 0.2529525 0.8362584 1.141588
1.336422 -0.2159009 4.331377 0.3590234 1.050554 1.752687
1.071986 0.5466681 3.49671 0.2422659 0.9200058 1.635525
1.031589 0.5464856 3.86995 0.2266037 0.9065816 1.829688
1.112862 0.08446128 5.365402 0.2960853 1.105015 2.80488
0.9582576 1.316898 1.707314 0.1670455 0.7148533 0.6575116
1.427125 -0.4759401 4.79732 0.4008551 1.100474 1.836398
1.348798 -0.4795931 4.961705 0.3880178 1.13595 1.980745
0.8837685 1.690579 1.694184 0.1477577 0.752889 0.7401465
0.8569035 1.928993 1.45586 0.1594512 0.8736539 0.7331354
1.002431 0.7604606 3.750223 0.2256289 0.9609897 2.012318
1.355439 -0.2690246 5.118948 0.384762 1.14049 2.311134
1.032231 0.9985489 2.575428 0.2034752 0.8188838 1.155177
0.9074068 1.09754 2.609708 0.1809546 0.8491457 1.253001
0.9945645 1.10948 2.065998 0.1588379 0.6416835 0.7131122
1.372719 -0.4300316 5.29112 0.3963546 1.154032 2.245392
0.790061 2.133062 1.148422 0.1420234 0.8531772 0.5456449
0.9915753 0.675464 3.179809 0.2229297 0.920075 1.521508
0.8770149 1.628083 1.769011 0.1766832 0.9092334 0.9309488
0.8190323 1.912559 1.704885 0.1864074 1.10363 1.118519
0.9535583 1.165601 2.496039 0.1933356 0.8710713 1.239001
1.073048 0.65431 3.348532 0.2304349 0.8799559 1.541667
1.207935 0.1802688 3.781209 0.3040092 0.9954884 1.681041
1.002615 0.7607457 3.121532 0.2197086 0.9057821 1.507429
0.7731453 1.916414 1.586675 0.1564975 0.9685212 0.9025677
0.9746113 0.9776835 2.776451 0.1760311 0.7511413 1.157911
0.7299938 2.110875 1.683031 0.1540735 1.069865 1.081253
0.6641149 3.009437 0.9349278 0.1803912 1.577764 0.7794547
1.147685 0.5630781 2.755651 0.2484445 0.8438815 1.111644
1.049347 0.9679378 2.337104 0.2163345 0.8404398 1.041033
1.300265 -0.1529775 4.137055 0.3222736 0.9567169 1.542462
0.9149526 1.623314 1.675994 0.1484579 0.7171151 0.6906771
1.281613 -0.04067771 3.901906 0.3391151 1.032995 1.642422
0.9310471 1.16073 2.263397 0.1764251 0.7939618 0.9969915
0.6719093 2.688779 1.072977 0.1669957 1.363949 0.8068584
0.7840108 2.041352 1.409864 0.1474952 0.9059989 0.7383939
0.9218418 1.243019 2.224995 0.1901179 0.8849215 1.112942
1.25745 -0.2338729 4.156764 0.3299933 1.014684 1.58599
0.9503562 1.109503 2.455882 0.1754691 0.7744254 1.062293
1.050665 0.7824805 2.661183 0.2090336 0.7974818 1.095031
1.053863 0.349678 3.860962 0.2320845 0.8800142 1.632508
1.411651 -0.2164942 3.77645 0.3774483 1.023076 1.425026
1.297598 -0.05847268 4.408658 0.3349813 1.021704 1.883019
0.8519404 1.862262 1.602926 0.1776326 0.9836238 0.9207089
0.8491892 1.38147 2.189665 0.1731141 0.8990558 1.142616
0.8768655 1.354961 2.062281 0.1694573 0.8351514 0.980261
1.18943 0.1044012 3.534322 0.2792193 0.9038508 1.348984
0.9926457 1.065371 2.502852 0.2172421 0.9241932 1.281829
0.74947 1.959717 1.817842 0.1378118 0.9036218 0.9947522
1.204704 0.6564554 2.235829 0.2344807 0.7351225 0.7691746
1.080906 0.7569132 2.442439 0.2253669 0.8212376 0.9994671
1.216182 0.15155 3.551704 0.2722748 0.8615395 1.318589
0.8303743 1.845593 1.652967 0.1663106 0.9449215 0.9174118
1.230117 0.436048 2.608921 0.2776669 0.8581719 1.000513
0.8667832 1.662153 1.721484 0.1610088 0.8391394 0.837074
1.331211 0.1559633 3.147021 0.3109015 0.8852863 1.15979
1.17812 0.6033689 2.497786 0.2461768 0.8032337 0.9477365
1.244874 0.1014085 4.065179 0.3048355 0.9675252 1.726403
