2.652678 2.52894 0.5483776 0.1683982 0.2869371 0.07633888
2.584886 2.750187 0.5529703 0.1854593 0.3483747 0.09337903
2.741985 2.243077 0.6570251 0.182021 0.2844441 0.09264467
2.676894 2.37134 0.6533081 0.1836982 0.3080029 0.1006591
2.815811 2.244009 0.6906685 0.1923038 0.2978456 0.1033574
2.717496 2.34224 0.6360733 0.1879196 0.3036052 0.09536019
2.7792 2.369144 0.6249884 0.1870281 0.2993578 0.09273225
2.899847 1.996223 0.761542 0.2030969 0.2895626 0.1104494
3.431744 1.566692 0.9277527 0.2531119 0.2799546 0.1263659
3.19626 1.901408 0.7754872 0.2240495 0.2814173 0.1080832
3.055171 1.882754 0.8321344 0.2216706 0.2947573 0.1231954
3.107486 1.785759 0.8350851 0.2215165 0.2824398 0.1170551
2.898204 2.228865 0.6697372 0.2011098 0.2980092 0.09902075
2.755267 2.279958 0.7063628 0.1988957 0.3208129 0.1144922
3.034633 1.990651 0.7522914 0.2051106 0.2782336 0.1047867
3.345406 1.525011 0.9460818 0.249806 0.281577 0.1289859
3.041693 1.970355 0.7692414 0.2155571 0.2903043 0.1114328
2.858632 2.206499 0.6982784 0.1969767 0.2982906 0.1046031
3.117944 1.745187 0.8510754 0.2262594 0.2846272 0.1195967
3.142789 1.863734 0.7802134 0.2150694 0.270992 0.1043384
3.089219 1.928223 0.743874 0.2166977 0.2817447 0.103112
2.879207 2.294746 0.6612952 0.1993047 0.3032532 0.09985039
2.583213 2.607219 0.5658406 0.1752089 0.3168258 0.08749186
2.755867 2.326938 0.6763872 0.1901318 0.3091 0.1053692
3.271312 1.63396 0.8943494 0.2422527 0.2841424 0.1241095
2.913401 1.989338 0.7512857 0.2068645 0.291489 0.1089255
2.959211 2.242146 0.6070701 0.1975143 0.2807547 0.08264798
3.231822 1.691211 0.954677 0.2366943 0.290213 0.1396993
2.987554 2.007754 0.692497 0.2056806 0.2786386 0.09428807
2.658204 2.592413 0.555135 0.1788266 0.3097732 0.08332669
3.036328 1.939895 0.7407719 0.21121 0.2793547 0.1018282
2.599898 2.656214 0.5746328 0.1835436 0.3356303 0.09429455
3.497962 1.37352 0.9610115 0.2655924 0.2755989 0.1236567
2.813815 2.21486 0.6974948 0.1912414 0.2940563 0.1030418
3.060945 1.878482 0.85965 0.2223426 0.2973449 0.1295423
3.097682 1.947947 0.7610333 0.2148183 0.2819259 0.1067147
3.029147 2.007227 0.7768826 0.2114524 0.2907096 0.1139107
2.782825 2.337726 0.6281921 0.1842918 0.2908338 0.09043395
3.093484 1.99715 0.7006067 0.2104743 0.2736172 0.09371065
3.018886 1.911638 0.7311166 0.2113309 0.2777709 0.09904339
3.091333 2.022147 0.7528168 0.2111891 0.2828441 0.1067315
3.215689 1.712026 0.9078795 0.2347313 0.2881707 0.130758
2.774738 2.398636 0.630179 0.1949506 0.3145318 0.09808221
3.178421 1.830472 0.7837705 0.2208016 0.2731588 0.105125
3.053757 2.038569 0.6764254 0.2075801 0.274311 0.09028226
3.190591 1.87128 0.7442682 0.218791 0.2701101 0.09814877
3.106325 1.798799 0.8042915 0.219945 0.2786898 0.1102768
3.005125 1.916498 0.787143 0.2057494 0.2771079 0.1090071
2.768796 2.137518 0.8028869 0.1959567 0.3093824 0.1282004
3.120405 1.929193 0.7440696 0.2181136 0.2808353 0.1028567
3.330831 1.574802 0.9200313 0.2394867 0.2720864 0.1218416
2.739719 2.474895 0.6203953 0.1902029 0.3178534 0.09779458
2.621667 2.499963 0.6440895 0.1858113 0.3298215 0.1063262
3.120853 1.847252 0.7872634 0.2140096 0.2729952 0.1064476
3.171493 1.806317 0.8458657 0.2277045 0.2866438 0.1210348
3.20307 1.75097 0.8816356 0.2322538 0.2870513 0.1263088
2.740027 2.21192 0.7097721 0.1955212 0.3092223 0.110196
2.973635 1.948288 0.7597177 0.2101597 0.287007 0.1081637
2.750606 2.230778 0.7011229 0.1937277 0.307794 0.1085881
2.550916 2.77424 0.5272032 0.1783688 0.3394641 0.08598903
3.245153 1.648287 0.8810428 0.2407576 0.2845668 0.1221994
3.03944 1.830514 0.7934311 0.2148203 0.2787648 0.1087972
2.873398 2.172601 0.7094423 0.2034694 0.3043381 0.1082596
3.228664 1.589921 0.9679316 0.2415954 0.2901431 0.1392497
3.268155 1.597994 0.9355966 0.2392767 0.2812751 0.1294469
3.080063 1.867354 0.7776203 0.2138122 0.2757763 0.1057771
2.946589 2.028089 0.7880986 0.2136118 0.304776 0.1215208
3.350255 1.432062 1.039413 0.2556283 0.2875913 0.1454057
3.003014 2.024298 0.7339392 0.2033929 0.2787364 0.101917
3.188763 1.594069 0.9210636 0.231055 0.2760164 0.1242581
2.706307 2.309292 0.7167586 0.1882446 0.3116935 0.1136515
3.148067 1.945281 0.7690287 0.2230159 0.2886497 0.1104931
2.937301 2.144916 0.7220882 0.2068039 0.2999166 0.1086052
2.87735 2.129108 0.677272 0.1986048 0.2884967 0.09633051
2.876043 2.207396 0.6943719 0.2082069 0.3123884 0.1082143
2.896618 2.205755 0.6925819 0.2042325 0.3040523 0.1052114
2.840523 2.147023 0.6450175 0.1936683 0.2841748 0.0895634
2.743097 2.222662 0.7077025 0.1937732 0.3076188 0.1095362
2.933034 2.1122 0.6937186 0.2027329 0.2903498 0.09998132
2.855777 2.231604 0.6618872 0.1996609 0.3006586 0.09852581
2.918045 2.209959 0.6996072 0.2024901 0.3014516 0.1060376
3.309694 1.547528 0.8937932 0.2435795 0.2750237 0.1176838
2.827751 2.312998 0.6724315 0.1969254 0.3075974 0.1034718
2.910477 2.064909 0.7232209 0.2025781 0.2896741 0.1043166
3.097753 1.80313 0.8564422 0.2214115 0.2849511 0.1220142
2.921409 2.21932 0.704448 0.1986201 0.2938464 0.1040702
3.003821 2.048017 0.7211339 0.2063919 0.2843836 0.1019559
3.062651 1.986984 0.7045218 0.2061121 0.2704652 0.09332181
3.185438 1.976804 0.6950687 0.2164868 0.2711787 0.09168914
2.710153 2.368167 0.6545915 0.1863588 0.3083656 0.1009719
3.093756 1.971479 0.7395469 0.2150201 0.2817173 0.1029509
2.844687 2.13886 0.7143689 0.1952287 0.2912043 0.1042179
2.930766 1.914391 0.8899328 0.2177634 0.3112617 0.1425353
2.899069 2.032785 0.7268754 0.1964106 0.2788892 0.1008206
3.155256 1.922092 0.8033225 0.2226807 0.288078 0.1161716
2.791199 2.408769 0.6125698 0.1857049 0.2984856 0.09050707
3.100775 1.896386 0.8052292 0.2136874 0.2781681 0.1121111
2.753844 2.458122 0.5687116 0.1778558 0.2874381 0.079578
2.660543 2.380625 0.6267883 0.183139 0.3054427 0.09455771
2.669038 2.528396 0.6088186 0.1831044 0.3174172 0.09561847
3.019231 1.919268 0.7980278 0.2183538 0.2941296 0.1172127
2.798808 2.371658 0.6100043 0.1892511 0.2979631 0.08930765
2.823857 2.274116 0.6348933 0.1871907 0.2846802 0.08905258
3.191537 1.771729 0.779177 0.2225127 0.2685021 0.1013233
3.058613 1.823268 0.7947065 0.2169153 0.2795348 0.1092072
2.642851 2.50208 0.6115851 0.1785094 0.3106722 0.09419387
3.188816 1.68764 0.8883254 0.2315481 0.2832473 0.124457
2.609113 2.509019 0.6098106 0.178335 0.3135009 0.09445572
2.672693 2.370455 0.6384343 0.1830045 0.3032184 0.09590833
2.841325 2.234423 0.6790008 0.2042155 0.3105278 0.1047957
3.063253 1.758379 0.8411546 0.2215806 0.2841866 0.1179889
3.032056 2.062846 0.6652157 0.1991202 0.2667075 0.08662676
3.31225 1.540637 0.9560677 0.2457664 0.2818959 0.1315169
2.74692 2.366048 0.6339757 0.1861192 0.3006621 0.09455198
2.859807 2.103288 0.7522744 0.2033862 0.3032123 0.1152709
3.105835 1.830322 0.7755881 0.217405 0.2745179 0.1041423
2.908635 2.157822 0.6860302 0.196071 0.2852229 0.09734974
2.770915 2.528734 0.5702302 0.1853206 0.3051806 0.08488642
3.215921 1.729382 0.8419086 0.2324375 0.2807396 0.1158696
2.915515 2.184656 0.6468192 0.1921293 0.2763915 0.08783849
2.85492 2.176415 0.6903666 0.1984722 0.2960306 0.1017248
2.900219 2.236994 0.6744013 0.2049988 0.3052223 0.1022887
2.675258 2.414538 0.6383119 0.1824259 0.3091759 0.09853877
2.615216 2.716747 0.5240931 0.181416 0.3308188 0.08324203
2.75471 2.406506 0.6247043 0.1900184 0.3070648 0.09461541
2.915782 2.146475 0.7198686 0.2040673 0.2977979 0.107452
2.826129 2.264836 0.6626109 0.1965057 0.3028647 0.09983762
3.131466 1.823232 0.8008882 0.2261761 0.2861308 0.1128754
2.970452 2.197896 0.6472512 0.2008651 0.2858402 0.09095432
2.982157 1.930524 0.8000476 0.2092954 0.2867704 0.1152122
2.926179 2.045805 0.7680196 0.2087701 0.3007529 0.1166529
3.012173 2.152594 0.6990848 0.2060657 0.2887637 0.1005116
2.707504 2.633265 0.5014661 0.1737032 0.2911634 0.06916525
3.294801 1.609249 0.8732161 0.2423154 0.2783442 0.1172589
3.18318 1.788052 0.8117025 0.2219355 0.2732063 0.1091816
3.146196 2.059002 0.6905642 0.2141021 0.2779276 0.09421249
2.959151 2.010238 0.7310193 0.2040596 0.2811895 0.101723
2.762638 2.376943 0.6278697 0.1913696 0.3064531 0.09490041
2.959954 1.959098 0.7947995 0.2078179 0.2889142 0.1155636
2.832814 2.30568 0.6676453 0.2003115 0.3133989 0.1046532
2.767844 2.241769 0.6910361 0.1866272 0.2931291 0.1017597
3.101509 1.863219 0.7818512 0.2113344 0.2707327 0.1047166
2.996335 2.010967 0.6951687 0.2052637 0.277963 0.09465231
2.945193 1.956189 0.8013188 0.2081337 0.2906311 0.1172548
2.879675 2.212919 0.6394033 0.1907578 0.2804274 0.0881447
2.913441 2.038017 0.8254057 0.2148304 0.3157496 0.1338098
3.204183 1.608383 0.9437146 0.2379136 0.2863732 0.1332964
3.303 1.611451 0.8652732 0.2374585 0.2718824 0.1135915
2.832438 2.161589 0.6770743 0.1913332 0.285818 0.09604907
2.944087 2.100077 0.6938226 0.1981453 0.2803558 0.09646124
3.412627 1.52836 0.9083585 0.249237 0.2726167 0.1187358
3.09804 1.931439 0.7477687 0.2137542 0.2770212 0.1021592
2.83572 2.272993 0.6374656 0.1947687 0.2955017 0.09265478
3.142855 1.890936 0.7835226 0.2227387 0.2838246 0.1100669
2.973852 2.005722 0.7433769 0.2039045 0.2821259 0.1045871
3.439742 1.550193 0.8857706 0.2559248 0.2777505 0.1174203
2.876792 2.180838 0.6948763 0.1958696 0.2900986 0.1006315
2.939563 1.992786 0.7862771 0.2080382 0.2935272 0.1162654
3.149739 1.829843 0.7765352 0.2230615 0.2780871 0.1055757
2.884782 2.172409 0.7161826 0.2039581 0.3026258 0.1086306
3.176238 1.859305 0.8263403 0.2320606 0.2937424 0.1210303
2.959753 2.186656 0.6424456 0.1948185 0.274456 0.08631032
3.001986 2.14243 0.7100754 0.2125881 0.3009651 0.1067312
2.911506 2.149234 0.7488615 0.199435 0.2951618 0.1123297
2.736756 2.333196 0.6668402 0.1928716 0.3145663 0.1050752
3.016843 2.040525 0.7459509 0.218033 0.3012878 0.1122494
3.287391 1.48102 1.006131 0.2496297 0.2877451 0.1412233
3.398437 1.673784 0.9036079 0.250372 0.2869789 0.1282433
3.069391 1.825754 0.8068866 0.2149233 0.2771476 0.1106067
3.055185 1.793408 0.8382743 0.2197132 0.2853374 0.118792
3.08749 1.731248 0.8609324 0.2232934 0.2829343 0.1203057
3.459085 1.480993 0.8830156 0.252548 0.2670784 0.1107953
2.908771 2.183149 0.6468926 0.1950906 0.2802212 0.08876546
3.242067 1.853861 0.7557632 0.2208692 0.2668756 0.09851148
3.56309 1.209392 1.205196 0.2914218 0.3014101 0.1724247
3.048797 1.759054 0.8531661 0.2171003 0.2797494 0.118263
2.982032 2.052392 0.7332832 0.2078898 0.2891221 0.1056339
3.194153 1.820999 0.7645282 0.2215693 0.2699816 0.1004039
3.010217 2.086558 0.7437974 0.2107086 0.2956378 0.1106442
2.699953 2.437827 0.6691602 0.1926567 0.3300256 0.1114576
3.033321 1.785107 0.853199 0.2178036 0.2847882 0.1209817
3.162941 1.737829 0.8106354 0.2196817 0.2679426 0.1059308
2.96511 2.083486 0.7334336 0.2050414 0.2893907 0.1062097
3.008207 2.088705 0.6766186 0.2016886 0.2761594 0.0918423
3.182118 1.859044 0.7607051 0.2216725 0.2745576 0.1021866
2.746582 2.525742 0.5853025 0.1795443 0.2986225 0.08585024
2.806828 2.245607 0.7135731 0.1998873 0.3129028 0.1127392
2.92635 2.163436 0.6891264 0.2047744 0.2967795 0.1015665
2.989218 1.95862 0.7588214 0.2050875 0.2793693 0.1055856
3.525505 1.350508 1.040659 0.2718319 0.2833545 0.139894
3.202475 1.858645 0.6966704 0.2173549 0.2610912 0.08686209
3.690637 1.218113 1.03378 0.2931166 0.2822831 0.1326089
2.769285 2.279081 0.663291 0.1901128 0.300051 0.09920721
3.041879 1.902624 0.8106194 0.2139345 0.2857969 0.1162442
2.765636 2.351917 0.6618155 0.1894147 0.3053598 0.1011478
2.944548 2.128594 0.7656321 0.204029 0.2979052 0.1161944
3.245075 1.646636 0.8581128 0.2364927 0.2775029 0.1153078
2.530689 2.752588 0.5524011 0.1776554 0.3411274 0.09148758
2.539617 2.768794 0.5267792 0.175877 0.3359337 0.08517093
3.070882 1.834305 0.7883355 0.2134504 0.2743438 0.1065041
2.974494 2.149963 0.6929098 0.2018019 0.2864682 0.09879768
3.317151 1.621401 0.8785713 0.2439232 0.2788753 0.1185529
3.030115 1.910257 0.7520201 0.207057 0.2733267 0.1013776
2.726856 2.191385 0.7662668 0.1944169 0.3140763 0.123382
3.034395 2.008178 0.7158631 0.2111862 0.2831217 0.09974495
2.872146 1.999316 0.7553269 0.2006307 0.2889571 0.1092282
2.771533 2.422509 0.6325118 0.1887781 0.3089355 0.09738756
3.123647 1.721712 0.9235515 0.2261215 0.2880407 0.13403
3.004039 1.959556 0.7599976 0.2040429 0.27699 0.105059
3.143712 1.898204 0.7799705 0.2213264 0.2827616 0.1093179
3.163048 1.844528 0.8408188 0.223864 0.285722 0.1207375
3.227997 1.65732 0.8596787 0.2321223 0.2751907 0.1151359
3.280701 1.559327 0.9590986 0.2449375 0.2849336 0.1338396
3.112834 1.921737 0.7619407 0.2142024 0.276041 0.1040319
3.219103 1.789664 0.8195573 0.2332961 0.2855625 0.1152695
2.596215 2.647802 0.5948775 0.1808672 0.3328603 0.09770815
3.031665 2.068433 0.740589 0.2144528 0.2975946 0.1105554
2.889634 2.09381 0.7777563 0.211242 0.312678 0.1234919
3.076763 1.909337 0.7221722 0.2089394 0.2675791 0.09403585
2.906462 2.071566 0.6962316 0.1969515 0.2796198 0.09617162
2.854933 2.09627 0.6901677 0.1945468 0.2827481 0.09640013
2.583132 2.566998 0.6035218 0.17735 0.3208506 0.09574006
2.962184 2.097977 0.6780021 0.1977114 0.2764838 0.09244281
2.887618 2.191131 0.6926222 0.2039847 0.3026238 0.104459
2.797656 2.095264 0.7661134 0.1984002 0.3025964 0.1176089
2.90158 2.210474 0.6808693 0.1979056 0.2914927 0.09873912
2.891965 2.111063 0.7153438 0.2001757 0.2933034 0.1050951
3.134351 1.860188 0.7827688 0.2169457 0.2749902 0.1063105
2.831167 2.251916 0.7000888 0.190026 0.2941021 0.1040089
2.690988 2.291643 0.683823 0.1870325 0.3073076 0.1056257
2.94477 2.199676 0.6860436 0.2090361 0.3051915 0.1042758
3.090584 1.749781 0.918398 0.2312758 0.2995138 0.1385836
2.989905 2.099028 0.7435418 0.2138525 0.3033087 0.1134215
2.977839 1.988649 0.7628422 0.209268 0.2894889 0.1104168
2.624441 2.636362 0.5263327 0.1758474 0.311553 0.07880112
2.926378 2.135639 0.6947179 0.1991418 0.2863958 0.09894458
3.010743 1.904107 0.7824489 0.2131397 0.2838994 0.1100147
3.096548 1.79556 0.7862296 0.2165612 0.2737049 0.1052933
2.962751 2.036771 0.7522888 0.2088271 0.2930287 0.1103461
2.941866 2.003857 0.7468198 0.2022701 0.2820652 0.1049515
3.243939 1.719695 0.8648115 0.2364365 0.2840116 0.1209961
2.779139 2.271682 0.6618141 0.1916741 0.3003567 0.09890293
3.070799 1.845233 0.8286711 0.223317 0.2927467 0.121132
2.785141 2.393275 0.6461845 0.1906166 0.3081678 0.09944602
3.24354 1.533306 0.9788331 0.247716 0.291422 0.1395693
2.930234 1.957467 0.7503757 0.2013101 0.2784406 0.1036185
2.91386 2.145421 0.7192621 0.2064351 0.3033133 0.1095522
2.518259 2.730449 0.5318858 0.1789526 0.3413332 0.0873567
3.119135 1.843759 0.8292878 0.2233493 0.2878922 0.1193224
2.77211 2.242795 0.7209413 0.1973189 0.3150627 0.1153101
3.122158 1.872981 0.7812532 0.2237457 0.2859826 0.1101907
3.24895 1.787954 0.768969 0.2246755 0.2671277 0.09957995
2.854121 2.327036 0.634348 0.1910896 0.2923244 0.0916638
2.775166 2.226351 0.7235664 0.1991917 0.3145209 0.1150722
3.410767 1.645444 0.8507144 0.2465167 0.2744869 0.1128434
3.165336 1.714148 0.8762494 0.2306857 0.2852453 0.1236584
3.199923 1.775535 0.8175317 0.2288251 0.2800876 0.1124964
3.155144 1.692593 0.8554185 0.2252537 0.2753337 0.1153018
2.745097 2.325525 0.6504462 0.1827796 0.2940159 0.09545837
2.848039 2.146019 0.7106732 0.1949124 0.2913571 0.1038105
3.211028 1.722865 0.8350305 0.2240072 0.2702853 0.1107426
3.159881 1.868597 0.7392441 0.2199814 0.2731364 0.09810466
2.59189 2.447094 0.6181446 0.1802978 0.3148183 0.09618164
3.022874 2.017796 0.6832051 0.2119246 0.2827088 0.09382352
2.978603 1.835189 0.852471 0.2141621 0.2898237 0.1241401
2.728718 2.458193 0.5834942 0.1846588 0.3032311 0.08638011
3.110696 1.976016 0.7433286 0.2177925 0.2853958 0.1051284
3.373697 1.492642 0.9560676 0.2545348 0.282535 0.1299943
2.935609 2.003509 0.7943486 0.2102708 0.2986562 0.1198709
3.141874 1.913241 0.8016233 0.2303811 0.2986788 0.119599
3.231335 1.654582 0.9628911 0.2403859 0.292979 0.1415289
2.631912 2.659851 0.5432711 0.1806327 0.3233965 0.08498107
3.130122 1.768591 0.8249625 0.2268966 0.2844674 0.1154063
2.787166 2.226986 0.6830112 0.1922399 0.2980822 0.1016863
2.916279 2.223395 0.6239077 0.1956172 0.2830464 0.08619036
2.69252 2.562285 0.5670354 0.1828034 0.3098331 0.08524443
3.217619 1.740486 0.8983069 0.2375638 0.2932006 0.1317999
3.237684 1.797723 0.8093201 0.2292219 0.2782051 0.1108064
2.736888 2.345318 0.5725303 0.1786764 0.2814936 0.07798729
3.021333 1.928602 0.7839505 0.2152873 0.2888536 0.1127296
3.160169 1.729728 0.8629454 0.2361472 0.2927839 0.1245316
2.915288 2.152057 0.6788615 0.19566 0.281054 0.09437393
2.761847 2.362189 0.6349027 0.19235 0.3104004 0.09777138
2.999873 2.035399 0.6995895 0.2026892 0.2742461 0.09421003
2.84323 2.272414 0.6919056 0.1984517 0.3070571 0.1068255
2.96223 2.06236 0.7367224 0.2068017 0.2909875 0.1071123
2.929778 2.155887 0.6263431 0.1994656 0.279878 0.08468014
2.894194 2.187457 0.6473372 0.1931953 0.280132 0.08900392
3.09352 1.966425 0.7283841 0.2177841 0.2826211 0.1008723
3.297138 1.65191 0.8506635 0.2378633 0.2741304 0.1127838
2.929781 2.107963 0.714283 0.2026038 0.2907952 0.1036618
2.892132 2.161494 0.7377769 0.1978444 0.2964434 0.1111697
3.073876 1.8355 0.8121355 0.2176517 0.2826232 0.1140141
2.98218 1.990863 0.744014 0.2077143 0.2852447 0.105469
2.908224 2.279004 0.6360312 0.1909304 0.2834782 0.0891471
3.074894 1.900958 0.7515427 0.2142265 0.2778668 0.1026132
2.925537 2.013811 0.7904737 0.2094812 0.3007085 0.1204269
3.09682 1.967334 0.7133733 0.2066938 0.2679486 0.0938515
3.157958 1.902751 0.7092242 0.2152431 0.2670192 0.09155988
2.473461 2.823694 0.5529256 0.1780599 0.3585854 0.09629216
2.850974 2.045657 0.748311 0.1960229 0.2865361 0.1075969
3.081428 1.917495 0.7587343 0.2149106 0.2806856 0.105286
2.954618 1.902038 0.8363393 0.213846 0.2967182 0.1253609
3.215231 1.763606 0.8655337 0.2279235 0.2803159 0.1209936
3.446314 1.467912 0.9532635 0.2544277 0.2742421 0.125177
3.038346 2.127069 0.6620859 0.1991735 0.2705391 0.08793315
3.258893 1.417311 1.052232 0.2504338 0.2888507 0.1475559
2.772791 2.235583 0.6758911 0.1876834 0.2926475 0.09876661
3.157065 1.765369 0.8193686 0.2255305 0.2788943 0.1121131
3.213977 1.748165 0.7973084 0.2318544 0.279225 0.1080306
2.826511 2.157143 0.7434707 0.1860166 0.2840035 0.1076434
3.160574 1.724914 0.8421318 0.2224247 0.2727801 0.112803
3.238381 1.608739 0.9134625 0.236863 0.27946 0.1247924
2.79384 2.380432 0.627237 0.1904627 0.3017838 0.09347866
2.989075 2.003714 0.7562352 0.2122718 0.2926022 0.1103689
2.912133 2.109745 0.6728511 0.1988874 0.2846934 0.094374
2.954163 2.036949 0.7593055 0.2061457 0.292625 0.1119645
2.90877 2.016744 0.7647874 0.2081437 0.2975988 0.1141496
2.816465 2.285792 0.6583407 0.1947239 0.3012199 0.09848643
3.289587 1.659257 0.8419833 0.2356135 0.2723698 0.1109076
3.090644 1.935583 0.7188977 0.2046704 0.262777 0.09244465
2.951066 1.983331 0.7673431 0.2098078 0.2919616 0.1118413
2.897112 2.233376 0.6775886 0.1921962 0.2868256 0.09728511
2.955574 1.993697 0.7183525 0.2019799 0.2770169 0.09801302
2.899511 2.20807 0.6495518 0.1982042 0.291167 0.09323527
3.151249 1.75091 0.8049417 0.2237255 0.2744034 0.1074884
3.05752 2.051965 0.7055748 0.2030238 0.2727565 0.09531835
3.044098 1.927888 0.7604022 0.2173922 0.2869339 0.1075687
2.641918 2.50165 0.5630249 0.1773813 0.3039791 0.08320805
2.935867 1.994481 0.7343925 0.2117156 0.2947829 0.1069036
3.347406 1.602981 0.8638494 0.2438775 0.2738992 0.1135971
2.801547 2.170255 0.6681086 0.1900148 0.2858031 0.09431904
2.93346 2.167163 0.6614621 0.2018231 0.2893006 0.09415586
3.202622 1.740613 0.8381742 0.2306801 0.2810237 0.115744
3.152635 1.697525 0.9284252 0.2309461 0.2896545 0.1348811
2.720509 2.352016 0.6245338 0.187703 0.3028242 0.09306144
2.724695 2.347563 0.6591164 0.1839364 0.2994132 0.09862128
2.680944 2.600574 0.5857386 0.1870858 0.3294959 0.09501098
3.131787 1.768659 0.8363624 0.2239976 0.279913 0.1153677
3.073755 1.820183 0.7884786 0.2172717 0.2773896 0.1071735
2.951216 2.132331 0.7147287 0.2072179 0.2972517 0.1061343
2.934121 1.970154 0.7668685 0.2093392 0.2931538 0.1122204
3.042399 2.013762 0.7249488 0.2120791 0.2856802 0.1024845
3.150908 1.947833 0.7527557 0.2194853 0.2808173 0.1044796
3.028864 2.090647 0.6750139 0.2075493 0.2814567 0.09302612
2.800781 2.438997 0.5713355 0.1876168 0.2962418 0.08206057
3.036131 1.949471 0.7536027 0.2066753 0.2744846 0.1025105
3.090942 1.873241 0.7247368 0.2126725 0.2683401 0.09403049
2.92474 2.153249 0.6722597 0.206876 0.2973341 0.09820797
2.703445 2.374887 0.651557 0.184577 0.3070555 0.1001436
2.819026 2.225856 0.6944966 0.200846 0.3091579 0.1074343
2.695627 2.446648 0.6026611 0.1865069 0.3098519 0.09152596
3.339197 1.570037 0.9042037 0.2437044 0.275173 0.1202687
2.643489 2.419153 0.6303374 0.1860513 0.3172689 0.0991056
2.861807 2.066339 0.7678841 0.199428 0.2934015 0.1138768
3.056252 1.956733 0.8077219 0.2189572 0.2965074 0.1209622
3.097387 1.809101 0.8434829 0.2201864 0.2831693 0.1191524
2.686168 2.642669 0.4965149 0.1712148 0.2911355 0.06853542
3.003503 2.16723 0.6543474 0.1975546 0.2739422 0.08803806
2.748223 2.449731 0.586854 0.1814563 0.296061 0.08517705
3.552129 1.304299 1.018778 0.2727548 0.2774146 0.131557
3.129988 1.79134 0.8133306 0.2181642 0.2746759 0.1103537
3.051707 1.982015 0.7459139 0.2207713 0.294793 0.1086781
3.316241 1.610177 0.9104692 0.2418061 0.2784919 0.1239229
2.846731 2.263967 0.6828265 0.191508 0.2939024 0.1007397
2.819493 2.195969 0.7189934 0.1903942 0.2939327 0.107154
2.653216 2.406191 0.6084442 0.1773715 0.2971408 0.08900047
3.166167 1.771106 0.8530609 0.2234419 0.2787121 0.118288
3.761777 1.24645 0.967761 0.287779 0.2695006 0.1176074
2.95378 1.956329 0.7526246 0.207312 0.284574 0.1060693
2.841418 2.327303 0.6482765 0.198502 0.3070936 0.09869103
3.239889 1.537683 0.9462463 0.2404491 0.2810155 0.1292643
3.217638 1.796058 0.8032346 0.2263502 0.2752161 0.1084818
2.984416 2.156151 0.6378931 0.2037117 0.282173 0.08742007
2.882855 2.06179 0.7595599 0.2062317 0.3016457 0.115444
2.745991 2.294065 0.710176 0.1864435 0.3033165 0.1096237
3.134651 1.689974 0.936287 0.2375138 0.2994885 0.1403023
3.337104 1.501368 0.9939364 0.2506502 0.2846617 0.1381275
2.886147 2.174007 0.6764961 0.1967832 0.2893461 0.09713166
3.175095 1.782205 0.8238206 0.2315209 0.2863953 0.1160308
3.115517 1.774725 0.9038502 0.2279735 0.294209 0.1343199
2.966497 1.957029 0.8068002 0.2114767 0.2945827 0.1199801
3.132697 1.868873 0.7647849 0.2180871 0.2759207 0.1036408
2.906206 2.032221 0.7587278 0.2022669 0.2900326 0.1105719
3.328393 1.719141 0.9138321 0.2392229 0.2846361 0.1305872
3.15963 1.733682 0.8171464 0.2211608 0.2705548 0.1079598
2.914087 2.140628 0.6550368 0.1951829 0.27764 0.08905138
2.988352 1.89581 0.836096 0.212393 0.2906691 0.1228221
2.977983 2.238521 0.6233254 0.2026861 0.286786 0.0869977
2.638912 2.548538 0.5611057 0.1771359 0.3057181 0.08322752
2.991036 1.856137 0.839301 0.2098001 0.283605 0.1198059
3.207002 1.696387 0.9186474 0.2366524 0.2897684 0.1326732
2.907908 1.963203 0.7917353 0.202218 0.2873671 0.1147763
3.207341 1.830653 0.8217707 0.2239276 0.2783149 0.1139209
3.37206 1.531661 0.8992645 0.2521739 0.2788299 0.1196516
3.157688 1.655248 0.9055288 0.2279385 0.2793978 0.1248876
2.684658 2.310732 0.6887314 0.1931165 0.3195903 0.1105595
3.213071 1.724213 0.8450221 0.227576 0.2744835 0.1138585
3.107678 1.967993 0.7593027 0.2201113 0.289352 0.1092676
3.055571 1.883866 0.7823208 0.2161327 0.283693 0.1099118
3.094119 1.84833 0.8054869 0.2203922 0.2837102 0.1132103
3.201551 1.927224 0.7275438 0.2176509 0.2703283 0.09625328
3.260195 1.760039 0.7825748 0.2279364 0.2693588 0.1021205
3.175223 1.714189 0.8544286 0.2327586 0.2852105 0.1196146
2.832964 2.255486 0.6321055 0.1860234 0.2800788 0.08706708
2.693508 2.489155 0.6102012 0.1858692 0.316596 0.0955899
2.664288 2.582104 0.5964124 0.1791534 0.3172041 0.09380366
2.798531 2.30806 0.6880939 0.2001934 0.3195536 0.1107862
3.026094 1.987888 0.7450894 0.2134762 0.2879518 0.1063508
3.146373 1.865179 0.8321317 0.2227794 0.2861256 0.1195331
2.836476 2.140243 0.699453 0.191646 0.2850387 0.09940816
3.377567 1.416296 0.9520213 0.2536464 0.2750093 0.1234283
2.867237 2.179264 0.6555954 0.1961395 0.287062 0.09238304
3.235986 1.583173 0.8702791 0.2355722 0.2734941 0.1142244
2.796173 2.429782 0.6102385 0.1856613 0.2985265 0.09006609
3.142079 1.850952 0.7819007 0.218864 0.2754961 0.1060535
2.690855 2.320432 0.6761507 0.1917715 0.3184574 0.1081437
3.167438 1.805313 0.8161187 0.223776 0.2785765 0.1122803
2.791158 2.279225 0.6411068 0.1847492 0.2854439 0.09046732
3.445423 1.524728 0.8576013 0.2501365 0.2668888 0.1077932
3.125725 1.768538 0.878776 0.2213003 0.2811958 0.1238451
3.182037 1.6481 0.8992971 0.2340415 0.2836648 0.1252489
2.92174 2.109096 0.7116923 0.2094876 0.3016997 0.106772
3.024476 2.038281 0.761783 0.2112783 0.2914895 0.1116675
2.945569 2.082031 0.7171342 0.1993884 0.2819466 0.1007988
3.103514 1.90371 0.7925962 0.2144453 0.2788233 0.1102889
3.039335 1.981539 0.7409672 0.2073262 0.277292 0.1018658
2.890601 2.261369 0.6436551 0.1992277 0.2955979 0.09362434
2.835049 2.170757 0.6770618 0.1897609 0.2829653 0.09509581
2.841595 2.284933 0.6700351 0.1954593 0.3012499 0.1008144
3.073271 1.979196 0.7321917 0.2171544 0.2865539 0.1033677
2.964661 2.001408 0.7565325 0.2113772 0.2945578 0.1112629
3.589367 1.382457 1.047707 0.2709643 0.2803477 0.141247
2.783717 2.279223 0.6659966 0.1915034 0.3010696 0.1000627
2.803304 2.227864 0.7220652 0.1949508 0.304912 0.1115963
2.971065 1.955252 0.8285741 0.2116918 0.296305 0.124871
3.102058 1.881051 0.7776385 0.2191591 0.2826369 0.1086122
3.266277 1.906156 0.7832862 0.227817 0.2814283 0.1096869
2.862185 2.121169 0.7656108 0.2024322 0.3054114 0.1192064
3.011385 1.974563 0.7241722 0.2089838 0.2798585 0.09957055
2.897498 2.15514 0.7070146 0.2070797 0.3048467 0.1076211
3.056583 1.899897 0.7664709 0.2083294 0.2720769 0.1030947
2.843802 2.227964 0.6562018 0.1979821 0.2992955 0.09713678
2.951182 2.141475 0.7011063 0.2049764 0.2940716 0.1027529
3.138969 1.903292 0.8069119 0.2241349 0.2891902 0.1166337
2.952646 2.037405 0.7274784 0.2044012 0.2862956 0.1036061
2.522735 2.647005 0.5534077 0.1728585 0.3213251 0.08619427
2.659197 2.508824 0.6065323 0.1855101 0.3209126 0.09607169
2.695562 2.546278 0.5795921 0.1772186 0.3022509 0.08595806
3.06018 1.932273 0.7524827 0.214801 0.2814799 0.1043303
3.155927 1.816085 0.8050845 0.2262089 0.2826922 0.1120235
2.802074 2.282197 0.6982396 0.1956523 0.3081547 0.1084257
2.820558 2.181772 0.7437128 0.2022856 0.3115121 0.117428
2.773609 2.336858 0.6326902 0.1890796 0.3006146 0.09418964
3.393044 1.540353 0.9063564 0.2481304 0.2739586 0.1193417
3.248059 1.702886 0.8749453 0.2327105 0.2786355 0.1203318
2.968656 2.062525 0.7350552 0.2073556 0.2922432 0.1074875
2.83853 2.244415 0.6218287 0.1935154 0.289112 0.08767204
2.576196 2.616845 0.5639278 0.1772395 0.3249745 0.08966313
3.213449 1.775898 0.7639581 0.227346 0.2712021 0.09963949
3.068728 1.940689 0.8002129 0.2174922 0.2916214 0.1174788
2.970477 2.244734 0.6381516 0.1909277 0.2733437 0.08604363
2.802819 2.351667 0.6296236 0.187536 0.2931665 0.09112066
3.024264 2.120896 0.6464782 0.2000733 0.2719544 0.08573378
3.328649 1.638845 0.9212812 0.2452303 0.2847399 0.1293625
2.987168 2.056789 0.6888807 0.2051118 0.2815432 0.09525401
2.838334 2.054661 0.816321 0.2018622 0.3037391 0.1272148
2.970269 1.997805 0.7526461 0.2095156 0.2904039 0.1089662
2.843196 2.242125 0.6421003 0.1943621 0.2932017 0.09276113
3.023895 2.0397 0.7381168 0.201286 0.2760462 0.1021275
3.067152 1.837968 0.788466 0.2115764 0.2730261 0.1062606
3.049817 1.962487 0.8046008 0.2100587 0.2851639 0.1162651
2.644516 2.402721 0.6549993 0.1795375 0.307135 0.1008674
2.715214 2.215511 0.7305325 0.190256 0.3069912 0.1138554
2.916885 1.884915 0.8249094 0.2019616 0.2816886 0.1171675
3.21341 1.678424 0.927162 0.2400766 0.2932364 0.1354069
2.952729 1.986752 0.7657825 0.208584 0.2905449 0.1111899
2.749942 2.313548 0.7050338 0.1977474 0.3227011 0.1152088
3.379591 1.634548 0.8920667 0.2468399 0.27965 0.12183
3.000111 2.083485 0.6729875 0.2040334 0.2789669 0.09189796
3.06525 1.773203 0.8808669 0.2248016 0.2921053 0.1287498
3.010409 1.962678 0.7529086 0.2126558 0.2865724 0.1068168
2.70752 2.404735 0.6490865 0.1861142 0.3115772 0.1012356
3.2264 1.683246 0.82231 0.2304431 0.2722705 0.1081512
2.896176 2.123561 0.7524586 0.2057547 0.3036568 0.1155247
2.774951 2.225155 0.728006 0.196729 0.3114047 0.1149944
3.383953 1.597526 0.894697 0.2478524 0.278249 0.1208072
3.138835 1.785717 0.8679289 0.2293054 0.2909318 0.1261282
2.839953 2.059491 0.7810191 0.2045519 0.3055558 0.1210692
2.990704 1.995969 0.7421006 0.209934 0.2872703 0.1057788
2.566457 2.608872 0.5505096 0.1689657 0.3032441 0.08079789
2.798435 2.333775 0.6379742 0.188026 0.2963333 0.09389508
2.737933 2.348885 0.6308596 0.1896617 0.3064049 0.09560193
2.929345 1.960607 0.8393131 0.2185846 0.3121091 0.133354
3.327823 1.557752 0.9455435 0.2450553 0.2802275 0.129458
3.085977 1.775352 0.8171846 0.2219723 0.280779 0.112459
2.930952 2.257807 0.6369734 0.1973332 0.2882635 0.09033909
3.087112 1.96371 0.7588075 0.2146805 0.2840697 0.1073801
2.799684 2.569554 0.5352021 0.1826628 0.2996003 0.07752214
3.150682 1.843968 0.7860708 0.2195776 0.2759599 0.1069437
2.917049 2.108101 0.7379277 0.2065153 0.3010479 0.1118115
2.924869 2.070243 0.7672476 0.209254 0.3026349 0.1173253
3.099786 1.75783 0.8748076 0.2233348 0.2851229 0.1244148
2.964874 2.128511 0.7358242 0.2098806 0.3027915 0.1123192
3.472979 1.585916 0.8608064 0.2552717 0.2751746 0.1131547
3.225906 1.954573 0.7271559 0.2204736 0.2747828 0.09823971
2.80466 2.249816 0.6631254 0.1950073 0.3005997 0.09891433
3.195223 1.710313 0.9018035 0.2377991 0.2937829 0.1319977
3.164021 1.825569 0.7728231 0.2173897 0.2690108 0.1017362
3.019553 2.053578 0.7268927 0.2067754 0.2842893 0.1030382
3.229177 1.605136 0.9414123 0.24111 0.2878931 0.133509
2.947508 2.050668 0.7728248 0.2140397 0.3068497 0.1198293
2.88592 2.249574 0.6809073 0.2037593 0.3083003 0.1049714
3.104467 1.840298 0.8416922 0.2304006 0.2983218 0.125357
2.961801 1.971017 0.7685247 0.2106129 0.2918551 0.1119743
3.198198 1.537823 0.9328804 0.2346362 0.2770378 0.1253074
3.14042 1.872829 0.7716289 0.2237121 0.283088 0.1073486
2.992334 1.979829 0.7641467 0.2095751 0.2881888 0.1101321
3.520203 1.358569 1.057484 0.2731037 0.2873547 0.1452797
2.834292 2.319552 0.6232536 0.1896272 0.2907279 0.08916717
2.992141 1.953775 0.7351551 0.210514 0.284009 0.1027489
3.207109 1.83434 0.7841354 0.2317094 0.2853127 0.1096607
3.24806 1.813084 0.7837879 0.2292079 0.2761532 0.1058006
2.880743 2.032362 0.8143458 0.211359 0.3123002 0.1299815
2.955142 2.114258 0.7030554 0.2092278 0.297624 0.1038896
3.193204 1.806328 0.8235791 0.2285078 0.2836774 0.1157232
3.086215 2.001171 0.6948627 0.2091245 0.2737471 0.09309254
3.396523 1.466197 0.9987722 0.2543375 0.2820668 0.1368039
3.158526 1.850022 0.8383306 0.227238 0.2918453 0.1230207
3.091917 1.809049 0.7699646 0.214016 0.2689243 0.1007493
3.075538 1.848359 0.8516309 0.222189 0.2930972 0.1257822
3.068964 1.931617 0.7293195 0.2098573 0.2718251 0.09699047
3.291604 1.621877 0.8695932 0.2415954 0.2787295 0.1171972
2.898735 2.172738 0.6841357 0.1974712 0.2896351 0.09860489
2.805258 2.259544 0.696141 0.2003194 0.3146444 0.110209
2.90154 2.157634 0.6916828 0.191891 0.2794346 0.09641521
2.97413 2.03847 0.6853987 0.2013885 0.2765485 0.09298722
2.99266 1.958981 0.78432 0.2094717 0.2868615 0.1127972
3.064192 1.92505 0.781865 0.2135517 0.2823666 0.110065
3.019463 1.756764 0.9245119 0.2192688 0.2912099 0.1363223
3.120437 1.791032 0.8262261 0.2240868 0.2832539 0.1156088
2.940082 2.283861 0.6132531 0.1973678 0.286227 0.08556127
3.084865 1.935705 0.7763354 0.213505 0.2813323 0.1090102
2.696536 2.431508 0.65523 0.1928349 0.3290926 0.1082951
3.339926 1.573259 0.9067513 0.2477767 0.2807725 0.1231789
3.250648 1.624395 0.8785716 0.2363497 0.2771276 0.1183044
3.044261 2.116188 0.696456 0.2137095 0.2966211 0.1027285
3.022487 1.855226 0.7796537 0.2114409 0.2782092 0.1069799
3.016592 2.049614 0.7352196 0.2031183 0.2809383 0.103613
2.637747 2.577608 0.587359 0.1844629 0.3241464 0.09316608
3.08895 1.820704 0.8265488 0.2196825 0.2836459 0.1166731
2.936524 2.085091 0.7755997 0.214574 0.3117893 0.122655
3.251588 1.854523 0.7704141 0.2299823 0.2786797 0.1050812
3.070154 1.746157 0.9042949 0.22418 0.292083 0.1330017
2.884982 2.204971 0.6666927 0.1985474 0.293103 0.09668796
2.80592 2.404304 0.5739377 0.1833526 0.2856589 0.07953134
2.974885 1.94373 0.8176169 0.2060209 0.2862559 0.1187703
2.7283 2.311982 0.6413947 0.1898298 0.3053412 0.09696884
3.004098 1.806014 0.919627 0.2203719 0.2984445 0.1399041
2.845491 2.221304 0.6905128 0.1956256 0.2967038 0.1025018
2.907004 2.131721 0.7007893 0.200315 0.2915903 0.1019183
2.859192 2.197572 0.6585005 0.1892482 0.2805118 0.09137481
3.279178 1.493848 1.068014 0.242079 0.2832368 0.1506141
3.138237 1.832313 0.7767905 0.2209167 0.2767844 0.105256
2.565595 2.712247 0.5311891 0.1717544 0.3192854 0.08185242
3.21954 1.763491 0.8314782 0.2319799 0.2826006 0.115711
2.853473 2.129899 0.6804383 0.1926095 0.2814138 0.09457574
3.052113 1.946588 0.7471014 0.2139758 0.2834336 0.1046044
3.054062 1.932791 0.8081283 0.2140761 0.2877575 0.1172485
2.837704 2.326977 0.6150672 0.1935764 0.2980991 0.09005343
2.903827 2.10554 0.7451378 0.2111461 0.3088595 0.1156922
3.118356 1.864418 0.7750004 0.2197672 0.2797355 0.1066511
2.96433 2.023938 0.7570889 0.2069696 0.2898584 0.1100045
3.274741 1.676796 0.8725249 0.2335283 0.2751713 0.1178813
3.113483 1.798471 0.842472 0.2257664 0.2883009 0.120758
2.588309 2.655067 0.5603052 0.1758499 0.3213855 0.08777206
3.582252 1.458139 0.920596 0.2655188 0.2716926 0.1180083
2.648636 2.395413 0.6905006 0.1996194 0.3442756 0.1198167
3.112351 1.670129 1.018225 0.2358329 0.304222 0.1582825
3.051415 1.928376 0.8002173 0.2183169 0.2922702 0.1172258
3.018781 2.042898 0.7607366 0.2104793 0.2918397 0.1118013
2.905616 2.295084 0.6520504 0.1975869 0.2962825 0.09587694
3.19069 1.872244 0.7615368 0.2265658 0.2804079 0.1044174
3.091461 1.853365 0.8421974 0.224741 0.2941406 0.124368
3.197752 1.635624 0.963922 0.241612 0.2952589 0.141839
2.628477 2.653698 0.5658129 0.1819839 0.3284505 0.09071662
2.972103 1.939329 0.8023709 0.2136821 0.2953641 0.1191129
2.96732 1.974847 0.7899297 0.2064834 0.2870356 0.1142118
3.311904 1.609017 0.9144814 0.246257 0.2846127 0.1271741
3.341278 1.424482 0.9994425 0.2563728 0.285673 0.1367919
2.954633 2.192514 0.652167 0.2019618 0.2887605 0.09259966
2.98389 2.081473 0.684588 0.1990033 0.2753486 0.09300828
2.868913 2.193448 0.6531454 0.1931801 0.2862501 0.09223572
2.636147 2.48215 0.6571662 0.1836828 0.3247291 0.1075322
2.482897 2.876917 0.5078882 0.1673039 0.3350682 0.08138674
3.248445 1.665309 0.8937034 0.2326635 0.2769623 0.1220222
2.998557 1.970496 0.7934702 0.2178307 0.3004974 0.1199017
2.809683 2.281423 0.6831501 0.1896972 0.2977927 0.1024516
3.136043 1.891444 0.7010685 0.2151615 0.2677951 0.09032679
3.209551 1.686027 0.9167508 0.2411016 0.2952345 0.1346352
3.145715 1.809798 0.8941036 0.2361388 0.3038505 0.137248
3.001972 2.006833 0.7229704 0.205318 0.2781805 0.09930209
3.077615 1.729997 0.8599621 0.2247219 0.2852505 0.12092
2.864707 2.164311 0.6774696 0.1999742 0.294809 0.09873679
3.102488 1.946848 0.7183798 0.2153042 0.276608 0.09693951
2.854361 2.311728 0.5889486 0.1806729 0.2712916 0.07788966
3.477334 1.505304 0.8503964 0.2497331 0.2607044 0.1035017
2.492694 2.809181 0.5070606 0.1704085 0.332112 0.08030108
3.077668 1.884386 0.7969695 0.2190997 0.2860001 0.1132525
3.073811 1.904463 0.8080652 0.2212471 0.2933731 0.1188108
2.821987 2.288064 0.6698973 0.2027591 0.3149203 0.1050019
3.1106 1.770836 0.806249 0.2203875 0.275668 0.1086605
3.089563 2.087119 0.7329697 0.21618 0.2947597 0.1083192
2.744797 2.325291 0.6477774 0.1931726 0.309648 0.09941428
3.340169 1.610561 0.8871402 0.2433752 0.2769651 0.1192726
2.815632 2.169444 0.7566723 0.2062266 0.3195772 0.1230484
2.989138 2.103897 0.7009354 0.2024188 0.2820727 0.09813994
3.02115 2.047919 0.7438417 0.2094236 0.2890256 0.1077187
2.949867 2.011428 0.7729287 0.2059594 0.2906741 0.1131899
3.064185 2.054987 0.7127134 0.2111097 0.2849322 0.100684
2.93085 2.079536 0.7149952 0.199465 0.2831616 0.1007825
3.103708 1.85682 0.7915571 0.2208068 0.2827361 0.1104478
2.813079 2.374916 0.5848695 0.1841161 0.2832297 0.0803966
3.433511 1.344624 1.061015 0.2630563 0.2830199 0.143404
2.821363 2.206533 0.7127092 0.1919623 0.2964436 0.1068913
2.869736 2.040586 0.767919 0.2005153 0.2924146 0.1132009
2.936424 2.106201 0.7140523 0.2043772 0.2940797 0.1049681
3.005237 2.148731 0.6548735 0.2046706 0.2833916 0.09086212
2.807789 2.386626 0.5748207 0.1862855 0.2892218 0.08055121
2.818734 2.160614 0.7348773 0.1922098 0.2935728 0.1092841
3.104525 1.811433 0.8196118 0.2212893 0.2822655 0.1144917
3.249655 1.531761 0.9450328 0.2408369 0.2800805 0.1284554
2.871776 2.180242 0.7475374 0.1981863 0.3006861 0.1145731
3.194528 1.793049 0.8301531 0.2276956 0.2815868 0.1157411
2.926411 2.166824 0.6524891 0.1985617 0.2845202 0.09113133
2.928012 2.117238 0.6991647 0.1976857 0.2828094 0.09834544
3.183447 1.869697 0.7875808 0.2222155 0.2783245 0.108494
2.84528 2.164124 0.7204059 0.1920255 0.2900306 0.1055116
2.921699 2.050635 0.714159 0.1949286 0.2739896 0.09704555
2.991707 2.169986 0.7089951 0.1999683 0.2855482 0.1017455
3.227699 1.66593 0.9099351 0.2428101 0.2930721 0.1317149
3.081299 1.746042 0.8265685 0.2224294 0.280794 0.1135995
2.831162 2.242001 0.6900942 0.198217 0.3055895 0.1057753
3.159912 1.821095 0.7991651 0.2208932 0.2755879 0.1085448
2.819552 2.218224 0.6666149 0.1886941 0.2862082 0.09476624
2.96229 2.137331 0.6721435 0.196284 0.278003 0.09252345
2.946211 2.049535 0.7484626 0.2032662 0.2879435 0.1081778
2.804747 2.130168 0.8106124 0.2090751 0.3262488 0.1362628
3.089396 1.874998 0.7672682 0.2172236 0.2792903 0.1053293
2.940189 2.229602 0.6453845 0.1956082 0.2855341 0.09128438
2.670153 2.463248 0.6254536 0.1821571 0.3098706 0.09611336
3.083456 1.848702 0.7876293 0.2168444 0.2785522 0.1081174
2.75817 2.313429 0.7178851 0.1967724 0.3203976 0.1168922
3.046448 1.928817 0.8210857 0.2135809 0.2879369 0.1195381
3.202609 1.72469 0.8533216 0.2299144 0.2799955 0.1177043
3.239217 1.77456 0.7948643 0.2290706 0.2740889 0.1060938
2.931232 2.321905 0.6325971 0.2009603 0.2992355 0.09334813
3.133625 1.929058 0.756685 0.2263507 0.291956 0.1090338
2.807294 2.095251 0.7760415 0.1985158 0.3027944 0.1196705
2.980978 2.055395 0.7106318 0.2055449 0.2848297 0.1002433
2.927375 2.018378 0.7516726 0.2051197 0.2899839 0.1089521
2.749621 2.467972 0.562246 0.1780884 0.2891066 0.07900251
2.844937 2.417256 0.6173992 0.1968755 0.3107856 0.09475904
3.126281 1.651435 0.9671695 0.2271041 0.2853013 0.1386019
3.478302 1.47961 0.963219 0.266178 0.2866527 0.1327003
2.983491 2.110155 0.7096638 0.2083439 0.2931156 0.1035075
3.299167 1.547699 0.8930234 0.2410933 0.2731325 0.1168677
2.952496 2.240696 0.6614078 0.2049365 0.3000294 0.09848506
3.227551 1.815952 0.8160136 0.2321613 0.2859478 0.1155349
2.770177 2.297346 0.6375392 0.1831765 0.2880106 0.09102157
3.124045 1.942111 0.7617923 0.2200495 0.2856942 0.1079815
3.088 1.872802 0.8152887 0.2162799 0.2834282 0.115848
3.315872 1.72852 0.7649138 0.2298591 0.2624681 0.09600064
3.054678 1.896556 0.8207032 0.2201622 0.2944 0.1215103
3.254447 1.603681 0.9858239 0.2380626 0.2846945 0.1402781
3.305019 1.771307 0.789046 0.2349248 0.2756753 0.1057398
3.00414 1.94367 0.7932708 0.2117956 0.2896675 0.1154917
3.02381 1.951966 0.7817576 0.2098918 0.2841979 0.1113688
2.598306 2.474163 0.6380097 0.176727 0.3130775 0.09989125
2.942111 1.986569 0.7686169 0.2049546 0.2867488 0.1103918
3.180783 1.833952 0.7850781 0.2237826 0.2774607 0.1070103
2.838921 2.215941 0.715739 0.2051162 0.31547 0.1137928
3.39442 1.546133 0.9439132 0.2491842 0.2778232 0.1276246
2.7759 2.324885 0.6112522 0.1840593 0.2878008 0.08628933
2.815314 2.272169 0.6732771 0.1909555 0.2967834 0.1000394
2.788816 2.414463 0.621094 0.1968053 0.3180272 0.09765906
2.912921 2.110142 0.794213 0.2086154 0.3087713 0.1255439
3.017652 1.893631 0.7451042 0.2120326 0.2792184 0.1018019
2.86014 2.309533 0.6538854 0.1949964 0.2988017 0.09716467
3.220774 1.686774 0.8877406 0.2347781 0.2829588 0.1238492
3.167472 1.600836 0.991994 0.2460236 0.3036667 0.1501989
2.879724 2.088234 0.7419724 0.2000662 0.2925762 0.1091049
2.705086 2.333149 0.6809564 0.1886779 0.3115084 0.1067086
2.756956 2.330226 0.6712496 0.1911872 0.3091018 0.1041227
3.101588 1.778477 0.8875742 0.2279558 0.2941332 0.1311146
3.042599 2.004582 0.8042396 0.2238423 0.3080943 0.125418
2.909307 2.208258 0.6885763 0.1932354 0.2857708 0.0986498
2.851558 2.147023 0.6901522 0.1949357 0.288151 0.09877954
3.046387 1.917549 0.8207974 0.2129832 0.2852845 0.1180379
2.806347 2.095629 0.7551202 0.1989271 0.301656 0.1151487
3.036116 2.050267 0.7066186 0.2068533 0.2799482 0.0977572
2.774495 2.346296 0.6354216 0.1875168 0.2974379 0.09358059
3.133954 1.858749 0.7714222 0.2197796 0.2767603 0.1046999
3.045467 1.834395 0.844306 0.2170575 0.2867521 0.1214434
3.070354 1.707993 0.9019144 0.2239969 0.2866013 0.1286883
2.922277 2.125193 0.7212398 0.196418 0.2852356 0.1035221
2.968434 1.973063 0.7208477 0.2058708 0.279568 0.09891599
2.846876 2.265736 0.6788003 0.1911982 0.2939433 0.1001721
3.194674 1.791093 0.8239301 0.2238517 0.2763787 0.1127137
3.127604 1.790456 0.8683959 0.2292077 0.293243 0.1275126
2.759686 2.304968 0.6565044 0.1910395 0.3036606 0.09914354
2.835713 2.315123 0.6661482 0.2035601 0.3162217 0.1048112
2.677082 2.423648 0.6330713 0.1861805 0.3140529 0.09871218
2.716678 2.44193 0.6071368 0.1788733 0.2973091 0.08932474
2.857394 2.256945 0.6455069 0.1919959 0.2894537 0.09241165
3.053576 2.095633 0.7449187 0.216509 0.3013278 0.1131447
2.837596 2.119135 0.7805525 0.2045019 0.3113183 0.1240821
3.095784 1.910006 0.8230429 0.2157926 0.2850382 0.1184715
3.028963 2.010943 0.7233738 0.2066998 0.2793291 0.1001012
3.236211 1.753284 0.8379364 0.2335549 0.2823059 0.1164324
2.924127 2.084133 0.785065 0.2122947 0.3104478 0.124039
3.270261 1.70228 0.8448116 0.237445 0.2803039 0.1155881
2.925895 2.059947 0.7637531 0.2042705 0.2950562 0.1140275
2.723646 2.371178 0.7018714 0.1920429 0.321417 0.1146515
3.325663 1.676323 0.8485669 0.243267 0.2805808 0.1156659
2.859392 2.189147 0.752548 0.2091397 0.3187096 0.1217345
3.0625 1.97355 0.7955075 0.2141056 0.2899378 0.1165755
2.7147 2.368008 0.6257723 0.1857376 0.3020875 0.0932648
3.001531 1.850737 0.8164222 0.2140615 0.2851349 0.1157804
2.976966 1.976867 0.7961281 0.209382 0.2910959 0.1169549
2.573261 2.57822 0.6284816 0.1774498 0.3280519 0.1032464
2.600503 2.640339 0.5788077 0.1746577 0.3176591 0.09027388
2.768261 2.45161 0.6121891 0.188081 0.3093558 0.09386478
3.225892 1.718484 0.8026739 0.2285033 0.271357 0.105331
3.427803 1.593506 0.8923437 0.247214 0.2730496 0.1181359
3.008063 1.876577 0.7900774 0.2167571 0.2880322 0.1124881
3.011637 1.926664 0.7868952 0.220641 0.2973714 0.1163355
3.007199 1.952403 0.8064693 0.2155441 0.2967226 0.1208544
2.887713 2.354527 0.5800124 0.1855932 0.2763434 0.07772259
3.110538 1.701084 0.9021862 0.2226108 0.2802177 0.1258662
3.059603 2.082646 0.6954467 0.2162347 0.2941093 0.100983
2.914167 2.21783 0.6916562 0.2005792 0.2975996 0.1031055
3.428811 1.551306 0.9228828 0.2599614 0.2866151 0.1277729
3.005269 2.060519 0.6956697 0.2055672 0.2818548 0.09670938
3.382217 1.507103 0.8822748 0.2480485 0.2708033 0.1130375
2.937667 2.086636 0.683299 0.1928501 0.2707071 0.09133278
2.772874 2.465142 0.5714512 0.181169 0.2913297 0.08104959
2.903855 2.11975 0.7460178 0.2035863 0.3002133 0.1133461
3.544265 1.25245 1.080415 0.2763357 0.2823584 0.1423498
2.757786 2.442432 0.6428648 0.1922765 0.3171218 0.1016073
3.556965 1.33273 0.981691 0.272308 0.2767973 0.1262722
2.932499 2.00167 0.8057122 0.209645 0.300214 0.1229619
2.977629 1.993216 0.7611609 0.2075303 0.2872185 0.1093755
2.869691 2.125309 0.7025171 0.1961396 0.2894425 0.1015982
2.916264 2.336654 0.6140473 0.1966587 0.2932916 0.08827685
2.690159 2.391247 0.6275907 0.1840847 0.3035605 0.09406865
2.909254 2.206017 0.6765876 0.1987839 0.2925155 0.09844464
2.550676 2.645659 0.5526829 0.1732167 0.3209466 0.08634293
3.314173 1.694966 0.9260252 0.2428567 0.2891748 0.1340968
2.780053 2.445043 0.5915721 0.1912202 0.3075393 0.08889868
3.233854 1.674561 0.8618828 0.2331242 0.2776654 0.1170029
2.909954 2.158372 0.6505362 0.1955443 0.2814482 0.08989304
2.795565 2.284549 0.6125152 0.1871268 0.2869265 0.08588265
3.057604 1.973263 0.7471202 0.2102118 0.2802704 0.1040539
3.058039 1.985896 0.740044 0.2066369 0.2746197 0.1008531
3.257141 1.771042 0.8105736 0.2273857 0.2713985 0.107774
3.089045 1.919072 0.729119 0.209927 0.2698598 0.09625422
3.2511 1.740952 0.8173277 0.2318136 0.2759744 0.1100335
3.014732 1.931281 0.8265364 0.2210331 0.302399 0.1262427
3.112952 1.897098 0.8184458 0.2231082 0.2917347 0.1198645
2.766722 2.284068 0.6411384 0.1863659 0.2915466 0.09237957
2.810034 2.26333 0.6830439 0.2023359 0.3175341 0.108758
2.98971 1.892251 0.7980088 0.2123595 0.2866284 0.1139615
3.143188 1.792309 0.8463851 0.2282631 0.2887891 0.1215953
2.933189 1.929969 0.7770006 0.2050189 0.283568 0.1097757
3.064736 1.961464 0.712066 0.2123052 0.2766593 0.09607657
3.1743 1.770493 0.9078223 0.2340936 0.2956896 0.1353602
2.742527 2.354662 0.6508012 0.1875093 0.305377 0.09928534
2.93036 2.120805 0.7559291 0.2058117 0.300628 0.1151947
3.284779 1.763249 0.7940646 0.2327822 0.2735605 0.1054655
3.213264 1.738044 0.890482 0.2381081 0.2937679 0.1305536
3.222445 1.717255 0.8898531 0.2305502 0.2811105 0.1245623
2.592593 2.703889 0.5226228 0.1709132 0.3134552 0.07893136
3.123707 1.968272 0.7844557 0.2161992 0.2848342 0.1123636
2.952577 1.980054 0.7485865 0.2074175 0.2861546 0.1062054
2.802388 2.171196 0.723018 0.1992822 0.3063695 0.1114961
3.032858 1.972635 0.7462049 0.2080984 0.279013 0.1033288
2.794444 2.363731 0.5975292 0.1863964 0.2911011 0.08495878
2.995005 1.991962 0.8174558 0.2127747 0.2988834 0.1246887
2.929601 2.098796 0.7395831 0.2085942 0.3012955 0.111904
2.912991 2.155591 0.7445308 0.2034236 0.3011431 0.1136705
3.352016 1.457481 1.036976 0.2513041 0.2837175 0.1439942
3.213462 1.863547 0.7411315 0.2248491 0.2742714 0.0987018
2.917963 2.014216 0.7746767 0.2030325 0.289767 0.1131867
3.066613 1.993151 0.6892577 0.2078736 0.2719337 0.09129784
3.182225 1.607462 0.9519835 0.2389586 0.2901327 0.1363916
3.161003 1.882327 0.7444895 0.213765 0.267088 0.09737456
3.368158 1.612936 0.9007956 0.2408378 0.2726736 0.1200119
2.846348 2.15886 0.7242657 0.1983457 0.3004884 0.1098777
3.01216 1.884915 0.776577 0.2072499 0.2751166 0.1058221
2.963011 2.200319 0.6401401 0.1987445 0.2829439 0.0888542
2.806294 2.331768 0.6838108 0.2002509 0.319756 0.1100553
2.980154 2.039509 0.7297957 0.2056613 0.2858326 0.1039152
3.185695 1.714328 0.8502087 0.2299201 0.2803373 0.1169822
3.065689 1.861896 0.7784485 0.2152075 0.279155 0.1071208
2.689587 2.594762 0.5346625 0.175914 0.2989449 0.0769012
2.859416 2.21169 0.6692436 0.1973637 0.2947145 0.09770632
3.232298 1.627264 0.9454279 0.231907 0.2786434 0.1311023
2.697204 2.526596 0.6028372 0.1868988 0.3202386 0.09528664
3.10773 1.670546 0.854643 0.224486 0.2768528 0.1151585
3.310745 1.558421 0.9236439 0.2427818 0.277292 0.1242622
3.132441 1.881472 0.7851022 0.2187637 0.279565 0.108798
3.29511 1.653779 0.8749076 0.2355924 0.2741729 0.1172682
3.253483 1.666674 0.9208444 0.2396082 0.2874029 0.131371
2.9476 2.268912 0.6529448 0.1981859 0.2900364 0.09382419
3.225364 1.771432 0.8216352 0.2275215 0.2762499 0.1117377
2.860674 2.156367 0.7718248 0.1986628 0.3027432 0.1198026
2.914581 2.206263 0.643892 0.1935269 0.2794274 0.08832501
2.937913 2.131252 0.6636948 0.2003277 0.2842428 0.09268183
3.180526 1.739772 0.8523023 0.229203 0.2820465 0.1186401
3.047294 1.946034 0.8065305 0.2175863 0.2941666 0.1195791
3.131363 1.735582 0.8341365 0.2293235 0.283788 0.1155986
2.888738 2.170794 0.6765026 0.201259 0.2956054 0.09904529
2.908641 2.116014 0.7463057 0.203849 0.2983225 0.1123726
3.149478 1.855201 0.8063444 0.2240232 0.2847196 0.1140548
2.926242 2.014525 0.7570759 0.2070597 0.29237 0.1105944
2.911721 2.100958 0.7071684 0.2015569 0.2889008 0.1014406
2.949934 1.948733 0.7492837 0.2080111 0.2852926 0.1056313
3.29549 1.660367 0.8830452 0.2369639 0.2767173 0.1198284
2.963236 2.089827 0.723819 0.2082111 0.294825 0.1065179
2.833762 2.332335 0.6178801 0.1912978 0.294543 0.08944533
2.954467 2.093815 0.754461 0.2067265 0.2973543 0.113448
3.293667 1.631402 0.8394751 0.2368887 0.2707909 0.1090704
3.339036 1.555754 0.904887 0.2423912 0.2726524 0.1189641
2.93849 2.085431 0.6593669 0.1972738 0.2743529 0.08820275
3.464062 1.546081 0.9603784 0.2567033 0.2824738 0.1328027
3.073271 1.752086 0.9081399 0.2225554 0.2893968 0.1324789
3.644746 1.342773 0.9098075 0.2734989 0.2656603 0.1098937
3.113826 1.902834 0.7801798 0.2144151 0.2768846 0.107383
3.064971 1.872623 0.8583951 0.2206248 0.2950865 0.1285546
3.231433 1.702338 0.881042 0.2346813 0.283292 0.1233581
3.759245 1.057386 1.196842 0.3071199 0.2893376 0.1560026
2.909041 1.94045 0.7843119 0.205759 0.2879021 0.1127189
2.656226 2.474084 0.5974834 0.1803347 0.3065856 0.08992909
3.146801 1.803661 0.8373081 0.2239565 0.2831311 0.1180193
3.106665 1.847519 0.7927768 0.2111946 0.2697631 0.1059823
3.068128 1.76239 0.7560239 0.2150857 0.2667424 0.09649148
3.325977 1.859892 0.7720792 0.2288367 0.2728139 0.1037639
2.838121 2.238548 0.7050379 0.2003779 0.3089542 0.1096971
3.151424 1.680215 0.8636298 0.2311247 0.2826754 0.1192504
3.183826 1.687072 0.8889855 0.2343177 0.2868902 0.1259361
3.120755 1.813165 0.8278788 0.222464 0.282947 0.1162703
2.758843 2.384163 0.6497288 0.1956738 0.3184404 0.103047
2.834648 2.214683 0.6251913 0.1932816 0.2862624 0.0870651
2.905833 2.250866 0.6803675 0.1955969 0.2940011 0.1004262
3.079555 2.045688 0.6674119 0.2082965 0.2735626 0.08876192
3.167127 1.931547 0.7819896 0.222629 0.2847267 0.1108973
2.867201 2.208255 0.6709498 0.196704 0.2931364 0.09757018
3.116209 1.739044 0.8548208 0.2271163 0.2858437 0.1206424
3.331586 1.489525 1.072745 0.2598775 0.30094 0.1604324
3.164814 1.682251 0.8966144 0.2290032 0.2814454 0.1248156
2.896548 2.066307 0.7563511 0.2035866 0.2956185 0.1125968
3.649914 1.183365 1.088538 0.2894125 0.2831398 0.140983
3.162215 1.829705 0.7644343 0.2227499 0.2749941 0.1022727
3.37292 1.668575 0.8289083 0.2423673 0.2733073 0.109301
2.999115 2.133653 0.6622582 0.2026139 0.2795864 0.09071329
2.778272 2.31104 0.6425092 0.1934448 0.3047539 0.09686059
2.854923 2.062533 0.7125764 0.1914655 0.2772601 0.09818349
2.96175 1.955723 0.8092005 0.2138783 0.2986953 0.121984
3.024023 2.01051 0.6820372 0.1995717 0.2649151 0.08812477
3.067887 1.970396 0.7252821 0.2132408 0.2811265 0.1003229
2.927589 2.136934 0.6814533 0.1986189 0.2854901 0.09645079
2.896083 2.257549 0.6784979 0.2035304 0.3077039 0.1044568
2.870795 2.168402 0.7479652 0.2104935 0.3185646 0.1207755
2.816617 2.284551 0.6775205 0.1982693 0.3095007 0.1049137
2.710759 2.312296 0.6869213 0.1898349 0.3132359 0.1086023
3.120236 1.886599 0.7049352 0.2143145 0.2673823 0.09065108
3.056219 1.918528 0.7710695 0.22098 0.2918803 0.1113485
2.971783 2.046535 0.7112261 0.2031354 0.2788939 0.09777773
3.355627 1.622647 0.8840432 0.2448596 0.2781879 0.119565
2.769846 2.450824 0.5578504 0.1839002 0.2938004 0.07917512
3.229891 1.731375 0.8634685 0.2351921 0.2849688 0.1215197
2.917431 2.264857 0.6289086 0.1943231 0.2860203 0.0884952
3.068637 1.886777 0.7528028 0.2148182 0.2770822 0.1020756
2.604067 2.467566 0.5674002 0.1722151 0.2938582 0.08083481
2.891865 2.236114 0.6521428 0.1966562 0.2912793 0.09385965
2.993403 1.956333 0.7873474 0.2151961 0.2956407 0.1166771
2.534846 2.519561 0.6414372 0.1834781 0.3378106 0.1081493
3.363987 1.47451 0.9556221 0.2527001 0.2795592 0.1279415
2.640322 2.351629 0.7283747 0.1992778 0.3455838 0.1284882
3.308284 1.58452 0.9337144 0.2454525 0.2836161 0.1295713
2.682749 2.560392 0.548421 0.1778538 0.3026201 0.08030052
2.632833 2.551983 0.5637785 0.1759373 0.3049624 0.08354957
3.710565 1.237128 0.9981763 0.2861615 0.2725001 0.1232333
3.038502 1.932324 0.74751 0.2083561 0.2758988 0.1018706
3.248671 1.621227 0.8922669 0.2397825 0.2817153 0.1223277
2.919865 2.083813 0.7637193 0.2042785 0.2973613 0.1151081
3.060826 1.933347 0.7179044 0.2163514 0.2814209 0.09830234
2.794687 2.140423 0.7465424 0.1948996 0.3002342 0.1136967
2.794003 2.327021 0.6450938 0.1893909 0.2975669 0.09526435
2.935018 2.081804 0.7327499 0.2090167 0.2985973 0.1092905
3.143771 1.88567 0.8263412 0.2277494 0.2950149 0.1224839
2.700112 2.489107 0.6269635 0.1932788 0.3300562 0.1027591
2.943124 2.158725 0.6985186 0.2026854 0.2926281 0.1019907
3.240827 1.629961 0.9657127 0.2510321 0.303843 0.1462273
3.048327 1.848134 0.8333436 0.2214948 0.2919167 0.1214759
2.816365 2.181493 0.7157886 0.1951656 0.2994287 0.1080503
3.028302 1.85688 0.7941447 0.2197835 0.2899879 0.113797
3.080413 1.985287 0.7393882 0.213462 0.282381 0.1034562
3.012577 2.034939 0.7709051 0.2138646 0.2980921 0.1159749
3.093438 1.644236 0.9819654 0.2331586 0.2977002 0.1471076
3.224428 1.678814 0.9607417 0.2386965 0.2934673 0.1421273
2.689878 2.32738 0.6599208 0.1801425 0.2974933 0.09842704
2.980216 2.010896 0.810028 0.2124853 0.2997038 0.1235654
2.982721 1.850702 0.7963088 0.2084669 0.2778632 0.1095054
2.739167 2.38887 0.7095024 0.1974721 0.3326791 0.1204761
2.952502 2.144769 0.7131961 0.2001548 0.2874929 0.1027605
2.675963 2.582356 0.5624825 0.1849954 0.3213741 0.0880438
2.804628 2.085704 0.78582 0.1983795 0.302665 0.1213565
3.23299 1.529925 0.9779166 0.2378718 0.2793222 0.1337349
2.877965 2.142917 0.6945272 0.2014453 0.2956705 0.102005
3.30784 1.54145 0.900168 0.2439006 0.2758449 0.1190156
3.048888 1.819734 0.8487812 0.2220415 0.2921373 0.1240065
2.915302 2.149338 0.6788885 0.1986176 0.287222 0.09661899
2.761022 2.172909 0.7045432 0.193007 0.2983897 0.1050642
3.115485 2.067513 0.6628142 0.208388 0.2718985 0.08779801
2.952228 2.023674 0.7348036 0.2069053 0.2892028 0.1056653
2.914835 1.966045 0.8058722 0.2030266 0.2890207 0.1180495
3.124255 1.853651 0.8013681 0.2149947 0.2749666 0.1096326
3.013442 2.030939 0.7245146 0.2039853 0.2779144 0.0999769
2.532643 2.934148 0.4587691 0.1709218 0.3293218 0.07003235
3.465806 1.455646 1.063468 0.2753289 0.3030135 0.1581097
2.899916 2.105698 0.7301823 0.2045188 0.297851 0.1089541
3.074581 1.816531 0.8525544 0.2225602 0.2904185 0.1239861
3.052671 1.831435 0.8053975 0.2161677 0.2812254 0.1120629
2.985798 2.053846 0.7152862 0.2060548 0.2852922 0.1012016
2.800411 2.22021 0.6668228 0.1876022 0.2870943 0.09516804
2.988661 2.129753 0.6707931 0.204977 0.286269 0.09451796
2.886696 2.207929 0.6813004 0.2025019 0.3024932 0.1027292
3.082587 1.923749 0.7531427 0.2042806 0.2655289 0.09908931
2.865199 2.230676 0.6676706 0.199139 0.2997985 0.09943834
3.449721 1.574664 0.8227948 0.2451845 0.2613992 0.101293
2.743665 2.393077 0.6285784 0.1865406 0.3028078 0.09421606
3.230931 1.511272 1.045261 0.2494865 0.2981339 0.1547161
2.993539 2.038484 0.753465 0.2061297 0.2863376 0.1082709
3.339542 1.577837 0.9554875 0.2495271 0.2862889 0.1343422
3.439158 1.427932 0.9538213 0.2581645 0.2757855 0.1244376
3.369684 1.636978 0.8125217 0.238486 0.2649137 0.1026028
2.932188 2.23014 0.6331838 0.189549 0.2745741 0.08561047
2.926884 2.236379 0.6886976 0.1989744 0.296138 0.1024638
3.273833 1.630693 0.9562898 0.2451095 0.2927606 0.1395057
3.289643 1.676692 0.9153262 0.239523 0.2842708 0.1292819
3.120267 1.901114 0.7605936 0.2168479 0.2782763 0.1044431
2.985085 1.775287 0.8201122 0.2128422 0.2780445 0.1118714
3.049622 1.884725 0.7960085 0.2158998 0.2837663 0.1121411
3.186747 1.892557 0.7729954 0.2226639 0.279889 0.1070106
2.750618 2.397747 0.6061765 0.1845052 0.2988246 0.08923972
2.752396 2.266119 0.6731147 0.1907179 0.303367 0.1021083
3.180903 1.757497 0.8263425 0.2304104 0.2821108 0.11419
2.958145 2.072866 0.7143203 0.2049913 0.2883384 0.102353
3.087353 1.935329 0.8177754 0.2222188 0.2955935 0.1218233
3.178388 1.680966 0.9563174 0.2431214 0.303105 0.1455433
2.966997 1.993934 0.6875628 0.2048582 0.2771098 0.09259926
2.832679 2.19716 0.6944597 0.189962 0.2881272 0.1003453
2.811648 2.238485 0.6704819 0.1914498 0.2942812 0.09831171
3.132905 1.786021 0.8230805 0.2255397 0.2841363 0.1154325
2.914875 2.169976 0.7080328 0.2038532 0.3002287 0.1066208
2.837413 2.33873 0.6589203 0.1993336 0.3127278 0.1028783
2.982618 2.174156 0.6312208 0.1915139 0.2660567 0.08198775
3.110112 1.719385 0.9260455 0.2282651 0.2918087 0.1359538
2.850916 2.144611 0.6953037 0.1991932 0.2963103 0.1025453
3.213757 1.990006 0.7269634 0.2187349 0.2762752 0.09923337
2.854919 2.202359 0.7016348 0.1970296 0.2979811 0.1049559
3.096985 1.689769 0.9489432 0.229339 0.2934237 0.1401066
3.563386 1.235719 1.016381 0.2807973 0.2803844 0.1296987
2.659404 2.452166 0.5904657 0.1773152 0.2970025 0.08570189
3.066115 1.96027 0.7560531 0.2090488 0.2769113 0.1041492
2.912985 2.059668 0.7513019 0.2026648 0.2926196 0.1107259
2.887596 2.221369 0.64836 0.1936935 0.2856648 0.09136918
3.385894 1.568004 0.8654153 0.2468065 0.2717109 0.1121097
3.282641 1.756165 0.8760869 0.2393507 0.2891629 0.1263862
2.936541 2.181708 0.6795846 0.2049597 0.2956864 0.09946559
2.898504 2.191624 0.6840327 0.1931682 0.2832617 0.09652501
2.950712 2.225852 0.5936979 0.1953721 0.2752648 0.07864903
3.182484 1.709369 0.8314759 0.2296251 0.2778065 0.1124108
2.970132 1.903924 0.8285552 0.2146441 0.2958782 0.1235939
3.259019 1.772629 0.8279576 0.2328747 0.2804221 0.1144205
2.81731 2.180857 0.6834591 0.1969676 0.2976259 0.1009982
2.774402 2.357974 0.6326107 0.1828618 0.2920187 0.09182986
2.971787 2.130899 0.6734521 0.1997908 0.2796376 0.09278257
3.830863 1.01879 1.177415 0.3184899 0.2912142 0.151478
3.233059 1.755595 0.8388138 0.2374861 0.2880226 0.1188694
3.1206 1.814373 0.7542043 0.2167941 0.2685475 0.09793479
2.918969 1.996297 0.7580195 0.1973654 0.2781136 0.1056189
2.905464 2.037829 0.7763442 0.2076993 0.3008006 0.1180318
3.12477 1.93995 0.7743561 0.2195762 0.2852129 0.1099341
3.005898 1.980031 0.7784778 0.2125763 0.291297 0.1136953
3.540137 1.293312 1.07099 0.2759257 0.2845364 0.14347
2.975692 2.142371 0.678424 0.2047608 0.2881435 0.09647855
3.254381 1.768862 0.8156463 0.2256409 0.2709522 0.1087477
