1.37296 1.048475 1.146467 0.2244071 0.5718854 0.2903968
0.9232425 2.438535 0.5124426 0.1213886 0.5722972 0.1388531
0.8423031 2.887659 0.4990729 0.1075697 0.6389709 0.1530288
0.9030162 2.550871 0.600789 0.1216786 0.6215253 0.1839676
0.9380512 2.239898 0.6335938 0.1268525 0.5730723 0.177754
1.04607 1.852075 0.8621071 0.1565589 0.6066744 0.2630917
0.9378836 2.222603 0.6569686 0.1264423 0.5720776 0.185409
0.9555396 2.327671 0.641793 0.1341047 0.6136133 0.1943402
1.329062 1.026206 1.127417 0.2159159 0.5625586 0.2771892
1.067642 1.718022 0.9270523 0.1497254 0.5583788 0.2619391
0.9087705 2.444804 0.6714162 0.1339617 0.6801586 0.2296374
0.9146562 2.413534 0.6173668 0.1274802 0.6239667 0.1899173
1.052399 1.746522 0.9443546 0.1592352 0.6096056 0.292019
0.8874767 2.391408 0.7022425 0.1363719 0.7082177 0.2521903
0.8663731 2.361011 0.6042662 0.1150297 0.5773182 0.1705135
1.002833 1.921515 0.8543087 0.1629342 0.677896 0.2935543
1.357701 0.7427692 1.202723 0.2413432 0.5937795 0.2842831
1.008098 2.027731 0.8062733 0.1458506 0.6143271 0.2528002
0.9620155 1.913242 0.82607 0.1397886 0.5979597 0.2494292
1.153023 1.635653 0.8488876 0.1701933 0.5586218 0.2279969
1.062127 1.947131 0.634474 0.1426996 0.520768 0.1561264
1.030739 1.835045 0.8558982 0.1526345 0.5993786 0.2577878
0.8593936 2.360951 0.7499733 0.1148144 0.6200865 0.2420165
1.035501 1.864494 0.8571831 0.1515655 0.5941385 0.2566602
0.9432667 2.526154 0.5349497 0.1206729 0.5743765 0.1479447
0.9148793 2.117206 0.8034046 0.1350693 0.6412111 0.2644273
0.9511661 2.286503 0.5971437 0.1279727 0.5680417 0.1638463
1.108649 1.752994 0.7840004 0.1544325 0.5368132 0.2040192
1.14879 1.702835 0.9888599 0.1665698 0.5797474 0.2924133
0.9997558 2.435759 0.5188221 0.1194159 0.5133688 0.1270814
0.9559664 2.119179 0.7323296 0.1326458 0.5868749 0.2157909
0.8494224 2.665684 0.5501149 0.1059333 0.5922521 0.1596564
1.37488 0.8494416 1.300075 0.242932 0.6122321 0.3391021
0.9596113 2.225725 0.6332373 0.1264883 0.5545825 0.1718696
0.9259057 2.303322 0.7079561 0.1452763 0.7025331 0.2504233
1.101762 1.832676 0.7133681 0.1545553 0.539486 0.1836818
0.8782217 2.499342 0.6218209 0.123264 0.651377 0.2015907
1.099127 1.577414 0.7887256 0.1596425 0.5277281 0.1928583
1.16576 1.296519 1.106919 0.188173 0.5953883 0.3128712
0.803953 2.798653 0.5759684 0.1164084 0.7232591 0.2043428
1.226344 1.45536 1.033494 0.1993143 0.6176332 0.3104495
0.9398128 2.226093 0.5995215 0.1201639 0.5360192 0.1560674
1.2289 1.248845 0.9702977 0.1914737 0.5489991 0.2398624
0.9871074 2.025502 0.7866069 0.1409471 0.5942653 0.2355326
1.06011 1.37712 1.04954 0.1636668 0.5729208 0.2881707
0.8741016 2.830208 0.4628376 0.1161216 0.6361459 0.13751
0.9004754 2.68207 0.5144896 0.1220704 0.6375329 0.1569425
1.027309 2.077017 0.7345196 0.142039 0.5818123 0.2145367
1.191162 1.240099 1.081188 0.1897294 0.5769455 0.2899199
0.8810535 2.584358 0.6505214 0.1263279 0.6844462 0.2235752
1.435888 0.4678243 1.468324 0.2832189 0.6632243 0.3659161
1.020112 1.663051 0.8441686 0.1434382 0.5322157 0.2173684
0.9360769 2.185818 0.705133 0.1305718 0.6002004 0.2122529
1.156341 1.427339 0.9686775 0.1757798 0.5583409 0.2560658
0.980576 2.045314 0.7903003 0.145293 0.6243052 0.249416
0.9885299 1.780661 0.8430078 0.1458459 0.5842055 0.2438639
1.1173 1.208811 1.270546 0.184855 0.6179356 0.378604
0.9561261 2.113925 0.7569174 0.1381972 0.6189427 0.2370849
0.9576439 2.200397 0.6728796 0.1274703 0.5676447 0.1900206
0.8167796 2.633863 0.6730646 0.1318545 0.7965934 0.2713495
1.045074 1.794216 0.8598367 0.1525953 0.578863 0.2477119
0.9135897 2.625996 0.5940032 0.1354333 0.7086494 0.2074051
1.010114 1.830569 0.7788784 0.1414875 0.5489963 0.209223
1.066155 1.931165 0.7198646 0.1506848 0.5634173 0.1975479
1.018843 1.699914 0.8522354 0.1485517 0.5656379 0.2361426
0.8412258 2.655075 0.5955484 0.1084408 0.6246412 0.1858219
0.992038 1.868002 0.7564857 0.1311653 0.5208994 0.1937482
1.062526 1.522533 0.9783914 0.1680801 0.6026231 0.2869718
0.8932264 2.489535 0.5849735 0.1201533 0.6113428 0.1754056
1.000413 2.190706 0.646283 0.1381601 0.5798373 0.1832902
0.9609192 2.353409 0.5988539 0.1210172 0.5505442 0.1622534
1.386698 0.4938156 1.595387 0.2817782 0.7003994 0.4367421
1.362749 0.6420199 1.506209 0.2614408 0.6657839 0.4111724
0.942404 2.416843 0.5738619 0.123078 0.569633 0.1582801
0.974888 2.326652 0.6444587 0.1366737 0.6184079 0.1976622
0.9847788 2.151338 0.6081501 0.119225 0.4882195 0.1435009
1.214761 1.302597 0.9735061 0.1850714 0.5444045 0.2433892
0.8465471 2.371151 0.7996404 0.1174651 0.6518352 0.2740764
0.8765667 2.274358 0.7570486 0.1191184 0.6126055 0.2396642
1.132051 1.439409 1.001439 0.164906 0.5416684 0.2617455
0.9547976 2.243873 0.6252895 0.1242137 0.5540506 0.1702496
0.8678294 2.770908 0.5042365 0.1198329 0.6660077 0.1601008
1.185594 1.143967 1.299395 0.200516 0.6261286 0.3868875
0.7420142 3.208271 0.4253045 0.0983439 0.6867637 0.1322055
1.162045 1.468322 0.9262524 0.1710494 0.5429729 0.2388312
0.7759485 3.083181 0.5016349 0.1162703 0.7908359 0.1875644
0.9446103 2.222243 0.7318756 0.1334719 0.6181933 0.2293157
1.039625 1.770629 0.8652882 0.1411468 0.5380093 0.2335652
1.434197 0.9032849 1.110546 0.2347092 0.5505467 0.2543685
0.808387 3.131266 0.4442308 0.1156332 0.7480184 0.153179
1.123644 1.36215 1.110666 0.1756798 0.5864033 0.3160837
0.8660641 2.52307 0.5617846 0.11884 0.6197529 0.1683969
0.8642185 2.920491 0.4532841 0.1136891 0.6438107 0.1357818
1.085516 1.962414 0.7153465 0.1496321 0.5487445 0.1914137
1.055105 1.927809 0.7454552 0.1468698 0.5577229 0.2045472
1.019636 1.807995 0.7631498 0.1417502 0.5438914 0.2022108
0.8853835 2.289384 0.6446896 0.1243595 0.6034786 0.1910307
0.9974226 2.151505 0.6599769 0.1359176 0.5734753 0.1864682
1.120429 1.474442 1.061319 0.1691295 0.5780111 0.303657
0.8972204 2.705079 0.5360942 0.1308814 0.6909095 0.1774865
0.7046805 3.319839 0.3957567 0.08465509 0.652857 0.1172292
1.185415 1.167511 1.238269 0.2043431 0.6344498 0.3698126
1.021258 2.065299 0.7089155 0.1337266 0.5441618 0.1924805
0.8865468 2.492495 0.5888348 0.1237159 0.6365664 0.1837548
1.014434 1.927472 0.7399835 0.1428649 0.5602531 0.2027654
0.9853385 1.699787 0.8799918 0.1447206 0.572461 0.248517
0.8283688 2.784987 0.5443081 0.1133199 0.6688643 0.1764614
1.19314 1.090997 1.067249 0.196178 0.5707206 0.2669839
1.085702 1.721652 0.8609594 0.1582731 0.5676435 0.2405084
0.9840779 1.927184 0.8799555 0.1497533 0.6360616 0.2865749
1.202001 1.32207 1.050602 0.1891898 0.5782093 0.2869921
1.047524 2.112009 0.6944406 0.1398284 0.558586 0.1929033
1.008951 2.106303 0.6729188 0.1361133 0.5605338 0.1857972
1.077452 1.699851 0.9903488 0.1643103 0.6140541 0.3100455
1.380404 0.8479529 1.326858 0.2428796 0.6133382 0.3497756
1.270038 1.093191 1.086655 0.2006797 0.5513777 0.2659965
1.173638 1.416159 0.9750168 0.1797078 0.5655072 0.2616941
1.15531 1.826461 0.6904074 0.1578511 0.5175136 0.1687941
0.9805871 1.728563 0.8671621 0.1370173 0.5480671 0.2361848
0.9483516 2.409422 0.5396914 0.1274383 0.5840013 0.1504581
1.171806 1.33756 1.045762 0.1964991 0.6175379 0.3038801
0.7180779 3.549566 0.3630264 0.1019243 0.8044703 0.1270876
1.07124 2.020065 0.6175425 0.1466497 0.5377904 0.1569148
0.8551771 2.682522 0.546065 0.1176108 0.6497848 0.171457
0.9708985 1.56542 1.022945 0.1504711 0.6038065 0.3082297
1.139931 1.478797 1.067517 0.1744471 0.5859073 0.3094602
0.9719021 2.284818 0.5951464 0.1262295 0.552741 0.1599462
0.9714047 1.999351 0.8532519 0.1473596 0.6411736 0.2800813
1.009339 1.589267 1.042297 0.1574368 0.613555 0.3220711
0.9512381 2.294891 0.7068144 0.1460022 0.6859546 0.2443683
1.007054 1.901967 0.8548976 0.1432697 0.5839489 0.2535856
1.078848 1.788715 0.7349215 0.1472203 0.5179592 0.1818073
0.738926 3.294455 0.4307007 0.1083861 0.7947512 0.1553493
1.066444 1.92457 0.7593892 0.1425095 0.5358553 0.2017731
1.008173 2.038465 0.6707211 0.1395394 0.5582135 0.1815467
0.9236106 2.063366 0.7417866 0.130056 0.5885085 0.2184776
1.014852 1.877896 0.8644245 0.1476381 0.5959605 0.2613686
1.131747 1.56233 1.042437 0.1734037 0.5992738 0.3136676
0.9114053 2.277142 0.6304603 0.127684 0.6027327 0.1862065
1.658134 0.2584085 1.59473 0.3504654 0.7074494 0.3937901
1.103384 1.828463 0.7277257 0.1540478 0.5374347 0.187508
0.9183315 2.622393 0.4843412 0.1145093 0.5524595 0.1252491
1.073522 1.765708 0.8753798 0.1613651 0.5974746 0.2605347
0.9717265 1.973608 0.7177753 0.1323254 0.5512289 0.1948143
1.020106 1.697965 0.8171579 0.1355161 0.5066517 0.2017866
0.7709354 2.691823 0.620866 0.109723 0.7008258 0.2175814
1.051892 1.731925 0.7265647 0.1410962 0.4999897 0.1715604
1.729873 -0.06243909 1.756029 0.3984219 0.7664671 0.4103674
1.042299 1.818871 0.6899557 0.1379492 0.5005777 0.1636331
0.8673345 3.064896 0.4201319 0.1090218 0.6334317 0.1219937
1.231946 1.093611 1.031664 0.2023034 0.5658483 0.2533514
1.15629 1.453362 0.9736463 0.1781703 0.5722792 0.2660556
0.9817278 2.402385 0.6240324 0.1348943 0.6138908 0.1894022
0.785974 3.321346 0.4492792 0.1048232 0.7354888 0.1521833
0.9772684 2.019653 0.8438323 0.1490985 0.6501785 0.2813458
1.226356 1.371233 0.9687751 0.1904835 0.5638299 0.2546182
1.200693 1.312473 1.250284 0.1962652 0.625169 0.3873442
0.8938492 2.283554 0.7375559 0.1276003 0.6401119 0.2412521
0.8662038 2.600533 0.5567943 0.1255573 0.666511 0.1785686
1.038735 1.925139 0.7781807 0.1468888 0.5714736 0.220954
0.9973036 2.104232 0.6603051 0.1272983 0.5236504 0.1698201
0.9942013 2.199831 0.5797374 0.1302845 0.5306248 0.1460536
0.7456586 3.335554 0.4108483 0.09588335 0.7040179 0.1313381
0.9521608 2.108688 0.8349287 0.1416133 0.649961 0.2809625
0.7353317 3.46565 0.3825717 0.1050511 0.790357 0.1327657
1.040035 1.831263 0.7425287 0.1404537 0.5244019 0.1888778
1.043313 1.741375 0.923316 0.1552062 0.5940803 0.2763323
0.9276929 2.346844 0.7098907 0.1380465 0.6782284 0.2446484
0.9389866 2.361154 0.6957524 0.1285681 0.6187384 0.2182978
0.9322607 2.002244 0.8077109 0.1358967 0.6090048 0.2490494
0.9872218 1.967229 0.8163552 0.1456132 0.6163103 0.2551194
1.142966 1.58944 0.7176851 0.1542279 0.4830138 0.1583007
0.7942825 2.774075 0.5462142 0.1015371 0.6177187 0.1638499
1.021418 1.86597 0.7588527 0.1398169 0.5418079 0.2018999
0.7984957 2.307069 0.7639071 0.1144262 0.6543687 0.2584768
1.161255 1.200229 1.237053 0.1856527 0.590269 0.3488894
0.9297961 2.258631 0.665035 0.122335 0.5706258 0.1895485
1.067595 1.803897 0.8093837 0.1500616 0.5573186 0.2232117
1.029424 1.995182 0.8443543 0.1462102 0.6019397 0.2616234
1.674084 0.1462962 1.775311 0.3709874 0.751977 0.4571166
1.061308 1.368955 1.146243 0.1671589 0.598225 0.3371023
1.292206 1.095037 1.042546 0.2132154 0.5716915 0.260014
1.055698 1.77241 0.8548839 0.1568424 0.5846967 0.2470518
0.8522419 2.611713 0.6233789 0.1060066 0.5983675 0.1884911
1.023046 1.879931 0.7816338 0.1488895 0.5838553 0.2253845
1.022148 1.897899 0.7530089 0.1471292 0.5739143 0.2117144
1.155955 1.285736 1.216378 0.1848614 0.6022319 0.3575919
1.084032 1.692201 0.9359905 0.158714 0.5811266 0.2737167
1.356176 0.7360593 1.331775 0.2340297 0.5858313 0.320592
1.007492 1.767431 0.8012299 0.1423843 0.5492724 0.2148288
1.157636 1.390848 1.038708 0.1847253 0.5936157 0.2948589
0.9933771 2.177949 0.7262345 0.1335114 0.5786614 0.2125924
1.164426 1.441953 0.7971995 0.1726325 0.5224833 0.1870357
1.092412 1.58051 0.7714306 0.1538691 0.5115452 0.1827905
1.152696 1.402324 0.9483778 0.172988 0.5472149 0.2435607
0.7933598 2.530051 0.7136064 0.120737 0.7372272 0.2702128
1.070869 1.450456 1.089728 0.177534 0.635676 0.3407681
1.119203 1.681423 0.8014529 0.1600248 0.5398098 0.2069878
1.078966 1.736308 0.7729857 0.1486934 0.5237376 0.1945249
1.133865 1.7813 0.8262553 0.1599329 0.5559849 0.227199
0.9773154 2.024296 0.652335 0.1281224 0.5236206 0.1650402
0.8508259 2.765237 0.5006007 0.1175574 0.6496083 0.153193
1.02041 1.711377 0.9138804 0.1507951 0.5824343 0.2657061
0.831674 2.629031 0.5465592 0.1125783 0.6346113 0.1683096
1.025976 2.165823 0.6722592 0.1323494 0.5453772 0.1825206
1.008308 2.088708 0.7284767 0.131144 0.5498226 0.2024119
0.9811939 2.018593 0.5850338 0.1317453 0.5173794 0.1406611
0.9120357 2.46258 0.6352076 0.1312499 0.6558997 0.2065972
0.8853469 2.211299 0.6920102 0.1179145 0.569348 0.1969717
1.02692 1.848931 0.8100054 0.1433424 0.5585494 0.225314
0.8199987 2.801628 0.5739203 0.116741 0.71087 0.2001226
1.056251 2.042662 0.7408315 0.1422824 0.5587572 0.2073669
0.9562884 2.017205 0.6844638 0.1206703 0.507954 0.1708233
0.9594775 2.10003 0.7573895 0.1317188 0.5833034 0.2238652
1.165929 1.523515 0.7876653 0.17413 0.5363849 0.1928307
0.8428847 2.672743 0.6318026 0.1221246 0.706869 0.2230891
1.216819 1.239203 1.164572 0.1906426 0.5744079 0.3175628
0.9767025 1.898033 0.8407531 0.1367062 0.5725385 0.2438663
0.9342896 2.233139 0.6834434 0.1275036 0.5859558 0.19953
1.008897 2.059102 0.6977498 0.1348314 0.5486915 0.1890683
1.075596 2.008272 0.6033935 0.1450696 0.5237517 0.1481423
0.9685681 1.924624 0.9602439 0.1465831 0.6456087 0.3251176
0.8364599 2.938659 0.4784141 0.122443 0.7368188 0.1657502
0.8547991 2.426474 0.6429137 0.1255764 0.6601751 0.2098118
1.200368 1.388064 0.9309476 0.1721455 0.5170013 0.2246529
1.066018 1.848983 0.8791605 0.1532283 0.5866606 0.2621447
1.17223 1.519268 0.8300549 0.1715819 0.5324481 0.2054639
1.109844 1.381767 0.8288472 0.1689506 0.5328253 0.1968122
0.9562901 2.190844 0.6676739 0.1316725 0.5874158 0.1943584
0.9767021 1.905128 0.897651 0.1440308 0.6180156 0.2861319
1.064108 2.034351 0.5902125 0.1372124 0.5049918 0.1404038
0.8940097 2.548145 0.6087689 0.1188328 0.6261233 0.1903558
0.9436293 2.090522 0.7692491 0.1302178 0.5901421 0.2313136
0.9178976 2.084821 0.7332718 0.1161401 0.529102 0.1958931
1.132368 1.47574 1.042383 0.1752014 0.5907611 0.3027035
1.061491 1.692111 0.9713356 0.1631347 0.614466 0.3019257
1.017241 1.767952 0.9224228 0.1424549 0.5644631 0.2653366
1.330099 0.9694807 1.184804 0.2271796 0.5934435 0.3049804
1.035239 2.350385 0.5480056 0.1318833 0.5391567 0.1410857
1.085423 1.657179 0.8986825 0.1544806 0.5521286 0.2453397
1.135505 1.370324 1.083701 0.1802466 0.5948296 0.3112725
1.004333 2.096454 0.7542935 0.1361406 0.5735327 0.2189182
0.991303 1.799961 0.7949278 0.1376639 0.5449381 0.2128356
1.181049 1.152002 1.155524 0.19526 0.5954736 0.3164254
0.7105947 3.61287 0.3864552 0.1025321 0.8259237 0.1386951
1.084576 1.6017 0.8138279 0.1539938 0.5228876 0.2006192
1.038195 1.724852 0.9631927 0.1492764 0.5755334 0.2822269
1.257936 1.178072 1.066466 0.2067209 0.5828662 0.2806139
0.970935 2.398865 0.4933729 0.1201579 0.5154386 0.1184544
0.9353757 2.169967 0.719377 0.1414182 0.6502653 0.2339686
0.8607762 2.690277 0.5722914 0.1180193 0.662112 0.1861009
0.9176941 2.207779 0.8114769 0.1413353 0.6891975 0.2894385
0.9887524 1.802282 0.9671983 0.1511831 0.6319217 0.3155305
1.012217 1.849282 0.8883543 0.1469947 0.59656 0.2704658
1.012918 1.798647 0.8807685 0.1483678 0.5909593 0.2624171
1.077142 1.667089 0.8146318 0.1536513 0.5406778 0.2116332
1.046536 1.699587 0.9345294 0.1622997 0.6109085 0.2845232
1.150269 1.381315 1.093758 0.1741524 0.5687425 0.3032009
0.7973193 2.955682 0.4873565 0.1161548 0.7247393 0.1651747
0.7917371 2.933583 0.5689199 0.1168556 0.765974 0.2128821
1.05498 1.66088 0.9408918 0.1555239 0.5776209 0.2712188
0.9650023 2.102228 0.9213334 0.136389 0.6289513 0.3083372
0.9757923 2.310698 0.5700263 0.1292178 0.5589503 0.1527093
0.9082494 2.045506 0.8206232 0.1322914 0.6212942 0.2612132
1.189301 1.460847 0.9827606 0.1834187 0.5759143 0.2717264
1.030118 1.806045 0.8098908 0.1577159 0.6060753 0.2407562
1.035345 1.96615 0.8251944 0.1502685 0.6045057 0.2532983
1.032496 2.102607 0.7237373 0.1478684 0.602502 0.2174836
1.318867 0.6346008 1.534245 0.2526 0.6665841 0.4209568
1.162873 1.436093 1.070829 0.1813243 0.5920261 0.3105718
1.045734 1.582841 1.025056 0.1642255 0.6148696 0.3154692
0.840286 2.883821 0.5515455 0.1314909 0.7903021 0.2101398
0.9443934 1.912372 0.8338073 0.1413878 0.6180681 0.2603814
1.126789 1.475129 0.9607688 0.1732962 0.5737046 0.2638885
1.114559 1.752122 0.7771913 0.1563456 0.5366485 0.2009769
0.8125817 3.103963 0.5170768 0.1245129 0.8267796 0.2041532
1.194944 1.492482 0.9448315 0.1710075 0.5339193 0.2432817
1.022371 2.027182 0.670258 0.1375677 0.5444751 0.17771
0.9759015 2.170791 0.6793974 0.1380472 0.5940737 0.1987984
1.046618 2.16363 0.6074662 0.1341784 0.5264811 0.1545547
0.9200797 2.617594 0.5939114 0.1363633 0.6940816 0.2012746
1.084706 1.698862 0.8735795 0.1505112 0.5386646 0.2327814
1.039101 1.747619 0.9007333 0.1492302 0.5693339 0.257239
0.7981462 3.014857 0.4886709 0.1123104 0.7178266 0.1650022
0.7016847 3.814135 0.3252823 0.0969375 0.8092883 0.1094088
0.8869057 2.491705 0.5575078 0.1182744 0.5959664 0.1605913
1.124625 1.642409 0.8938541 0.1622392 0.5546293 0.2431726
0.8304042 3.003804 0.4930212 0.1186287 0.7231517 0.1673585
0.9033366 2.374136 0.6429437 0.1247634 0.621783 0.1995964
1.052729 1.714703 0.8746459 0.1561545 0.5776763 0.2488018
1.320154 1.088484 1.033514 0.2080798 0.5427804 0.2446546
0.9674329 2.233123 0.6134794 0.1299001 0.5644787 0.1681597
1.308326 1.066946 1.133067 0.2221083 0.5968926 0.2995715
1.230339 1.046747 1.193949 0.2041374 0.5873911 0.3145978
1.061168 1.810451 0.7546213 0.1498165 0.5462796 0.1990467
1.090009 1.841622 0.8518923 0.1594824 0.5910754 0.252883
0.8342743 2.603674 0.539563 0.1108356 0.6110018 0.1589269
0.855899 2.363051 0.6987238 0.1211933 0.6364805 0.2243779
1.017523 1.666867 0.9249019 0.1522886 0.5843641 0.2681299
1.040211 2.038946 0.7486104 0.1453717 0.5804559 0.2174137
1.149826 1.465731 0.8113886 0.1644813 0.5106831 0.1893988
0.7141188 3.261893 0.4289862 0.1087645 0.8219052 0.1601311
1.137251 1.3161 1.247039 0.1833024 0.6146175 0.3794589
0.9121875 2.448649 0.6463032 0.1357956 0.6808132 0.2188819
0.9830212 2.14204 0.7096327 0.1404463 0.6059041 0.2143464
0.9812908 2.380629 0.6203425 0.1297284 0.5895805 0.1814176
1.121959 1.499398 1.054163 0.1821312 0.6269393 0.3267967
0.9551768 1.945013 0.8538955 0.1399753 0.6111936 0.266447
0.9651606 2.104841 0.7132785 0.1277507 0.5532371 0.1972038
1.108201 1.411565 1.020803 0.1736107 0.5831341 0.285113
1.145562 1.437909 0.9770014 0.1695129 0.5473709 0.2557031
1.002178 2.118513 0.6471593 0.1277936 0.5212923 0.1648203
0.9986213 1.779255 0.8847236 0.143608 0.5723794 0.2539879
0.9476067 2.112021 0.759443 0.1324775 0.6023253 0.2329961
0.9487865 2.164889 0.6849671 0.1260547 0.5622399 0.1917945
0.9194583 2.431671 0.5632424 0.1139072 0.5486373 0.1508459
1.041449 1.652605 0.9406545 0.1584951 0.5945454 0.2776677
0.9302003 2.061722 0.7220124 0.1232564 0.5510051 0.1989506
1.061914 1.50258 1.023594 0.1590065 0.5714829 0.2882173
0.9597403 1.963009 0.769236 0.1420982 0.6032905 0.230083
0.8778447 2.171681 0.7228773 0.1236894 0.6068381 0.2209312
0.9673483 2.224609 0.6504639 0.1241272 0.5483503 0.1770879
0.9113051 2.27214 0.6617023 0.1277578 0.6063877 0.1986676
0.8647275 2.519013 0.549442 0.1214832 0.631122 0.1664625
0.8700361 2.598189 0.5599376 0.1099774 0.585059 0.1601128
0.9466914 2.261091 0.7058322 0.1397233 0.6556554 0.2336833
1.24067 1.169603 1.066183 0.1958561 0.5580316 0.2689633
1.014273 2.049595 0.781491 0.1538162 0.6384354 0.2512116
1.070646 1.802952 0.735706 0.1436075 0.5129632 0.181426
0.9095154 2.485319 0.4903898 0.1146663 0.5440462 0.1249991
1.045346 1.644703 0.8880785 0.1506686 0.5535907 0.2408168
0.8563808 2.778662 0.5481111 0.1418983 0.8153098 0.215199
0.7203151 3.311108 0.4538895 0.1163813 0.8916966 0.1851612
1.102042 1.583239 0.9794593 0.170941 0.6037239 0.2932538
1.002723 1.731318 0.7944653 0.1438034 0.5464473 0.2088678
1.150345 1.369682 1.084126 0.1807932 0.5897961 0.3093877
0.9076212 2.543044 0.564672 0.1260036 0.6374468 0.1750717
1.227652 0.7677665 1.714477 0.2275897 0.6749334 0.5219035
0.9916711 1.848007 0.8653149 0.1381502 0.5665488 0.2488502
1.124106 1.676683 0.8082797 0.1612095 0.5446255 0.2114083
0.9549763 2.118132 0.6878615 0.1316181 0.5724686 0.1941826
1.192155 1.43045 0.8518941 0.1756531 0.5266212 0.2054071
0.9614772 2.098012 0.6717515 0.1303819 0.5586552 0.184017
0.9632396 2.10431 0.7663923 0.1361564 0.604192 0.2351107
0.9364255 2.313615 0.6107645 0.1219965 0.5627079 0.1686174
1.061919 1.81058 0.7577889 0.1467559 0.5320247 0.1948079
1.122236 1.328501 1.104474 0.1700153 0.5623215 0.2992587
1.13739 1.598158 0.9531272 0.1723295 0.5838855 0.2740547
1.170109 1.298228 1.115393 0.1894298 0.5974399 0.3167432
1.15392 1.446663 0.954193 0.1728859 0.5533903 0.2511412
1.099508 1.389015 0.9845667 0.1656378 0.552146 0.257002
1.04673 1.763894 0.7726017 0.1378282 0.5102664 0.1925503
1.203773 1.359579 0.9855635 0.1863742 0.5634434 0.2597236
1.047771 1.807579 0.8555723 0.1463015 0.5572003 0.2390208
0.8360249 2.469578 0.6978278 0.1244534 0.706688 0.252059
1.018301 1.730626 0.8598098 0.150658 0.5797664 0.2458128
0.812622 2.974844 0.4613412 0.1143367 0.6997972 0.1497435
0.7998963 3.031617 0.4348541 0.1054552 0.6568913 0.1310778
1.176991 1.258231 1.036154 0.1854943 0.5668039 0.2708422
1.157526 1.48324 0.9760223 0.1727774 0.5598583 0.2641804
0.9808173 2.256011 0.5941434 0.13338 0.5696346 0.162827
0.8145853 2.715861 0.4898526 0.09879744 0.5619563 0.1307037
0.9309253 2.14177 0.7407529 0.1320498 0.603621 0.2248975
1.066757 1.870867 0.8490294 0.1547506 0.5906027 0.2529435
1.025302 1.889237 0.7971595 0.146347 0.5752398 0.2281588
0.7658184 3.075347 0.4191207 0.1015997 0.6671501 0.1271437
0.9519977 2.011619 0.8532102 0.1395962 0.6319689 0.2795325
0.8925872 2.436713 0.5857237 0.1207176 0.6064523 0.1739143
0.9538946 2.264501 0.6571761 0.1332593 0.6064463 0.1976245
1.193059 1.370705 1.026812 0.1848891 0.5703695 0.2779831
1.186321 1.086536 1.121412 0.1910297 0.566814 0.2843092
0.9596562 2.350818 0.5522914 0.1259321 0.5614223 0.1484661
1.016379 1.867737 0.9178689 0.1549184 0.6331004 0.2985494
0.9952463 1.705032 1.065826 0.167874 0.6948246 0.3837615
0.8735821 2.613828 0.5157155 0.1152937 0.6000389 0.147298
1.016667 2.19018 0.6173859 0.1323879 0.5392827 0.1615669
1.063729 1.764911 0.8827197 0.1609933 0.6054734 0.267345
1.044729 1.73907 0.9053029 0.1487682 0.5646497 0.2568258
0.9495171 2.211845 0.6166346 0.1293856 0.5651483 0.1682632
0.9684887 2.116808 0.7346778 0.124452 0.5444207 0.2026534
0.9272356 2.257129 0.7522074 0.1345183 0.6493625 0.2502627
0.8260027 2.708651 0.5912937 0.1306623 0.7710677 0.2234294
1.052104 2.032863 0.6872901 0.141868 0.5459975 0.1835764
1.087662 1.771916 0.851932 0.156507 0.5696807 0.2412411
1.257096 1.083522 1.075139 0.2075452 0.5741157 0.2707491
1.335538 0.7901767 1.558941 0.2372661 0.6336775 0.4366604
0.8204434 2.719042 0.5295285 0.1043329 0.6077231 0.1559829
0.9559764 2.358297 0.6585715 0.1249481 0.581365 0.1919853
1.224645 1.570851 0.8663492 0.181016 0.5517066 0.2277919
0.9106254 2.256506 0.7715084 0.1358943 0.6738209 0.2680015
0.7888104 3.131577 0.4800628 0.1227722 0.8254854 0.18485
1.041798 1.633655 0.8834727 0.1483487 0.5441923 0.2348487
0.952875 2.154972 0.6940712 0.1280814 0.5629274 0.1939042
1.060922 1.72938 0.8125447 0.1522533 0.5498455 0.2163459
1.028421 1.855565 0.7544205 0.1443596 0.5525892 0.2033741
1.2327 0.9924552 1.161425 0.2142687 0.604834 0.3047924
1.346783 0.9415842 1.114346 0.229764 0.5807966 0.2722707
0.6785494 4.153657 0.3295076 0.1846661 1.740549 0.2285816
0.9896972 2.156221 0.7459495 0.1416113 0.6165058 0.2326443
0.976759 2.279119 0.5567881 0.1274529 0.5442349 0.1443131
1.154767 1.24224 1.223898 0.1919191 0.6201626 0.3651142
1.301616 1.304013 0.9777369 0.206788 0.5706192 0.2559396
0.721737 3.814318 0.3575273 0.1391131 1.167566 0.1763832
1.028839 1.769585 0.8987603 0.1572444 0.613554 0.2769422
0.8110389 3.109188 0.5508571 0.1090381 0.7180383 0.1905281
1.218612 1.211135 1.049582 0.1909486 0.5573005 0.266768
0.8129207 2.839784 0.4986064 0.1085617 0.6486167 0.1534771
1.099178 1.577954 1.09781 0.1677422 0.6064122 0.3404152
1.082194 1.743546 0.8310667 0.1490031 0.5359131 0.2193846
0.8998373 2.746032 0.5538894 0.1211804 0.6499766 0.1749464
0.8483918 2.760709 0.5189389 0.1274551 0.7244632 0.1792577
1.043744 1.858861 0.7481802 0.1399449 0.5248094 0.1917512
1.199642 1.373458 1.023895 0.1851495 0.5673991 0.2756374
1.00322 1.930386 0.6441229 0.1362456 0.519673 0.1574978
1.097642 1.464689 0.9913201 0.168825 0.5767518 0.2757154
1.059722 1.739991 0.9195007 0.1486161 0.5602112 0.2609189
1.036802 1.757466 0.9108028 0.1609365 0.621671 0.2841397
1.012868 1.93591 0.6785774 0.1381431 0.5335426 0.1736559
1.001471 1.780628 0.9043755 0.1471887 0.593321 0.2715774
0.8122211 3.041782 0.5385966 0.1166028 0.7575224 0.1963683
0.9701206 1.985952 0.8371349 0.1451464 0.6306943 0.269561
0.7751054 2.802581 0.523038 0.1049946 0.6523615 0.1630067
1.18574 1.427245 0.9667711 0.1814174 0.5637211 0.258256
0.8071238 3.054353 0.5023405 0.1155496 0.7444309 0.1767931
1.060184 1.629467 0.9170714 0.1549888 0.5639117 0.2546449
1.013639 2.055395 0.7421064 0.148125 0.6112143 0.2264173
1.16052 1.504051 0.8292627 0.1710526 0.5364641 0.2063295
0.9189803 2.46612 0.6872964 0.1391616 0.7152551 0.2499499
0.9823561 2.207393 0.6245727 0.1364584 0.5821288 0.1764546
0.7110816 3.317619 0.4314429 0.09314922 0.7134078 0.1405128
0.9366718 2.326468 0.6105556 0.1238842 0.5734286 0.1716451
0.934984 2.242458 0.6873817 0.1311758 0.6072733 0.2083274
1.153919 1.543962 0.751009 0.1650623 0.507396 0.1726029
0.9253154 2.508987 0.5084573 0.1185009 0.5574041 0.1337151
0.8844748 2.436581 0.6506395 0.1249634 0.6521735 0.2133034
0.9705343 2.055391 0.710588 0.1344693 0.5685391 0.1993605
1.001632 1.991574 0.6617108 0.1224522 0.4807819 0.1544838
0.9988078 2.422019 0.5816641 0.1397903 0.6207967 0.1754245
1.031752 1.754636 0.7710242 0.1407763 0.519321 0.1928428
1.073731 1.382912 1.227652 0.168386 0.6051457 0.3731895
0.8275678 2.959897 0.4442171 0.1015335 0.5978666 0.1230413
0.8822791 2.489577 0.5878648 0.1143462 0.582668 0.1678602
1.039477 1.914629 0.7624613 0.1519116 0.586644 0.2200502
0.9172858 2.852707 0.4833627 0.1263579 0.6806402 0.1560227
0.8768634 2.299651 0.7122423 0.1082338 0.5479053 0.1998533
0.925602 2.583832 0.5751739 0.1218925 0.6092496 0.17153
0.9329283 2.326031 0.7170305 0.1351976 0.6559771 0.23942
1.003756 1.767667 0.988683 0.1494688 0.6122934 0.3132918
1.028989 1.587239 0.9224163 0.1515538 0.5616847 0.2529078
1.02405 1.801316 0.8118146 0.1405725 0.5438009 0.219013
0.9027423 2.212893 0.774434 0.1275238 0.6236177 0.2480481
0.8558257 2.645374 0.5736419 0.1152064 0.6404032 0.18049
1.165107 1.347206 0.9661584 0.1779437 0.5514151 0.2472118
1.130431 1.436642 0.9615253 0.1620427 0.5282643 0.2426737
0.9502656 2.512352 0.5923518 0.1344138 0.6461618 0.1873757
1.06389 1.892459 0.698818 0.1434278 0.5247595 0.1764753
1.328788 0.6972044 1.559888 0.2478352 0.6570717 0.4359428
1.032121 1.741133 0.8795491 0.1482252 0.5670108 0.2486451
0.8685236 2.547518 0.5410298 0.1108934 0.5719556 0.1488433
1.095932 1.556622 0.8367579 0.1574057 0.5287395 0.2084847
0.9351249 2.289472 0.5728047 0.1221923 0.5481764 0.1505742
0.9702028 2.236899 0.5784945 0.1298257 0.5548588 0.153368
0.9439558 2.153665 0.6597239 0.1327434 0.58862 0.1902691
1.180194 1.357333 0.9753577 0.1783383 0.547381 0.2492439
0.9717056 2.343463 0.5839984 0.1367106 0.6105018 0.1724174
1.056093 1.485535 1.280646 0.1691113 0.6446268 0.4310265
1.196413 1.533755 0.8173658 0.1704117 0.5165028 0.1963401
1.533826 0.261545 1.442374 0.3160289 0.6730373 0.3269895
1.204071 1.433004 0.8510951 0.1806458 0.5358421 0.2082713
0.9561371 2.170307 0.7035813 0.1373247 0.6107801 0.2138716
0.894313 2.48606 0.6572805 0.1386724 0.7258162 0.2390813
0.8907559 2.331914 0.5983727 0.1139135 0.553223 0.162108
1.385445 0.6662668 1.433902 0.2539233 0.6291102 0.3685322
1.152775 1.100651 1.226072 0.1874546 0.5850207 0.3305767
1.027107 1.69975 0.936346 0.1539288 0.5951984 0.2799876
1.394413 0.6311572 1.465761 0.2535787 0.6228228 0.3705063
1.132968 1.476674 0.9475261 0.1726177 0.5658016 0.2557185
1.246762 1.417011 0.9296224 0.1923252 0.56194 0.2437677
1.017637 1.735252 1.080882 0.1688888 0.6883977 0.388461
0.8885895 2.378443 0.6517153 0.122205 0.6216816 0.2031406
0.8011324 3.098344 0.5070657 0.1111922 0.735675 0.1773182
0.9164719 2.375782 0.5581165 0.1211849 0.5687435 0.1522913
0.995581 2.196347 0.7634925 0.1498868 0.6651656 0.259474
0.8497122 2.441524 0.5898406 0.1190159 0.6334299 0.1832123
0.919951 2.303309 0.622647 0.1278834 0.6027563 0.1840209
1.131467 1.383304 0.9951154 0.1673427 0.5410621 0.2551145
1.139739 1.573415 0.748646 0.1611693 0.5078457 0.1739426
0.9940398 2.01873 0.737593 0.1258898 0.5229365 0.1941035
0.9382505 2.357871 0.6491484 0.1360543 0.649316 0.2097128
1.147209 1.437146 1.021035 0.1741201 0.5700169 0.2819869
1.119911 1.458494 0.9310444 0.1732705 0.5708706 0.2509784
1.097313 1.661396 0.8967334 0.1572689 0.5553186 0.2458399
0.8898166 2.512461 0.5891975 0.1226005 0.6189923 0.1773657
0.8480756 2.249923 0.6903146 0.1179171 0.605713 0.2095551
1.117824 1.867858 0.669273 0.154137 0.5260236 0.1659654
1.073796 1.663655 0.8695027 0.1490917 0.5330144 0.2273666
1.278774 1.151633 1.294651 0.2206285 0.6397331 0.3936285
1.080432 1.700645 0.9373541 0.1603999 0.5900482 0.2782756
0.9132261 2.418933 0.6235621 0.1256757 0.6188573 0.1910598
0.9429212 2.4339 0.6379885 0.1253514 0.6000465 0.190789
1.109549 1.613195 0.9024525 0.1692102 0.5818198 0.2549451
0.914431 2.333598 0.6598542 0.1263491 0.6179817 0.2044639
1.018727 1.751472 0.8240443 0.1481655 0.5643583 0.2270969
0.9199809 2.181078 0.7590601 0.1296838 0.616964 0.2393639
0.9537649 2.217504 0.659541 0.1255084 0.5592494 0.1826848
1.135067 1.539566 0.9737763 0.1732467 0.5835666 0.2782829
1.046552 1.448538 1.215449 0.159677 0.5990537 0.3723548
1.083458 1.883198 0.760591 0.1483963 0.5402438 0.2015696
0.9270336 2.295486 0.6893372 0.127483 0.6059979 0.2100084
1.104325 1.561062 1.122196 0.1812601 0.6545427 0.3748978
1.086402 1.622387 0.8500182 0.1631006 0.5667331 0.2307298
0.9264896 2.540583 0.5849551 0.119582 0.5913634 0.170087
0.9992712 1.960362 0.7093582 0.1373728 0.5466815 0.1887831
0.9761704 2.140534 0.6410187 0.1270485 0.5350211 0.1672081
0.8576427 2.700876 0.5754629 0.1210217 0.6809932 0.1919159
0.6874016 3.634088 0.3836209 0.1098659 0.9194748 0.1523391
1.161859 1.3259 1.017004 0.1787077 0.5593459 0.2664638
0.8965146 2.37995 0.6871727 0.1307091 0.6586858 0.2275991
1.248483 1.007044 1.18487 0.215585 0.6057303 0.3154127
1.042829 1.966647 0.7561936 0.1447435 0.5641017 0.2118666
0.9561922 2.224699 0.6553195 0.1323686 0.5915678 0.1912816
1.124498 1.414838 1.020741 0.1703936 0.5657708 0.2782826
1.013455 2.026544 0.6707795 0.1395933 0.5523801 0.179276
1.105098 1.619605 0.8707671 0.1618848 0.5555074 0.2337687
1.055622 1.78983 0.8010757 0.1527749 0.565191 0.2211825
1.133982 1.171792 1.414726 0.2015721 0.6772744 0.4702883
1.115739 1.352747 1.034361 0.1678492 0.5535483 0.2725137
0.9945622 1.97414 0.8077378 0.1384676 0.5776436 0.2365296
1.335858 0.8218345 1.337138 0.2306959 0.5980382 0.3410994
1.278768 1.191589 1.065627 0.1991586 0.5543043 0.2696607
1.170608 1.41972 1.060073 0.1802995 0.5802777 0.2993915
1.122988 1.689537 0.778373 0.163484 0.5473757 0.2020526
1.14695 1.702066 0.7587432 0.154523 0.505349 0.182622
1.126968 1.388883 0.9019172 0.1747829 0.5577947 0.230897
1.035705 1.799262 0.8363654 0.1564498 0.6010735 0.2488153
0.9479826 2.242779 0.6764173 0.1288201 0.5831033 0.1961111
0.9831142 1.922593 0.7615667 0.1401246 0.5732795 0.2154605
1.084446 1.685824 0.9453047 0.1615341 0.5910755 0.2810382
0.8913062 2.636341 0.5740283 0.1203855 0.6406799 0.1806135
1.015376 1.686118 0.9062621 0.1533335 0.5916562 0.2656555
1.203848 1.136189 1.198685 0.2022721 0.6088122 0.3375033
0.8834111 2.571346 0.5811306 0.1126646 0.5901167 0.1688496
1.173953 1.433587 0.8718534 0.1719624 0.5237258 0.2102179
0.8343208 2.754199 0.4948923 0.120206 0.6833759 0.1594542
0.8997422 2.584661 0.4957327 0.1162293 0.5659117 0.1311982
1.10877 1.726825 0.8389277 0.1571566 0.5492605 0.225922
0.9152376 2.165683 0.7072957 0.1282067 0.6002468 0.2127475
0.8866409 2.736961 0.4840708 0.1105491 0.5831565 0.1336338
0.9303855 2.094127 0.7146035 0.127165 0.5707827 0.2031968
0.9838709 2.155806 0.6939596 0.1314764 0.5651481 0.1956393
0.8878226 2.645309 0.5558484 0.1265536 0.6732008 0.1816226
0.8689318 2.495162 0.6977964 0.1213739 0.6578745 0.2340444
0.9501862 1.764654 0.8996599 0.1337435 0.567178 0.2588522
0.9388949 2.47497 0.6669166 0.119134 0.5932931 0.2018684
0.8227344 2.881206 0.4831488 0.1106017 0.6574083 0.1495762
1.115359 1.658102 0.7821499 0.1553641 0.5174336 0.1915422
0.878023 2.69516 0.5307732 0.1110658 0.5963399 0.1530253
1.360011 0.9257609 1.076614 0.2281692 0.5642428 0.2515966
1.305996 1.204896 0.9327609 0.2045727 0.5414407 0.2214582
0.991284 1.902458 0.7773788 0.1330637 0.5439446 0.2114572
0.876686 2.76384 0.5313163 0.1116858 0.6229504 0.1612414
0.9277729 1.881318 0.8842267 0.1410961 0.626859 0.2820399
1.041139 1.86776 0.7457699 0.1449933 0.5518156 0.2012249
0.9499057 2.304694 0.6024928 0.1308987 0.5874951 0.1714298
0.8614927 2.721698 0.515526 0.1180175 0.6517931 0.1608215
0.9485726 1.974225 0.8101412 0.1400661 0.6158262 0.2523863
0.9778359 2.12145 0.7647969 0.133674 0.5833511 0.2267451
0.9087961 2.465189 0.6596327 0.131615 0.6689827 0.2212857
1.035939 1.8154 0.815591 0.151023 0.5737902 0.2302121
0.847907 2.798174 0.5128008 0.1065489 0.603657 0.1483523
0.7913583 2.871234 0.6245132 0.1425954 0.928281 0.2853928
0.8427092 2.548101 0.5471378 0.1145582 0.6118959 0.1607618
1.140921 1.883287 0.6956485 0.1487529 0.5051996 0.1693094
0.9660865 2.407017 0.5613693 0.1290591 0.5780395 0.1557735
1.045706 1.684948 0.8747343 0.1444067 0.5322585 0.2294871
0.9972605 2.286334 0.5922222 0.1382428 0.5941927 0.1703933
0.879699 2.609373 0.61736 0.1255284 0.6809122 0.2090141
0.9286147 2.480156 0.5781791 0.1205054 0.5842314 0.1653632
0.932957 2.450298 0.6079493 0.1234691 0.5951751 0.1785445
0.8929592 2.413439 0.6092514 0.1271835 0.6299978 0.1874491
1.153875 1.470094 0.9112121 0.1695166 0.5380185 0.2313024
0.8343466 2.625405 0.6151601 0.1194912 0.6811779 0.2074082
1.250224 1.276232 0.8959861 0.1933577 0.537036 0.212832
1.340861 0.7388004 1.476699 0.2405796 0.6280952 0.3955482
0.9091908 2.279216 0.6851788 0.12033 0.5792049 0.1996116
1.278737 1.120268 1.275933 0.2104242 0.601174 0.3601661
0.8728403 2.563385 0.5714322 0.1170816 0.6147724 0.1711629
1.420588 0.793507 1.252313 0.2548786 0.6117844 0.3157238
0.9138267 2.405442 0.6950146 0.1310297 0.6608619 0.2333391
0.8216136 2.964266 0.4825997 0.1176498 0.7193634 0.162926
1.094807 1.363334 1.249089 0.1927196 0.6836443 0.4267082
0.9051955 2.441273 0.6513066 0.1268698 0.6368941 0.206959
0.9980064 2.310115 0.6053343 0.1232097 0.5303377 0.1578399
0.8162795 2.721763 0.6212324 0.131486 0.7942481 0.2440624
0.8101382 3.048776 0.5104546 0.1192817 0.7730705 0.1877627
1.104689 1.530296 1.026373 0.1752645 0.6132025 0.3113978
1.036004 2.346105 0.5783743 0.1381189 0.5759021 0.1612389
0.875607 2.287699 0.658996 0.1147531 0.578012 0.1911903
1.165725 1.375483 0.9038572 0.1746695 0.5354082 0.2219266
1.159724 1.745354 0.7356057 0.1640776 0.5333961 0.1856138
1.001863 1.9811 0.7185132 0.1301399 0.5221585 0.1851374
0.9910158 1.808843 0.8830047 0.1474883 0.6016339 0.2678803
1.032135 1.299437 1.532444 0.1741125 0.6729601 0.5384433
0.9210041 2.456434 0.5898371 0.1200321 0.5852765 0.1695966
0.9242752 2.329895 0.6265377 0.1233632 0.5790634 0.1784563
0.959753 2.428983 0.5562701 0.1317975 0.6039 0.1614921
1.014973 1.873015 0.7318187 0.139774 0.5349257 0.1892245
0.9205355 2.435448 0.694005 0.1284627 0.6486233 0.229371
1.080059 1.732711 0.9484781 0.1647792 0.6123412 0.2938711
1.075475 1.515378 1.054888 0.1645796 0.5926941 0.3118139
0.980888 2.06813 0.7306935 0.1488687 0.6340867 0.2298067
1.293517 1.183333 1.092323 0.2105053 0.5818584 0.2901529
1.063199 1.641451 0.9928874 0.1636614 0.6111298 0.3061363
1.150807 1.635071 0.7449207 0.1618833 0.5137575 0.1774735
0.9314895 2.166105 0.7103489 0.1368253 0.6305085 0.2238646
1.333193 1.183537 1.068987 0.2144221 0.5718282 0.2774734
1.052625 2.070307 0.6693752 0.141764 0.5471224 0.1785399
1.07739 1.580074 1.207899 0.1671342 0.6304027 0.3994356
0.7319401 3.226419 0.4507841 0.1147517 0.8545022 0.1778353
1.08364 1.743663 0.7632339 0.147484 0.5148979 0.1883453
0.9892863 1.909571 0.7774635 0.1404763 0.5707066 0.2197134
0.9194634 2.7052 0.5354406 0.1243187 0.6491056 0.1685252
0.9930352 2.196966 0.5942411 0.1281208 0.5334752 0.1528096
1.265695 1.377207 0.7597981 0.1842524 0.4962793 0.163835
0.9226938 2.139495 0.6917335 0.1287121 0.5820856 0.1984038
1.014952 1.966169 0.7323515 0.1485511 0.5941992 0.2137981
0.7977312 2.968722 0.5204171 0.1112014 0.7163769 0.1788117
0.9933479 1.827006 0.8570194 0.1415162 0.577946 0.2501329
0.9542638 2.166384 0.6146706 0.1234625 0.5296414 0.1572784
1.171467 1.51458 0.8495665 0.1763188 0.5495477 0.2175745
1.166707 1.219709 1.191084 0.1828618 0.5755629 0.3261109
0.9732044 2.287244 0.7014365 0.1325095 0.6066384 0.215937
1.234186 1.151022 1.234404 0.2012578 0.5949812 0.3447367
1.340062 0.9414426 1.026387 0.2195664 0.5455009 0.22999
1.113016 1.402803 1.164396 0.1702155 0.5847371 0.3389037
0.8774502 2.336236 0.6870125 0.1215835 0.6217134 0.2156744
1.11687 1.575999 0.9600729 0.1712364 0.5919776 0.2798589
1.005332 1.896752 0.8170524 0.1489133 0.6048054 0.2476847
0.7720284 3.329821 0.4336728 0.1351973 0.9677023 0.1897351
1.021534 1.905577 0.7816455 0.1421956 0.5582101 0.2164339
1.194876 1.301729 0.9663343 0.1834532 0.5470939 0.2417862
0.9072538 2.548931 0.6260887 0.1321226 0.6879119 0.2147195
1.204723 1.366481 1.061202 0.1844926 0.568302 0.289506
0.9280166 2.293302 0.6798414 0.1397402 0.6659495 0.2259714
1.247152 0.9536375 1.161409 0.2140887 0.5925328 0.2949958
0.7686811 2.997871 0.5490484 0.1238939 0.8450648 0.2233987
1.049142 1.664938 0.9735699 0.1535228 0.5813812 0.2864867
1.23946 1.138641 1.175694 0.2043546 0.5950611 0.3225763
1.026521 2.007644 0.8244692 0.1417489 0.5833432 0.2468333
1.26516 0.9641454 1.303996 0.2220864 0.6252119 0.3641299
0.700714 3.303823 0.4907011 0.1048558 0.8297821 0.1892274
0.9697401 2.163137 0.6429235 0.1306044 0.5608656 0.1761831
1.156624 1.199642 1.348708 0.2002106 0.6561831 0.4325334
0.9105474 2.609291 0.5961002 0.1240187 0.6455793 0.1904239
1.54944 0.300802 1.591821 0.3213373 0.695387 0.3939111
1.3034 1.2204 0.907779 0.1888141 0.4949507 0.197515
1.015936 1.962365 0.7211884 0.1448981 0.5708064 0.2008312
1.1249 1.117011 1.162354 0.1835818 0.582225 0.3081971
0.9648012 2.127662 0.7341483 0.1337011 0.5843931 0.2151231
1.315157 0.9583804 1.256939 0.2128877 0.566463 0.3151792
1.09348 1.512462 1.143109 0.1756223 0.6345491 0.3688041
1.309619 0.8644741 1.201709 0.2204701 0.5744969 0.2903971
1.126487 1.644514 0.8676359 0.1627677 0.5522054 0.2330786
1.360993 0.8358794 1.363383 0.2519448 0.6495972 0.3805434
0.9170153 2.812756 0.5710889 0.1517776 0.8413195 0.2353371
1.111204 1.395854 1.110041 0.1739229 0.5941305 0.3235693
0.9991726 2.050859 0.6621664 0.14026 0.5666183 0.1813024
0.8896878 2.335526 0.6222193 0.1143635 0.5580368 0.1712405
0.7627629 3.321758 0.4495986 0.1085259 0.7835962 0.1615315
0.9067299 2.043674 0.7424066 0.1307349 0.6005157 0.2224144
0.7494959 3.149951 0.5065916 0.1175656 0.8527426 0.2047365
0.9375707 2.358385 0.6080458 0.1314579 0.6175563 0.1839532
1.133917 1.603225 0.7398359 0.1596365 0.5070676 0.1720713
1.016759 2.215961 0.6552324 0.1317554 0.548398 0.177734
1.070242 1.51628 0.8483089 0.1621283 0.5543754 0.2192454
1.462145 0.4815115 1.370655 0.2786243 0.6302059 0.3194573
1.060034 1.835807 0.7930877 0.1443299 0.5370934 0.2104017
1.016466 1.832849 0.9198308 0.1534332 0.6201364 0.2916627
1.123227 1.551555 0.8549288 0.1641349 0.5386961 0.2174674
1.157954 1.415395 1.018708 0.1839958 0.5924079 0.2889386
1.102984 1.83608 0.7238379 0.1500663 0.5255533 0.1830981
0.8408148 2.223257 0.7539953 0.1164621 0.6072741 0.2336785
1.061057 1.81832 0.9368892 0.1651019 0.6386253 0.3058147
0.7765097 2.881719 0.5115258 0.1064004 0.6833444 0.1672418
0.9675918 1.990246 0.7260041 0.1321343 0.5535665 0.1983308
0.8254865 2.742169 0.6153297 0.1263938 0.7544529 0.2291966
0.9098788 2.28123 0.6718563 0.1302379 0.6310278 0.2118674
0.9811119 2.120331 0.7447799 0.1415569 0.6168692 0.2317135
1.129968 1.57727 0.914927 0.1642852 0.5508598 0.2449845
0.9019365 2.362327 0.6745113 0.1365262 0.6854932 0.2318879
0.97204 2.137547 0.6996292 0.1353772 0.5846472 0.2029345
1.033804 1.73803 0.9094585 0.1506481 0.577582 0.263409
1.04254 1.643702 0.7987034 0.1494755 0.5339446 0.2019306
0.9815162 2.202341 0.7644919 0.1320568 0.5927093 0.2332152
0.7315503 3.171427 0.4398509 0.09988492 0.7070217 0.1419243
0.8435887 2.590425 0.5444057 0.1151134 0.6227421 0.1628945
0.9285557 2.0741 0.7247072 0.1296934 0.5802946 0.2091793
1.028823 1.614831 0.9514284 0.1461282 0.5509144 0.2610636
0.8561579 2.681917 0.5179374 0.1135369 0.6165949 0.1524832
1.007102 2.069256 0.6865636 0.1422086 0.5824018 0.1962331
1.160822 1.301628 1.132582 0.1791026 0.5718359 0.3112949
0.7682018 3.292722 0.3956464 0.1099039 0.7629946 0.1346353
1.041518 2.033121 0.6299243 0.1366486 0.516842 0.1553826
1.088467 1.855978 0.7645217 0.1510713 0.5440973 0.203238
0.9774598 2.216255 0.7023992 0.1359073 0.6024283 0.2125091
0.9755359 2.024725 0.6426297 0.1348056 0.5467105 0.1676088
1.019925 1.856538 0.8213195 0.1486277 0.5858559 0.2397441
1.234953 1.186064 1.046227 0.1956605 0.5615197 0.26581
0.7222238 3.309946 0.4531639 0.1116841 0.8492677 0.1759343
1.103933 1.350566 1.165734 0.1827676 0.6293775 0.3593435
1.101256 1.610622 0.8918307 0.155448 0.5385022 0.2346298
0.8690614 2.364628 0.6805133 0.1184402 0.6115937 0.209675
1.488948 0.6196576 1.289619 0.2850716 0.6393781 0.3171567
1.170451 1.374213 1.010673 0.1770761 0.5548174 0.2657329
1.297111 0.8940189 1.197236 0.2257723 0.5967974 0.3016688
0.7712517 3.130793 0.5100642 0.1226805 0.8649701 0.2099192
0.9822129 2.087065 0.6801033 0.1372015 0.5765501 0.1923339
0.9679251 2.282722 0.6580484 0.1360283 0.6114342 0.1994587
1.057702 1.616228 0.8791286 0.1582487 0.5695911 0.2423139
0.9596798 2.086884 0.772596 0.1348498 0.5936776 0.2320836
1.230788 1.296012 1.190431 0.1931744 0.5893936 0.3419085
1.50846 0.3149347 1.543599 0.3132478 0.6936219 0.3794466
0.986312 1.934614 0.8731655 0.1426652 0.6030343 0.270002
1.020141 2.05908 0.7607611 0.1361743 0.5637983 0.2177838
1.33959 0.5768764 1.806405 0.2705101 0.723433 0.5528143
0.9690308 1.981991 0.7313161 0.1319155 0.5541281 0.200695
1.174384 1.141122 1.221647 0.1899135 0.5870582 0.3347946
0.8972814 2.27553 0.5449884 0.1126137 0.5137526 0.1324075
1.043204 1.919937 0.7524793 0.1505205 0.5768918 0.2129415
1.099717 1.765246 0.8506724 0.1588924 0.568645 0.2394976
1.079454 2.100594 0.6365474 0.1492032 0.565044 0.1737346
0.9605644 2.314942 0.6165478 0.137614 0.6239659 0.1881087
1.243686 1.199395 1.044198 0.2039653 0.582306 0.2747318
1.231251 1.357654 0.8812355 0.1819574 0.5212192 0.2080476
0.9226689 2.474234 0.677274 0.1381046 0.7059609 0.2423867
0.841199 2.851393 0.4892551 0.1171301 0.6748105 0.1553234
1.034298 2.02344 0.5770668 0.1311798 0.4871009 0.1310702
1.268332 1.330745 1.07004 0.1959735 0.5687192 0.2895639
1.169243 1.42536 0.8846837 0.1759423 0.5422252 0.2214158
1.290548 1.22213 0.965329 0.2005625 0.542593 0.2334206
0.8688603 2.428388 0.7588481 0.1382322 0.7537337 0.2954687
1.503872 0.4392829 1.42181 0.3001189 0.664219 0.3458575
1.231261 1.159927 1.127547 0.205162 0.5976325 0.3079011
1.002095 1.678501 0.8645666 0.148907 0.5730821 0.2418041
0.9062922 2.626726 0.5889224 0.1203127 0.62306 0.1803797
1.029889 1.921447 0.8177289 0.1365253 0.5418067 0.2246306
1.006978 1.918913 0.8622279 0.1505433 0.6204428 0.2724556
0.8591304 2.364012 0.7348278 0.1263824 0.6778916 0.2555584
1.259297 1.215806 0.9681144 0.1974842 0.5463274 0.2349729
1.037972 1.797248 0.83894 0.1442224 0.5488208 0.2289757
1.037364 2.126581 0.6462313 0.1367014 0.5411861 0.1705027
1.049214 1.960368 0.6588162 0.1428827 0.5334572 0.1678355
0.8782718 2.876021 0.4668888 0.1028422 0.5640464 0.1242158
0.877884 2.346118 0.6591981 0.1167205 0.5921914 0.1957651
0.9801049 2.251388 0.6657268 0.1309717 0.584675 0.1950291
0.8710583 2.2112 0.6681939 0.1127609 0.5560471 0.1857008
1.04385 1.575748 1.014969 0.1527926 0.5698591 0.2900158
0.8653712 2.454477 0.5630035 0.1015139 0.515076 0.1416525
1.159059 1.531269 0.7668196 0.1697546 0.5241553 0.1827513
1.113182 1.675573 0.8596867 0.1653289 0.5735327 0.2405517
0.8796781 2.889935 0.5109374 0.1219984 0.698948 0.1713274
0.8895615 2.513335 0.5891991 0.1142704 0.5828919 0.1688282
0.9437918 2.224253 0.6323397 0.1165269 0.5204774 0.1623751
0.9386614 2.171953 0.7734178 0.1434532 0.6709984 0.2649237
0.9502255 2.637639 0.5332646 0.1240151 0.6067685 0.1561249
0.8409506 2.477361 0.5965365 0.1131871 0.6093275 0.1786853
0.9385599 2.224712 0.7307054 0.1342824 0.6254542 0.2312165
1.111475 1.713431 0.8139074 0.1566311 0.5389818 0.2125595
0.926576 2.349402 0.6462166 0.1262469 0.6120474 0.1980612
0.7226448 3.427047 0.3794585 0.1057162 0.8094167 0.1354872
1.183909 1.396955 0.9741161 0.186565 0.5779373 0.2646503
1.033348 2.005857 0.7493633 0.1533139 0.6083179 0.2256188
1.039354 1.670182 1.042857 0.155634 0.6065487 0.326421
1.28371 0.7485872 1.407749 0.2330656 0.6296107 0.3722595
1.115592 1.86879 0.7935582 0.1621955 0.5778819 0.2259897
1.047072 1.830738 0.8238133 0.1477448 0.5620184 0.2303496
1.146409 1.762314 0.8655472 0.1652457 0.5729146 0.2475374
0.9295321 2.292668 0.6659006 0.1290458 0.6116107 0.2035333
0.9515813 2.053432 0.7855577 0.1427034 0.635407 0.2525251
0.925608 2.154252 0.657372 0.1255832 0.5654466 0.1822666
1.173186 1.40228 0.8728579 0.1743081 0.5303616 0.2117933
0.9641324 2.11227 0.6323068 0.1275583 0.5386626 0.1647612
1.150131 1.477812 0.8588916 0.1684808 0.5311908 0.2121239
1.081238 1.62422 0.8834071 0.1567829 0.5518907 0.2369901
1.087215 1.448991 1.070021 0.1755431 0.6144947 0.3217687
1.03608 1.861117 0.7722398 0.1457018 0.5569215 0.2112528
1.144073 1.103004 1.246425 0.1965095 0.6234919 0.3591685
1.003095 2.527802 0.534552 0.1338949 0.5977795 0.1529971
0.9091528 2.782497 0.5086976 0.1245866 0.6674116 0.1626974
1.130187 1.613781 0.8905084 0.1686064 0.570514 0.2470289
0.9341426 2.42246 0.5309813 0.1203595 0.5562029 0.1406458
1.588471 0.5890658 1.285047 0.2918226 0.6076733 0.2972556
1.202502 1.321385 0.9195192 0.1758233 0.5152292 0.2154009
1.06197 1.902522 0.7597375 0.1482502 0.5564938 0.2080623
0.9154773 2.263241 0.6722864 0.1321622 0.6252716 0.2084217
1.157356 1.35401 1.245417 0.1879258 0.6267186 0.3907327
1.121669 1.491619 0.8931988 0.1604026 0.5260747 0.2227124
0.9904865 2.310131 0.6705875 0.1412223 0.6302547 0.21108
0.9308351 2.146364 0.7450094 0.1248354 0.5778217 0.2191139
1.044835 1.45926 1.289783 0.1772755 0.6806697 0.45489
0.9972213 1.947885 0.7974959 0.1385738 0.5719263 0.2299514
0.9343532 2.452039 0.570793 0.1246513 0.5943137 0.1648999
1.087024 1.465908 1.020323 0.1720808 0.5992863 0.2970929
1.123478 1.737825 0.7501157 0.1568189 0.5287522 0.1889632
0.9398112 2.695594 0.4577045 0.1141666 0.5511899 0.1176573
1.103342 1.569699 0.853708 0.1685889 0.5684952 0.2294805
1.042419 1.665611 0.8425095 0.1552856 0.5688968 0.2314687
0.8129531 2.828185 0.5311909 0.1232654 0.7585684 0.1943883
1.025151 1.850197 0.8345906 0.1441351 0.5650568 0.2363374
0.9378159 1.955195 0.7711675 0.1353465 0.5879085 0.2253674
1.004443 1.691015 0.8397865 0.1456633 0.5605212 0.2295857
0.789278 2.773958 0.5243368 0.1080712 0.6602278 0.1660611
0.9969612 1.926702 0.6542412 0.13255 0.5174871 0.1613326
1.054841 1.52267 1.049283 0.1599964 0.5867894 0.3070141
0.9550551 2.286482 0.6448551 0.1383413 0.6306023 0.2004393
0.7816791 3.040827 0.4334506 0.1084519 0.6928332 0.1371213
0.895791 2.492582 0.5313545 0.1115721 0.5515982 0.1409303
1.08481 1.739417 0.8429706 0.1554504 0.5558207 0.2298665
1.150344 1.202007 1.101144 0.1864341 0.5844931 0.2969775
0.9182077 2.180896 0.6525775 0.1213143 0.5564333 0.1789857
0.9744141 2.0825 0.7936078 0.1391066 0.610658 0.2474583
0.9783934 1.952165 0.8424894 0.1363631 0.5818472 0.2509914
1.014746 1.913566 0.6814358 0.1340406 0.5158146 0.1691122
1.04371 1.868158 0.7644334 0.1473515 0.5594686 0.2097358
0.8844457 2.518885 0.6277592 0.1267812 0.6730782 0.2110298
1.355335 0.7693917 1.485451 0.2321867 0.5997882 0.3854566
0.988679 1.733361 0.8562666 0.1447375 0.5733955 0.242163
1.015536 2.106957 0.7022693 0.1442073 0.5914265 0.2052951
1.556866 0.2082728 1.605229 0.3378467 0.7252676 0.3968612
0.8520083 2.916833 0.4910876 0.1112336 0.6413187 0.1485634
1.241689 1.146733 1.171676 0.20387 0.5925404 0.3204597
0.93537 1.913499 0.9084182 0.1443481 0.651471 0.3058256
1.246611 1.042314 1.188987 0.208754 0.5934285 0.3159875
0.9041334 2.45735 0.5838744 0.1308962 0.6479552 0.183635
0.9634772 1.831446 0.6984352 0.1311642 0.5159261 0.1707714
0.9414679 2.127982 0.8776519 0.1398547 0.6628228 0.3062932
0.8787355 2.337205 0.6423312 0.1145098 0.5716021 0.1825555
0.9701811 2.160721 0.7363567 0.1299318 0.5784401 0.2165319
0.9653159 2.081325 0.8135575 0.1358701 0.609729 0.256204
0.8288312 3.008691 0.4467866 0.1085104 0.6531292 0.1349866
0.9325268 2.299662 0.6244833 0.1253352 0.5778651 0.1769177
1.220567 0.8172573 1.107659 0.2121537 0.5770248 0.2554167
1.100764 1.687096 0.7900227 0.1541597 0.5277311 0.1993375
1.003094 1.976629 0.7981507 0.1505675 0.6199315 0.2481301
0.9262145 2.583974 0.5826751 0.1345137 0.67939 0.1936875
0.7977014 2.907478 0.5165991 0.1171178 0.7416257 0.1831814
1.140271 1.886203 0.6722608 0.1495725 0.4996169 0.1594546
1.093726 1.627139 1.015789 0.1576958 0.56976 0.2939307
0.931624 2.253558 0.6118512 0.1196765 0.544748 0.162998
0.8793346 2.423031 0.6201878 0.1255228 0.6382476 0.1946431
1.041772 1.864741 0.7523404 0.150216 0.5686875 0.2082833
0.9731965 2.49729 0.6078615 0.143001 0.6737899 0.2013847
0.978738 2.079459 0.7868252 0.1380662 0.5996772 0.2401274
1.110125 1.647993 0.8289345 0.1542281 0.5218909 0.2079542
1.007351 2.043993 0.6541183 0.1330015 0.5309216 0.1682535
0.9111608 2.422659 0.5471866 0.1203203 0.5789407 0.1522806
0.8438681 2.677197 0.5826363 0.1258809 0.7212162 0.2062259
1.096315 1.558345 1.044682 0.1741491 0.6214067 0.3249199
0.9258551 2.457126 0.6443013 0.1356159 0.6765735 0.2178671
0.9266379 2.062784 0.8305309 0.1300774 0.6011486 0.2573669
1.003876 1.759068 0.8726723 0.1570646 0.6193714 0.2675569
1.168665 1.566546 0.7696739 0.1726859 0.5352601 0.1890847
1.140497 1.287202 1.186739 0.1813631 0.5949854 0.3421812
1.129653 1.241325 1.085685 0.1801469 0.5775581 0.2916032
1.027295 1.80317 0.8233884 0.1463188 0.5622414 0.2288944
0.9883716 2.005361 0.8599473 0.1331763 0.5755928 0.2577463
0.8022039 3.069692 0.4440542 0.119032 0.7541027 0.15336
1.057527 1.813664 0.7765976 0.1559831 0.5780658 0.2182856
1.109009 1.710623 1.017535 0.172472 0.6325404 0.3308968
1.104868 1.69611 0.7921104 0.1574239 0.5411972 0.2055469
1.10651 1.597424 0.7826002 0.1530001 0.5050459 0.1848233
0.8195702 2.708815 0.5934295 0.1146422 0.6750095 0.1968483
0.8349572 2.805069 0.5257962 0.1158229 0.6781901 0.1713291
1.100649 1.468318 1.023124 0.1703676 0.5879838 0.2937768
1.083266 1.957737 0.7127705 0.1494743 0.5504284 0.1913376
0.8927294 2.584414 0.4570629 0.1114111 0.5382724 0.1131381
0.9238383 2.305671 0.6909211 0.1294107 0.6214984 0.2161673
0.831036 2.715217 0.6088747 0.1206534 0.7097134 0.2137347
0.9491612 2.144295 0.7282927 0.140583 0.6344602 0.2317285
0.9817914 1.497917 0.9637497 0.149226 0.570156 0.2649197
0.9815556 2.260617 0.6703047 0.1385315 0.6148936 0.2052251
1.033802 1.329047 1.060603 0.1609292 0.5722118 0.2878355
0.9733075 2.241308 0.6109183 0.1312757 0.5628971 0.1662023
0.9895553 2.099577 0.8040721 0.1450766 0.6357084 0.2625879
1.034674 1.920064 0.8824981 0.1563926 0.6319416 0.2858833
1.077698 1.779259 0.8448915 0.1500713 0.545228 0.2281604
0.8054237 2.839004 0.5146304 0.1111778 0.6790296 0.1671957
0.9980933 2.34243 0.5925412 0.1356977 0.5845175 0.1677058
1.044307 1.738183 0.8820502 0.1472525 0.5553109 0.2444295
0.8367898 2.853048 0.482699 0.1149085 0.6782204 0.1551618
0.8201408 2.872755 0.4493408 0.1064528 0.6295366 0.1317818
1.056006 1.611691 0.9085221 0.1572947 0.5705593 0.2531107
1.042259 2.060152 0.6915227 0.1493284 0.5961687 0.2031577
1.167154 1.323957 0.9904465 0.1850628 0.5739178 0.2633383
1.251438 1.123541 1.137748 0.2058594 0.5861736 0.3025373
1.285888 1.156399 0.9606059 0.1960445 0.5233249 0.2197201
1.163079 1.601986 0.8247036 0.1676245 0.5336956 0.2082143
0.9784341 1.883556 0.7333325 0.1325612 0.5291614 0.1885208
1.108366 1.355383 0.9974819 0.171098 0.5635729 0.2639373
0.9906901 1.852938 0.9011292 0.1514495 0.6290252 0.28889
1.037034 1.692092 0.9565604 0.1589595 0.609196 0.2931601
0.942344 2.367764 0.6586609 0.1266955 0.6000937 0.1978657
1.150048 1.446913 0.8527434 0.1728109 0.540465 0.2116723
1.183244 1.656455 0.8402623 0.1692609 0.5432091 0.2204972
0.920225 2.613044 0.5376154 0.1227907 0.606187 0.1559428
1.253859 1.067352 1.062299 0.2057275 0.5686324 0.2633295
1.067791 1.625043 0.8710094 0.1598631 0.566158 0.2375274
1.021722 2.034968 0.7446208 0.1470849 0.5978232 0.2219479
0.7858549 2.650406 0.6273079 0.1099282 0.6716344 0.2097347
0.6523 3.909472 0.3609768 0.1501411 1.415529 0.2122434
1.014247 1.872969 0.7482742 0.1380657 0.5343074 0.1952174
1.005887 1.887304 0.7586894 0.1375842 0.5413652 0.201762
1.108259 1.551663 1.054159 0.1682392 0.592907 0.3141662
0.8249262 2.8185 0.5507767 0.1217961 0.7304608 0.1944802
1.126522 1.312234 1.228858 0.1798994 0.6089793 0.3701769
1.048204 1.683906 0.9524986 0.1556476 0.5869794 0.2809706
0.9800462 2.071878 0.702612 0.1334616 0.5568031 0.1926195
0.9450932 2.022623 0.7899522 0.1378283 0.61451 0.2458828
1.301901 1.351182 0.9507776 0.1998398 0.5518757 0.2421739
1.167745 1.261508 1.147077 0.1921914 0.6080178 0.3311795
0.9064846 2.280165 0.6760779 0.1356206 0.6616819 0.2233675
0.9814756 1.924189 0.9220378 0.1436322 0.6184856 0.2966644
0.9716371 2.271464 0.6153973 0.1301798 0.5693617 0.170782
1.077253 1.812917 0.809317 0.1440026 0.5284531 0.2125521
0.9431228 2.27531 0.6404909 0.1264358 0.5781763 0.1828761
0.7118029 3.599547 0.3598931 0.1009405 0.7984451 0.1240771
0.9361131 2.304258 0.6417299 0.1270755 0.5921266 0.1881183
1.204534 1.53139 0.8891975 0.1818605 0.561097 0.2369416
1.309392 0.6616425 1.460224 0.2356312 0.6191595 0.3719928
0.9823701 1.824042 0.9320894 0.152306 0.6388377 0.3048933
1.242769 0.880132 1.531415 0.224095 0.6546567 0.4563158
1.206397 1.179151 1.155528 0.1994511 0.5980461 0.3199889
0.904784 2.546323 0.5606227 0.1142192 0.5701226 0.1553339
0.9967784 2.327127 0.5133741 0.1211245 0.4950906 0.118917
1.338202 0.8978813 1.095734 0.2223718 0.5580263 0.2525616
0.9849304 1.977832 0.7187893 0.1380955 0.5634634 0.1982098
0.9344701 2.188216 0.6758151 0.123392 0.5617067 0.1890292
0.8370312 2.443148 0.709908 0.128731 0.7216662 0.2611318
0.9274891 2.570744 0.5201826 0.1146525 0.5554651 0.1384688
1.053687 1.628557 0.8954552 0.1549732 0.5652089 0.2475669
1.044912 1.900171 0.6582188 0.1412871 0.5134917 0.1590929
1.249264 1.475218 0.8477731 0.1813043 0.5232776 0.2053549
0.9913518 2.173402 0.637695 0.1343458 0.5669962 0.1765743
0.9649231 1.907915 0.8545132 0.1282758 0.548644 0.2404871
1.077763 1.613393 0.7787826 0.1486774 0.5041758 0.1837853
0.8144793 2.930614 0.4442982 0.108871 0.645768 0.1318604
1.023693 1.809503 0.8600784 0.1472259 0.576546 0.2486883
1.084627 1.692897 0.8887388 0.1570531 0.5667851 0.249764
0.7754863 3.192356 0.4673075 0.1067474 0.7351842 0.1597737
1.247298 1.228581 1.082342 0.2082907 0.6024396 0.3001494
0.9754447 1.755922 0.9184222 0.1388401 0.5698593 0.2650357
0.9214665 2.217982 0.6390318 0.1253666 0.5754256 0.180184
1.246884 1.218513 0.8278699 0.1800724 0.484056 0.1713074
1.068845 1.805351 0.8028133 0.1511166 0.554693 0.2187475
1.41876 0.6655 1.12948 0.2552355 0.5845491 0.2485447
1.161905 1.099081 1.432521 0.1951613 0.6274854 0.4336939
1.030326 1.950282 0.7374793 0.1464008 0.56979 0.2060347
0.8068886 2.81115 0.5382662 0.1026175 0.6284 0.1648715
0.956515 2.326528 0.6093538 0.1254245 0.5700762 0.1705974
1.055149 1.857347 0.7477132 0.1352341 0.4990618 0.1827746
0.7000092 3.742632 0.3404594 0.1030071 0.8400638 0.119439
0.9489458 2.011903 0.7966232 0.1348578 0.5947013 0.2400481
0.9742353 1.766797 1.08651 0.1569827 0.6772163 0.3882829
1.229629 1.087034 1.096258 0.1959894 0.5568467 0.2709786
0.7870849 3.020089 0.4597043 0.1032892 0.6511441 0.1383386
1.008441 2.280302 0.612432 0.1391029 0.5859805 0.1742126
1.12068 1.738923 0.7403472 0.1488049 0.4987212 0.1758953
0.9891558 2.011483 0.6928983 0.1320215 0.5362349 0.1815897
0.8999427 2.598959 0.6025849 0.1276072 0.6670955 0.1981626
1.163948 1.597336 0.8835669 0.1727861 0.5611338 0.239084
1.255034 1.034414 1.254932 0.2073203 0.5893833 0.3356816
1.335202 1.060964 0.9183092 0.2151899 0.5360692 0.2037019
1.023301 1.873612 0.7645145 0.14751 0.5717916 0.2140491
1.007686 1.91097 0.760128 0.1322784 0.5249606 0.1980297
0.8912601 2.470057 0.6053754 0.1188743 0.6044089 0.1806184
1.119501 1.508547 0.941647 0.1680108 0.5641411 0.2560544
1.109956 1.398433 0.8724825 0.1654516 0.531641 0.2119032
0.7470177 3.251777 0.4245908 0.1053025 0.7465262 0.1433309
0.9545835 2.389297 0.5653652 0.1229444 0.5659919 0.1555847
1.322044 1.21959 0.7930564 0.2008637 0.5048534 0.1674967
1.121625 1.551821 0.9496153 0.1664498 0.5644669 0.2616541
0.815583 2.806324 0.4787933 0.1029198 0.5952842 0.1339317
0.9901535 2.338969 0.6167796 0.1367046 0.6038611 0.1827864
0.8556366 2.903846 0.4849093 0.1212677 0.7074569 0.1621005
1.01643 1.817236 0.8460138 0.1486827 0.5851525 0.2469843
1.014234 2.076665 0.7604515 0.1399186 0.5815613 0.2234633
0.7929772 3.305296 0.4210771 0.1118079 0.7551327 0.1430646
0.9744569 2.300836 0.6343357 0.1312432 0.5903149 0.1856369
0.9604034 1.990017 1.0426 0.1622642 0.7513142 0.420911
1.032755 2.055205 0.7076079 0.1422516 0.56442 0.1969225
0.9808659 2.301658 0.6895381 0.136927 0.6203147 0.2155677
1.080021 1.89215 0.7014362 0.1441252 0.5205604 0.1762254
0.9585172 2.085779 0.7755814 0.1398172 0.6223744 0.2448245
1.359171 1.152582 0.995944 0.2164452 0.5515547 0.2412902
0.9064853 2.216032 0.665737 0.1220746 0.5760016 0.1903557
0.8252667 2.986115 0.4505444 0.1040217 0.6143534 0.1276183
1.228926 1.22029 1.071062 0.1941829 0.565868 0.2786396
0.9362582 2.237149 0.6696805 0.1222619 0.5680081 0.1908627
1.007621 1.848383 0.9314365 0.1455808 0.5956694 0.2858208
1.099636 1.598485 0.8391434 0.161593 0.5459957 0.2172535
