0.7945663 1.958328 0.5109916 0.09838309 0.4487597 0.102134
0.867363 1.725689 0.59303 0.1134564 0.4602381 0.1210757
1.334866 0.1234062 0.9026895 0.2997619 0.6632206 0.1554392
1.162457 0.4751741 0.9936596 0.2219538 0.5885296 0.1917045
0.9613372 0.8916168 0.7726922 0.1612697 0.516464 0.1449109
1.027601 0.9454118 0.7396789 0.1709432 0.5111594 0.1380842
0.8787756 1.275964 0.6814717 0.1306421 0.4777756 0.1316218
0.9346514 1.094045 0.6772311 0.1474097 0.4876781 0.1244328
1.013304 1.053677 0.7518735 0.1610344 0.5019622 0.1454987
1.292374 0.4585418 0.7329348 0.2531119 0.5645969 0.119393
1.324737 0.1025004 0.9472955 0.2995241 0.6746201 0.16737
0.9892481 1.262919 0.6209804 0.1452 0.4603553 0.1118423
1.232521 0.2094085 0.8589483 0.2685966 0.6401057 0.146983
1.077343 0.8654971 0.7431502 0.179342 0.5058223 0.1334993
0.9119438 1.066998 0.7923429 0.1418137 0.4973517 0.155829
0.8897437 1.667147 0.5872256 0.1212633 0.4691186 0.119383
1.049299 0.5087538 0.995699 0.2030125 0.5995371 0.198383
1.31904 0.3902485 0.9435201 0.2637697 0.6050219 0.175118
0.7498476 1.85227 0.5339731 0.09825796 0.4671509 0.1097481
0.9357118 1.16526 0.6591445 0.1450662 0.4850691 0.1227078
1.507143 -0.4249552 1.166325 0.4156158 0.8556538 0.2081833
1.019698 1.032488 0.6609466 0.1621097 0.4834777 0.1167124
1.088328 0.8273331 0.6524037 0.1846134 0.4967568 0.1077514
0.9107459 1.307165 0.655487 0.1346012 0.4773742 0.1264634
1.20357 0.27605 0.7823667 0.2528933 0.6067709 0.1271858
0.8764891 1.57861 0.596891 0.1220057 0.4702328 0.1194571
0.7443331 1.593439 0.6259256 0.1022024 0.4711272 0.128199
1.193753 0.1872004 0.856047 0.2604523 0.6386977 0.1442232
0.908977 1.185285 0.7909464 0.1371778 0.4980109 0.1631588
1.130514 0.7025202 0.8081498 0.2009904 0.5383199 0.1475566
1.094484 0.5146274 0.9399819 0.208754 0.5833614 0.1791508
1.279991 -0.1135574 1.084893 0.3147553 0.7502184 0.1985321
0.9910324 1.049111 0.7929051 0.1564317 0.5046323 0.1571038
1.248149 0.3081698 0.8723581 0.2518574 0.5950161 0.1482691
0.8932695 1.255126 0.7092136 0.1344586 0.4881494 0.1408776
1.633656 -0.5658412 0.9501654 0.4938428 0.9155611 0.1514112
1.206831 0.6886841 0.8351655 0.2162516 0.5445404 0.1548634
0.9846945 0.7756072 0.9186792 0.1712205 0.5476208 0.1848142
0.809235 1.889043 0.5625555 0.1073565 0.4816535 0.121527
0.9946794 0.896089 0.7467634 0.1651345 0.5085965 0.1368639
1.030603 0.4264513 1.106724 0.202433 0.6166816 0.2266576
1.140127 0.6701911 0.6764031 0.206166 0.5234298 0.1104902
1.18277 0.7469088 0.825653 0.2057894 0.5315174 0.1531898
1.191779 0.3556544 0.8534599 0.2392754 0.592053 0.1465551
0.9474228 1.249864 0.6398593 0.140185 0.4683294 0.1179761
1.135833 0.7309139 0.7299751 0.1967959 0.513102 0.1242754
1.460986 -0.07838243 1.09577 0.352365 0.7368554 0.2020331
0.8310873 1.776357 0.5480214 0.1084129 0.4527525 0.1081915
0.9906879 1.07198 0.5737772 0.1559767 0.4674932 0.09468247
1.032058 0.9946446 0.753279 0.1650203 0.498482 0.1415819
1.002759 0.9833871 0.8343751 0.1605819 0.5097376 0.1653885
0.8808636 0.9787568 0.8137533 0.1424083 0.511957 0.160224
1.593878 -0.7523733 1.188694 0.5009064 0.9949791 0.2023882
0.7206151 1.968525 0.5907604 0.09106726 0.4786839 0.1316658
0.9913927 1.078702 0.6586972 0.1534977 0.474407 0.1164067
1.090659 1.068729 0.6572794 0.1721575 0.4821411 0.1170474
0.8298753 1.269051 0.9491597 0.1271602 0.5375865 0.2294647
1.057569 0.5957167 0.8939279 0.1953866 0.5625521 0.167722
1.290721 0.2207621 0.7880467 0.2790998 0.6241208 0.1279552
0.8662248 1.62541 0.5691323 0.1157783 0.449175 0.1088443
0.8840294 1.344327 0.6847018 0.1264078 0.469263 0.1338198
0.8652747 1.393627 0.7343674 0.1254494 0.4929361 0.1564629
1.598703 -0.3377613 1.071943 0.4294255 0.8195661 0.1863394
1.078455 0.9382571 0.6898437 0.1765543 0.4932242 0.1211719
1.001725 0.7149248 0.8511164 0.1764209 0.5391427 0.1595032
0.8729483 1.046544 0.7753669 0.1386074 0.5034436 0.1516303
0.8680227 1.259524 0.7869657 0.1323177 0.5068464 0.167872
0.9700044 0.9116362 0.9195911 0.1635434 0.5435781 0.1945521
1.303981 0.08973477 1.076934 0.292056 0.6835434 0.2015443
1.171597 0.5604019 0.8116063 0.2188651 0.5559341 0.1429005
0.8715218 1.379797 0.7099966 0.1279619 0.492308 0.1484019
0.9514457 1.057503 0.7249997 0.1497074 0.491364 0.135836
0.9929237 1.00663 0.7264705 0.1613131 0.5022705 0.1359305
0.7746161 1.531455 0.6452217 0.1085585 0.4770417 0.1327533
1.070461 0.8261543 0.7606039 0.1790938 0.5073222 0.1359297
0.9408859 1.338755 0.6950611 0.1386648 0.4849928 0.1401686
0.9462359 0.9713057 0.6922543 0.1544114 0.4959552 0.1240454
0.7903336 1.813414 0.5746055 0.1047532 0.4778112 0.1227202
1.207346 0.271197 1.008777 0.2532974 0.6383521 0.1901122
0.965215 1.221207 0.6075846 0.1448156 0.4633425 0.107435
0.9191863 1.46183 0.5647363 0.1257765 0.4391632 0.1007591
0.8156034 1.722856 0.5523361 0.1105839 0.4678365 0.1112683
0.9768326 0.9083357 0.8412667 0.1607488 0.5175095 0.164398
1.070169 0.7943095 0.790345 0.1823512 0.5183638 0.1439536
1.051219 0.5768676 1.009394 0.193767 0.5773159 0.20227
1.012187 1.076163 0.6051387 0.1602185 0.4739816 0.1030737
0.9007967 1.262736 0.6973829 0.1346448 0.4840316 0.1371023
1.118449 0.4149363 0.9208524 0.2226451 0.6005694 0.1701628
1.174015 0.5722083 0.8375542 0.2220263 0.5672005 0.1526293
0.9834775 1.032167 0.6689613 0.1547094 0.4793336 0.1177744
1.006389 0.6765419 1.050889 0.1780501 0.5661746 0.2198727
0.9436137 1.057842 0.7995063 0.1507249 0.512092 0.1613194
0.8106237 1.767019 0.6260623 0.1082216 0.482811 0.1371955
0.8039759 1.550356 0.5784496 0.1116826 0.4587767 0.1107815
1.098379 0.5334033 0.9734726 0.2074476 0.5832575 0.1898306
0.89561 1.188443 0.6844336 0.1374054 0.4876499 0.1311124
1.243226 0.5396404 0.7691447 0.2378146 0.5610664 0.1320644
0.9706888 0.9233816 0.7725429 0.1591885 0.5092179 0.1453732
1.244098 0.1217302 1.016718 0.2712242 0.6579821 0.1828662
1.224002 0.281522 1.002007 0.2559061 0.636489 0.1890493
1.028357 1.043057 0.6984675 0.1617862 0.4852957 0.1269156
0.9172067 1.372481 0.6115186 0.1339238 0.4664981 0.1146326
1.014111 1.229909 0.6864257 0.1535457 0.4843322 0.1326096
0.9483232 1.223257 0.6391709 0.1428643 0.472542 0.1173674
1.337811 -0.06218791 1.07198 0.3178958 0.7221368 0.1939692
1.132287 0.4674143 0.9005623 0.2196781 0.585382 0.1655103
1.122588 0.5758996 0.8094074 0.2065866 0.5484635 0.1418829
1.263147 0.2742374 0.9888896 0.2640804 0.6334002 0.1838406
1.24125 0.2242773 1.130317 0.2615075 0.6537401 0.2226406
0.7087508 1.767403 0.6437623 0.09453617 0.4875435 0.1439243
1.215279 0.8916118 0.7387367 0.2010085 0.5045809 0.1336295
0.9142764 1.25345 0.7712232 0.1374171 0.4970576 0.1603794
1.095564 0.86003 0.7357814 0.1852054 0.5110167 0.1322647
1.064756 0.8344429 0.7624943 0.1810901 0.5174024 0.1391671
0.8608874 1.525858 0.6108568 0.1207166 0.4695282 0.1212321
1.078825 0.7148619 0.8351605 0.1915512 0.542134 0.1562065
0.832081 1.535771 0.5810719 0.1152417 0.4618445 0.1122819
0.8531735 1.377168 0.6653319 0.1245425 0.4786837 0.132036
0.8791784 1.241364 0.6932798 0.1324244 0.4849406 0.1352405
1.072026 0.935547 0.8462552 0.1763343 0.522782 0.1694786
1.078697 0.849819 0.8006066 0.1831673 0.525448 0.1521996
1.184178 0.4690549 0.8765643 0.231391 0.5866049 0.1597527
0.9841149 1.164244 0.8040099 0.1487644 0.4961019 0.1646133
0.9640004 1.068452 0.8541741 0.152917 0.518737 0.179642
0.7829958 1.483869 0.6016058 0.1095897 0.45998 0.1150325
1.004428 0.810973 0.9304911 0.1729051 0.5479034 0.1913441
1.230886 0.4224087 0.9026337 0.2447997 0.5979802 0.1654217
0.8403132 1.618407 0.5099549 0.1145337 0.4464458 0.09307746
0.8170668 1.508067 0.6853198 0.1129892 0.4732821 0.1419471
0.8179721 1.525482 0.7070299 0.1141783 0.4872676 0.1531787
1.091738 0.9382223 0.6784421 0.1794861 0.4953221 0.1189974
0.9329364 1.018589 0.7562294 0.1491685 0.5013343 0.1443997
1.074612 0.7314922 0.8413463 0.1913224 0.545856 0.1598516
0.9863342 1.062879 0.6322269 0.1557736 0.4766593 0.1095505
1.044505 0.8988575 0.7429738 0.1684603 0.4923603 0.1323247
0.9097437 1.25443 0.6136398 0.1350846 0.4674385 0.1115028
0.8998326 1.429185 0.6571737 0.1270816 0.4693477 0.1300892
1.094505 0.8950582 0.7411131 0.1827607 0.5107089 0.1358441
1.203575 0.4550422 0.9977472 0.2364542 0.6052236 0.1954495
1.235299 0.2657791 1.067612 0.2602778 0.6493857 0.2087883
0.8082903 1.418277 0.7679636 0.1158809 0.496244 0.1685876
0.9370686 1.093912 0.7047922 0.1469571 0.4897682 0.1320174
0.9625461 1.231047 0.5933636 0.1437585 0.4586191 0.1033526
0.9681058 1.25404 0.6394108 0.1446313 0.470883 0.1182478
1.494056 -0.09111879 1.120703 0.357126 0.7320523 0.2059547
1.119283 0.3573714 0.9906239 0.2248954 0.6123239 0.1865378
1.007172 0.7658439 0.8912056 0.1772048 0.5497766 0.1770501
0.7856707 1.587687 0.7578491 0.1081658 0.4984211 0.1747613
1.253263 -0.1052696 1.065739 0.3031245 0.7341761 0.1907092
1.162237 0.3297933 0.9459497 0.2324979 0.6015684 0.1697924
1.580987 -0.1556607 1.108068 0.3878444 0.7489934 0.1994458
1.105875 0.8862697 0.8209785 0.1879158 0.5291633 0.1603852
0.9130826 1.019279 0.7174073 0.1451325 0.4925196 0.1323035
1.2752 0.4472864 0.8614212 0.249356 0.5837641 0.1536855
0.901163 1.594969 0.5803147 0.123541 0.4644066 0.1145749
1.082537 0.9443172 0.6883116 0.1769084 0.4934979 0.121256
1.032444 0.8690657 0.7205579 0.1753653 0.5115426 0.1290032
0.9002721 1.381125 0.6712594 0.1301506 0.4788671 0.1343748
0.7506352 1.9329 0.5250062 0.09384006 0.4536524 0.1064554
1.005839 1.1336 0.6777392 0.1536784 0.4769304 0.1242193
0.8723419 1.269047 0.7041012 0.1307601 0.4879476 0.1402861
0.9723965 1.183962 0.7041773 0.1484905 0.4852459 0.1351791
0.8385296 1.524465 0.6242901 0.1180316 0.4709327 0.1248058
1.010215 0.7811131 0.8264453 0.1707975 0.5194593 0.1528438
1.481694 -0.03624622 0.9089703 0.348116 0.6909426 0.1493323
1.006156 1.031292 0.7573419 0.16156 0.5054785 0.1465028
0.8617981 1.290124 0.5896529 0.1279571 0.4622234 0.1053334
0.8826 1.358829 0.6584519 0.1279041 0.4737935 0.1285727
0.8617173 1.143211 0.6843376 0.130023 0.4737523 0.125776
0.8364392 1.538412 0.598085 0.1151556 0.4575244 0.1153786
1.003423 0.6776249 1.009799 0.1791729 0.5658307 0.2076748
0.8204225 1.53719 0.6730391 0.1141656 0.4827944 0.1428436
1.23347 0.3498649 0.8613581 0.2493053 0.597658 0.1493406
1.162213 0.7015368 0.839065 0.2080143 0.545599 0.1570379
1.292893 0.3219305 0.8113732 0.2640666 0.5954275 0.1349139
1.012306 1.283095 0.6594331 0.1501841 0.4755911 0.125866
0.9932101 1.039082 0.7372427 0.1560768 0.4920565 0.13841
1.224447 0.261905 0.8484185 0.2568838 0.6154544 0.1434687
0.8648792 1.209786 0.7856843 0.133927 0.5116829 0.1665576
1.064558 0.9190026 0.6443994 0.1770553 0.4928459 0.1092889
1.229033 0.1931158 1.202579 0.2628311 0.6712225 0.2448919
1.083525 0.5268288 0.8749872 0.2047435 0.5683714 0.1591047
1.15125 0.5921751 0.8924213 0.2127848 0.5635669 0.1676121
1.131836 0.885722 0.73051 0.1884489 0.5046111 0.1310184
1.027811 0.7059938 0.9453797 0.1830173 0.5593529 0.1902484
0.966979 1.124955 0.6762306 0.151222 0.4868654 0.1254816
0.8741685 1.798794 0.4930449 0.1154759 0.4504761 0.09384723
1.186344 0.3803742 0.8642203 0.2362612 0.5911535 0.1510362
1.180298 0.5552975 0.7555234 0.2241413 0.5556115 0.1286621
1.084823 0.9306643 0.7624237 0.178053 0.5076227 0.1425665
1.003847 1.034866 0.7728965 0.1605517 0.5052825 0.1506822
0.8514246 1.390777 0.7314813 0.1229206 0.4897087 0.1545553
1.093464 0.7659526 0.8702817 0.1917238 0.5452203 0.1701665
0.9125809 1.308091 0.7655247 0.1371473 0.5060073 0.1648472
0.9526889 1.129378 0.7143915 0.1493274 0.4957416 0.1378416
1.0295 0.624974 0.8501746 0.1918472 0.56472 0.1591755
0.9709997 1.314116 0.7169179 0.1411464 0.4797867 0.1438879
0.8305521 1.557224 0.6862056 0.1182684 0.4962805 0.1505181
1.144798 0.72114 0.8848185 0.2049877 0.554729 0.1731697
1.15943 0.3244645 0.9904287 0.2388143 0.6267939 0.187258
1.099382 0.6987558 0.8664872 0.1996112 0.5578564 0.1672364
0.9030794 1.43719 0.5913227 0.1288456 0.4615784 0.1110475
0.7450638 1.747708 0.6057004 0.09921042 0.4712126 0.1274066
1.088845 0.8085236 0.7203474 0.1873453 0.5138787 0.1262727
1.208341 0.8351696 0.6518974 0.207858 0.5036057 0.1090835
0.9601878 0.4432794 1.140644 0.1874469 0.6186941 0.2393608
0.8804543 1.198256 0.7156272 0.1332292 0.4872924 0.1399108
1.253548 0.3172465 0.8683917 0.2621192 0.6186922 0.1530372
0.8158543 1.509631 0.62141 0.1120006 0.4600924 0.1215409
1.028128 0.781957 0.7522125 0.1798532 0.5259962 0.1352864
1.105906 0.5852202 0.9194774 0.2029304 0.5612432 0.1733078
1.214387 0.3501315 0.7514805 0.2465896 0.58394 0.1207108
1.288117 0.5620431 0.8241913 0.2407332 0.5573474 0.1463122
0.9483342 1.004102 0.7192075 0.1531311 0.4974981 0.13281
0.9035779 1.453137 0.629953 0.1293387 0.4725849 0.1242027
0.8368629 1.388479 0.7955409 0.1183512 0.4901726 0.173489
0.7984986 1.567051 0.6949361 0.1092326 0.4774646 0.1482216
0.9499315 1.254332 0.613608 0.1397285 0.458869 0.1093497
0.9111706 1.427271 0.6118307 0.1301002 0.465852 0.1170664
0.9247499 1.06385 0.7749593 0.1468946 0.5056565 0.1531359
1.074809 0.9708086 0.7248788 0.1731779 0.4953712 0.1322257
0.8925812 1.150133 0.7907819 0.1377894 0.50414 0.16247
0.9031963 1.734764 0.4851755 0.1166121 0.4299528 0.08692172
1.180169 0.5236267 0.8943069 0.2224164 0.5700183 0.1644019
1.160186 0.5719856 0.8445055 0.2192017 0.5678094 0.1545751
0.8809236 1.673237 0.5739304 0.1158298 0.4488968 0.1115098
1.195822 0.3927313 0.8839267 0.2383538 0.5933807 0.1569619
1.023314 0.8341181 0.8160072 0.1722585 0.5196843 0.1535093
0.934403 1.176725 0.7091845 0.1428524 0.4872466 0.1368315
1.000284 1.098881 0.6932053 0.1564063 0.4887143 0.1292774
0.9796849 0.4202352 0.9901077 0.1954068 0.6118952 0.1920659
1.214744 0.4673439 0.9992832 0.2350984 0.5971299 0.1949035
1.07009 0.774288 0.814818 0.1873519 0.5364282 0.1535068
1.054162 0.9686646 0.6912435 0.1696602 0.4881464 0.1220249
1.453113 -0.1567718 1.01095 0.363893 0.7539029 0.1760304
0.9722312 1.006758 0.6945261 0.1537745 0.4833408 0.1236827
0.9462381 1.259012 0.7123726 0.1410947 0.4867523 0.1419756
0.8548897 1.268904 0.7057101 0.1284748 0.4908352 0.141635
1.194341 0.5459804 0.9690987 0.2272125 0.5876304 0.1908172
0.8658931 1.378712 0.7569131 0.1294628 0.5090287 0.1665578
0.8257028 1.476357 0.7585586 0.1170851 0.4945948 0.1677727
0.9378837 1.131833 0.7233195 0.148926 0.5048725 0.1426499
1.173096 0.7407883 0.6588745 0.2090721 0.5162252 0.1084756
0.7830914 1.60649 0.6036927 0.1083018 0.4776307 0.1246212
0.8790205 0.9839933 0.811535 0.1440484 0.5196595 0.1620265
1.058449 0.9887958 0.7287436 0.1693975 0.4950678 0.1342199
0.8592864 1.655249 0.5839134 0.115459 0.4627698 0.1170622
0.9986239 1.181576 0.644663 0.1524497 0.4754422 0.1175885
1.191771 0.4111681 0.8480593 0.2362446 0.5874211 0.1484148
1.645703 -0.09635661 1.094816 0.3979874 0.7383414 0.2002183
0.7564348 1.784366 0.6448814 0.1011436 0.4889059 0.1447928
0.8789106 1.021072 0.9483899 0.1426534 0.539647 0.2109881
0.9915872 1.107747 0.6547885 0.1534557 0.4760772 0.1170321
0.8734453 1.324369 0.6923834 0.1309407 0.4912663 0.1402758
0.9650563 1.22983 0.6043703 0.1465122 0.4678338 0.1076046
0.7613583 1.969762 0.508666 0.09890773 0.4774363 0.1077891
1.329793 0.4484119 0.8304962 0.2578561 0.5731542 0.1436041
1.418612 -0.1082452 0.9115945 0.3453913 0.7178407 0.1492867
1.070019 0.8378038 0.9150134 0.1839984 0.5467091 0.1883988
0.9699665 0.8513749 0.8707975 0.1665135 0.5412713 0.1754638
0.7369483 2.112743 0.5104241 0.09040495 0.470127 0.1097289
1.177503 0.3422513 0.9753774 0.2381842 0.6134752 0.1813536
0.9780952 1.334281 0.654926 0.1389637 0.4591525 0.1231056
1.034976 0.96881 0.7432748 0.1646078 0.4916484 0.1360108
1.143749 0.8424673 0.6933704 0.1948816 0.507147 0.1201122
1.270482 0.08129554 1.064774 0.2857281 0.6853616 0.1981817
1.102989 0.5362424 0.8157073 0.2096977 0.5647694 0.1441319
1.15463 0.4288283 0.8367577 0.2275379 0.5837584 0.1461799
1.01686 1.023416 0.8441745 0.1629038 0.517445 0.1733325
1.238424 0.5714939 0.7654669 0.2322259 0.5509757 0.131155
1.127129 0.6310827 0.844309 0.2062688 0.5533052 0.1553123
0.9010362 1.239413 0.8072441 0.1390127 0.5143295 0.1749187
0.9518311 1.264739 0.739941 0.1433535 0.4957447 0.1520061
1.069954 0.9209918 0.7462835 0.1796366 0.5162806 0.1397865
1.003862 1.181678 0.7340032 0.1528374 0.49097 0.1448668
1.343366 0.0653886 0.9973497 0.3028833 0.6772699 0.1770941
0.8836478 1.293976 0.6200884 0.1296027 0.4648247 0.1138985
1.163086 0.338558 0.9503314 0.2382527 0.6186835 0.1759154
1.224755 0.2953851 0.886202 0.2581643 0.625823 0.1574098
1.128247 0.4568834 0.8814089 0.216676 0.5749232 0.1571951
0.946487 1.084271 0.7908969 0.1479711 0.5016274 0.1575727
1.150514 0.5977735 0.7967786 0.2139282 0.5530713 0.140956
0.8948385 1.077186 0.7329197 0.1430121 0.5016536 0.1412131
1.016348 1.086702 0.7120498 0.1600946 0.4935927 0.1345896
0.9233993 1.388437 0.6197642 0.1307431 0.4562988 0.1153887
1.081273 0.7787941 0.8746288 0.1886486 0.5436871 0.1717617
1.14386 0.5156008 0.9578236 0.2157095 0.5783997 0.1825913
0.9281188 1.050275 0.7300623 0.1470526 0.4946759 0.1374969
0.8431346 1.446176 0.7889734 0.1244679 0.5183017 0.1831268
1.095233 0.8127169 0.6740436 0.1891631 0.50884 0.1143262
0.8008309 1.626611 0.6361106 0.1094177 0.4754154 0.1333208
0.9565056 1.050591 0.7756666 0.1528091 0.5074334 0.1530305
1.052835 0.6510621 0.8029674 0.1913813 0.5446939 0.1440995
0.9787126 1.073038 0.7158224 0.150306 0.480543 0.1319737
1.730711 -1.101454 1.500114 0.6265913 1.223487 0.2798582
0.9796827 1.088601 0.7510782 0.154472 0.5008056 0.1468319
1.128745 0.7706617 0.7717379 0.1987639 0.53218 0.1409855
1.039791 1.024925 0.7162237 0.1620094 0.4809274 0.129432
0.8471831 1.094335 0.7499346 0.1347047 0.5058801 0.1481603
1.022449 1.246514 0.646199 0.1534106 0.474964 0.1207408
1.233252 0.4191078 0.8143319 0.2461737 0.5869934 0.1405297
0.8064759 1.707426 0.6024938 0.1040569 0.4522662 0.1212091
0.9146181 1.343999 0.6234391 0.132512 0.4637662 0.1163143
1.099012 0.7055468 0.8427662 0.1972789 0.5485507 0.1591027
1.097117 0.8469459 0.7786612 0.1866312 0.5205334 0.1446915
1.024918 0.7591526 0.8202244 0.1785997 0.5324769 0.1527976
0.8451127 1.451621 0.5963095 0.1204534 0.4654814 0.1138365
0.9668853 1.176599 0.677882 0.1459964 0.4763732 0.1262076
1.24821 0.6889361 0.745505 0.225831 0.536254 0.1303476
1.150481 0.7233577 0.948092 0.205789 0.5636952 0.193684
0.8701978 1.65732 0.5900016 0.1175349 0.4647083 0.1189682
0.8395553 1.457855 0.673391 0.1217037 0.4913543 0.1415093
0.9463161 1.253106 0.6614452 0.141883 0.4767255 0.1251973
1.13526 0.8583505 0.7670804 0.1940861 0.5223043 0.1427486
1.7091 -0.3809224 0.9131183 0.4776282 0.8322035 0.1461626
0.8606146 1.350218 0.6917506 0.1257047 0.4858641 0.14069
0.9445467 1.201277 0.6263268 0.1453067 0.4778044 0.1142002
1.634014 -0.6883098 1.409243 0.4853207 0.9587927 0.2602645
1.188163 0.3993825 0.9355483 0.2340649 0.5951427 0.1714583
0.6701246 2.256943 0.4862026 0.08432148 0.4971038 0.1102548
1.022166 1.017245 0.7507992 0.1651321 0.5049964 0.1436867
0.9500717 1.419006 0.5923624 0.135229 0.4568793 0.1095578
1.149817 0.49946 0.911041 0.2193977 0.5791932 0.169359
1.33053 -0.09963108 0.9356417 0.3263814 0.7275029 0.157438
1.090423 0.9238295 0.808124 0.1794601 0.5146935 0.1558504
0.8877584 1.342268 0.6518932 0.1281556 0.4687784 0.1249919
1.053466 0.7985816 0.711639 0.1824803 0.5147103 0.1237029
0.9386547 1.438688 0.6336953 0.132421 0.4632822 0.1224496
1.010681 1.117151 0.7058149 0.1600793 0.4970832 0.135064
0.951258 1.39236 0.6568898 0.1372733 0.4776347 0.1307415
1.083163 0.6074788 0.7769964 0.199331 0.5441867 0.1347442
1.073875 0.8413753 0.8550327 0.1835983 0.534302 0.1681661
0.842293 1.385789 0.7761953 0.1214237 0.4952774 0.1688764
0.9935676 1.231243 0.7331769 0.1489673 0.4898596 0.1471114
1.238016 0.228368 0.9875695 0.2620632 0.6389868 0.1806428
1.102127 0.5134504 0.9421243 0.2118292 0.58843 0.1810102
1.053696 0.7571315 0.7781638 0.1870176 0.5363758 0.1427196
0.9891163 0.7557015 0.8845275 0.1687873 0.5296531 0.168758
0.9554319 1.388593 0.6243367 0.1385837 0.4698475 0.119582
1.014988 0.8763959 0.813267 0.1714412 0.5252522 0.156937
1.01847 1.061927 0.6538829 0.1598134 0.4768924 0.1147898
0.9884414 1.333157 0.6970525 0.1448188 0.4824552 0.1399455
0.8717736 1.353995 0.7039795 0.1252932 0.476674 0.1413856
1.125784 0.4945305 0.9637787 0.2157898 0.5883829 0.1852562
0.8630881 1.467566 0.5788334 0.1217744 0.4568585 0.1078572
0.7591313 1.934008 0.5651609 0.09699009 0.4732633 0.1219841
1.072562 0.7917621 0.7039831 0.1878484 0.519763 0.1225598
0.8775483 1.525689 0.5688286 0.1198069 0.4483184 0.105719
0.8704316 1.715083 0.5671309 0.115842 0.462081 0.1140573
1.101823 1.035769 0.7490653 0.1765169 0.5018907 0.143428
0.964727 0.8820017 0.9028159 0.1639108 0.542466 0.1870452
0.8353629 1.440483 0.6458259 0.1176944 0.4665433 0.1266782
1.095559 0.6878814 0.7602301 0.1954003 0.5303469 0.1326856
0.8301611 1.758673 0.5986233 0.1129394 0.4854232 0.129469
1.175804 0.544584 0.8789625 0.2202251 0.5664351 0.161318
1.02432 0.7173279 0.8726087 0.1787211 0.5381248 0.1653031
1.171876 0.6743157 0.9975172 0.2114586 0.5704247 0.2053723
1.227622 0.4566314 0.8416628 0.2415841 0.5846963 0.1494538
0.7458591 1.551908 0.6710043 0.1031739 0.4797422 0.1418078
0.7798796 1.879069 0.5334425 0.09879787 0.4570112 0.1084977
1.395861 -0.02409337 0.9661231 0.3259593 0.6958837 0.1652654
0.8209796 1.597506 0.7198865 0.1167173 0.5082317 0.1660173
0.9548532 1.470351 0.6513984 0.1343997 0.4718478 0.1307581
1.041378 0.6904648 0.9425342 0.1831887 0.5494962 0.185051
0.975904 1.096958 0.7437918 0.1521083 0.4961023 0.1444237
1.209212 0.3759543 0.9007031 0.2470527 0.6117749 0.1643568
1.170965 0.4655818 0.8648332 0.2294299 0.58597 0.1562614
1.069334 0.6903492 0.8710462 0.1905393 0.5470609 0.1651147
0.9479781 1.078348 0.8373272 0.1527324 0.5259259 0.1775682
0.9104753 1.663393 0.5861186 0.1214085 0.4599143 0.1172159
1.238241 0.1813863 0.9272114 0.269195 0.646645 0.1628866
1.197097 0.5575047 0.8227173 0.2263369 0.5645338 0.1473619
0.9502341 1.043288 0.725027 0.1518565 0.4984762 0.1368423
1.234004 0.2603379 1.007858 0.2589599 0.638067 0.1888727
0.9157379 1.150134 0.8718094 0.1413159 0.5159401 0.1894574
1.177048 0.7506591 0.8304701 0.2074566 0.5396301 0.1566589
0.9008462 0.9647989 0.8181173 0.1451955 0.5095681 0.1598587
0.7585729 1.858277 0.5409962 0.09805629 0.4654372 0.1117997
0.9451454 1.096844 0.74157 0.1480459 0.4975075 0.144032
1.232273 0.07629727 0.9697311 0.2731034 0.6602887 0.1671281
0.8932643 1.172464 0.8630912 0.1392532 0.5244773 0.1914858
1.078329 0.7115537 0.7213587 0.1906221 0.520687 0.1226096
1.1266 0.5423264 0.8024978 0.2149172 0.5651471 0.1413101
0.8737207 1.607323 0.5232145 0.1163198 0.4404915 0.0954033
1.074767 0.9454755 0.7005208 0.1778047 0.5019381 0.1260641
0.9650668 1.002878 0.7724022 0.1573819 0.5133163 0.1508825
1.029535 0.7483657 0.9137207 0.1786936 0.5433923 0.1800971
1.088685 0.3802479 0.841063 0.2179529 0.5907333 0.1451803
0.8961757 1.551195 0.5982614 0.1250695 0.4684344 0.1185114
0.7633637 1.691041 0.6074685 0.1049719 0.483218 0.1293643
1.014921 1.061971 0.796426 0.1611592 0.5083382 0.1595859
1.005586 0.9271281 0.7991765 0.1664513 0.5170969 0.1543245
1.058971 0.8470415 0.7926794 0.1758467 0.5106758 0.1461825
0.8960963 1.340118 0.7693534 0.133224 0.5041167 0.1669903
1.022159 1.096652 0.7879079 0.1609528 0.5072167 0.1591418
1.251662 0.3151888 0.9811909 0.2548258 0.6166845 0.1812606
1.189107 0.5043767 0.8644492 0.2283663 0.5762277 0.1568191
0.8491874 1.555806 0.7000866 0.1186292 0.4900482 0.1531168
0.7255153 2.232284 0.4241617 0.08706378 0.4489538 0.08337865
1.07884 1.032382 0.7167475 0.1698806 0.4874327 0.1314532
0.783752 1.698658 0.5683235 0.1031555 0.4537157 0.1120186
0.9733918 0.6487092 0.9438385 0.1737688 0.5544532 0.1833545
1.571543 -0.2795207 0.9442595 0.4140035 0.7846899 0.1543289
0.9961515 1.015069 0.7693576 0.157842 0.4994593 0.1474164
1.142063 0.5406112 0.9132708 0.214019 0.5702304 0.1706341
1.051218 0.9133684 0.7055723 0.1734527 0.4995618 0.1253251
1.008096 0.8023179 0.8497093 0.1750742 0.5394627 0.1655014
0.972022 1.226983 0.6537911 0.1460908 0.4772936 0.12266
0.8921192 1.240784 0.7673819 0.1346083 0.4976386 0.1588914
0.7276287 1.982162 0.6068012 0.09643677 0.5125216 0.1459168
1.032071 0.9262686 0.7146714 0.1689397 0.4981337 0.1279675
1.368916 -0.252289 1.337962 0.3472029 0.802319 0.2634237
0.9715226 1.185753 0.6807854 0.1477385 0.4801313 0.1280432
0.7816537 1.507843 0.7353584 0.110318 0.494555 0.1626963
0.835542 1.5578 0.5457528 0.1146222 0.4467203 0.1001985
1.062161 0.6373852 0.8640626 0.1950447 0.5589664 0.1623279
0.9362497 1.118143 0.7780271 0.1459608 0.5026026 0.1563894
1.101807 0.7979602 0.7590356 0.1900062 0.5206337 0.1367823
0.9106799 1.276618 0.7667286 0.1372813 0.5005388 0.1612965
0.8856815 1.280075 0.6908865 0.1295395 0.4749034 0.1341037
1.090042 0.8609255 0.7592375 0.1843151 0.5153696 0.1393076
1.110905 0.3260669 1.213988 0.2279266 0.6520296 0.2584336
1.008103 0.8720428 0.9396094 0.1695701 0.5403096 0.1960256
1.034073 0.780873 0.8741029 0.1795357 0.5413503 0.1712067
1.025531 0.6293315 0.9804931 0.1852266 0.5655421 0.1953261
1.075458 0.8317044 0.8286473 0.1831186 0.5275387 0.158654
0.9250012 1.372384 0.6535913 0.1334416 0.4729815 0.1277428
0.9437504 1.057406 0.6928369 0.1504827 0.4924518 0.1277043
0.8892347 1.31036 0.7216562 0.1289329 0.477516 0.1442029
0.9632416 1.032367 0.685272 0.1547041 0.4919905 0.1244093
0.7079674 2.238315 0.4797965 0.0461168 0.1953557 0.05812791
0.8457421 1.857832 0.519064 0.1095328 0.4560269 0.1032829
1.184646 0.4973759 0.8529172 0.2268141 0.5713712 0.1520963
1.122108 0.6689614 0.8545069 0.2021365 0.5493879 0.1598144
0.966609 0.9539066 0.841785 0.1615248 0.5316377 0.1717377
0.9811324 0.9577737 0.8414835 0.1619798 0.5251058 0.1700515
1.184362 0.5206413 0.824184 0.2236217 0.5612274 0.1444924
1.029762 0.9094867 0.7615585 0.1734556 0.5198396 0.1440483
0.9485029 1.344441 0.6258517 0.1390455 0.4726684 0.1191393
1.021112 0.7191896 0.964549 0.1770851 0.546709 0.192655
0.8511419 1.09194 0.8105149 0.1360975 0.5165998 0.1674701
1.098092 0.6763791 0.8281741 0.1993178 0.5497442 0.153405
1.013357 0.7517821 0.9318924 0.1773511 0.5508634 0.1875414
0.9324536 0.9817029 0.7525513 0.1504465 0.501718 0.141433
1.129227 0.5508447 0.8017382 0.2127094 0.558648 0.1403985
1.03889 0.6692683 0.7856234 0.1872567 0.5392502 0.1397952
1.182865 0.4873786 0.7500671 0.2287482 0.561376 0.1244515
1.296724 -0.1114016 1.074781 0.3146905 0.7380843 0.1933798
0.9867336 1.39133 0.5769842 0.1405065 0.4521666 0.1039569
1.076388 0.6175696 0.9266716 0.1974203 0.5663449 0.17967
1.048893 1.002082 0.661078 0.1688378 0.4873376 0.1161637
0.9079306 1.136632 0.7586764 0.1404402 0.497262 0.1506774
1.1225 0.6049687 0.8145256 0.2065346 0.5500481 0.1451844
1.028495 0.8282307 0.7811159 0.1758383 0.5215473 0.1443714
1.00181 1.202358 0.6612726 0.1525578 0.4806194 0.123971
0.9484806 1.177214 0.6816451 0.146348 0.4877496 0.1297044
1.254295 0.6134107 0.7107796 0.235735 0.5464296 0.1195523
1.052674 1.198361 0.6113341 0.1585501 0.4658914 0.1081955
1.340228 0.01493817 1.187764 0.3099757 0.7185954 0.2328269
0.834669 1.498819 0.6775777 0.1194047 0.489482 0.1437966
0.8983198 1.43632 0.5863603 0.127465 0.4572093 0.1087896
0.8933128 0.9198562 0.838873 0.1473172 0.5196501 0.1651499
0.9699991 1.170986 0.7972642 0.1506933 0.5112066 0.1675993
1.282298 0.272914 0.8102821 0.2670189 0.605222 0.1332222
0.8060682 1.44426 0.6794029 0.1164961 0.4859633 0.1408128
0.7800281 1.979249 0.5359506 0.1002946 0.4764691 0.1152843
0.8428328 1.324783 0.675735 0.1257704 0.4877337 0.1351296
1.279397 0.3577816 0.9952683 0.2577761 0.6144935 0.1882824
0.8729706 1.215526 0.7443711 0.1324946 0.4943683 0.1502538
1.056138 0.8047836 0.7234706 0.1808826 0.5123619 0.1266258
0.9194156 1.09867 0.7866188 0.1461143 0.5124026 0.1603704
1.003598 0.8156279 0.7504556 0.172358 0.519159 0.1353963
1.025928 1.129924 0.7244602 0.1580376 0.4904941 0.1396188
1.636084 -0.1677587 0.8729518 0.4121807 0.7374615 0.1388473
0.8236115 1.555905 0.6258047 0.1140005 0.4717147 0.1271653
0.8824119 1.437474 0.6909964 0.1269598 0.4869056 0.1443574
1.010535 1.214506 0.6175959 0.1537811 0.4724988 0.1115221
1.353607 0.1541976 0.835903 0.2981302 0.6413079 0.1376358
1.470849 -0.1155543 1.021978 0.362918 0.744531 0.180906
1.094149 0.6973913 0.9835509 0.1951225 0.5642117 0.2016885
0.8555638 1.837167 0.5133929 0.1104307 0.4481556 0.09955992
0.9749686 0.9013459 0.7519224 0.1637974 0.5157197 0.1400134
1.171163 0.728893 0.8375574 0.2073331 0.5423385 0.1579104
0.8002475 1.564284 0.6571707 0.1120759 0.4822582 0.1385301
1.063818 1.00381 0.7655399 0.1699846 0.5001885 0.1456146
0.8652269 1.179244 0.7316002 0.1313031 0.4879481 0.1432047
1.025708 0.7811641 0.6920644 0.1790586 0.5151727 0.1182511
1.054191 0.9317692 0.8166216 0.1749896 0.5217526 0.1605631
0.7923775 1.388064 0.7560386 0.1176543 0.5073495 0.1664796
1.077953 0.74417 0.7832418 0.1888388 0.5297722 0.1418936
0.7586138 1.898379 0.553282 0.09491103 0.4566245 0.1142076
0.8378187 1.557358 0.6039801 0.1160236 0.4664346 0.1198322
0.9406089 1.155073 0.7082945 0.1472627 0.4968726 0.1377611
1.010282 0.8867653 0.7179557 0.168614 0.5057087 0.1283869
1.220693 0.3793336 0.9245088 0.2448508 0.6037881 0.1690024
0.8656327 1.372364 0.6734404 0.1258233 0.4798922 0.1346997
1.08899 0.3734674 0.8703987 0.2162734 0.5896716 0.1517022
1.265929 0.2841517 0.8626296 0.2613159 0.6079127 0.1469972
0.942722 1.368569 0.6056091 0.1379438 0.4726669 0.1146479
0.8634845 1.300663 0.6773972 0.126883 0.4750412 0.1311191
0.780048 1.245286 0.8509713 0.1196816 0.522638 0.191896
1.076024 0.9445762 0.7863102 0.176886 0.5134626 0.1511065
1.140594 0.6624167 0.879951 0.19994 0.5365638 0.1627095
1.040192 1.026696 0.6838406 0.1669499 0.4918703 0.1238787
0.8418862 1.279294 0.7412356 0.126026 0.4947905 0.1529114
1.1922 0.4058492 0.8537302 0.2383182 0.5930088 0.15058
0.918184 1.47206 0.6162935 0.1286145 0.4633538 0.1194212
0.924554 1.255856 0.6704761 0.1361398 0.4729338 0.1272739
1.26076 0.07390792 0.9283101 0.2887538 0.679644 0.1610755
1.527929 -0.6412329 1.06935 0.4685073 0.9497193 0.1777959
0.9354438 0.9371185 0.9264525 0.1540101 0.5339846 0.1955713
1.06725 0.5749857 0.9175732 0.195658 0.5613841 0.1725014
0.9900665 0.953882 0.7062251 0.1631224 0.5020392 0.1280262
0.8058304 1.617615 0.7478386 0.1157151 0.5215743 0.179793
0.8322638 1.595618 0.7456934 0.1179178 0.5096427 0.1742178
0.9061362 1.056883 0.7595293 0.1433925 0.5006726 0.1473087
0.8582392 1.871613 0.4857209 0.1089574 0.4390945 0.09152087
1.117102 0.5303929 0.8252512 0.2119404 0.5646895 0.1461196
1.05271 0.8617493 0.7496132 0.1770711 0.5112137 0.1359973
1.021126 0.9746542 0.820153 0.1678136 0.5227123 0.1648716
0.9764267 0.8923345 0.8092211 0.1602891 0.5090511 0.1524255
1.090854 1.226205 0.6848538 0.1644349 0.4821609 0.1316235
0.9889293 0.9556265 0.7176738 0.1563674 0.4824276 0.1267367
1.1011 0.5291266 0.7983624 0.2096245 0.5628548 0.1390167
1.231149 0.4496699 0.850866 0.2416263 0.5832216 0.1508109
1.182081 0.1888432 1.25189 0.2477338 0.659856 0.2538013
1.010048 1.211726 0.7272576 0.1536166 0.493228 0.1452151
1.079685 0.4951275 0.9891295 0.2053228 0.5861473 0.1913462
0.9172804 1.267177 0.7078697 0.1348291 0.4794631 0.1392799
1.181842 0.2184759 1.179045 0.2482521 0.65707 0.2367397
0.9934785 1.194409 0.7336217 0.1471633 0.47836 0.1422111
1.387499 0.2670119 0.7675455 0.2936207 0.6096199 0.1237978
0.9602159 1.174216 0.6854245 0.1479053 0.4880996 0.1307718
0.8056924 1.367844 0.6583436 0.1166691 0.4745934 0.129122
0.9805553 0.7920638 0.8959737 0.1632536 0.521885 0.1725957
0.9909738 0.9539928 0.8498087 0.1621791 0.5206768 0.1707689
1.054463 0.481911 0.9115059 0.2027447 0.5818596 0.1685371
0.7222367 2.393202 0.4279093 0.0899663 0.5053721 0.09683806
0.8644964 1.139179 0.6744415 0.1310368 0.4747321 0.1234005
1.10363 0.8673699 0.8156982 0.1845072 0.5201578 0.1558987
0.9473723 1.406338 0.5807755 0.1323043 0.4469811 0.1045745
0.7783506 2.143098 0.5373317 0.1015351 0.5130956 0.127627
1.101981 1.129535 0.6710267 0.1717979 0.4839558 0.1236355
0.9241544 1.12712 0.8948374 0.1428867 0.5179881 0.1955251
0.8744083 1.486975 0.5936258 0.1213459 0.4593703 0.1134659
1.011527 0.5822049 0.8490585 0.18792 0.5596042 0.1546357
1.132105 0.6186556 1.029847 0.2067847 0.5765461 0.2112276
1.17996 0.715829 0.8538771 0.2101573 0.5461671 0.1621064
0.8986083 1.00364 0.8258524 0.1468778 0.5225145 0.1680854
0.9975809 0.945165 0.8112905 0.1622945 0.5127217 0.1578546
1.039094 0.9544955 0.7223638 0.1689658 0.4973948 0.1310812
1.079033 0.7612644 0.8899666 0.1842107 0.5310049 0.1709411
0.7588144 1.636639 0.5690741 0.104419 0.4626959 0.1117226
1.169785 0.3362264 0.909326 0.2372937 0.6053556 0.161781
0.9301369 1.596943 0.6776884 0.1309776 0.4950751 0.1494051
0.9521543 1.064021 0.762939 0.1507455 0.5021806 0.1490038
0.8127955 1.610757 0.7481688 0.1154198 0.5133354 0.1767818
0.9250314 1.497675 0.5043452 0.1311499 0.4511762 0.08935433
1.013855 0.6613926 0.8631458 0.183815 0.5544063 0.1629489
1.223771 0.5402585 0.7522528 0.2335315 0.5579232 0.1275358
0.8207818 1.373642 0.7239262 0.120324 0.4937131 0.1525743
1.208497 0.229134 0.943622 0.254312 0.6289129 0.1670549
1.23662 0.1962224 1.123704 0.2675878 0.670487 0.2226072
1.020035 0.6142383 0.8238768 0.1880749 0.553193 0.1488436
1.015217 0.9772477 0.7877366 0.1639905 0.5060761 0.151324
0.9549491 1.072641 0.7728483 0.1473226 0.4917611 0.1496191
1.005345 1.341654 0.5872614 0.1464961 0.4617226 0.1068482
0.7492543 1.727394 0.608739 0.1019736 0.4844452 0.1313588
0.8357718 1.377087 0.7292614 0.122522 0.4936373 0.1540173
0.9805844 1.030256 0.8322354 0.1540076 0.5053455 0.1668736
0.9310232 1.416233 0.5568575 0.1334745 0.4541026 0.100092
0.7653748 1.647224 0.6403222 0.1061603 0.4868116 0.1381066
1.083724 0.4997584 0.9226463 0.2089864 0.5863673 0.1740171
0.8344038 1.572052 0.6384929 0.1140057 0.468108 0.1301923
0.8937085 1.192074 0.7368689 0.1350011 0.4879183 0.1453052
0.9345996 1.078867 0.6795197 0.1466693 0.4851748 0.1239057
0.9780321 0.884271 0.7824861 0.1656594 0.5223265 0.1484265
0.9846712 1.009166 0.8330808 0.1526273 0.495336 0.1627318
0.9831747 1.247957 0.6123876 0.1468938 0.4666761 0.1104638
0.865764 1.559972 0.6044023 0.1201358 0.4675096 0.1202451
1.486653 -0.08144391 0.9065706 0.3658396 0.7266825 0.1519104
0.7816761 1.931631 0.5776287 0.1052243 0.5077605 0.1342793
1.036724 1.165788 0.6900548 0.1585241 0.4835978 0.1304884
1.430322 -0.09374435 1.109857 0.3454937 0.739339 0.2046593
1.106977 0.5353945 0.9546945 0.2082077 0.5784645 0.1836226
1.141855 0.9686693 0.7693838 0.1882923 0.5155948 0.1486661
0.9668483 0.9150866 0.7615904 0.1609863 0.5136248 0.1428448
0.8925496 1.401383 0.6336993 0.1288886 0.4679676 0.1217642
0.9606547 0.9723616 0.8569046 0.1575498 0.5270308 0.1763436
1.251857 0.606998 0.7565178 0.2334886 0.5489068 0.1306839
0.795971 1.183969 0.609218 0.1200263 0.4631851 0.1064595
1.175208 0.5128402 0.7872707 0.2250117 0.5629915 0.1352124
0.986548 1.139678 0.6886218 0.1537504 0.4879196 0.1295225
0.9310733 0.9883053 0.6856727 0.1517962 0.4945488 0.1227782
0.8288992 1.507801 0.6865939 0.1170698 0.4851146 0.1455543
0.9500705 1.031879 0.7801037 0.1517715 0.5060731 0.1527559
1.225661 0.3866576 1.073571 0.2418567 0.6124458 0.2117166
0.7638179 1.726297 0.612019 0.1021398 0.476497 0.1304486
0.9128463 1.363935 0.6776084 0.1317638 0.476786 0.134808
0.9578271 1.238103 0.7075954 0.1441629 0.4858799 0.1390592
0.9679257 1.012892 0.7123831 0.1551344 0.4952805 0.1312938
1.009226 1.121647 0.7141453 0.1576327 0.4948779 0.1374523
1.150384 1.00596 0.6719249 0.182205 0.4807591 0.117618
1.107283 0.6916382 0.7631989 0.2001223 0.53932 0.1356062
1.153011 0.714066 0.7353407 0.2057701 0.5289783 0.1278185
1.319315 0.1743381 0.9514612 0.2886934 0.6548969 0.1703573
0.8064362 1.819729 0.5928385 0.1052774 0.4751336 0.1275935
1.19606 0.3992457 0.8608832 0.2425753 0.6029819 0.1540647
1.61683 -0.4109238 0.9533755 0.4574228 0.8499205 0.1558174
0.875945 1.354138 0.6353261 0.1260744 0.4657288 0.1204501
1.110878 0.6133206 0.8703014 0.2030072 0.5553365 0.1613668
0.7896547 1.757124 0.5248124 0.1009745 0.4387659 0.09916698
0.7082972 1.737903 0.6193645 0.096191 0.4861977 0.1351392
0.8503213 1.596896 0.5467601 0.1147418 0.4457557 0.1015842
1.113987 0.6062542 0.8127145 0.2073436 0.5566048 0.1462658
1.356595 0.04338788 1.094596 0.304344 0.6850418 0.2018577
0.8775514 1.498148 0.6737842 0.1223209 0.4730007 0.1380961
1.112128 0.7069008 0.8562776 0.1985194 0.5468653 0.1622346
0.9073649 1.233277 0.7160694 0.1348933 0.4822528 0.140503
1.088182 0.7197812 0.7961083 0.1945997 0.5396886 0.1456319
1.23133 0.05332095 0.93861 0.2800044 0.6754874 0.1611506
1.128804 0.3512334 0.8900548 0.2301063 0.6075984 0.1587904
0.8758373 1.348159 0.6138895 0.1265722 0.4619715 0.1137419
1.116158 0.6492457 0.716121 0.2052558 0.5372219 0.1211054
1.192245 0.3219838 0.8419545 0.2453437 0.6044466 0.1439368
1.549029 -0.3101479 0.9168922 0.4194119 0.8045186 0.1486298
0.9574719 1.040708 0.7553442 0.149956 0.4942004 0.1439088
1.030283 0.9610962 0.8523921 0.1670092 0.5184482 0.1717561
1.070788 0.8370761 0.7442446 0.182775 0.5170605 0.1346507
1.109658 0.3225534 1.029747 0.2269062 0.6269157 0.1976996
0.9375486 1.365883 0.6442999 0.1346543 0.4677091 0.1236952
0.8467919 1.38897 0.7664655 0.119817 0.4837373 0.1626202
0.9126623 1.126585 0.6904298 0.1380218 0.4732115 0.1263146
1.412146 0.01988437 0.8975707 0.3313511 0.6915159 0.1515193
0.8267266 1.497406 0.7515129 0.1187831 0.5036206 0.1694534
0.9529553 1.257619 0.7011252 0.1434598 0.4857076 0.1379872
1.259123 0.2883972 0.8641846 0.2596722 0.6081564 0.1477881
0.8892992 1.421375 0.6211193 0.1240991 0.4545124 0.1166778
1.026231 1.035026 0.7368894 0.1630882 0.4958565 0.1387593
1.190647 0.1602112 0.9893314 0.2578835 0.6517169 0.1779408
1.303378 0.2002001 0.9670944 0.281299 0.6485506 0.175175
0.9735736 1.174578 0.6712129 0.1482044 0.4781916 0.1246821
0.9208425 1.292387 0.7301258 0.1368753 0.4918087 0.1498021
1.013585 1.02737 0.7775464 0.1596938 0.4992312 0.1503144
1.208224 0.957001 0.6107292 0.1997335 0.4848848 0.101398
1.062392 0.6583084 0.8226816 0.1895517 0.5384102 0.1482799
1.648263 -0.8284758 1.089483 0.5386911 1.026769 0.1751422
1.180204 0.4955642 0.8422193 0.2269588 0.5730232 0.149792
0.9953909 0.9238795 0.7130985 0.1642237 0.5018128 0.1282491
1.030371 0.7955446 0.7886607 0.1759753 0.5196185 0.1438963
1.210972 0.4531027 0.9713014 0.2305121 0.5818228 0.1818746
1.347246 0.1517628 0.9237674 0.2970864 0.6548941 0.1613473
0.9708838 1.300772 0.6437709 0.1437958 0.4753066 0.1225795
1.147917 0.7549472 0.7655619 0.1998405 0.52314 0.136414
0.8950978 1.367973 0.6559672 0.1309952 0.47833 0.1291964
0.7532948 2.1169 0.4842277 0.09439679 0.4776154 0.1039994
0.9386467 1.24948 0.7015778 0.1410327 0.4869729 0.1384891
1.47683 -0.526058 1.261879 0.4200078 0.8973438 0.2299474
1.00763 0.5680734 0.9684681 0.1890483 0.5813357 0.1909955
0.9228009 1.185922 0.6544831 0.140826 0.4777543 0.1207829
0.9418332 1.058722 0.8952268 0.1471229 0.5140871 0.1891295
1.515663 -0.7691697 1.21208 0.4772472 1.00022 0.2071954
1.081474 0.847595 0.750266 0.1811981 0.5090201 0.1350243
0.813927 1.642313 0.515779 0.1083749 0.4339968 0.09245315
0.9786065 0.9037568 0.8682159 0.1617243 0.5239023 0.1734013
0.9555654 1.291693 0.6839753 0.1427279 0.4831625 0.1343766
0.8254149 1.592528 0.7585208 0.1150495 0.5067876 0.1780104
1.139527 0.5329232 0.8556589 0.2164055 0.5705082 0.1554018
1.023933 1.012486 0.726338 0.1644521 0.4977306 0.1352985
0.7170282 2.079288 0.5319243 0.08954486 0.4744481 0.1156639
0.8906767 1.324973 0.6403885 0.1294408 0.4683493 0.1212291
0.8782424 1.162959 0.7922469 0.1379909 0.5152832 0.1667696
0.9404196 1.38522 0.6701544 0.1373598 0.4822736 0.1347768
1.231 0.4603349 0.9505104 0.2391965 0.5922001 0.1796259
1.14225 0.554259 0.8386802 0.2129614 0.5575546 0.1494632
1.136765 0.6798998 0.803292 0.205819 0.5456113 0.1463969
0.8236872 1.672092 0.5403984 0.107991 0.4396891 0.1008218
1.275286 -0.06084388 1.016232 0.303107 0.7147051 0.1781119
0.8838257 1.394687 0.6807185 0.1266591 0.480032 0.1381905
0.803829 1.664273 0.6243794 0.1115746 0.4875741 0.1343897
1.153991 0.2954654 0.9960445 0.2415201 0.6364338 0.1884924
1.279315 0.2249443 0.9524666 0.2701518 0.6332549 0.1702303
1.091305 0.5692993 0.8718285 0.2019848 0.5598126 0.1596474
1.120772 0.717112 0.7389773 0.2014543 0.5332294 0.1296656
1.186652 0.6973201 0.7606448 0.2117529 0.5310222 0.133426
1.405014 0.2082311 0.8250116 0.3050627 0.6313556 0.1369581
1.546857 -0.3127696 1.240152 0.402447 0.8123529 0.231142
1.129094 0.6641368 0.946388 0.2017724 0.5570036 0.186122
0.9276023 1.118454 0.7172585 0.1435604 0.4883233 0.1362887
1.240452 0.4401128 0.9716685 0.2389508 0.588111 0.1824358
0.9662768 1.061994 0.7355242 0.154296 0.5006947 0.1409569
0.7987356 1.621509 0.6630641 0.1088119 0.4770251 0.141054
1.053959 0.8573657 0.8100355 0.1798197 0.5289136 0.1558473
1.303117 0.1859011 1.075038 0.2815289 0.6630154 0.2061007
1.371333 0.3625249 0.8760993 0.2827757 0.6133514 0.1573304
1.071161 1.061984 0.6582726 0.169835 0.4854129 0.117878
0.927166 1.147766 0.8023858 0.1434448 0.5062285 0.1660779
1.087793 0.7597619 0.7471252 0.190909 0.5258566 0.1327934
1.171425 0.5339769 0.821979 0.2211473 0.5613964 0.1448257
0.9261892 1.163778 0.760774 0.1421961 0.4955706 0.1520711
1.069249 0.6862967 0.8663519 0.1925003 0.551125 0.1644222
0.8893825 1.225049 0.8116486 0.1365046 0.5117069 0.1748291
1.002271 0.810452 0.7845156 0.1733385 0.5272628 0.1455543
0.9077191 1.159109 0.8256223 0.1409622 0.5133303 0.1755824
1.336115 0.2512008 0.7537718 0.2882959 0.6180445 0.1209126
1.069618 0.6644455 0.8347295 0.1883546 0.5316217 0.1497985
1.095459 0.5877873 0.8844794 0.203207 0.5638407 0.1651634
0.9763786 1.235442 0.6312797 0.1465915 0.4696155 0.1151354
0.9144188 1.032024 0.7447165 0.1479625 0.5061424 0.1430825
0.9047 1.167913 0.7389188 0.1383382 0.4919322 0.1456423
0.9446384 1.147451 0.6929232 0.1459941 0.4877196 0.1313185
0.703848 2.036585 0.5245495 0.09079779 0.4863254 0.1155519
0.9053914 1.340594 0.6565012 0.1313592 0.4734514 0.1274138
1.043229 0.5162599 0.9149097 0.1977896 0.5762617 0.1707979
0.8507876 1.298979 0.838127 0.1259894 0.5080708 0.1865299
0.8465183 1.480437 0.7440997 0.1206687 0.4954687 0.1639063
0.9467976 1.161925 0.7641381 0.1438048 0.4922743 0.1523707
1.137561 0.5633379 0.7881541 0.2145089 0.5581587 0.1377543
0.9946771 0.5738147 0.964733 0.1828946 0.5690693 0.1870215
1.268534 0.154047 0.9057036 0.2825485 0.6597523 0.1581116
1.049583 0.9396386 0.749627 0.1711842 0.5028293 0.1385734
1.205417 0.4636163 0.9461189 0.2309769 0.5837294 0.1767299
1.13366 0.6732992 0.778447 0.2045893 0.5390147 0.1381799
0.9411287 1.324052 0.6682264 0.1383118 0.4772992 0.1303736
0.9947736 1.216059 0.6409413 0.1482014 0.4695241 0.1172625
0.91939 1.171782 0.6663657 0.1409976 0.4821371 0.1243204
0.9633204 0.9773422 0.7216153 0.1561348 0.4983191 0.1323778
1.329343 0.2097915 0.991175 0.2848909 0.647956 0.1823236
0.9023272 1.073795 0.6413363 0.1416717 0.4797077 0.1131743
1.228051 0.6170226 0.8019178 0.2190427 0.5311575 0.1387111
0.8708545 1.439581 0.6260563 0.1214378 0.4586969 0.1197392
0.9292374 1.207964 0.6356526 0.1407906 0.4728061 0.1158705
0.8675826 1.389784 0.7954764 0.1281172 0.5117452 0.1799686
1.091985 0.7172414 0.757218 0.1925291 0.5265271 0.132972
0.8611342 1.232787 0.7173842 0.1296475 0.4878742 0.1420705
0.8315306 1.521027 0.7279412 0.118985 0.5022431 0.1632924
1.119111 0.742502 0.8051065 0.197112 0.5344035 0.1481816
0.7104605 1.869212 0.5357329 0.09279477 0.4707223 0.1116672
0.8033332 1.414978 0.6612775 0.1139857 0.470476 0.1308541
0.8533029 1.425934 0.7332023 0.1233455 0.4933748 0.1574621
0.9091515 1.232536 0.6504968 0.1372749 0.4760759 0.12134
0.7602391 1.852409 0.5530697 0.1010457 0.4762831 0.116811
0.8367188 1.297925 0.7138167 0.125473 0.4941761 0.1461
1.181961 0.6424283 0.7545068 0.2148037 0.5373822 0.1301611
0.8931196 1.069468 0.7910461 0.140863 0.5058094 0.1580741
0.8057594 1.159419 0.7760955 0.124105 0.5011049 0.1579077
1.032949 1.061602 0.6853566 0.1622115 0.4850533 0.124581
1.133505 0.6527433 0.825013 0.2050632 0.5467249 0.1505119
1.041814 0.7910348 0.8107462 0.1762275 0.5174316 0.1487851
1.091085 0.8165685 0.806821 0.1886586 0.5320743 0.1531083
0.8361501 1.48182 0.7291385 0.1206012 0.4999568 0.1609264
1.227628 0.610544 0.8990401 0.2276947 0.5684205 0.1721273
1.116512 0.3956442 0.8683596 0.2244519 0.5980013 0.1545638
1.061294 0.9034399 0.7850558 0.1761757 0.515146 0.1487925
0.8647851 1.175003 0.6423534 0.1324723 0.4763358 0.1169179
0.9527875 0.9716748 0.7105439 0.1554406 0.4993552 0.1294718
0.8497624 1.402344 0.7097362 0.1218492 0.4823416 0.1466314
0.9120298 1.519577 0.6073408 0.12917 0.4740928 0.1211921
1.140801 0.6202874 0.8158341 0.2100358 0.5522386 0.1470881
1.331105 0.0340953 1.226864 0.3032625 0.7128533 0.24486
0.9051675 1.622218 0.5831682 0.1210045 0.4578481 0.1150213
1.032535 0.8117815 0.7560515 0.1789544 0.5238827 0.1375118
0.9398931 1.271177 0.6271148 0.1388307 0.4659861 0.1149183
0.8722109 1.012385 0.9629608 0.1418559 0.5424706 0.2159399
1.345816 0.2393074 0.9314861 0.2837444 0.6286442 0.1647051
0.9423944 1.519915 0.6357241 0.133168 0.4758952 0.1291164
1.104076 0.7868877 0.751609 0.1888822 0.5157569 0.1334563
0.9540182 0.7921176 0.9900019 0.1632323 0.5488057 0.2066336
1.142087 0.3303289 1.045446 0.2304681 0.6195128 0.2002891
1.232915 0.5089198 0.9130082 0.2321861 0.5714708 0.1685385
0.965839 1.132686 0.6971197 0.149797 0.489026 0.1320484
0.9088685 1.092518 0.7090385 0.1375557 0.4728503 0.1292612
0.9864459 0.9979818 0.7163641 0.1592679 0.4975238 0.1319192
1.134191 0.8138752 0.7127556 0.1933266 0.5076154 0.1233835
0.934 0.9955744 0.763683 0.1503293 0.5044023 0.1459363
0.9240937 1.385881 0.6426943 0.1315108 0.4661536 0.1238367
1.381493 -0.08142762 0.9455787 0.3324691 0.7144661 0.1589871
1.213631 0.2772215 0.9161117 0.252535 0.6204763 0.1623235
1.192714 0.4771981 0.8981518 0.2308068 0.5839933 0.1653042
0.8437085 1.561328 0.6162243 0.1154262 0.4650037 0.1232151
0.7668509 1.747335 0.5674042 0.1028248 0.4690772 0.1164279
0.7693 1.730283 0.600402 0.1021477 0.4709567 0.1259039
1.076986 0.6965689 0.8404634 0.1955166 0.5536255 0.1590424
1.037503 0.7146806 0.9695613 0.1848737 0.5631554 0.198787
1.265314 0.3778094 0.9541588 0.2511412 0.6008421 0.1758193
1.264432 0.6520876 0.7391517 0.2281623 0.5314342 0.1257936
0.9233002 1.255293 0.6987075 0.1384652 0.483731 0.1368343
1.27004 0.4536203 0.8191362 0.2474154 0.5746205 0.141486
1.139869 0.2378152 0.9588793 0.2381561 0.6270833 0.1714047
0.9593673 1.219382 0.6291415 0.1462537 0.4773841 0.1157721
0.7978687 1.629379 0.5844907 0.1070036 0.4607174 0.1162313
0.8090776 1.949456 0.462184 0.09918608 0.4331578 0.08650811
0.9407753 1.453744 0.6292549 0.1317964 0.4637825 0.1223167
0.6722518 2.32516 0.4105177 0.07843256 0.4474332 0.08087792
1.253664 0.2262703 0.9188428 0.265703 0.6306792 0.1611516
0.9441172 1.405694 0.6002842 0.13511 0.4630172 0.1127637
1.127978 0.7783654 0.8196688 0.1925424 0.5224974 0.1514718
0.9599877 1.028812 0.7481568 0.1514087 0.4960021 0.1418842
1.033997 0.9020094 0.8222074 0.167612 0.5071536 0.1563841
0.7623588 2.07248 0.5154178 0.09375786 0.4688618 0.1103635
0.9664824 0.9734633 0.8108451 0.1579167 0.5170737 0.1605236
1.015977 0.6655917 0.7567218 0.1840428 0.5376415 0.1321066
1.036078 1.062602 0.752411 0.1606134 0.4880945 0.1423653
0.8192817 1.596086 0.6826918 0.1135968 0.4859022 0.148093
1.036659 1.058337 0.7202559 0.1658142 0.5009466 0.1371118
0.859565 1.741887 0.5728815 0.1128541 0.4615018 0.116434
0.9066164 1.207465 0.8099668 0.1382304 0.5066038 0.1719315
0.9377162 1.304572 0.6423425 0.1391094 0.4728572 0.1214027
1.212321 0.7039455 0.7926905 0.214615 0.532731 0.1422951
0.8818425 1.160158 0.6828072 0.135108 0.4828212 0.1281466
1.538353 -0.2404916 0.9078125 0.4030005 0.7747298 0.1473382
1.169527 0.920892 0.6523986 0.1947349 0.4933008 0.1111924
1.030758 0.8411102 0.8648308 0.1764206 0.5367972 0.1716198
1.121383 0.1027999 1.142357 0.2492769 0.6872867 0.2219255
0.8015688 2.080325 0.4967146 0.09944723 0.4674183 0.1046439
1.129449 0.5831491 0.905575 0.209402 0.5663497 0.1710613
0.8633754 1.519477 0.6374644 0.1190006 0.464448 0.1269819
1.042559 0.9355502 0.7551277 0.1732121 0.5118473 0.1416785
0.9590523 0.8535903 0.8744379 0.1624224 0.5337233 0.1743743
0.9256004 1.492285 0.5473928 0.1287065 0.4471813 0.09891073
0.7605604 1.83253 0.5526242 0.09734995 0.4561265 0.1120328
1.262648 0.2331839 0.871963 0.2712953 0.6332345 0.1505484
0.7658365 1.716247 0.745561 0.105272 0.5126034 0.1806326
0.9671361 0.6622901 0.8256427 0.1711841 0.5338636 0.1480798
0.9365317 1.160912 0.6686527 0.1452071 0.4849752 0.1247839
1.028949 0.7145887 0.8300609 0.1845705 0.5477245 0.1563049
0.9128881 1.232254 0.6760293 0.1371978 0.4798119 0.1290189
0.7942423 1.427747 0.623668 0.1136376 0.4690983 0.1209133
1.436927 -0.04587594 0.9631838 0.3380192 0.6995225 0.163157
1.007683 0.7301873 0.9707572 0.1748085 0.5490048 0.196127
0.942506 1.086213 0.8308681 0.1470344 0.5086889 0.171215
1.311047 0.3539678 0.9096443 0.2631047 0.5993813 0.1618766
0.7529055 1.842745 0.5417039 0.09964035 0.4681028 0.1113816
0.9052234 1.257003 0.7677097 0.1372292 0.5040448 0.1620247
1.073291 0.610114 0.8202732 0.1989226 0.5561195 0.1484505
1.080588 0.3565543 0.971219 0.2176481 0.6110547 0.1809466
0.8814807 1.556184 0.6115969 0.1219323 0.4658818 0.1215833
0.8584212 1.587065 0.6006504 0.1169004 0.4605604 0.1185456
0.9453392 0.9943846 0.7453567 0.1481186 0.4848045 0.1359655
1.154951 0.5578385 0.8057914 0.2160433 0.555524 0.1411724
1.213905 0.2895336 0.7864666 0.2503747 0.5958313 0.1270455
0.6836227 2.067225 0.5526545 0.0862 0.4833561 0.1236049
0.9888721 0.8925778 0.8712644 0.1661072 0.5330713 0.1762625
1.609456 -0.6566978 1.304584 0.4841362 0.9603633 0.2374984
1.313479 0.3174035 0.8396219 0.2684031 0.6002573 0.1423565
0.7360306 1.834282 0.5948162 0.09948133 0.4950945 0.1332973
0.9890892 1.043717 0.7868237 0.1569073 0.5043001 0.1547638
1.014076 1.044018 0.7052677 0.1609257 0.4906632 0.1298275
1.317843 0.1815749 1.054386 0.2839284 0.6577755 0.1985703
1.001744 1.218969 0.6924508 0.1503254 0.4808016 0.1330484
0.8302351 1.643821 0.5653802 0.1111398 0.453452 0.1094926
0.9850903 0.9620347 0.7282424 0.1594094 0.4965753 0.1327714
0.9426941 1.170711 0.7283572 0.1420677 0.4826872 0.1405589
0.996835 0.9604992 0.7387715 0.1642066 0.5085597 0.1382723
1.230601 0.4724794 0.8394842 0.244331 0.5898454 0.1509642
0.8208472 1.550069 0.6944004 0.110238 0.4688123 0.145527
0.8589378 1.315424 0.7679878 0.1277264 0.5023225 0.1650211
1.337033 -0.03188297 1.038843 0.3155524 0.7136461 0.1865818
1.011391 1.078974 0.7078898 0.162822 0.5015205 0.1346207
1.129575 0.4842353 0.89825 0.2155476 0.5758655 0.1639116
1.181676 0.5977811 0.7989806 0.2155413 0.5424778 0.1392614
1.41591 -0.2417268 1.021245 0.3634968 0.7739517 0.174277
1.174312 0.5175449 0.8584222 0.2245461 0.573017 0.1553838
0.7709221 2.053329 0.5148927 0.0970887 0.4750539 0.1108124
0.82959 1.393527 0.6814064 0.1222141 0.4889146 0.1397805
0.753812 2.0497 0.527327 0.09381917 0.4681221 0.1124929
0.9090135 1.285352 0.6895887 0.1352724 0.4824168 0.1355587
0.8863723 1.383991 0.6128105 0.126395 0.4606618 0.1146829
1.290308 0.1232945 1.014684 0.2873641 0.6736899 0.1863397
0.7611734 1.329864 0.6344403 0.1113501 0.4704479 0.1202197
1.044424 0.7529108 0.7944071 0.1845424 0.5361127 0.1466185
0.7328434 1.873591 0.5245585 0.09283107 0.4499135 0.1040558
0.9582702 0.9020528 0.8833938 0.1619076 0.5392916 0.1822377
0.8279318 1.603918 0.6134261 0.1100864 0.4569482 0.1221905
1.417055 0.08118274 0.8904476 0.3215116 0.6671383 0.1498978
0.8471699 1.484173 0.5757004 0.117673 0.4495967 0.1060405
0.8944074 1.278226 0.7400619 0.1348247 0.4973653 0.1530826
0.9850647 1.041856 0.8371649 0.1558455 0.5120622 0.1711047
0.8058978 1.628315 0.6233113 0.110877 0.476789 0.130094
1.179846 0.6061828 0.9015848 0.2170335 0.5638611 0.1713925
0.9054224 1.598597 0.6443739 0.1213597 0.4663092 0.132792
1.138994 0.3973527 0.9364938 0.2277558 0.6040175 0.173515
0.897416 1.206419 0.6948002 0.1357291 0.4827731 0.1333776
1.033346 0.79032 0.7986321 0.1749969 0.5164147 0.1454589
1.204434 0.4951176 0.8162324 0.2340248 0.5748969 0.1435738
0.7384779 1.570936 0.592613 0.1000912 0.4594587 0.1162046
1.32693 0.2011414 0.9947499 0.2737023 0.6190612 0.1747374
1.419666 -0.0384869 1.005717 0.3394879 0.7192471 0.1787059
0.8633751 1.446564 0.6425508 0.1217322 0.467025 0.1261417
0.9712145 0.8464389 0.902042 0.1638425 0.5354375 0.1822063
1.374254 -0.05708338 0.9855802 0.3269426 0.7119614 0.1704344
0.8563445 1.114981 0.7897733 0.1315293 0.4955514 0.1574002
1.02924 0.8370396 0.7367138 0.1758757 0.51494 0.1320764
0.8655583 1.354361 0.6603069 0.1237063 0.4691521 0.1281482
0.9254291 1.436793 0.6662157 0.133288 0.4842062 0.1368251
1.395074 -0.649432 1.343739 0.4201405 0.9662928 0.250252
0.9218577 1.22645 0.6761933 0.137852 0.47707 0.1282433
1.232556 0.2769325 0.9403586 0.2587522 0.6301151 0.1707337
0.7582577 1.936822 0.5340403 0.0958034 0.4620877 0.1109011
1.185299 0.7300527 0.7326146 0.2124461 0.5323997 0.1287621
1.143354 0.5102869 0.8882156 0.2233077 0.5903655 0.1667572
1.058428 1.130196 0.7769398 0.1636132 0.4994575 0.1559672
0.9296494 1.086445 0.7196055 0.1430397 0.4841516 0.1345608
1.159436 0.559311 0.7754361 0.2192144 0.5561169 0.1337808
1.080032 0.852222 0.6956732 0.1833694 0.5061408 0.1209343
0.8699766 1.348682 0.6922783 0.1270977 0.4844008 0.1401845
1.580386 -0.3059711 0.9572579 0.4300239 0.8152065 0.1603725
1.239766 0.3425035 1.020727 0.2501326 0.6183632 0.1949541
1.262976 0.5391122 0.8218735 0.2368102 0.557921 0.1444235
1.169944 0.9368452 0.817008 0.1925727 0.5193988 0.1606885
0.9473209 0.9941385 0.8087868 0.1540567 0.5162785 0.1610307
0.769812 1.331598 0.7818903 0.1144223 0.5041297 0.1700933
1.104522 0.7012441 0.7975661 0.1968503 0.5364278 0.1440665
0.9757614 1.230245 0.7695473 0.1466243 0.4967971 0.1591031
1.319336 0.4968506 0.744382 0.2583959 0.5680181 0.1247901
0.9570589 1.103586 0.7459329 0.1471235 0.4886465 0.1432921
0.9501126 1.140095 0.6462169 0.146376 0.4764582 0.1164673
0.9558818 1.298677 0.634583 0.1366545 0.455297 0.1157412
0.9602961 1.031498 0.6983626 0.1515439 0.4865438 0.1267101
0.9697706 1.306532 0.5725382 0.1403966 0.4508471 0.09986539
1.192522 0.5225744 0.8676361 0.2280431 0.5761694 0.1591264
1.139768 0.696152 0.8078371 0.203243 0.5393706 0.1473047
0.9072383 1.3716 0.7074091 0.133471 0.4909975 0.1467925
0.9699046 0.8773942 0.7069924 0.1633799 0.5067414 0.1252164
0.9009527 1.295137 0.6917193 0.1315115 0.4753185 0.1350361
0.9112236 1.298626 0.7661382 0.1380303 0.5074037 0.1645928
1.775051 -1.019406 1.268805 0.6427958 1.190539 0.2244417
0.8753136 1.468625 0.6232804 0.1211068 0.458913 0.1202537
0.9354304 1.0085 0.7279433 0.1497948 0.4971119 0.1355201
0.952357 1.159746 0.654714 0.1459414 0.4792422 0.1202743
1.353777 0.2729408 0.8559936 0.2864881 0.6223467 0.1473796
0.9681531 1.116987 0.7207193 0.1491263 0.4846392 0.1359827
0.9260035 1.135728 0.7459388 0.1434228 0.4969165 0.1472287
1.032814 0.9150962 0.7965896 0.1676509 0.5057707 0.1501711
1.17941 0.4146163 1.051268 0.2323432 0.6111739 0.2081756
1.339807 0.004306875 0.8324342 0.3150344 0.6823815 0.1333067
1.054663 0.8859799 0.8139799 0.1766036 0.5219132 0.156967
1.077936 0.8006949 0.7919464 0.185101 0.5237695 0.146087
0.8264351 1.615993 0.5555489 0.1114464 0.4495416 0.1051235
0.8289294 1.270773 0.7295708 0.1238057 0.4897971 0.1477467
1.159663 0.5137405 0.9400746 0.2205872 0.5819956 0.1788581
1.03648 0.7835712 0.8519436 0.180017 0.5372345 0.1640131
1.07962 0.6935669 0.742121 0.195813 0.5367723 0.1297892
1.233711 0.2452594 0.938053 0.264103 0.6413856 0.1700169
1.006244 1.089121 0.801624 0.1606551 0.5149869 0.1645129
1.300019 0.1735884 0.8345085 0.2871873 0.6440993 0.1392147
0.9720567 1.322673 0.5672511 0.1434081 0.4590843 0.1004266
0.9136207 1.313005 0.6664226 0.1339754 0.4749515 0.1289202
0.8198467 1.55401 0.6750767 0.1127628 0.4789225 0.1430058
1.035818 0.8882703 0.7128925 0.1738086 0.5064431 0.1271626
0.9251863 1.021764 0.7482215 0.1448729 0.4902661 0.139943
0.7829281 1.445722 0.6740357 0.1137037 0.4940354 0.1422798
0.7541003 1.800144 0.5813769 0.09962015 0.4743892 0.123357
0.7764575 1.427167 0.6465634 0.1116875 0.4770136 0.1290058
0.9037542 1.433374 0.6453446 0.1299621 0.4769878 0.1288541
1.061355 1.030952 0.7161017 0.1707285 0.4992569 0.134029
1.215696 0.4160695 0.936134 0.2388861 0.5942216 0.1726158
1.175023 0.420821 0.9093356 0.2306903 0.5909781 0.1654804
1.101916 0.9658878 0.7005763 0.1817183 0.5028015 0.127365
1.528242 -0.467985 1.083759 0.4382596 0.8824848 0.1877581
1.195595 0.5010103 0.9248074 0.2277701 0.5793264 0.1729269
1.012618 0.7179224 0.8478627 0.1769518 0.5356644 0.1582475
1.096221 0.7116741 0.8321163 0.1936675 0.5385074 0.1542976
0.9759361 0.9533928 0.7487746 0.1605105 0.508124 0.1403111
1.357429 -0.06253137 1.22251 0.3267072 0.7516036 0.2424011
0.8696201 1.597443 0.6562355 0.1226777 0.4908305 0.1417852
1.117251 0.5534243 0.9157615 0.2054721 0.5601834 0.1697078
0.9728401 1.146711 0.6603474 0.1498651 0.4794815 0.1209442
0.9529162 1.304031 0.6554728 0.1418541 0.4792234 0.1265566
0.8969731 1.165198 0.728552 0.134634 0.4813347 0.1402229
1.272479 0.6033827 0.7119528 0.2343563 0.5346497 0.1172525
1.110308 0.8935026 0.7350754 0.1850038 0.506859 0.1331279
1.189198 0.5824532 0.8367153 0.2198937 0.5543205 0.1501607
1.416413 -0.04967045 1.108208 0.3325944 0.7176838 0.2035951
0.8677154 1.258606 0.6077918 0.1289636 0.4645541 0.1093302
1.092208 0.5862346 0.8996713 0.2055491 0.5747311 0.1718783
1.008343 0.579923 0.919102 0.1866417 0.5680167 0.1751137
1.08668 0.5452282 0.830232 0.2036855 0.5591067 0.1471314
1.107863 0.9353449 0.6598057 0.1819277 0.4906481 0.1133464
0.9815723 0.9414555 0.8248717 0.1586145 0.5110495 0.1609244
1.012874 1.041001 0.7046823 0.1607694 0.4919559 0.1300105
0.8602764 1.512074 0.6762672 0.123494 0.4920436 0.1445115
0.9833169 1.151162 0.6732653 0.1502246 0.4799838 0.1248133
0.9594644 1.199678 0.6715158 0.1437861 0.4736742 0.1249514
1.017795 0.8744943 0.8915388 0.1699158 0.5317031 0.1804605
1.148371 0.5824544 0.7360258 0.2131203 0.5403814 0.1226493
1.474283 -0.01010697 0.9038259 0.3462129 0.6917103 0.1505674
0.8431075 1.613448 0.6260277 0.1143614 0.4695406 0.1288082
0.9022673 1.326722 0.787843 0.1334424 0.5025981 0.1712719
0.9148581 1.177481 0.7516652 0.1411002 0.4979413 0.15092
0.9992353 0.8856235 0.7371804 0.1671308 0.510784 0.1344217
0.953519 1.176223 0.7058129 0.1433233 0.4797485 0.1343838
0.9360345 1.518773 0.5803605 0.1315811 0.459966 0.1103863
1.039725 0.6448903 0.9569995 0.1873463 0.5618552 0.1888973
0.9534813 1.274978 0.7656546 0.1428281 0.4990568 0.1608989
0.902169 1.424453 0.555362 0.1282693 0.4515815 0.09961098
0.8643626 1.197287 0.8172224 0.1357212 0.5202754 0.177101
1.176524 0.482279 0.8019158 0.2268439 0.5675208 0.1377283
0.9897304 1.338574 0.6682557 0.1420885 0.4694973 0.1294909
0.9651301 1.15088 0.6588195 0.1488004 0.4810027 0.1211661
