3.500921 0.4251954 3.127992 0.5540143 0.6199196 0.910614
3.273 0.6899105 2.836527 0.4618454 0.5606821 0.8043335
3.582754 0.3421303 3.109718 0.5721778 0.6173926 0.8678665
2.458109 1.812291 1.587774 0.3527586 0.6660601 0.6127418
2.740065 1.090696 2.80021 0.4217915 0.6668754 1.072825
3.366203 0.6103665 2.931798 0.5064193 0.5972994 0.8690161
3.96412 -0.02343284 3.890345 0.6497203 0.6299313 0.9994946
2.960631 0.9914677 2.63259 0.4308087 0.6080268 0.879693
3.500806 0.3529313 3.367414 0.5449016 0.6093941 0.9534348
2.495571 1.903836 1.406628 0.3227447 0.5991215 0.4811188
3.047334 0.9870055 2.231483 0.4086945 0.5393681 0.6325465
3.763495 0.1692664 3.541022 0.6159716 0.6337371 0.9749503
2.770101 1.445266 2.078016 0.352408 0.5600208 0.6766112
3.581844 0.2905543 3.177078 0.5716639 0.6146765 0.8680468
2.646547 1.556919 1.873254 0.3327354 0.5592281 0.6081672
2.643801 1.299582 2.454263 0.3592313 0.5978381 0.8602177
2.189013 2.255995 1.455549 0.3659637 0.8612541 0.7341768
2.577385 1.736584 1.52797 0.3390554 0.5917434 0.5146415
3.046985 0.9079432 2.823822 0.4471126 0.6105015 0.9399081
3.802975 0.03540119 4.116289 0.6846827 0.7103819 1.250954
3.579321 0.1925391 3.612788 0.5861991 0.6382506 1.01937
2.938283 1.106215 2.340274 0.419643 0.5987404 0.7737666
2.949451 0.96513 3.090443 0.4380378 0.6352819 1.113824
2.84899 1.259904 1.910522 0.3717871 0.5417665 0.5653902
2.566731 1.444834 2.160374 0.3426712 0.5940608 0.7530655
3.107575 0.830344 2.78558 0.447379 0.5871044 0.8654101
2.770462 1.249105 2.127927 0.3767285 0.5765403 0.6867869
4.106883 -0.3719841 5.101611 0.7982385 0.771784 1.474822
2.588861 1.589511 1.764448 0.3306549 0.5665456 0.5748632
2.52342 1.93527 1.480719 0.3317822 0.6233845 0.5363181
2.975941 0.9736964 2.429205 0.3851769 0.5252776 0.6829487
2.541017 1.797737 1.548219 0.347823 0.6291537 0.5607957
2.368178 1.75762 1.841686 0.3251897 0.6431181 0.7040065
3.132542 0.7296672 3.221344 0.4804999 0.6331598 1.08426
2.589697 1.536847 1.931377 0.3532862 0.6097393 0.6850711
2.93383 1.052061 2.679225 0.404427 0.5831733 0.8787321
2.383797 1.814489 1.723619 0.3307698 0.6525251 0.6636185
2.962235 0.8883603 2.821406 0.4247455 0.5929696 0.9061848
2.775753 1.061744 2.615363 0.3632023 0.549351 0.8045537
2.977643 1.011186 2.255113 0.4105855 0.5598382 0.6702472
3.536637 0.1337026 4.441747 0.6563598 0.7525049 1.534205
3.909569 -0.01602518 3.788535 0.7018708 0.6948307 1.071126
2.817396 1.495627 1.614803 0.3449049 0.5210441 0.466684
2.765084 1.154978 2.650115 0.419331 0.6594201 1.007671
3.177187 0.6318484 3.219699 0.5102019 0.6545475 1.082815
3.542414 0.1854731 4.116098 0.6132785 0.6931941 1.308735
4.461929 -0.6086113 5.281823 0.9494777 0.8472965 1.503196
2.825869 1.298392 2.086262 0.3796857 0.5735906 0.6745083
2.454854 2.150103 1.246433 0.3347747 0.6636764 0.4696244
2.417222 1.842348 1.639214 0.2734809 0.5260461 0.5071492
2.681648 1.481504 1.977643 0.3683471 0.608329 0.6964533
3.299594 0.5176327 3.277986 0.5115518 0.6200015 1.003797
3.658095 0.2764831 3.072523 0.5694005 0.5928396 0.7951027
3.204637 0.6966269 2.978565 0.4761766 0.5996886 0.918657
2.944737 0.9314001 3.059644 0.4344071 0.6255485 1.072701
2.421023 2.004928 1.477934 0.3206263 0.6369083 0.5482714
3.561146 0.2527317 3.58244 0.5835968 0.6437912 1.046991
2.62055 1.447032 1.990144 0.3294642 0.5494755 0.630254
3.374156 0.5262272 2.980794 0.5164652 0.6014651 0.8638595
2.98437 1.039006 2.6513 0.4207644 0.594338 0.8799485
3.224547 0.7392123 2.859363 0.4750539 0.595024 0.8800417
2.805323 1.118398 2.875772 0.3718653 0.5739648 0.9613074
3.057013 0.7891538 2.64741 0.4478422 0.5888248 0.8035635
3.647913 0.1735114 3.671527 0.6052996 0.6478912 1.048465
3.110316 0.8907044 2.639132 0.4156155 0.5426021 0.7625719
3.829255 0.02454256 3.739788 0.6623083 0.66864 1.033599
2.957411 0.9021333 2.913438 0.4576906 0.6497042 1.039459
3.311519 0.7448031 2.713332 0.4728201 0.5697706 0.7889843
4.104418 -0.08775909 3.751725 0.7356259 0.6876578 1.009785
2.887636 1.377997 2.029161 0.4085318 0.614816 0.7112283
3.915921 -0.08482781 4.087502 0.667796 0.6596379 1.084098
3.068219 1.019734 2.508273 0.4406791 0.5979067 0.8210455
3.842485 -0.2298306 5.177831 0.7539567 0.7901371 1.657051
2.989997 1.159716 2.276972 0.3959729 0.5561398 0.7052893
3.284348 0.6173401 3.358735 0.5144757 0.6395587 1.108479
3.482921 0.5291245 3.101052 0.5279393 0.5994026 0.9063956
2.782488 1.333119 2.040539 0.3876719 0.5997042 0.6924817
3.010116 0.9263893 2.602918 0.4107445 0.5590181 0.7829611
3.627067 0.4219651 2.984872 0.570896 0.6106127 0.8423594
3.628525 0.2175208 3.426891 0.5924972 0.6325879 0.9543289
3.209811 0.8268443 2.388826 0.4427834 0.5453663 0.6620691
3.140743 0.8488744 2.72542 0.4277516 0.5528011 0.7984479
3.317446 0.7383276 2.387599 0.4633108 0.5429245 0.6374896
3.562053 0.4579717 3.323227 0.5565703 0.620599 0.9982373
3.008782 1.058558 2.415947 0.4072574 0.5622298 0.7459356
2.516593 1.614744 1.757581 0.3075335 0.5433198 0.5510511
3.319437 0.6759561 2.938699 0.47831 0.5769904 0.8636631
2.795187 1.321713 2.001596 0.3833221 0.5849395 0.6566083
3.194296 0.5579226 3.458443 0.4885805 0.6201169 1.091155
3.616418 0.3076578 3.496498 0.5870177 0.6380331 1.027555
3.110849 0.8428243 2.905035 0.4378847 0.5793562 0.9060487
2.87063 1.145026 2.221199 0.3898151 0.5661649 0.6921995
3.800325 -0.04323625 3.878883 0.6580276 0.6689089 1.0497
2.950744 1.010849 2.468556 0.3969257 0.5538862 0.7430365
2.803826 1.022158 2.778206 0.3751307 0.5642954 0.881566
3.04884 1.032211 2.222763 0.4058978 0.5400422 0.6393197
3.254314 0.6736983 2.920952 0.4842708 0.5961128 0.8833512
3.4425 0.4277906 3.801929 0.5614286 0.6619056 1.248481
3.739578 0.08371953 4.215465 0.6740887 0.7189922 1.339464
3.440374 0.5802438 2.571881 0.5119257 0.5736226 0.6970566
3.686456 0.04247791 3.816385 0.6499272 0.6862924 1.098196
3.306624 0.599 2.85339 0.5060543 0.6044559 0.8456257
2.910334 1.151786 2.129057 0.3971181 0.566078 0.6580938
2.597347 1.548184 1.817883 0.3713696 0.6359414 0.6645204
3.706905 6.33315e-05 4.58791 0.6599861 0.7110471 1.41696
3.077262 0.9701813 2.301272 0.4100582 0.5370473 0.6519825
3.20575 0.7900104 2.732087 0.4577119 0.5756809 0.8176826
3.65574 0.2508531 3.775189 0.6180595 0.6709598 1.164953
2.67789 1.743208 1.461416 0.3192236 0.5310387 0.4391828
2.529427 1.746799 1.700784 0.3635284 0.6650759 0.6608674
2.83131 1.325866 2.033914 0.4074302 0.6187033 0.7096121
3.740833 0.293483 2.984371 0.6046075 0.617737 0.8068559
3.073464 0.7836082 3.296279 0.4673947 0.6355473 1.139642
3.360846 0.6310428 2.703872 0.5145903 0.6017734 0.7945274
3.170455 0.795678 2.785837 0.4657569 0.5974292 0.8731122
3.263059 0.8472808 2.158253 0.4356695 0.5179959 0.5558514
3.533001 0.5359842 2.837887 0.5181958 0.5700634 0.7719247
2.971252 1.115255 2.367215 0.4285757 0.607108 0.7971422
2.941225 0.7527651 3.190783 0.4406272 0.6190138 1.056255
2.678214 1.570249 1.858155 0.3491386 0.5819772 0.6274536
3.643507 0.248362 3.67133 0.5878955 0.6336666 1.058588
3.135782 0.8040605 2.831508 0.4847706 0.633642 0.9468383
3.020859 0.9068953 2.844643 0.4123413 0.5655203 0.8796212
2.587271 1.594641 1.878331 0.3729235 0.6533596 0.7170609
3.022033 0.8332255 2.615392 0.4408586 0.5894595 0.8034498
2.624829 1.627825 1.731263 0.31613 0.5359407 0.535373
3.107736 0.8732541 2.602384 0.4401698 0.5750655 0.7898379
3.124344 0.9091544 2.63119 0.4420181 0.5804563 0.8192595
2.2621 2.140648 1.367691 0.3137823 0.6847545 0.5417341
2.960893 1.069869 2.60097 0.3872383 0.5495144 0.8011195
2.697278 1.335713 2.25651 0.3691259 0.5992515 0.7841444
3.307571 0.6689008 2.661134 0.4768171 0.5662145 0.7443292
2.441114 1.784071 1.666133 0.3272769 0.6219455 0.6059003
2.827428 1.109879 2.35533 0.417117 0.6211383 0.8099663
3.162986 0.8522854 2.751338 0.4612493 0.5968242 0.8732484
3.089807 0.9146815 2.719253 0.4684932 0.6296137 0.9273395
3.032379 0.8260797 2.871478 0.4243778 0.57218 0.8761078
3.18496 0.7821382 2.741531 0.4770058 0.6058005 0.8616527
3.608817 0.02737561 3.893621 0.6116374 0.6580773 1.072806
3.371681 0.7317861 2.647391 0.4809962 0.5659214 0.7568004
3.019059 1.087574 2.245165 0.4149122 0.567037 0.6909681
3.533248 0.4102691 2.871928 0.5569655 0.6063637 0.7917371
2.569668 1.666275 1.726431 0.3699636 0.6541336 0.6542568
2.701518 1.608174 1.758761 0.3424398 0.5648744 0.5731242
3.33339 0.637694 2.904711 0.4618196 0.5463117 0.7914968
3.223712 0.7736807 2.746465 0.4648226 0.5803405 0.8244553
3.117715 0.7146546 2.822981 0.4396437 0.5626027 0.8101937
2.881248 1.337426 1.84202 0.3736545 0.5450673 0.5543461
3.942397 -0.1933059 4.16705 0.7230416 0.7108389 1.137992
4.641246 -0.6809721 4.480125 1.018921 0.8539403 1.168346
3.485904 0.4132129 3.201935 0.5487546 0.6172687 0.928702
2.999778 1.136687 2.234606 0.4083539 0.5681704 0.6995817
3.266497 0.7199574 2.805467 0.4573864 0.5581399 0.798632
3.306787 0.7386096 2.53533 0.4547034 0.5393537 0.6835004
2.68187 1.559598 1.71861 0.3419764 0.5591424 0.5468414
3.43544 0.1367208 4.369335 0.6180702 0.725254 1.446774
2.587082 1.703286 1.700391 0.3145219 0.5514031 0.5457866
2.954944 1.001276 2.611171 0.4254664 0.6018635 0.8651386
3.285231 0.6864353 2.654103 0.4738006 0.56779 0.7483878
3.680038 0.1263898 3.749542 0.60513 0.6392241 1.037759
3.731587 0.2301085 3.259441 0.6312888 0.6532032 0.9282641
3.1344 0.7965623 2.682305 0.4431489 0.5687543 0.7917172
3.327572 0.4688509 3.615287 0.535329 0.6507353 1.170261
2.789418 1.313438 2.246983 0.3863937 0.6023073 0.7786674
2.798395 1.15925 2.259495 0.3971204 0.5973934 0.7488595
3.050009 1.049756 2.276258 0.3974934 0.5319352 0.6521805
2.952045 1.165861 2.112446 0.381942 0.5350524 0.6182217
2.742743 1.160344 2.786159 0.4064749 0.6498537 1.058238
2.370328 2.181959 1.236027 0.3043662 0.6280604 0.4412525
3.180646 0.7654712 2.876378 0.4634809 0.5909428 0.8874561
4.022298 -0.1065688 3.575451 0.7407518 0.7023969 0.9604369
3.312173 0.3945673 3.603835 0.5058989 0.6081611 1.058191
2.738771 1.31617 2.30383 0.3873674 0.6195672 0.827406
3.1818 0.7255327 2.946277 0.4620516 0.5865348 0.8948494
3.205014 0.7488763 3.128346 0.4605352 0.5891025 0.9791519
3.018659 1.02108 2.345412 0.3985929 0.5400049 0.683028
3.028039 1.005052 2.447938 0.4116175 0.5592009 0.7417483
2.781611 1.55507 1.725724 0.3210316 0.5045424 0.4983757
2.908693 1.071991 2.308071 0.3980676 0.5655532 0.7105774
3.177129 0.7516351 2.736248 0.4652245 0.5875706 0.8247653
2.451527 1.859085 1.484854 0.3034499 0.5711885 0.4881961
2.453524 1.613754 1.910925 0.346983 0.6452659 0.7254061
3.481604 0.5510924 3.08583 0.539702 0.6161486 0.934721
3.255261 0.524388 3.245868 0.5043378 0.6194464 0.9941605
3.284811 0.6553358 2.976697 0.4672249 0.5669277 0.8537124
2.15039 2.341997 1.272068 0.3130932 0.7481817 0.5450153
2.777814 1.239979 2.304053 0.3748532 0.578645 0.7590714
2.526146 1.723001 1.738557 0.344552 0.6273803 0.6379943
2.773212 1.250499 2.343706 0.3837637 0.5981854 0.8040571
3.46328 0.5622938 2.749345 0.5073486 0.568253 0.7460155
3.293935 0.5744749 3.164327 0.5053535 0.614532 0.9720165
2.348312 1.94978 1.640261 0.3123471 0.6429849 0.6257392
3.294115 0.7202114 2.958741 0.4847323 0.5956984 0.9134383
2.954264 1.120415 2.341374 0.418408 0.5954045 0.7730446
2.53158 1.964576 1.21532 0.2873751 0.5173362 0.3507897
3.221177 0.8032672 2.779149 0.4608915 0.5801263 0.8455544
3.019083 1.122666 2.116351 0.3978852 0.5406214 0.6184459
2.832478 1.39084 1.99687 0.3736386 0.5712617 0.6505498
3.566206 0.3728788 3.355944 0.5849855 0.6474235 1.01842
3.102679 0.9172566 2.697618 0.4451718 0.5925504 0.8644691
3.056118 1.153432 1.823025 0.4012239 0.5266785 0.5030464
3.532101 0.2377505 3.988137 0.6193282 0.7035732 1.305029
3.125425 0.9474317 2.270044 0.407097 0.5199432 0.6160428
3.005233 0.8320611 2.914685 0.4130258 0.5627598 0.8793787
3.356187 0.5903519 2.913083 0.496842 0.5844076 0.837166
3.225904 0.560231 3.804671 0.492557 0.6290934 1.249729
2.798623 1.114517 2.533637 0.3970647 0.6031027 0.8610766
3.783879 0.1517686 4.052194 0.6555975 0.6886386 1.254185
3.150568 0.7946899 2.751488 0.4324103 0.5521885 0.7919272
2.513156 1.649156 1.853889 0.3365804 0.6119389 0.6672536
2.981675 0.9048068 2.693968 0.4468587 0.6193802 0.8985596
2.936625 1.256732 1.939579 0.4035092 0.5743965 0.6107759
2.793141 1.078953 2.700524 0.3845683 0.5859234 0.8969646
3.444336 0.4531756 3.052039 0.5346457 0.6065941 0.8726237
2.766756 1.083622 2.543208 0.3912405 0.5973104 0.8495847
2.677046 1.402034 2.132701 0.3720588 0.6121749 0.7570077
2.805254 1.180369 2.182585 0.3846256 0.5746125 0.6935344
3.028123 1.077888 2.233805 0.4235787 0.5771031 0.6980303
3.542381 0.3077387 3.452865 0.5678296 0.6280658 0.9953156
3.577015 0.2227016 3.741344 0.6015473 0.6633782 1.123688
3.014018 1.107939 2.187998 0.4283278 0.5883542 0.6989001
3.139858 0.9007373 2.397119 0.4380445 0.5605867 0.7004837
3.28267 0.5369045 3.253728 0.5049395 0.6156668 0.9951054
3.077216 0.9616477 2.262023 0.3967504 0.5152809 0.6104155
2.825489 1.135591 2.858106 0.4150716 0.6425084 1.071863
3.966781 -0.0867269 4.568368 0.6766208 0.6708994 1.27139
2.825961 1.485311 1.857764 0.3638166 0.5622223 0.5969103
3.201875 0.5752586 3.318207 0.477089 0.5999762 1.007982
2.562423 1.552913 1.955708 0.3554091 0.6247369 0.7150192
3.0501 0.9220646 2.57503 0.4265764 0.571678 0.786965
3.126121 0.8945865 2.677355 0.4398242 0.5765009 0.8268242
3.381574 0.7811866 2.212714 0.4680681 0.5344728 0.5782548
2.835126 1.280021 2.200988 0.3812835 0.5770548 0.72194
2.966398 1.049578 2.526969 0.4238794 0.5992481 0.8378724
3.329887 0.5529236 3.295593 0.5098906 0.6150835 1.015502
2.755027 1.238134 2.259778 0.3913356 0.608728 0.7786639
3.165768 0.6931428 3.064791 0.4688547 0.6004619 0.9533384
2.457052 1.645343 1.958955 0.3242267 0.606216 0.7053723
3.655794 -0.07737016 4.855017 0.6755511 0.7421088 1.537248
3.25774 0.8611231 2.552383 0.4206764 0.5164453 0.6894037
2.787693 1.298525 2.189718 0.393211 0.6097794 0.7616891
3.139062 0.7360366 3.046622 0.4869247 0.6358462 1.01794
3.204642 0.6615002 3.249119 0.4812249 0.6124448 1.035413
3.089752 0.7599106 2.996712 0.4451827 0.5871494 0.9266922
2.842867 1.271789 2.093091 0.391257 0.5854959 0.687149
2.802131 1.15299 2.324382 0.4137792 0.6257661 0.8114652
3.392852 0.3819687 3.388579 0.5521396 0.6431888 1.026955
2.557019 1.519327 1.981736 0.3646565 0.6392515 0.738839
3.407843 0.7643336 2.169746 0.4853694 0.5474762 0.5736712
2.708287 1.172343 2.625171 0.3723924 0.5945211 0.9011004
3.43311 0.1864143 4.179133 0.596258 0.6965006 1.339405
2.842041 1.16425 2.62224 0.4246649 0.6492549 0.981593
3.030527 1.057313 2.400179 0.4235607 0.5806877 0.7629108
3.165268 0.8904587 2.536852 0.4646489 0.5972783 0.7990123
4.136372 -0.4408803 5.000708 0.8603633 0.8268213 1.491397
3.203392 0.60827 3.119695 0.4982317 0.6260468 0.9855138
3.358012 0.4232289 3.630946 0.5211931 0.6217476 1.103299
2.846753 1.175282 2.168409 0.3982822 0.5863121 0.7014446
2.623025 1.610851 1.608938 0.3696673 0.6226028 0.565954
3.31748 0.5009619 3.432494 0.5099021 0.6170184 1.052139
2.840758 1.087688 2.510257 0.3980976 0.5914693 0.8300063
3.764622 0.1143014 3.720488 0.6463104 0.6689276 1.070315
3.028859 1.079161 2.311455 0.3987044 0.5439693 0.6873602
2.950826 1.262821 1.818725 0.3819834 0.5324987 0.5228965
2.279781 2.159956 1.392577 0.2766246 0.60073 0.4873924
2.630035 1.436122 2.200642 0.353127 0.5981524 0.7740957
3.287701 0.7833338 2.758945 0.4515402 0.5513755 0.7896879
3.147845 0.8497416 2.8757 0.4517256 0.5904874 0.9118289
3.403547 0.3766457 3.694866 0.518776 0.6070375 1.080648
2.239854 2.34613 1.122135 0.3604914 0.8123082 0.508303
2.143037 2.307214 1.41872 0.4184207 1.019558 0.8436395
2.478063 1.617687 1.855246 0.3677682 0.6750088 0.731243
2.604783 1.429192 2.090686 0.3694025 0.6275258 0.7615069
2.657566 1.565428 1.765385 0.3370468 0.558915 0.5651959
3.843429 -0.007805135 4.482282 0.7016071 0.7280882 1.404633
2.552379 1.774556 1.506898 0.3403916 0.6063903 0.5220868
2.99397 1.064322 2.095489 0.3902197 0.5260959 0.5843495
2.499036 1.623446 1.884912 0.2953483 0.5353164 0.5959033
2.909224 1.218168 2.14223 0.4180366 0.6079495 0.7243466
4.269775 -0.5565907 5.173707 0.8795965 0.8160371 1.44323
2.812517 1.269207 1.884151 0.3703099 0.5470626 0.5626505
3.22046 0.4011508 3.863492 0.5472091 0.691561 1.318636
3.100065 1.087264 2.195657 0.4089187 0.5407187 0.6415579
3.091682 1.036826 2.188093 0.4024118 0.5254628 0.6101339
3.1869 1.100402 1.998534 0.40542 0.5112955 0.5399655
2.518115 1.722888 1.836462 0.3629674 0.6721724 0.7313013
3.349162 0.4318781 3.614976 0.5128269 0.6128228 1.084818
3.612987 0.3556392 3.254866 0.5602915 0.6029001 0.902252
2.823574 1.286343 2.227059 0.4053612 0.621266 0.7899421
2.763417 1.249358 2.376658 0.3642958 0.5690668 0.7783204
3.361539 0.4920577 3.30307 0.5406356 0.6428407 1.039553
2.59008 1.552581 1.809444 0.3277273 0.5587981 0.5817146
3.059307 0.9683225 2.680115 0.4522259 0.6170376 0.9061024
2.514076 1.750096 1.825505 0.3254278 0.6035574 0.6546142
2.866894 1.046287 2.741732 0.3864109 0.5702026 0.8818832
3.107685 0.9565706 2.440001 0.4501477 0.5932694 0.7729019
2.497441 1.868656 1.599292 0.3536784 0.6667444 0.6222915
2.998798 1.190011 2.007282 0.4122747 0.5697391 0.62186
3.061697 0.7950949 3.040974 0.462443 0.6240301 1.016185
2.642026 1.613493 1.740237 0.3325905 0.5600871 0.5612132
3.064679 0.8361428 2.734408 0.4340951 0.5759409 0.8318614
2.557108 1.451147 2.084781 0.3369008 0.5832196 0.70882
3.814331 -0.0528003 4.563253 0.695752 0.7264951 1.405253
2.693635 1.435738 1.947369 0.3630203 0.5870512 0.6528055
2.90783 0.9857778 2.394201 0.4038325 0.5679926 0.7286905
3.515925 0.525926 3.18086 0.5231731 0.5901559 0.9223529
3.287762 0.6685793 3.038916 0.5131504 0.6321933 0.9848082
3.211018 0.8271382 2.496918 0.4566044 0.5681492 0.7291398
2.576434 1.824077 1.538379 0.337241 0.6055837 0.5388501
3.255111 0.7028586 2.794677 0.4708756 0.5772273 0.8186696
2.694954 1.409631 2.028676 0.3547713 0.5745756 0.6702364
3.190847 0.8302259 2.724116 0.442991 0.5619314 0.8049627
3.118028 0.7816984 2.724212 0.4766602 0.6192388 0.8746957
3.17154 0.9089799 2.57993 0.4403436 0.5654352 0.7761806
3.483722 0.6228155 2.55528 0.4956661 0.5492188 0.6730849
3.407994 0.5025613 3.326039 0.5475433 0.6445519 1.057169
3.096523 0.8593873 2.931713 0.4561848 0.6115912 0.9725119
3.243715 0.827107 2.32339 0.4701775 0.5723835 0.6699949
2.835461 1.232703 2.303998 0.3784804 0.5706608 0.746874
2.889765 1.108224 2.463168 0.4139342 0.6060515 0.8347729
2.87003 1.239509 2.14947 0.3903124 0.5761941 0.6932126
3.541758 0.1306644 4.036012 0.5832723 0.6487503 1.161549
2.708036 1.369916 1.961466 0.3634774 0.5762735 0.6379051
2.6255 1.623374 1.618947 0.336063 0.5648101 0.5190462
2.958104 1.054445 2.257181 0.3874733 0.5352576 0.6511347
3.570439 0.3898382 3.120069 0.572159 0.6247039 0.9006626
3.561831 0.2655106 3.4606 0.5614975 0.6131123 0.9561233
2.903649 1.420147 1.770812 0.390846 0.5745053 0.5664467
3.356984 0.5322583 3.223965 0.4935168 0.5845103 0.9317542
2.596328 1.638554 1.913179 0.3804106 0.6733173 0.7600727
4.438013 -0.4602429 4.167519 0.9019566 0.7828482 1.094471
3.500211 0.3232433 3.829731 0.5866497 0.6727488 1.227191
3.281279 0.7482202 3.029305 0.4934705 0.615899 0.9835282
2.972745 1.011243 2.509952 0.4100623 0.5711942 0.7826248
2.955953 1.164359 2.322519 0.4148453 0.5938048 0.7713262
3.560821 0.4710085 2.861112 0.5025203 0.5404057 0.7192065
2.456568 1.70981 1.882082 0.3388986 0.6419374 0.7180418
3.052602 0.999489 2.33722 0.4335229 0.5805255 0.7246982
3.401569 0.4651348 3.153722 0.5081553 0.5856871 0.8827962
3.081423 0.8669507 2.847534 0.4447437 0.596018 0.9158721
2.878792 1.127947 2.253367 0.3748983 0.541407 0.6723653
3.029776 0.9659598 2.392724 0.3975529 0.5313674 0.6767397
3.888806 0.001474157 4.238473 0.6830386 0.6920199 1.244993
3.030745 0.9782378 2.372233 0.4198972 0.5645009 0.7139094
3.779462 0.03474461 3.903529 0.6578683 0.6787316 1.114643
2.346703 2.004055 1.500858 0.3123846 0.641938 0.5629087
3.007338 1.05697 2.353098 0.4142927 0.56999 0.7309201
2.791165 1.161708 2.581993 0.406414 0.6292387 0.9322188
2.53478 1.641726 1.753481 0.3209318 0.5693177 0.5791148
3.730983 0.09865407 3.723876 0.6266668 0.6519796 1.037808
2.593024 1.66766 1.632932 0.3441474 0.5947907 0.5562412
5.103627 -1.046157 5.115467 1.245013 0.9716918 1.298471
2.99076 1.042248 2.552521 0.4381201 0.6157938 0.8703157
3.685529 0.1448033 3.559596 0.6254291 0.6582401 1.009763
2.684507 1.547864 2.028895 0.3730952 0.6287922 0.7516156
3.950231 -0.1973654 4.211408 0.7079986 0.6935759 1.122186
3.435044 0.4500215 3.324365 0.5470202 0.6332789 1.016263
2.74526 1.290918 2.078062 0.375684 0.5840349 0.6827297
3.082219 0.8652801 2.858119 0.4393803 0.5880455 0.9071365
2.793884 1.266584 2.069825 0.3723897 0.5640071 0.6522729
2.897285 1.129105 2.538407 0.4137851 0.6105723 0.8789483
2.244568 2.374735 1.238888 0.3230151 0.7433795 0.5254474
2.789018 1.261272 2.355031 0.3775831 0.5858273 0.7937011
2.698068 1.478063 1.797742 0.36068 0.5803202 0.5901987
3.127458 0.857474 2.660755 0.4298546 0.5570961 0.7831856
2.874358 1.239697 2.132165 0.3644513 0.5337969 0.6365294
2.64352 1.438239 1.924719 0.3405872 0.5597171 0.6150792
3.382959 0.397017 3.407705 0.5104653 0.5936549 0.9604277
3.031627 0.9812124 2.642712 0.4104325 0.560933 0.8121482
3.340252 0.5255929 3.609663 0.523161 0.6373434 1.168753
2.380875 1.923613 1.586778 0.3087541 0.6179345 0.5762971
2.87879 0.928318 2.84859 0.4003092 0.5791886 0.9071482
3.991171 -0.2551026 5.079525 0.79718 0.8015491 1.617191
2.531237 1.647644 1.779758 0.3533487 0.6328917 0.6547147
2.929076 1.003819 2.638069 0.4139667 0.5908101 0.8599212
2.982344 0.8778861 2.612207 0.4032224 0.5478235 0.7577752
2.901877 1.158435 2.174532 0.3705933 0.5297373 0.6337639
3.032717 0.9582115 2.534505 0.4296539 0.5827469 0.7959466
4.12441 -0.106342 3.879257 0.7779696 0.7305016 1.112537
2.845802 1.115897 2.473742 0.3896702 0.5784834 0.8025218
3.357185 0.3647285 3.823659 0.5560002 0.6674646 1.235504
3.738734 0.1381985 3.695407 0.6518145 0.6820366 1.095618
2.36268 2.071704 1.388222 0.3444697 0.7093201 0.5684128
2.934893 1.29218 2.021018 0.4017908 0.580851 0.6553395
3.137158 0.9582498 2.260838 0.4179243 0.5332946 0.6300509
2.533912 1.724987 1.765651 0.3763628 0.6888945 0.7141415
3.721726 0.1141102 3.798392 0.6078741 0.6342635 1.039827
3.316523 0.5468116 3.195303 0.4894404 0.5869921 0.929665
3.386612 0.4867821 3.478903 0.5389458 0.6406283 1.104363
2.96909 0.9523374 2.681444 0.4256368 0.5953456 0.8710118
2.770872 1.371337 1.935122 0.3738883 0.5792916 0.6317627
3.874175 -0.07170879 4.587226 0.694052 0.7105839 1.367111
3.200646 0.8485957 2.507146 0.4460011 0.5586385 0.7263401
2.547634 1.413308 2.315483 0.3525602 0.6193048 0.8485475
2.914366 1.278893 1.979199 0.397076 0.5744868 0.6301481
2.735216 1.360454 1.997187 0.3541382 0.5552596 0.6277362
3.189465 0.6392407 3.492342 0.4618747 0.5925782 1.086202
3.204479 0.5804939 3.329588 0.4812728 0.6062022 1.024844
3.18316 0.8610405 2.640248 0.4733597 0.6064157 0.844936
2.961276 0.9609606 2.616138 0.3993515 0.5554378 0.7895817
2.74661 1.288057 2.076124 0.3746719 0.5813926 0.6782709
3.977127 -0.006154169 3.959261 0.7100405 0.6966273 1.143825
2.707889 1.034409 2.899773 0.3741142 0.5896019 0.9738998
3.433149 0.222346 4.488448 0.5587528 0.6583458 1.406087
3.163743 0.4528255 3.605732 0.5132619 0.6553345 1.168197
4.062924 -0.1353331 4.110681 0.7606536 0.7289917 1.180595
2.725018 1.322315 2.580694 0.3914178 0.6429493 0.9883268
2.663085 1.528468 1.848894 0.3651038 0.6062904 0.6439637
3.836423 -0.01866986 3.879894 0.6876087 0.6969066 1.108823
3.672585 0.4160331 3.031194 0.5869467 0.6218444 0.8727376
3.701747 0.1567039 3.564038 0.6008753 0.628283 0.9713158
2.947543 1.043514 2.499907 0.4351521 0.6190347 0.8530701
2.833968 1.359994 1.908388 0.353084 0.5287407 0.5655815
3.675836 0.1135855 4.028228 0.587278 0.6251595 1.106584
2.961823 1.08331 2.55179 0.4233223 0.6046433 0.8637443
3.003634 0.9059427 2.776607 0.4629291 0.6416824 0.9669904
2.852291 1.179818 2.356151 0.4027903 0.6011419 0.7977466
2.999579 1.108164 2.333242 0.4094568 0.5695313 0.7328345
2.979448 0.9988048 2.899812 0.4520625 0.6480235 1.060898
2.61125 1.462114 2.008372 0.350959 0.5938937 0.6912375
2.735364 1.450054 1.913996 0.3493216 0.555871 0.6085347
3.19052 0.6668772 3.508246 0.4829686 0.6268696 1.171264
2.524165 1.952036 1.408175 0.3458861 0.6450822 0.5208807
2.513264 1.463497 2.020015 0.3409402 0.6000548 0.7029362
2.971432 1.097025 2.540411 0.4096417 0.5830962 0.8318588
3.339087 0.4627387 3.270403 0.4948002 0.583304 0.9184027
2.315287 2.151547 1.432892 0.3299723 0.7112225 0.5948704
3.275386 0.5443494 3.291269 0.482571 0.5885462 0.9664335
3.265016 0.4441486 3.350085 0.5294971 0.6453049 1.041439
3.109308 0.9713702 2.394193 0.4154331 0.5428382 0.6933276
3.065432 0.8467136 2.816305 0.4413041 0.5910092 0.8900752
3.044119 0.8178888 3.065317 0.4361127 0.5927462 0.9826888
2.829244 1.303738 2.053073 0.3492426 0.5232011 0.605021
2.835943 1.069646 2.545924 0.4087699 0.6092978 0.8664366
4.966138 -0.7002462 4.399565 1.057086 0.8219605 1.083155
2.669657 1.410271 2.031865 0.3795929 0.6233692 0.7276068
3.217523 0.568176 3.579637 0.5124988 0.6532909 1.206341
3.542358 0.03125819 4.875812 0.6270195 0.7158574 1.566621
6.015634 -1.843147 6.321098 1.872653 1.3326 1.514136
3.078246 0.9240424 2.864834 0.4354017 0.5898376 0.9286609
3.422127 0.5461108 3.173283 0.501852 0.5820977 0.9133527
2.905646 1.108263 2.388497 0.4329111 0.6287164 0.8333372
2.60972 1.651202 1.623021 0.3197452 0.543629 0.5040128
3.16448 0.8345879 2.576807 0.4639317 0.5917345 0.7928995
3.527608 0.3828224 3.119558 0.5486824 0.6035866 0.8665807
3.50797 0.2486305 3.822116 0.549746 0.6169873 1.08283
2.540703 1.754726 1.780112 0.3648256 0.6712739 0.7060052
2.983583 1.127355 2.167251 0.3928058 0.5430787 0.6410728
2.639937 1.718348 1.708794 0.3592996 0.6237106 0.6209447
2.486025 1.810816 1.500804 0.3276409 0.6029591 0.5182523
2.730777 1.487845 1.870734 0.3765715 0.6055074 0.6478458
2.851961 1.262798 2.017776 0.3753256 0.5535035 0.6198937
3.298533 0.6025634 3.112104 0.4964908 0.6029015 0.943021
3.441475 0.4108209 3.50346 0.5325495 0.6145511 1.035946
2.221036 2.258635 1.45993 0.3046871 0.70301 0.6025568
2.988886 0.9480355 2.752303 0.4441472 0.6214998 0.9390129
2.677674 1.52907 2.087258 0.3839714 0.6504452 0.8025934
3.086824 0.8965427 2.57275 0.4334395 0.5714081 0.7799112
3.413582 0.3369169 3.715073 0.5311417 0.6172514 1.086571
2.98654 0.9387991 2.743491 0.4047048 0.5607015 0.8406786
2.342922 2.175163 1.19828 0.2855536 0.5903511 0.3996914
2.570079 1.585213 2.137131 0.3481112 0.6231522 0.798778
2.921506 1.09731 2.248087 0.4066011 0.5763588 0.7056556
3.066808 0.8110232 3.0294 0.4298642 0.5763192 0.938138
2.990037 0.9494778 2.55672 0.4121404 0.5654792 0.7789587
3.215929 0.6539232 3.111007 0.5023261 0.6333437 1.010162
3.760615 0.002992248 4.588488 0.6682662 0.7096089 1.415488
3.016418 0.9756226 2.52485 0.4393786 0.6024767 0.8236768
2.768795 1.32199 1.936066 0.3433372 0.5222843 0.5636129
3.445494 0.3144096 4.084512 0.5835991 0.6871368 1.356989
2.691702 1.431005 2.095299 0.3556418 0.5826353 0.7097271
2.766547 1.309546 2.140828 0.3563914 0.5524406 0.673062
2.67153 1.377989 2.139678 0.3622782 0.5931035 0.7325844
2.541881 1.695864 2.025672 0.3602968 0.6671409 0.8151427
3.898095 0.08283315 3.776009 0.7183352 0.7233754 1.167512
2.628219 1.654174 1.629076 0.3265725 0.5514854 0.512899
3.35331 0.6321574 2.798895 0.5279618 0.6252724 0.8653537
4.63139 -0.9345506 6.580528 1.10654 0.9834159 1.968169
3.081533 1.06014 2.580994 0.4669425 0.6417532 0.9237839
2.775554 1.271292 2.330246 0.3617728 0.5619352 0.7522809
3.120934 0.8136636 2.621642 0.4520415 0.5831519 0.7924582
2.865998 1.303179 2.161415 0.3857812 0.5785154 0.7109882
3.016368 0.9624187 2.479366 0.4300032 0.5852722 0.7791455
4.08906 -0.3805833 5.086426 0.8391697 0.8190641 1.556101
3.075554 0.9076416 2.753192 0.4488271 0.6044797 0.9020405
3.387489 0.5275103 3.036245 0.5005118 0.5809785 0.8557971
3.031116 1.01093 2.745752 0.4368069 0.6077035 0.9304751
2.479017 1.767817 1.662036 0.3449079 0.6432787 0.6230058
3.732926 0.1591075 3.6834 0.6407984 0.6712433 1.082182
3.164417 0.7531535 2.709665 0.460651 0.5828355 0.8081266
3.716055 0.06242796 4.480261 0.6794846 0.7351315 1.465643
2.488456 1.563611 2.081309 0.3285308 0.6006161 0.7431239
3.097613 0.8569185 2.642816 0.4495803 0.5907527 0.8238686
2.84311 1.3774 1.978039 0.364533 0.5508089 0.6176897
3.110061 0.788322 2.875299 0.4492508 0.5884699 0.8917648
3.157145 0.6064757 3.526522 0.4764265 0.6175255 1.132988
2.981978 1.076992 2.444714 0.4087681 0.5735709 0.7765831
2.383164 2.016898 1.510807 0.360553 0.736047 0.6499349
3.812968 0.1223755 3.657448 0.6264724 0.6357734 0.9977262
2.603321 1.76949 1.658743 0.3573844 0.6345696 0.613473
3.48161 0.2655813 3.838236 0.5758253 0.6582086 1.17534
2.950619 1.117021 2.278609 0.3906435 0.55069 0.6909878
3.100249 0.8771226 2.523761 0.4169415 0.5410415 0.7165954
2.518994 1.586355 1.995659 0.3631002 0.6581873 0.7761524
3.090053 0.8565082 2.755748 0.440749 0.5836925 0.8576357
3.141537 0.8062288 2.973299 0.4677168 0.6130384 0.9735354
3.140981 0.859906 2.605983 0.4118267 0.5266449 0.7206044
3.014934 1.080948 2.160203 0.3854423 0.5202715 0.6038997
2.66744 1.4892 1.998413 0.3658732 0.6089357 0.7064302
3.633983 0.194295 3.894679 0.5972139 0.6480708 1.139155
2.70822 1.50613 1.779318 0.3361835 0.5392401 0.5451335
4.524355 -0.7208601 5.264475 0.9743156 0.8534967 1.414433
3.635581 0.04701867 4.655911 0.6638717 0.7371196 1.533318
2.876673 1.096729 2.473129 0.3730821 0.5427323 0.74834
2.903865 1.14273 2.263594 0.3960623 0.570494 0.7136284
3.317663 0.5077821 3.233572 0.5305312 0.638536 1.0116
2.388515 2.097255 1.455752 0.3497284 0.7221327 0.6131752
2.802343 1.227293 1.964055 0.3528044 0.5206622 0.5590528
2.906519 1.333773 1.753007 0.3916452 0.5616924 0.5358871
3.882264 -0.02194737 4.174012 0.6934513 0.701911 1.225394
2.823259 1.305916 2.058521 0.3943168 0.5979992 0.6932942
3.394965 0.4664582 3.450508 0.5345481 0.6313392 1.070885
3.409484 0.4928098 3.471844 0.5632358 0.6672821 1.150376
3.032147 1.172626 2.049297 0.4499907 0.6171147 0.6865046
3.262992 0.5358621 3.634282 0.5212382 0.6539501 1.217401
3.129227 0.7898779 2.886194 0.4206321 0.5441383 0.8287298
3.753999 -0.07503401 4.536665 0.7120749 0.7555476 1.43454
4.159533 -0.5523307 5.271728 0.8936608 0.8579432 1.565058
2.860496 1.112555 2.591141 0.4039087 0.6024073 0.8843782
3.088411 0.8507388 2.861008 0.4399061 0.5860166 0.9010133
3.033642 1.027503 2.285373 0.4154985 0.5594825 0.6851098
2.931746 1.08383 2.538452 0.3978639 0.5712553 0.8109911
2.532694 1.794473 1.53956 0.3282222 0.5930443 0.5252513
3.100201 1.050266 2.162247 0.4088639 0.5339617 0.6138548
3.294636 0.7898904 2.679123 0.4847472 0.5927174 0.8209268
3.271596 0.4561144 3.383284 0.529545 0.646405 1.062609
2.736206 1.656222 1.644907 0.3598292 0.5865148 0.5513657
2.236583 2.524073 1.122607 0.3381129 0.7973925 0.499738
3.1013 1.000247 2.29366 0.4061635 0.5294953 0.6454755
3.399072 0.3733436 3.705865 0.5518365 0.6507933 1.161966
2.671366 1.396405 1.887243 0.3636462 0.5853047 0.6217652
3.159432 0.749547 2.98732 0.4511491 0.5799688 0.9082538
2.509723 1.760302 1.639415 0.3292304 0.6022584 0.5735697
3.201545 0.6232718 2.952066 0.4767196 0.5926151 0.8738536
2.966394 1.10486 2.247194 0.3971358 0.5535599 0.678982
3.06419 0.7332945 3.006702 0.4203197 0.5540452 0.8701636
2.565689 1.808541 1.580031 0.3678929 0.664078 0.6068901
3.376293 0.5412653 2.892126 0.4864693 0.560943 0.7795613
3.177754 0.7744645 3.032049 0.4943799 0.641324 1.033082
3.737004 0.2632933 3.190413 0.5905867 0.6062994 0.8505759
2.274424 2.254276 1.214828 0.3093273 0.6786252 0.4683094
3.120332 0.9938603 2.565199 0.4758311 0.6367901 0.8925747
2.876529 1.107156 2.534272 0.3999162 0.5898988 0.8420555
3.309667 0.7744683 2.787255 0.4916327 0.6017807 0.8726502
2.938754 1.090836 2.727546 0.452961 0.664365 1.033657
3.41477 0.2810096 3.694178 0.5345768 0.6159089 1.05046
3.143086 0.6925383 3.089156 0.4381482 0.5629361 0.9034402
3.299358 0.5137074 3.084014 0.5226578 0.627023 0.9363444
3.53148 0.334816 3.292118 0.5846488 0.6482227 0.9784886
3.062179 0.6452279 3.017621 0.4631973 0.6076126 0.9292979
2.805203 1.152202 2.542097 0.4113133 0.6303092 0.9127026
3.367809 0.3460339 3.506938 0.5455852 0.6406704 1.053711
3.107832 0.8126415 3.080766 0.4687537 0.6268137 1.044238
2.757383 1.266033 2.129896 0.3800607 0.5874308 0.7035378
3.465449 0.4650801 3.274076 0.5499239 0.6301754 0.9971863
3.380157 0.4026267 3.740933 0.5395609 0.6425456 1.175425
2.557358 1.664988 1.662011 0.349697 0.6145834 0.5863281
2.603046 1.544287 1.866036 0.3407544 0.5810481 0.6267592
2.867931 1.185688 2.420696 0.4229178 0.6338431 0.8717421
2.925705 1.031788 2.328069 0.3952201 0.5542311 0.69667
2.653114 1.412657 2.227182 0.350375 0.5852941 0.7648838
2.623371 1.60916 1.693209 0.3432928 0.5803446 0.5617415
3.154201 0.8950469 2.663245 0.4335523 0.5614669 0.7999584
2.685573 1.395487 1.881224 0.3777766 0.6065598 0.642457
3.033048 0.8778205 2.629553 0.4197596 0.561802 0.7820491
2.281403 2.188097 1.334725 0.3157827 0.6882055 0.5294106
2.602663 1.654743 1.731219 0.3368055 0.5837613 0.5859944
2.85836 1.236433 2.072957 0.3630162 0.5321972 0.6129256
3.773348 -0.130264 5.291554 0.7013836 0.7533617 1.702183
2.753271 1.423584 1.956358 0.3740767 0.5916699 0.6607982
2.762669 1.14668 2.61835 0.3729234 0.5794517 0.8700244
3.473614 0.4254769 3.157333 0.5515508 0.6228582 0.9250469
3.131893 0.6654032 3.138499 0.4691569 0.6075647 0.9846505
2.905425 1.35968 1.730539 0.3771122 0.5417605 0.5119525
3.177726 0.9919768 2.363045 0.4369743 0.5610907 0.7090391
3.779929 -0.2223577 5.504111 0.6619167 0.7029086 1.593525
2.837806 1.257588 2.19141 0.3770447 0.5666543 0.7019858
2.971594 1.13511 2.358235 0.3936381 0.5555974 0.7296639
2.728217 1.136843 2.851644 0.4395861 0.709127 1.181055
2.579938 1.406063 2.360254 0.3824902 0.6688967 0.9388864
3.417266 0.5743801 3.085093 0.5180483 0.6039668 0.9249145
2.77439 1.403378 1.913528 0.3580452 0.5559575 0.6027552
2.791255 1.512728 1.822732 0.3451858 0.5406829 0.5641729
2.152436 2.397996 1.201758 0.3398076 0.8180855 0.5569424
4.462663 -0.5837142 4.953687 0.933935 0.8243834 1.358296
2.425995 1.959491 1.524985 0.3061254 0.6024638 0.5376971
3.490162 0.487803 3.006044 0.5245572 0.5864197 0.8375599
2.873673 1.291688 2.09519 0.4000603 0.5950741 0.7019212
3.580933 0.3601558 3.489069 0.5699008 0.6289979 1.034168
2.485006 1.654635 1.817753 0.3288765 0.6021152 0.640703
2.960467 0.9526279 2.711457 0.421674 0.5925987 0.8796206
2.799417 1.368138 2.088912 0.3566005 0.5514897 0.6607491
2.592128 1.587417 1.865512 0.3641524 0.6335352 0.6883052
3.600651 0.3758835 3.193489 0.5547918 0.5990264 0.8836498
3.350496 0.6440506 2.830942 0.4685711 0.5511069 0.7767338
2.622434 1.610602 1.7978 0.3252089 0.5539614 0.5775002
2.549461 1.481281 2.250579 0.3514563 0.6246927 0.8383486
2.909692 1.214701 2.292303 0.3793132 0.5534139 0.7165914
3.402168 0.4577833 3.589847 0.5679973 0.6757998 1.200233
3.017449 1.032757 2.66288 0.4463186 0.6259583 0.9308013
2.53082 1.79111 1.625529 0.3370202 0.6157774 0.5824761
4.41429 -0.5130355 4.769001 0.9069614 0.8070839 1.316186
2.381812 2.182747 1.249146 0.3062817 0.629232 0.4472434
3.099319 0.8098546 2.791434 0.4221008 0.5513828 0.811125
3.017459 0.9838474 2.933995 0.4421079 0.6232927 1.030468
2.931101 1.221616 2.333176 0.399632 0.5838449 0.774321
3.308155 0.7317176 2.86558 0.4253089 0.5122486 0.7596396
3.066006 0.8626353 2.602325 0.4677505 0.6221334 0.8517905
2.622561 1.452936 2.182794 0.3547187 0.6046178 0.7773182
3.100765 0.7783569 3.273434 0.4551002 0.6108666 1.085566
3.333737 0.3064722 4.040835 0.5567798 0.674328 1.308114
3.622227 0.132758 3.923137 0.6162071 0.669785 1.15878
2.799704 1.076267 2.90864 0.4253271 0.659804 1.108135
2.070978 2.638954 0.9896157 0.2854533 0.7344727 0.3968259
2.707724 1.609947 1.924704 0.3686294 0.6196321 0.7021263
3.261163 0.972744 2.028022 0.426336 0.5138749 0.5318754
3.283583 0.7866803 2.579275 0.4790995 0.5829835 0.7685515
3.841272 0.04994202 4.478513 0.6648286 0.6903344 1.363218
3.373193 0.5456142 3.199663 0.5176292 0.6131399 0.9730472
2.52606 1.675841 1.935715 0.3340363 0.6120744 0.7059836
3.006575 0.8003754 2.834882 0.4355099 0.5897814 0.8806572
3.380353 0.3281291 4.267468 0.5586806 0.6735806 1.409974
3.134698 0.6278156 3.599074 0.5051514 0.6682846 1.269213
3.806879 0.1303336 3.709536 0.6288144 0.6429489 1.03504
2.602999 1.673496 1.794664 0.3682443 0.6473415 0.67941
2.718901 1.354772 1.966068 0.3765716 0.5946237 0.658468
2.567981 1.607819 1.698921 0.3132347 0.5378968 0.5226025
2.576947 1.613246 1.706844 0.3390968 0.5853875 0.5727237
2.894724 1.22474 2.135986 0.3963021 0.5782652 0.6883972
2.722549 1.277332 2.230531 0.4019854 0.6396017 0.8138896
2.524077 1.933919 1.314428 0.2792579 0.5084877 0.3796491
3.361593 0.5146624 3.414209 0.522077 0.6244164 1.061837
2.932363 0.9341784 2.918844 0.4395632 0.6316294 1.022014
2.813761 1.24996 2.230867 0.3828453 0.5819042 0.7352687
3.147145 0.6070215 3.326367 0.4801232 0.6192062 1.056006
3.329044 0.5169637 3.076287 0.5065371 0.6004144 0.8956685
3.165206 0.8696005 2.452999 0.4256126 0.5374751 0.6846991
3.377718 0.3590063 4.273426 0.5859246 0.7146283 1.523534
3.665488 0.1864446 3.85996 0.5914232 0.6340234 1.099556
2.602509 1.599676 1.869359 0.3671015 0.6375844 0.6950719
2.338852 1.978581 1.719674 0.3146129 0.6599192 0.6807278
3.239998 0.4463044 4.196285 0.5118408 0.6508718 1.398931
3.125274 0.8208707 2.937763 0.4552278 0.5995501 0.9432663
2.51022 1.634831 1.782982 0.3321235 0.5962978 0.617289
3.135556 0.8974773 2.668519 0.4046964 0.5247679 0.7508252
2.787326 1.253927 2.351171 0.3745054 0.580405 0.7841002
3.019823 1.100513 2.259584 0.4161201 0.5712722 0.7047572
3.530369 0.3048522 3.732443 0.562845 0.6321187 1.105623
3.014184 0.7653089 3.243941 0.4285228 0.5876637 1.02806
3.057467 0.8173115 3.166119 0.4408755 0.5995656 1.033489
2.990033 1.125168 2.438831 0.3948485 0.5566554 0.761675
3.463078 0.4582876 3.723784 0.5341506 0.6241067 1.16202
3.160111 0.856692 2.554597 0.4762424 0.6113985 0.8163225
3.068322 0.7550085 3.176075 0.4358164 0.5836201 0.9901998
2.582982 1.739035 1.673027 0.3572885 0.6362967 0.6196273
4.099997 -0.2697331 4.496238 0.7989459 0.7651988 1.306493
3.752691 0.1793661 3.450515 0.6101862 0.6273887 0.9387366
2.677826 1.478707 1.825759 0.3549986 0.5773946 0.5991176
3.356866 0.4044258 3.760079 0.5143368 0.614566 1.130134
3.457799 0.4517053 3.075246 0.5401322 0.6121024 0.890118
2.73856 1.492652 1.886421 0.382286 0.6147916 0.6648918
2.976097 1.026202 2.50193 0.4400495 0.6181181 0.8487604
3.133511 1.070332 2.170571 0.4461211 0.5830791 0.6773755
2.443405 1.877578 1.50456 0.3007894 0.5732507 0.4997437
3.19852 0.648264 2.948397 0.4616547 0.5750381 0.8546084
2.42428 2.075603 1.295158 0.3121238 0.6163583 0.4549786
3.406248 0.5774623 2.875083 0.5101482 0.5891826 0.8259445
2.796962 1.355794 2.110269 0.370666 0.5746354 0.695022
3.432268 0.329464 3.640503 0.5623733 0.6513834 1.116576
2.900396 0.9829973 2.672754 0.4097029 0.5892989 0.866651
3.157406 0.7834506 2.67942 0.4473355 0.5674879 0.7831668
3.310562 0.7686296 2.481642 0.4465036 0.5286682 0.6582951
3.218081 0.5802451 3.223719 0.4926185 0.6156651 0.99943
2.497811 1.832618 1.598042 0.3234342 0.6033482 0.5624657
2.888454 1.030801 2.551593 0.3979194 0.5748293 0.8093331
3.208009 0.7588858 2.721466 0.4693177 0.5872003 0.8206522
2.790251 1.156055 2.350943 0.3975802 0.6038546 0.7947492
3.42222 0.4691396 3.407812 0.5272682 0.6154954 1.02866
2.948456 1.387016 2.070629 0.4075042 0.6027877 0.7160044
2.910365 1.131053 2.490718 0.4141104 0.606082 0.8519531
2.464171 1.806 1.639593 0.3192517 0.6017388 0.5766476
2.507073 1.636879 1.96246 0.3416757 0.6270167 0.7309762
3.105266 0.726477 2.80607 0.4380101 0.5639257 0.8101706
3.490699 0.3057232 3.637108 0.5832675 0.6632625 1.124231
2.707833 1.569657 1.877893 0.371119 0.6142948 0.6700817
3.145018 0.926448 2.275634 0.4393548 0.5587433 0.658697
3.307083 0.5411774 2.901921 0.5053066 0.5992724 0.8373342
2.815717 1.32831 2.082196 0.3705909 0.5653337 0.6684853
3.095192 0.8275704 2.854023 0.4592488 0.6092407 0.9259102
2.609041 1.422011 2.156892 0.3610111 0.6127533 0.7706479
2.691627 1.562004 1.659134 0.3520759 0.5708374 0.5342917
2.66529 1.451425 1.842562 0.3288063 0.5310766 0.5540594
2.673379 1.432636 2.020119 0.3832032 0.6311442 0.7343599
2.871014 1.332489 2.101266 0.3902527 0.5871439 0.7031558
3.060733 0.9975052 2.350878 0.408809 0.5436208 0.6836322
3.093826 0.9657595 2.34615 0.4233959 0.554416 0.6886914
3.483293 0.5243559 2.768959 0.510378 0.5664549 0.7412371
2.397834 1.957072 1.558373 0.3358457 0.6731162 0.6150955
3.04291 0.9625916 2.661675 0.4495019 0.6154608 0.8949957
3.236536 0.7004196 2.900071 0.4381482 0.5388986 0.7986508
4.367901 -0.5861804 4.72177 0.9030019 0.8073133 1.244768
3.581604 0.1299317 4.474856 0.624855 0.7033265 1.441326
2.576753 1.630077 1.725345 0.3232894 0.5605063 0.5579875
2.533082 1.867479 1.480448 0.3124433 0.5713781 0.4879131
3.155405 0.7233978 3.194942 0.4636658 0.6032882 1.021254
3.637962 0.1522448 4.013876 0.6051724 0.6567727 1.17856
2.705979 1.384121 2.151779 0.3737797 0.6075093 0.7579523
3.350208 0.6588427 2.641091 0.468532 0.5448896 0.7049346
2.786822 1.250156 1.951597 0.3391931 0.5037057 0.5396525
3.161543 0.6472137 3.515386 0.4793353 0.6250798 1.160314
2.801073 1.192501 2.385183 0.3697734 0.562546 0.7616694
3.543275 0.3473723 3.725384 0.5583506 0.627401 1.113717
2.710187 1.53712 1.738241 0.3715543 0.6009658 0.5925504
3.460316 0.5126441 3.312204 0.5400679 0.6240913 1.0197
3.189942 0.6530501 3.482907 0.480794 0.6205597 1.139868
3.03113 0.8721115 2.641174 0.438098 0.5895997 0.8253463
3.401735 0.3142991 3.945902 0.54256 0.6389828 1.20442
2.995644 1.049576 2.213283 0.4160855 0.5682976 0.6739592
3.837107 0.06938407 3.804649 0.6919136 0.7051583 1.138134
2.811494 1.340761 2.04731 0.3772501 0.5770608 0.6699352
3.060216 0.7480091 2.955057 0.4371105 0.5791389 0.8948617
2.100344 2.755394 0.9995632 0.4183454 1.10036 0.5962266
3.323212 0.6798605 2.816613 0.4855923 0.5816754 0.825597
3.551436 0.2717017 3.432252 0.5678318 0.6226072 0.9640588
2.790649 1.35118 1.878881 0.3674696 0.5583082 0.5841619
2.630787 1.509906 1.86357 0.335967 0.5612929 0.601203
3.59221 0.1848352 3.888683 0.6249322 0.6900495 1.209715
2.790708 1.227635 2.464008 0.3948267 0.6141602 0.8727235
2.875555 0.9404156 2.763129 0.4017882 0.5813639 0.8813358
3.494002 0.4136508 3.220514 0.5676999 0.6397405 0.9701033
3.37981 0.4799278 3.283966 0.52797 0.6214517 0.9935126
2.519718 1.896632 1.49303 0.3451614 0.6423628 0.5541724
2.507826 1.7383 1.712348 0.3058115 0.5584249 0.5597075
2.171417 2.139866 1.390274 0.3205551 0.7317748 0.5897017
3.376581 0.6193109 2.778379 0.5133156 0.5997033 0.8179608
3.153215 0.7164582 2.819677 0.4568797 0.5794681 0.8330033
2.101836 2.837126 0.9228466 0.3267787 0.8598554 0.4227438
2.668827 1.521049 1.84766 0.3631929 0.6008865 0.6373438
3.186918 0.8833122 2.382327 0.4498628 0.5651011 0.6965999
3.216882 0.9149472 2.504873 0.4546469 0.5750261 0.7635976
3.283358 0.5755561 3.152689 0.4973079 0.6055424 0.9534484
3.129777 0.8087033 3.059488 0.4512471 0.5960092 0.9835697
3.201421 0.8290239 2.577463 0.4662954 0.5867714 0.7846491
3.497784 0.3725531 3.337581 0.5348918 0.5989382 0.9355034
3.101197 0.6883645 3.296397 0.4688196 0.6216093 1.081182
3.42281 0.456872 3.424226 0.5411668 0.6316874 1.054795
2.682381 1.411199 2.15685 0.3840942 0.6345847 0.7971395
3.126121 0.8574444 2.634541 0.4532922 0.5895809 0.8186089
2.655601 1.568223 1.899389 0.3778373 0.640668 0.7089386
3.914883 -0.04077654 4.308532 0.7234907 0.7307979 1.317986
2.550079 1.646339 1.679555 0.3315481 0.5814172 0.5609224
2.897565 1.071156 2.517669 0.3949242 0.5721453 0.8020554
3.31241 0.5202817 3.243453 0.5162347 0.621805 0.9924623
2.707199 1.440353 1.92568 0.357795 0.5750964 0.6320324
2.865141 1.226176 2.149687 0.3934627 0.5805892 0.6963399
2.743821 1.506753 1.715053 0.3565585 0.5622553 0.5426019
3.348828 0.1919259 4.347594 0.5463745 0.6545023 1.325094
3.195193 0.7203929 2.990132 0.4699997 0.5961617 0.9256982
4.207601 -0.3549519 4.412568 0.8207284 0.7585752 1.206621
3.215135 0.5577086 3.371484 0.4920246 0.6181869 1.054165
2.47 1.947403 1.451952 0.3253478 0.6223934 0.5222118
2.617943 1.647945 1.67454 0.3524049 0.6038203 0.5808452
3.036327 0.8945521 2.747934 0.4366751 0.5937815 0.8813774
2.49041 1.779987 1.666143 0.3386581 0.6298411 0.6125514
3.149224 0.7041834 3.244345 0.4852208 0.6348765 1.088957
2.85582 1.29113 2.216809 0.3960764 0.5992568 0.7589115
4.377148 -0.6479841 5.261756 0.9314073 0.8448727 1.457479
3.621071 0.3022599 3.459888 0.5772716 0.6239143 0.9884406
3.095466 0.8062354 3.129357 0.4543644 0.6099218 1.035078
3.077646 0.9240791 2.659463 0.4160599 0.554193 0.7947457
3.10868 1.010077 2.305755 0.3867077 0.5024791 0.6194671
2.392749 1.774617 1.883351 0.3309443 0.6540881 0.7378653
2.285375 2.158338 1.318117 0.3214332 0.6926672 0.5240446
3.599315 -0.06014685 5.132199 0.6179908 0.690171 1.541783
2.814275 1.351886 1.94364 0.3379536 0.5081272 0.5546275
3.008443 0.9983739 2.485963 0.3991626 0.5450392 0.735116
2.920374 1.012018 2.714235 0.4047785 0.5825224 0.8809652
3.075162 1.023222 2.297091 0.4056309 0.5369228 0.6608816
3.495556 0.3799402 3.197814 0.5480788 0.6119956 0.9076564
2.695649 1.478982 1.873541 0.3448049 0.5589851 0.5996751
2.681167 1.407635 1.910051 0.3739948 0.6034459 0.6518956
2.625784 1.466449 2.134856 0.339832 0.5774754 0.7257127
3.550479 0.2973882 3.612811 0.5757637 0.6399956 1.070147
2.898598 1.114182 2.230007 0.3893168 0.5563519 0.6782825
3.190201 0.9999891 2.456663 0.4279626 0.551176 0.7336213
2.664679 1.557773 1.908699 0.3810866 0.6431642 0.7147944
3.085106 0.8214462 2.456531 0.4704355 0.6101055 0.764965
3.855303 -0.0168209 4.265512 0.6713971 0.6844647 1.229324
2.490345 1.752005 1.671058 0.3219382 0.5928963 0.5768331
2.796423 1.526897 1.714174 0.4007969 0.6264784 0.6056316
3.50901 0.5645615 2.900838 0.5073434 0.5666112 0.7995653
3.41153 0.5207152 3.31668 0.5093277 0.5960085 0.9799693
2.796284 1.180691 2.57048 0.4142579 0.6427718 0.9509551
3.707981 0.07715083 3.99904 0.60821 0.6419605 1.11176
3.517405 0.5489477 2.716163 0.5003182 0.5473553 0.7034533
2.92429 1.015932 2.534915 0.4076343 0.5792969 0.8047524
2.992797 1.011128 2.57451 0.4303684 0.599964 0.8483609
3.63536 0.3502584 3.202951 0.596236 0.6398128 0.9376387
3.167623 0.5925373 3.647522 0.4872454 0.6330786 1.207031
3.018065 1.082494 2.469203 0.4246575 0.5913638 0.8112391
2.717971 1.379541 2.032062 0.3723186 0.5948968 0.690254
3.108421 0.8768518 2.592872 0.4332974 0.5654141 0.7744366
3.586047 0.2835295 3.703803 0.619109 0.6877557 1.18333
2.799246 1.354857 2.03373 0.3771181 0.5806573 0.6704782
3.825865 -0.02582008 4.305015 0.6848259 0.7072934 1.28454
3.088327 0.7326249 3.38134 0.4549939 0.6110134 1.112374
3.07595 0.884199 2.83138 0.4324515 0.5796633 0.8874163
3.301361 0.6909579 2.751457 0.4876462 0.5869719 0.8112107
2.992626 1.006418 2.36214 0.4219295 0.5779735 0.7328486
2.901886 1.099066 2.273694 0.3946647 0.5638086 0.700939
3.12063 0.7623494 2.769721 0.4409299 0.5679005 0.8134282
2.788848 1.272424 2.292859 0.3841332 0.5959868 0.7839019
3.24182 0.7815178 2.535066 0.4989909 0.6153388 0.7921395
3.276596 0.5480324 3.760626 0.504568 0.6329892 1.235377
3.16769 0.8572061 2.692839 0.44709 0.5746051 0.8199452
2.525773 1.772773 1.652484 0.3507842 0.6433543 0.6199291
2.697664 1.221124 2.581403 0.3692593 0.5969856 0.8977083
3.802281 0.2083572 3.397641 0.5765114 0.5801048 0.8590886
2.910685 1.187732 2.03902 0.3597696 0.5083895 0.5655431
3.263427 0.7592783 2.692436 0.4888567 0.6016384 0.8300009
4.498617 -0.9051756 6.556736 1.053628 0.9618154 1.942934
2.465279 1.906548 1.245562 0.3088317 0.5665726 0.3921085
3.113135 1.033752 2.258986 0.4383919 0.5763285 0.6970837
3.047701 0.9889032 2.389757 0.427553 0.5751853 0.737977
2.92494 1.025558 2.560976 0.3756358 0.5327323 0.7535363
3.57446 0.4401587 2.873736 0.5399698 0.5810408 0.7685187
3.238469 0.5840996 3.364611 0.5086497 0.6376397 1.093443
3.260706 0.7322457 2.895698 0.4934385 0.6128582 0.9180327
2.405436 1.966356 1.62055 0.3223858 0.6481624 0.6213914
2.889501 1.135703 2.513138 0.4367133 0.6482331 0.9227415
2.736976 1.570805 1.666002 0.3593213 0.5756908 0.5431366
2.601254 1.403667 2.247291 0.3675845 0.6291158 0.8300869
3.1774 0.7724524 3.165701 0.4663323 0.6073353 1.03423
2.721291 1.252985 2.186005 0.3736571 0.5855392 0.7213995
3.05866 0.7425899 2.990895 0.4525657 0.6026837 0.9439169
3.04556 0.7979868 2.898431 0.4138882 0.552051 0.8472509
3.095152 0.7905436 2.897286 0.4387628 0.5764866 0.8804682
3.366528 0.4014762 3.896397 0.5298017 0.6365118 1.225069
3.232005 0.7610956 2.893679 0.4869702 0.6133072 0.92764
3.608654 0.2382528 3.74959 0.5754148 0.6270239 1.071211
3.432041 0.697435 2.979978 0.5239116 0.6176979 0.9470017
2.440629 1.922741 1.436555 0.3344488 0.6434179 0.5314265
2.703643 1.492188 2.140281 0.3773913 0.6288261 0.7945597
3.06491 0.830768 2.959904 0.4355641 0.5849846 0.9312513
2.902777 1.039816 2.643653 0.4119425 0.5983078 0.8825862
3.06518 1.008504 2.600095 0.4475077 0.6111202 0.875081
2.826372 1.208075 2.357281 0.3793577 0.5734982 0.7680848
3.092218 0.7834762 2.722679 0.439528 0.5718554 0.8069113
3.357187 0.5049381 3.392616 0.4977287 0.5933506 1.001193
3.180458 0.6102652 3.255286 0.47246 0.5994115 0.9952771
2.928082 1.174171 2.472478 0.4201258 0.6159286 0.8665555
3.186012 0.7425861 2.880337 0.4397215 0.5548215 0.8286841
3.258056 0.7363025 2.803189 0.4705319 0.579817 0.8351402
3.317564 0.7827825 2.512133 0.4534493 0.5402153 0.6886554
3.345238 0.5658824 3.038973 0.52513 0.6252038 0.9367332
3.391074 0.5110646 3.049578 0.5324399 0.6194001 0.9105342
3.048314 1.05435 2.419017 0.4116542 0.5602262 0.743211
2.658711 1.414131 1.907625 0.3588353 0.583533 0.6305295
3.158508 0.8208486 2.561543 0.4510811 0.573084 0.7588312
2.845778 1.446507 1.82792 0.357387 0.5411974 0.5595876
2.284547 2.171846 1.31785 0.319879 0.6902261 0.5216082
3.185914 0.8893692 2.349091 0.4322523 0.5405252 0.6558704
2.805585 1.202149 2.362967 0.4041879 0.6183084 0.8293211
2.802205 1.287929 2.404679 0.4033244 0.6318196 0.8839188
3.334538 0.2859937 4.03765 0.5314584 0.6390899 1.228242
4.0362 -0.3711847 5.255704 0.8048785 0.7976071 1.586688
3.185 0.8803213 2.943863 0.4789587 0.6279864 1.009925
3.076968 1.112532 2.257672 0.4125505 0.5562047 0.6881677
3.943094 -0.006872283 4.025523 0.7091501 0.7036734 1.179039
3.519217 0.3993721 3.898264 0.5602901 0.6447447 1.241053
2.560518 1.601253 2.028779 0.3945064 0.7108291 0.8574357
2.609444 1.503444 1.99709 0.3530534 0.6028352 0.70134
2.950193 1.00872 2.717533 0.4100129 0.5842937 0.8848145
2.713175 1.366421 2.467844 0.4283378 0.7127556 1.047319
2.791495 1.282813 2.089378 0.3472686 0.5265394 0.6190713
3.53233 0.4954958 2.724113 0.5329182 0.5804944 0.7346345
2.547542 1.414091 2.316964 0.3667804 0.6465687 0.8873249
2.655143 1.567035 1.863138 0.3453186 0.5812484 0.6292874
3.233913 0.6181479 2.811858 0.4667812 0.5672035 0.7846381
2.353201 2.15257 1.233827 0.316182 0.651841 0.4553856
2.95113 1.130872 2.48602 0.4158052 0.5994659 0.8405891
3.929735 0.1021846 3.680991 0.6700966 0.6617961 1.038268
2.582044 1.539123 2.00428 0.3407662 0.5916204 0.6947674
3.565309 0.1430143 4.190391 0.5774937 0.641221 1.210401
3.105944 1.118328 2.239649 0.4212946 0.5635072 0.6918209
3.161663 0.7665331 2.604566 0.4484822 0.5639644 0.7470932
2.595847 1.567271 1.969792 0.3290842 0.570789 0.6613814
2.738881 1.45658 1.808648 0.3533507 0.5576844 0.5703779
3.759592 0.03763374 3.654089 0.6682903 0.6881558 1.04089
2.615986 1.767565 1.503672 0.3321142 0.5734461 0.4916752
3.84785 0.2006483 3.24222 0.6031093 0.597259 0.8310116
2.852303 1.189575 2.38765 0.4014383 0.6028484 0.8171505
2.672827 1.416289 1.987173 0.3626299 0.5914331 0.6724689
2.763249 1.483215 1.777003 0.3681377 0.5783098 0.5808568
3.122732 0.914581 2.598131 0.4620635 0.6080662 0.8452099
3.401176 0.5849547 2.792226 0.4897045 0.5615738 0.7595646
2.914519 1.417619 1.78472 0.3850347 0.5636461 0.5609546
4.073018 -0.3014875 4.482881 0.809128 0.7800699 1.30646
2.860714 0.9426104 3.030899 0.4324944 0.6428824 1.093667
3.51721 0.2727307 4.104655 0.5615883 0.6405921 1.249086
3.189858 0.7865555 2.678888 0.4863266 0.6155778 0.8514078
3.762548 -0.05444427 4.11217 0.6688808 0.6947983 1.172494
2.990581 0.8720643 2.544581 0.4280424 0.5799233 0.7751188
2.520839 1.801826 1.760449 0.3440571 0.6428923 0.6711116
3.070154 0.8477213 2.648177 0.4762983 0.6335784 0.8825067
2.255239 2.169069 1.319312 0.3417734 0.7512304 0.5691376
2.385556 2.108673 1.328356 0.3155445 0.6414241 0.4885121
2.411306 1.732128 1.972353 0.2825843 0.5492911 0.6555797
2.684248 1.414748 2.235383 0.3862597 0.6428672 0.8449696
2.662051 1.516208 1.725994 0.3591613 0.5874844 0.5724285
2.877873 0.9106936 3.152925 0.4271714 0.6305702 1.116028
3.269843 0.7212048 2.760867 0.4677179 0.5710713 0.8033293
3.402653 0.3408981 3.689715 0.5673796 0.6670402 1.170307
3.177609 0.6792486 3.127547 0.4717309 0.6026345 0.9766779
2.91052 1.200227 1.982675 0.4009165 0.5696717 0.6124114
1.849153 3.399966 0.6540668 0.3306526 1.075434 0.3392637
2.839828 1.087581 2.506503 0.4243857 0.6332401 0.8863705
2.572328 1.634283 1.849255 0.3467052 0.612446 0.6632953
2.878329 1.168269 2.162531 0.3964021 0.5747176 0.6832904
3.117861 0.9223752 2.706849 0.4681467 0.6235537 0.9155559
3.231077 0.6556904 2.708537 0.4476371 0.5423565 0.7258153
3.067955 0.8595068 2.482968 0.4381256 0.5743989 0.7410278
2.655614 1.536817 2.263694 0.3907822 0.6780905 0.923891
4.661603 -0.6943157 4.774472 1.020513 0.859378 1.273577
3.127139 0.6820408 2.984285 0.4754502 0.6138434 0.9386111
3.321636 0.5711041 2.987183 0.5202998 0.6219539 0.9127479
3.115938 0.9321943 2.370364 0.4613408 0.6006168 0.7475502
4.276039 -0.2725973 4.146768 0.8070695 0.7288086 1.114271
2.85443 1.110566 2.354425 0.400991 0.5898039 0.769442
3.495906 0.3473891 3.486424 0.5573555 0.6296584 1.029885
2.898272 0.9955474 2.659057 0.4214982 0.6090512 0.8930901
3.331051 0.6937314 2.685817 0.4728571 0.5596317 0.7503732
2.856158 1.316998 2.055891 0.3785017 0.5670086 0.6586277
3.079454 1.015444 2.361001 0.4274444 0.5697141 0.7245043
3.557705 0.1615879 4.084286 0.6131259 0.6861174 1.267053
3.009325 0.9119805 2.715324 0.4344144 0.595717 0.8733848
3.220455 0.6980349 2.699732 0.4709133 0.579368 0.7837703
3.464855 0.400546 3.340009 0.5572862 0.6353624 1.003972
4.000139 -0.4922572 5.771195 0.8181721 0.8249668 1.743159
3.80822 -0.03084985 3.908657 0.644356 0.653093 1.0406
3.100323 0.9019186 2.680463 0.4399179 0.582789 0.8389285
2.707319 1.367291 2.132571 0.404723 0.6558115 0.8046482
3.630232 0.3289866 3.335982 0.5796924 0.6238298 0.9549489
3.444471 0.4212946 3.514458 0.5332865 0.616023 1.046465
3.918093 0.1565434 3.394852 0.661149 0.6499664 0.9418417
3.05061 0.8930616 2.661773 0.4597228 0.6202418 0.8826839
3.207546 0.6438626 3.178316 0.4779378 0.6028484 0.98425
3.498067 0.3425059 3.408993 0.5623779 0.6317701 0.9998411
3.045009 1.045757 2.466987 0.3986543 0.5419463 0.7341696
2.875768 1.233273 2.28095 0.4123193 0.6157596 0.7967507
2.779855 1.335651 2.048101 0.3563741 0.5495084 0.6385671
2.969261 1.200982 2.258819 0.3847143 0.5471486 0.693967
3.352814 0.7207396 2.878641 0.4870502 0.5840425 0.863934
3.313278 0.5104513 3.635827 0.5010656 0.6126312 1.12731
2.47356 1.927814 1.491841 0.3479679 0.6662201 0.5760019
3.008692 0.9127652 2.75835 0.4450975 0.614076 0.9196997
3.134386 0.9146308 2.37704 0.4558474 0.5875188 0.7299929
3.252992 0.8819341 2.561219 0.4578025 0.5703321 0.7698293
3.479716 0.3110034 3.874448 0.6009145 0.6955064 1.282952
2.522356 1.812814 1.472752 0.3456776 0.6267742 0.5265061
2.730245 1.279188 2.173965 0.3606238 0.565024 0.696536
2.571744 1.747848 1.521013 0.3414352 0.5997682 0.5201021
3.350889 0.6604453 2.712111 0.4926902 0.5799622 0.7793171
2.774224 1.318777 2.226872 0.3744939 0.5870071 0.7531495
2.586681 1.694526 1.768595 0.3272505 0.5776004 0.5984769
3.015224 0.7629506 3.251926 0.4458823 0.613208 1.074356
2.468758 1.919707 1.491843 0.3257978 0.6219242 0.5377894
3.918521 0.01387271 3.67014 0.7010759 0.6915668 1.038784
3.623232 0.1061231 4.652097 0.5934129 0.6577456 1.399538
2.621961 1.4903 2.009878 0.37125 0.631331 0.7383843
4.524097 -0.7140428 5.204563 1.011545 0.8894122 1.462838
3.99676 0.04140448 3.719626 0.7186918 0.6989856 1.083376
2.867097 1.102584 2.508515 0.4279448 0.6352713 0.8947972
3.354918 0.7409637 2.600433 0.4846627 0.5726353 0.7505766
3.689287 0.05112235 4.335461 0.6414683 0.6904345 1.308747
3.509949 0.3748878 3.186629 0.5283616 0.5828337 0.8552649
2.989183 1.069251 2.521886 0.4501447 0.6366027 0.8931905
3.646606 0.2899206 3.079236 0.5741682 0.6020611 0.8154807
2.800098 1.428592 1.86069 0.3451574 0.5293181 0.5570963
2.538543 1.345821 2.766157 0.389835 0.7020283 1.180884
2.601055 1.627174 1.957145 0.358907 0.6332492 0.7344518
2.757249 1.404863 2.022352 0.3646803 0.5762432 0.6686209
2.85966 1.006369 2.790699 0.4350168 0.6464512 1.011011
3.489486 0.2902637 3.545937 0.5594343 0.6288976 1.022444
2.698329 1.238408 2.342336 0.3732309 0.5956768 0.7970984
2.992918 1.197868 2.098078 0.4278259 0.599561 0.6925698
2.73363 1.216724 2.463011 0.4030559 0.6403785 0.9073247
3.181945 0.444431 3.867325 0.4712997 0.5987476 1.161184
2.734967 1.147624 2.351734 0.3776437 0.5825523 0.7650499
2.954612 1.042841 2.57495 0.4332021 0.6177646 0.8835783
