3.033338 0.9608372 2.550744 0.2424867 0.3302852 0.4553041
2.833048 1.120208 2.51331 0.220134 0.3302615 0.4675718
3.525144 0.3498189 3.364381 0.308708 0.3436897 0.5366128
2.838759 1.425735 1.765908 0.2027158 0.3045467 0.2998245
3.081461 0.9064506 2.651101 0.2446379 0.3262802 0.4638519
3.161183 0.8285407 2.636299 0.2447606 0.3121681 0.4292293
3.136132 0.8795104 2.503161 0.2384545 0.3065923 0.4021065
3.150854 0.8928591 2.606289 0.2394813 0.3093583 0.428499
2.922791 0.9946118 2.685142 0.2319448 0.3332212 0.4953484
2.940665 1.072177 2.390396 0.2216699 0.3139354 0.4125852
2.763724 1.365052 2.070296 0.2043435 0.3205628 0.3793077
3.168354 0.7581973 2.853661 0.2546602 0.3256716 0.4838544
3.63055 0.3062361 3.359352 0.3207369 0.3449138 0.5278887
3.170675 0.7208695 2.82642 0.2446424 0.3086473 0.4466968
3.05566 0.7227989 3.208696 0.2530457 0.3407366 0.5791103
2.948044 1.172758 2.196119 0.214987 0.3049373 0.3704342
3.220447 0.7219358 2.878477 0.2617814 0.3277804 0.4857135
2.987347 1.101977 2.190559 0.2094786 0.2875666 0.3418335
2.995221 1.052481 2.37378 0.2263092 0.3127862 0.404904
2.892565 1.209961 2.171729 0.2140485 0.3118832 0.3773356
2.9341 1.002944 2.800878 0.2269249 0.3270549 0.5138074
2.771985 1.257115 2.152873 0.1998603 0.3061095 0.3706996
3.400444 0.4767165 3.190571 0.2844468 0.3299432 0.5069736
2.895052 1.197402 2.307653 0.2209536 0.324986 0.4226173
3.444568 0.3691505 3.276372 0.299961 0.3410365 0.5189817
3.385967 0.3926952 3.547513 0.2844043 0.3330142 0.5658624
2.838571 1.347138 2.009674 0.210286 0.318095 0.3612705
3.184164 0.7999169 2.740385 0.2465208 0.3127971 0.4477328
2.989129 0.965319 2.602041 0.2289379 0.3167999 0.4484615
2.893334 1.039678 2.738602 0.2360614 0.3473666 0.5355312
3.633401 0.251602 3.37955 0.3271087 0.3498934 0.5267125
2.942898 1.127051 2.293017 0.2173286 0.3083808 0.3906018
3.089465 0.8618258 2.704032 0.2349996 0.3100171 0.4459242
2.862809 1.163041 2.237548 0.2113125 0.3093487 0.3836889
3.178023 0.8436273 2.548018 0.2466418 0.3122407 0.4137079
3.043355 0.9733087 2.475204 0.2283595 0.3074125 0.4094285
3.032412 1.018515 2.288657 0.2270372 0.3052408 0.3733681
3.043474 0.9533036 2.479667 0.2310052 0.3104612 0.4124699
2.967131 0.9713704 2.673364 0.2239464 0.3137343 0.4604155
3.444637 0.4653797 3.273457 0.2910411 0.3345729 0.529074
2.981059 1.031028 2.428071 0.2228978 0.3092031 0.4094286
2.837289 1.139121 2.502815 0.2227038 0.3352629 0.4749373
2.564193 1.74146 1.64852 0.1795209 0.3201043 0.3065816
2.761818 1.297203 2.103203 0.1967039 0.3039188 0.3613035
3.060396 1.025945 2.268881 0.2316689 0.3091992 0.375369
2.751771 1.266755 2.258278 0.2144035 0.3363088 0.4331508
2.805638 1.243878 2.256778 0.2198334 0.3364413 0.4304428
3.052716 0.9828136 2.471687 0.2267514 0.3044336 0.4057065
2.900369 1.059438 2.665176 0.2360359 0.3463538 0.51931
2.883628 1.208907 2.136435 0.2124471 0.3095861 0.3670959
3.25496 0.6316263 3.065691 0.2657798 0.3276009 0.5085597
2.724025 1.498317 1.77369 0.1921574 0.3066986 0.3084643
2.93414 1.04606 2.345732 0.2253262 0.3172095 0.4037811
2.90089 1.103892 2.376899 0.2214643 0.3199736 0.4210477
2.873013 1.143896 2.296407 0.212522 0.3101236 0.395283
2.62216 1.661926 1.727985 0.191943 0.3307177 0.3309542
2.824435 1.224718 2.091584 0.2110918 0.3141009 0.3638595
2.752255 1.348944 2.043598 0.1980139 0.3093244 0.3588697
3.055656 0.7768211 2.961377 0.2472579 0.3311636 0.5185041
3.021524 0.9207272 2.808723 0.2347202 0.3230385 0.4963825
3.159515 0.7066164 3.186535 0.2545661 0.3295459 0.5524713
2.735304 1.354999 2.05227 0.1967043 0.3098452 0.3618375
3.026049 0.9934896 2.374992 0.22305 0.3007796 0.3831036
2.712235 1.544951 1.762927 0.192552 0.3119251 0.3139068
3.172828 0.8984609 2.649663 0.2437639 0.3143981 0.4456796
2.962005 1.171327 2.140509 0.2079925 0.2914582 0.3431511
2.529536 1.770171 1.638191 0.1820557 0.3310397 0.3152094
2.710573 1.495091 1.816592 0.1861968 0.2988755 0.3092479
2.705421 1.412838 2.018882 0.1994042 0.3219804 0.3733399
3.382095 0.5289767 3.231739 0.2886107 0.3408294 0.5437234
2.921972 1.148877 2.225093 0.2228015 0.3188929 0.3910734
3.069464 0.9993257 2.408416 0.2438147 0.3273104 0.4247781
3.192951 0.8234653 2.670581 0.2427643 0.3064963 0.4276896
2.775473 1.46716 1.909025 0.1924333 0.3026794 0.3313695
3.079808 0.7454357 2.984686 0.2519109 0.3338499 0.5228425
3.07034 0.9007338 2.592499 0.2409087 0.3204246 0.4419288
3.067271 0.9678223 2.524858 0.2358846 0.3165453 0.4316203
2.940215 1.0375 2.601594 0.2258093 0.3225356 0.4662679
2.800634 1.259144 2.123187 0.2114021 0.3207935 0.3817689
3.115745 0.8591954 2.666847 0.2409706 0.3144218 0.4433707
3.364162 0.6690979 2.699994 0.2655448 0.310894 0.4165138
2.868433 1.235901 2.14542 0.2031818 0.2987 0.3584441
2.931758 1.034352 2.448251 0.2226186 0.3149276 0.4215083
3.118695 0.8365304 2.880562 0.2589372 0.3427284 0.5288065
2.96916 1.139062 2.241838 0.2255206 0.3172766 0.391713
3.183147 0.7951729 2.865107 0.2480358 0.3171216 0.4792909
3.333121 0.5021195 3.253568 0.2819266 0.3364396 0.5356114
3.162577 0.8059109 2.765431 0.2582084 0.3322613 0.4820268
2.712591 1.397986 1.916679 0.1937042 0.306996 0.332572
2.957494 0.9647256 2.643962 0.2292471 0.3217081 0.4644166
3.203551 0.7707551 2.814914 0.2587241 0.3272583 0.4797283
3.120527 0.7828206 2.983673 0.2529403 0.3325925 0.526847
3.089483 0.8776778 2.717941 0.2468937 0.3281354 0.4768735
2.935175 1.077291 2.44664 0.2321502 0.3320156 0.4493009
3.424435 0.4682545 3.386162 0.2883712 0.3352084 0.5537945
3.206778 0.6683893 2.939783 0.2636828 0.3298709 0.4922217
2.720556 1.416473 1.919162 0.1918143 0.3044211 0.3317789
3.022548 0.9788356 2.715197 0.2282747 0.3153185 0.4728858
2.967774 0.9995431 2.800483 0.244127 0.3490107 0.5471368
3.30944 0.5947311 3.052537 0.2628216 0.3153623 0.4799398
3.161416 0.8013404 2.707245 0.2559052 0.3276766 0.4620274
3.230609 0.8073711 2.672168 0.2632179 0.3295215 0.4578101
2.701996 1.464053 1.978164 0.2026115 0.3309475 0.3781074
3.123904 0.8475079 2.721223 0.2481105 0.3241334 0.4671983
2.659449 1.512078 1.978808 0.1952278 0.3275024 0.3778583
2.716606 1.378382 2.096211 0.1970773 0.315807 0.3805945
3.235785 0.6209638 2.973556 0.260006 0.319606 0.4752546
3.006347 1.000836 2.667443 0.2213264 0.3069963 0.4530212
2.669235 1.487875 2.01998 0.1928861 0.3208191 0.3774668
2.674885 1.503824 1.950494 0.1985059 0.3294261 0.372426
3.138176 0.7582756 3.046098 0.2561 0.3345523 0.5390548
3.181493 0.7382951 3.050581 0.2577261 0.3307637 0.53039
2.78623 1.205196 2.411317 0.216958 0.3349974 0.4606788
2.61996 1.687888 1.671587 0.1909919 0.3298206 0.3183628
2.830803 1.275653 2.15301 0.2052762 0.3094547 0.3765974
2.968725 1.108522 2.232476 0.2157095 0.3002347 0.3658025
2.731618 1.449034 1.926323 0.1987275 0.3175914 0.3500131
2.78176 1.269143 2.303596 0.2082094 0.3232161 0.4265693
2.834579 1.203223 2.319279 0.2088393 0.3134867 0.4107707
2.831377 1.176116 2.221374 0.2113646 0.3137304 0.3870428
3.009925 1.025496 2.425702 0.2250794 0.3086961 0.4073587
3.202612 0.6286911 3.17798 0.259719 0.3272382 0.5314388
2.97122 0.9939318 2.504667 0.223654 0.310693 0.4230048
3.194972 0.7115029 2.877887 0.2472261 0.3099037 0.4571563
3.008197 0.9791645 2.487776 0.2214284 0.3017535 0.4052978
3.208301 0.6428861 3.065973 0.2636167 0.3305015 0.5152057
3.121325 0.7646783 3.066342 0.2477503 0.3258267 0.5316041
3.33937 0.5437424 3.295987 0.287056 0.3457514 0.5694361
3.177421 0.8295228 2.479199 0.2480917 0.3118356 0.3970331
2.562379 1.62797 1.876613 0.1899375 0.3373879 0.3717797
3.302722 0.6465908 2.956076 0.2718131 0.3293464 0.4911505
2.818118 1.278031 2.1587 0.1984407 0.3000389 0.3665154
2.776955 1.301945 2.175478 0.2076683 0.3224312 0.3998452
3.575817 0.3385047 3.448551 0.3190312 0.3516451 0.5640616
3.166914 0.6972206 3.029636 0.2605195 0.3335338 0.5226237
2.788065 1.364271 1.976399 0.2141149 0.3308169 0.3692513
2.604888 1.564942 1.919222 0.2096773 0.3634986 0.4071361
3.107492 0.8310454 2.757647 0.2382804 0.3117166 0.4544999
2.898146 1.091781 2.359564 0.213474 0.306796 0.3989857
2.907524 1.089063 2.297415 0.2143528 0.3053313 0.3836028
3.405632 0.5051532 3.253504 0.2817589 0.32856 0.5234759
2.802077 1.134996 2.508096 0.2135955 0.3247707 0.4609179
2.792585 1.332473 2.080061 0.2048951 0.3154688 0.3724559
3.350288 0.6034768 3.010582 0.2650882 0.3139242 0.4711626
2.698767 1.519345 1.88745 0.1982564 0.325634 0.3549589
3.034184 0.9057101 2.776983 0.2425631 0.3317992 0.5006844
2.875561 1.104603 2.410671 0.2146361 0.3131699 0.4196162
2.902051 1.108885 2.44311 0.2266779 0.3298324 0.4496131
3.05248 1.025007 2.345688 0.2234741 0.2999205 0.3796655
3.069397 0.8606667 2.776636 0.2391416 0.319773 0.4755375
3.053414 0.8178261 2.996966 0.2346329 0.3158349 0.5084018
2.728111 1.420752 1.986623 0.1967347 0.3139858 0.3572326
2.817657 1.179678 2.352485 0.2150923 0.3248001 0.4305964
2.646664 1.583471 1.782963 0.185053 0.3105835 0.3191636
3.304724 0.5952673 3.137463 0.26933 0.3262637 0.5146815
3.366346 0.5035775 3.344776 0.2891603 0.3439994 0.5678763
2.94234 1.089898 2.264209 0.2165923 0.3040602 0.3751728
3.114453 0.739947 3.066347 0.2509435 0.3292994 0.5318931
3.096301 0.9289716 2.490576 0.2300958 0.3017358 0.399513
2.869913 1.094435 2.497455 0.214739 0.3152788 0.4403234
2.940852 1.095419 2.41522 0.22599 0.3225539 0.4319792
2.706551 1.457677 1.936846 0.1926762 0.3112461 0.3459817
3.264748 0.6139793 2.983951 0.2605829 0.3171021 0.472361
3.100417 0.9028146 2.59351 0.2326436 0.3056255 0.4224748
2.859535 1.191317 2.256009 0.2160668 0.3196739 0.4034433
2.889236 1.21065 2.198225 0.2222945 0.3258313 0.400037
2.890127 1.212225 2.184021 0.2088269 0.3044452 0.3712525
2.961147 0.8991099 2.846725 0.2320255 0.3252627 0.504582
2.997418 0.838667 2.962379 0.2492888 0.3451449 0.5520309
3.52076 0.3675625 3.447502 0.3021756 0.3384417 0.5494859
3.086745 0.8836079 2.638882 0.2440161 0.3230652 0.453269
2.881827 1.194923 2.131185 0.2099989 0.3048888 0.3592183
2.746644 1.308316 2.107863 0.2062997 0.3226319 0.3853026
3.216915 0.6483779 3.131857 0.2642981 0.3319802 0.5327801
3.104583 0.9767249 2.357937 0.2241989 0.2924079 0.3667272
3.221111 0.7656133 2.689162 0.2567307 0.3196685 0.4414058
3.566141 0.2332823 3.613502 0.3154876 0.3461629 0.5632598
2.971666 0.902062 2.773238 0.2367396 0.3297752 0.495309
2.767708 1.418362 1.899965 0.1890219 0.293722 0.3163321
2.772343 1.216344 2.385578 0.2083149 0.3228565 0.439632
2.736445 1.417895 2.040456 0.1955197 0.3122336 0.3670507
2.787434 1.208246 2.367703 0.2061665 0.3165255 0.4263529
3.067763 0.9999717 2.418056 0.2282982 0.3053106 0.3984499
3.228376 0.6904837 2.965007 0.2623229 0.3273575 0.4977342
3.077171 0.8934194 2.632889 0.2362293 0.3136671 0.4407326
2.85316 1.166256 2.365389 0.2089196 0.3098087 0.4119876
3.151645 0.7433737 3.004914 0.2467728 0.3181138 0.5010619
2.974532 1.09516 2.337778 0.2253404 0.3157379 0.4058749
3.066681 0.9791169 2.488013 0.2259246 0.3022426 0.406294
2.937145 1.062389 2.41032 0.2155311 0.3045816 0.403197
3.102189 0.8329317 2.648663 0.2408833 0.3137952 0.4349684
3.11808 0.9962319 2.264072 0.2286519 0.2965851 0.35578
2.758286 1.392954 1.884998 0.199717 0.3103718 0.3290587
3.053391 0.8883178 2.710978 0.2341823 0.3143081 0.4567926
3.311198 0.5936227 2.926422 0.270338 0.3229068 0.4659211
2.919596 1.117687 2.29981 0.2064957 0.2938241 0.3727084
3.143323 0.8204549 2.706224 0.2507738 0.3236826 0.4591032
2.994939 1.064292 2.472395 0.2234941 0.311704 0.4261712
2.802292 1.255772 2.095751 0.2118224 0.3206838 0.3757097
3.195203 0.8281635 2.716214 0.2517587 0.3198448 0.4566726
2.684091 1.445543 2.074988 0.1924159 0.3162576 0.3814736
3.228514 0.6091116 3.120948 0.2627629 0.3262631 0.5140082
2.873683 1.002776 2.731899 0.2197107 0.3213686 0.4889485
2.651348 1.447978 2.092756 0.1969009 0.3289554 0.4009167
2.880301 1.15268 2.370729 0.2173958 0.3194508 0.4247139
3.288309 0.5969802 2.97256 0.2660584 0.3206077 0.4721676
3.298067 0.451189 3.535868 0.2876855 0.3502298 0.6078119
3.141933 0.937951 2.501597 0.2390142 0.3103504 0.4143303
2.668063 1.509908 1.976749 0.2017954 0.3374121 0.3881365
2.983019 1.098915 2.392491 0.2218582 0.311175 0.4123944
3.015899 1.054236 2.338353 0.2304786 0.3160856 0.4020145
2.744159 1.342946 2.112359 0.2004665 0.3158642 0.3812992
3.45584 0.47109 3.191729 0.2996752 0.343048 0.5264969
2.92661 1.002351 2.714864 0.2304586 0.3313644 0.5000899
3.115092 0.8846592 2.531042 0.2386194 0.3099454 0.4128226
2.727498 1.472403 1.946963 0.1988866 0.3207747 0.3598042
2.953064 0.9939384 2.568239 0.2310176 0.3251273 0.4564445
3.234594 0.6951169 2.904889 0.2572808 0.3190931 0.4737293
2.940268 1.059788 2.537586 0.2274901 0.3251754 0.4584636
3.281076 0.6033567 3.091478 0.2697966 0.3289447 0.5103093
2.893888 1.175316 2.173698 0.2090197 0.3016559 0.3623865
3.164876 0.7222683 3.064153 0.2528915 0.3251559 0.5212617
2.774237 1.0972 2.691288 0.2155312 0.3327952 0.5103615
3.249904 0.6479488 2.97445 0.2644386 0.3256455 0.4895055
3.048775 0.9635574 2.527203 0.2241306 0.3011219 0.4104626
2.965836 1.077026 2.441693 0.214201 0.3009907 0.4066084
2.899708 1.08656 2.537083 0.2217754 0.3229933 0.4587012
2.933059 1.131949 2.327067 0.2254044 0.3231546 0.4174579
3.059578 0.9515156 2.46031 0.2334213 0.3113543 0.4089624
3.02602 1.070327 2.301654 0.2239494 0.3054992 0.3827424
3.088668 0.8232164 2.738731 0.2484507 0.3275247 0.4722228
2.826496 1.289862 1.977083 0.2024067 0.301326 0.3306165
2.789689 1.293579 2.102659 0.2020443 0.3090771 0.3668437
2.960022 0.9460646 2.709002 0.2294705 0.3218855 0.4762567
2.72181 1.518319 1.808573 0.1941296 0.3126581 0.3229858
3.13953 0.7832071 2.908316 0.2472176 0.3209133 0.4922779
3.219313 0.5970809 3.130325 0.2622873 0.3259382 0.5126231
2.901312 1.161558 2.377862 0.2180053 0.3187904 0.4265128
2.923122 1.061959 2.474674 0.2192274 0.3131985 0.4283102
2.923761 0.9834062 2.505316 0.211987 0.2974577 0.4036717
2.993108 0.922999 2.496377 0.226745 0.3080555 0.408584
3.089167 0.9141607 2.425826 0.2325363 0.3037525 0.3873714
3.019954 0.9369909 2.589872 0.2398092 0.3272153 0.4563847
3.419159 0.5281521 3.15237 0.2800711 0.3243785 0.5009385
3.400678 0.3056096 4.192353 0.3045422 0.3630699 0.7379912
2.703335 1.462311 1.941831 0.2014421 0.3270881 0.3646938
2.763366 1.359019 1.958458 0.189405 0.2920344 0.3222427
2.777966 1.489679 1.701316 0.1915057 0.2963388 0.2826808
2.922318 1.143379 2.358736 0.2090271 0.3003171 0.3955919
3.043272 0.7851886 3.135529 0.2516076 0.3427389 0.5781646
3.118899 0.9049297 2.572477 0.2456012 0.3219661 0.4411118
2.793308 1.241276 2.319206 0.2119131 0.3265664 0.4321848
2.947389 1.134901 2.271701 0.231852 0.3301226 0.4141167
2.99402 1.072336 2.307149 0.2215446 0.3057125 0.3844045
2.699616 1.524443 1.790662 0.1943091 0.3157779 0.3227047
3.041332 0.9448582 2.424558 0.2302615 0.3076302 0.3959288
2.779876 1.225074 2.217241 0.2034366 0.310317 0.3866297
3.569519 0.3181868 3.329196 0.3173363 0.3471216 0.527237
2.910611 1.260081 2.027764 0.2118566 0.3063444 0.3448219
3.049536 0.9437617 2.538812 0.2280397 0.3058069 0.4167615
2.949204 1.111441 2.267876 0.2165438 0.3046862 0.3788448
2.76987 1.431585 1.917038 0.2019082 0.3163316 0.3450315
3.162113 0.8166094 2.579261 0.2491047 0.3164027 0.4218299
2.964139 0.9799954 2.560306 0.221563 0.308435 0.4295925
3.109129 0.7969758 2.830972 0.2475262 0.3238306 0.4819159
3.104541 0.805971 2.762407 0.2477103 0.3241862 0.4699297
3.079662 0.9313434 2.557042 0.2320035 0.3077316 0.4212388
3.349893 0.5289888 3.268629 0.2805469 0.3345915 0.5415414
2.993712 0.8912102 2.82084 0.2274614 0.3134278 0.4793179
3.178287 0.7363193 3.069036 0.2566732 0.3297033 0.531996
3.422164 0.3997284 3.394422 0.2820534 0.3239521 0.521662
2.659561 1.501037 1.970952 0.1965723 0.3282211 0.3754866
2.951694 1.157002 2.144712 0.2176627 0.3061303 0.3593756
3.24514 0.5690766 3.458392 0.2730714 0.3420554 0.6046861
3.283807 0.5876589 3.17208 0.2755169 0.3370145 0.5375795
2.694545 1.436774 2.025109 0.2066926 0.3377309 0.3945019
2.794979 1.289398 2.068029 0.2016499 0.306541 0.3559938
2.995379 1.041183 2.474549 0.2306293 0.3208581 0.4362224
2.76552 1.260392 2.244294 0.1981746 0.306582 0.3912948
2.850937 1.250703 2.194933 0.2151121 0.3220086 0.3986973
2.63058 1.483625 1.964767 0.1809529 0.3026275 0.3440969
2.938103 1.058642 2.445294 0.2221031 0.3149756 0.4238506
3.166338 0.7501093 2.834837 0.2459158 0.3125113 0.4584153
3.023123 0.9360584 2.545257 0.2328551 0.3154007 0.4300616
3.327291 0.6283105 2.82203 0.2607463 0.3085366 0.4305439
3.109929 0.8923684 2.570026 0.244396 0.3201998 0.4360549
3.184632 0.7498563 2.930433 0.2553775 0.3254602 0.4977725
2.723267 1.370503 2.000348 0.1878467 0.2963179 0.3368424
2.772182 1.37182 2.043797 0.1978771 0.3082842 0.3593892
2.94693 1.198977 2.167317 0.2089995 0.2969649 0.3573925
3.27388 0.6615307 2.988864 0.2713775 0.3334503 0.5070704
2.776662 1.1717 2.476596 0.2112007 0.3259513 0.4597339
2.615389 1.468829 1.998993 0.1965479 0.3322942 0.3844686
2.947185 1.064329 2.374672 0.2158308 0.3033232 0.3945024
2.663712 1.4893 1.928822 0.1972003 0.3268276 0.3635276
3.158981 0.8239155 2.681153 0.2478174 0.3175061 0.4455325
2.993972 0.9769987 2.574581 0.2335622 0.323167 0.4527792
3.067033 0.9557246 2.48326 0.2347644 0.3131318 0.4163989
2.927922 1.070301 2.477999 0.2231723 0.3194104 0.4386072
2.724567 1.251572 2.397424 0.2141626 0.3418003 0.4721934
2.699367 1.369923 2.123456 0.1985323 0.3206254 0.3919229
2.99556 0.8943716 2.818752 0.244058 0.3385125 0.5181691
2.927556 1.074765 2.521205 0.2277724 0.3279639 0.4609165
2.759287 1.432982 1.873702 0.2051761 0.322141 0.3418575
2.725945 1.385171 2.015023 0.1964538 0.3123499 0.359511
2.647294 1.532817 1.772831 0.1956449 0.3249091 0.3284247
3.57269 0.2684886 3.600373 0.314012 0.3451702 0.5681894
2.845679 1.300496 1.908673 0.2021886 0.2978627 0.3138617
2.711674 1.358684 2.152328 0.2002585 0.3219281 0.3991654
3.071764 0.8471331 2.854799 0.2437738 0.3266843 0.5003983
2.959175 1.019115 2.618394 0.2408157 0.34223 0.4959315
3.228896 0.6229139 3.239168 0.2736415 0.3437703 0.570294
3.115154 0.7365784 2.936154 0.2569616 0.3351391 0.5118627
2.805572 1.294461 2.21969 0.2086108 0.3211231 0.4077133
3.078373 1.051516 2.309194 0.2377914 0.3187764 0.3986723
3.011655 1.067597 2.34115 0.2274104 0.3127814 0.3996462
2.867211 1.193362 2.244446 0.2100729 0.3092908 0.388341
3.220985 0.7071191 2.823621 0.2587494 0.3214308 0.4618416
3.066424 0.9452858 2.53529 0.2229397 0.2965295 0.4035703
3.326168 0.6352272 2.905989 0.2771691 0.3319195 0.4817647
2.877378 1.066999 2.53982 0.2112002 0.3078454 0.4356741
2.764038 1.258273 2.346649 0.2189158 0.3440768 0.4640448
3.292218 0.6158916 3.100785 0.2616855 0.3179382 0.4979774
3.104909 1.002964 2.364165 0.2307491 0.3039101 0.3860289
3.223625 0.7183921 2.847156 0.2491124 0.3092133 0.450985
3.025065 0.9657072 2.598439 0.2345923 0.3210203 0.4536569
3.241135 0.7651633 2.702587 0.2538325 0.3138495 0.4360243
2.311853 2.222877 1.209784 0.1670564 0.3553949 0.243184
3.059563 0.904976 2.668819 0.2406407 0.3234224 0.4637127
3.017675 0.943189 2.477119 0.2210991 0.2976712 0.3931871
2.416345 1.834607 1.662566 0.1837763 0.3579656 0.3497458
3.1316 0.7602301 2.909966 0.2464218 0.3192393 0.486123
3.04581 0.8804413 2.93002 0.2509491 0.343972 0.5502787
3.40438 0.5325056 3.164811 0.2808662 0.3275465 0.509437
3.081608 0.9156674 2.686617 0.2375624 0.3175752 0.4606959
3.025315 1.116906 2.234774 0.2279183 0.3127906 0.3823342
2.85809 1.260123 2.226108 0.208167 0.3116765 0.3939066
3.363503 0.4544319 3.446175 0.2911223 0.3459153 0.5815781
3.108613 0.8995879 2.595069 0.2411192 0.3164762 0.4369436
3.375941 0.4528899 3.250176 0.2916833 0.3418163 0.532959
2.94954 1.067826 2.384683 0.2164189 0.304094 0.3974748
3.455718 0.5614111 2.913548 0.2891781 0.3296038 0.4667987
2.793239 1.330668 2.110985 0.2027189 0.3129289 0.3766771
3.147808 0.799235 2.73238 0.2450267 0.3144118 0.44824
2.996802 1.108899 2.344151 0.2277515 0.3180088 0.4118791
3.089462 0.8461775 2.777383 0.2460202 0.3261739 0.4822208
2.97153 0.918515 2.724722 0.228376 0.3172732 0.4686578
3.182044 0.6539682 3.19077 0.267787 0.3422436 0.5636514
2.853392 1.192727 2.272981 0.2051743 0.3035937 0.3870384
3.002158 1.030329 2.355233 0.2239673 0.3068115 0.3911481
3.123816 0.7327906 3.137101 0.2525845 0.3313509 0.5492681
2.831497 1.246077 2.119276 0.2090743 0.3123842 0.3699313
2.952858 1.042673 2.475678 0.2207681 0.3109312 0.4232021
2.825583 1.287059 2.016242 0.2046771 0.3065492 0.3450619
3.093568 0.8310636 2.686537 0.2544601 0.3348094 0.4721691
2.860047 1.14935 2.41346 0.2151657 0.3189545 0.4330101
3.057668 0.9750853 2.468215 0.2340469 0.3141209 0.4171261
2.776529 1.325665 2.086356 0.2009371 0.310797 0.3680962
2.707445 1.391103 2.166167 0.2041479 0.3321439 0.4179874
3.239812 0.7102349 2.733985 0.2509314 0.3071986 0.4240502
3.235254 0.5912451 3.188673 0.2749124 0.3423349 0.5506768
3.052545 1.014914 2.342278 0.2281585 0.305746 0.3846788
2.746382 1.302397 2.235555 0.1942708 0.3053863 0.3920905
2.53696 1.72739 1.611186 0.1848197 0.3304732 0.3064347
2.878861 1.21626 2.144161 0.210266 0.3075238 0.3671666
2.924113 1.091541 2.362533 0.2199667 0.3137621 0.4084242
2.924191 1.141102 2.269267 0.2155918 0.3081845 0.3867557
2.991202 1.139617 2.236448 0.2265568 0.3164077 0.389767
3.038622 0.9229833 2.634158 0.2308997 0.3117303 0.4417283
2.793638 1.369859 2.147107 0.1950006 0.3033559 0.3756134
2.962114 1.006982 2.446857 0.221632 0.3081083 0.4087899
3.171109 0.778718 2.827615 0.2545716 0.3258536 0.4817119
2.950817 1.132711 2.223257 0.2105933 0.2959515 0.3613873
2.882319 1.14367 2.319807 0.2080008 0.3025998 0.3908142
2.865756 1.151384 2.421778 0.214923 0.3181985 0.434008
2.915932 1.071019 2.519892 0.2235525 0.3226553 0.4528679
2.651128 1.518411 1.896626 0.1829014 0.3046121 0.3340404
2.770124 1.24876 2.289841 0.2106505 0.3272181 0.427072
2.918935 1.007668 2.740759 0.2292948 0.331482 0.5071179
3.03673 0.8727856 2.677015 0.237541 0.3196289 0.4553106
3.340124 0.6630502 2.880296 0.2698273 0.3221146 0.467352
2.955582 1.032802 2.443968 0.2263279 0.3173169 0.4230858
3.278745 0.6725702 2.797007 0.2666193 0.3233695 0.4536795
2.751513 1.324842 2.168067 0.2014422 0.316849 0.3935723
3.052957 0.9827897 2.486274 0.2363255 0.3188395 0.4282596
2.646387 1.428179 2.030521 0.1896085 0.3140347 0.3681242
3.155066 0.8261615 2.59303 0.2436232 0.310293 0.4176136
2.891689 1.179807 2.184003 0.2087091 0.3019068 0.3651766
3.075463 0.9068115 2.621372 0.2407746 0.3207753 0.4496958
3.205347 0.7258385 2.892013 0.2520506 0.3165718 0.4724145
2.869553 1.236461 2.157654 0.2154195 0.3185061 0.3850078
2.969953 1.056384 2.422672 0.2212178 0.3094292 0.4115149
2.874463 1.182148 2.263451 0.2069272 0.3033592 0.3841938
3.300582 0.6764028 2.911193 0.2645701 0.3206897 0.4739142
3.005766 0.8605611 2.852292 0.2369501 0.3248476 0.4986078
3.00744 0.9173102 2.727219 0.243897 0.3363075 0.497188
2.655008 1.38032 2.162453 0.1975053 0.3265893 0.409418
3.022882 0.965549 2.516385 0.2283419 0.3101905 0.4210386
2.882482 1.169959 2.359356 0.2121505 0.3116737 0.4135778
2.755796 1.298591 2.245256 0.2023295 0.317424 0.4087355
2.944128 0.9880856 2.528272 0.2233396 0.313429 0.4310107
3.376784 0.5983051 3.098167 0.261866 0.3087059 0.4805555
3.255099 0.7671117 2.70562 0.257576 0.3174241 0.4415916
3.006748 0.9296221 2.663064 0.2296764 0.3149993 0.4542819
3.676057 0.2053563 3.621316 0.3261766 0.3461556 0.5578283
3.086355 0.8312731 2.927163 0.2387202 0.3180683 0.4999953
2.900549 1.112005 2.434752 0.2245113 0.3266928 0.4439073
3.060961 0.9738583 2.344931 0.2314278 0.3072295 0.3826559
2.910026 1.168384 2.223365 0.2238583 0.3235742 0.3988815
2.886468 1.09718 2.329673 0.2164195 0.3121349 0.3996622
2.933773 1.076914 2.336933 0.2219785 0.3139031 0.4010874
2.912475 1.050772 2.510738 0.2220139 0.3189743 0.4430111
3.148526 0.7848934 2.790705 0.2473417 0.3179879 0.4634252
3.055976 0.8014452 3.044596 0.2424418 0.3271129 0.5346262
2.966042 1.133359 2.293634 0.2205243 0.3111365 0.3949599
2.816316 1.328862 2.008247 0.2111156 0.3208325 0.3626763
3.398991 0.4789378 3.252912 0.2892 0.3374445 0.5322438
3.152491 0.7206908 2.962159 0.2532745 0.3250374 0.498886
2.923794 1.013011 2.745877 0.2305057 0.3329787 0.5109272
3.35764 0.7041408 2.755225 0.2723151 0.3232144 0.4497284
3.333199 0.4808414 3.542282 0.2818645 0.3401341 0.5983957
3.408217 0.4177326 3.597297 0.2919313 0.3426208 0.5996702
3.058381 0.905066 2.567473 0.2378993 0.3172674 0.4330034
2.906102 1.102071 2.434632 0.2130596 0.3074761 0.4167446
2.783943 1.313682 2.094762 0.2043462 0.3148501 0.3736678
3.012458 0.9327887 2.630402 0.2312894 0.3155434 0.4473126
3.025611 1.067681 2.421712 0.2378447 0.3286855 0.4381824
3.914243 0.008836444 3.763187 0.3750297 0.370598 0.5733606
2.795419 1.299247 2.119936 0.202047 0.3092206 0.3712209
2.807242 1.165495 2.387363 0.2121036 0.3211871 0.4323158
2.94987 1.222669 2.127861 0.212096 0.3019471 0.3571244
3.205533 0.7373434 2.754709 0.2520675 0.3145048 0.4430232
3.400291 0.5192934 3.110985 0.277143 0.3213473 0.4860491
3.244085 0.6534593 2.895237 0.2582168 0.3166106 0.4606238
2.76136 1.258979 2.193906 0.2056955 0.3182126 0.3945709
2.545537 1.670197 1.836873 0.189493 0.3412348 0.3685915
3.070056 0.9031724 2.370519 0.2332811 0.3050237 0.3765018
3.026506 0.9510291 2.493823 0.2269206 0.3061689 0.4089097
2.863059 1.24654 2.194544 0.2185747 0.3259745 0.4033502
3.115066 0.8193915 2.864343 0.2467008 0.3241654 0.4934735
2.820055 1.192863 2.399627 0.2141488 0.3250198 0.4430509
2.768261 1.162807 2.598629 0.211608 0.329545 0.4919061
2.818724 1.247939 2.217256 0.2087777 0.3164049 0.3969401
3.666174 0.1649186 3.866001 0.3467394 0.37379 0.6449421
2.805071 1.251983 2.212607 0.2150843 0.3283864 0.4110308
2.831588 1.125835 2.358559 0.2143683 0.318415 0.4178283
2.84004 1.209929 2.270661 0.2100919 0.3142385 0.4018165
2.977176 1.035926 2.546843 0.2235996 0.3136517 0.4414997
3.092852 0.858757 2.815567 0.2352644 0.3116894 0.4704651
3.076501 0.8973055 2.616386 0.2321335 0.307193 0.4278663
2.896818 1.042257 2.480854 0.2241012 0.3228191 0.4405525
3.062389 0.9562359 2.473799 0.2348548 0.3137631 0.4156106
3.040768 0.9964827 2.372097 0.2300836 0.3095585 0.39386
2.829366 1.160555 2.466985 0.2156887 0.325673 0.4557811
3.44909 0.3852338 3.458626 0.3042091 0.3498851 0.5746219
3.198021 0.688401 3.011105 0.2572525 0.3245217 0.5028001
2.847231 1.231959 2.143272 0.2107862 0.3128504 0.3743935
2.633435 1.485164 1.917937 0.1852651 0.3092045 0.341729
2.806764 1.203816 2.41285 0.2113823 0.3233895 0.4452773
3.258718 0.6020695 3.125996 0.2669373 0.3280347 0.515792
2.973182 0.9768339 2.797948 0.2313598 0.3269537 0.5082109
2.942148 0.899448 2.979642 0.228536 0.3247107 0.533248
2.710442 1.38809 2.103049 0.2072371 0.3351646 0.4064499
3.229869 0.7007808 3.071908 0.2574713 0.3230934 0.5155131
2.781361 1.208629 2.312019 0.2140313 0.3288685 0.4299445
2.762668 1.286319 2.386371 0.205296 0.3247301 0.4505531
2.875926 1.186665 2.288378 0.2081357 0.3058514 0.3928216
2.999672 1.074745 2.356939 0.2328 0.3230818 0.4171246
2.989444 0.8813273 2.809361 0.2367062 0.3269846 0.4958752
3.423643 0.4748265 3.347575 0.2912457 0.3388786 0.5535621
3.026189 0.9529372 2.530272 0.2329302 0.316086 0.4302686
3.114101 0.8200883 2.794458 0.25622 0.3364213 0.4965725
2.89732 1.054165 2.481144 0.2180466 0.3141681 0.4303374
3.102502 0.8935759 2.488448 0.2357595 0.306977 0.4014718
2.762285 1.270529 2.266011 0.206726 0.3227247 0.4180011
2.910857 1.266511 1.902742 0.2015344 0.2874843 0.299665
3.046597 1.101041 2.194885 0.2250681 0.3040976 0.3617499
2.811086 1.318331 2.153425 0.2138099 0.3290612 0.4045195
2.891282 1.173863 2.143129 0.2070891 0.2978578 0.3511432
3.391852 0.651461 2.842305 0.2786812 0.3268492 0.4646342
3.191714 0.7049464 3.031254 0.2684474 0.3422776 0.5384749
2.710783 1.455555 2.00293 0.195284 0.3171827 0.367525
3.080065 1.017421 2.355236 0.2303559 0.306547 0.3888885
3.01922 0.8516017 3.027844 0.2414487 0.3328856 0.5492503
3.394858 0.5782578 2.816001 0.2773242 0.3197927 0.4359131
3.082853 0.8255173 2.722126 0.2410937 0.3174648 0.4545968
3.581269 0.3917685 3.283885 0.3079096 0.3373532 0.5195063
2.955079 1.049532 2.412481 0.2166541 0.3035317 0.4009042
3.218806 0.6660689 3.075231 0.2673517 0.336051 0.5305511
3.001212 0.9584031 2.668001 0.234324 0.3246663 0.4736917
2.933938 0.9233551 2.832084 0.2306765 0.3279448 0.5097046
2.959001 1.111874 2.328066 0.2278273 0.3224287 0.414493
2.969556 1.102576 2.249111 0.2147198 0.2985451 0.3663809
3.160507 0.7155656 3.004115 0.2526513 0.3238984 0.5054398
3.326677 0.5309926 3.064377 0.2704503 0.3204791 0.4782076
3.075388 0.7920497 2.780676 0.2475979 0.3267623 0.4751136
3.012663 0.9152251 2.720718 0.2378959 0.3265784 0.481304
3.034319 0.8235661 2.852785 0.2373398 0.3199268 0.4854338
2.740267 1.314242 2.210119 0.2069772 0.3278627 0.41591
3.177334 0.7917462 2.720786 0.2519241 0.3199013 0.4520437
3.043034 0.924372 2.431854 0.2290399 0.3043648 0.390436
2.819273 1.286285 2.089004 0.201408 0.3037711 0.3571961
3.021515 0.8969999 2.803589 0.2404904 0.3299713 0.5021058
3.25209 0.6957422 2.877692 0.2622027 0.3232337 0.4741722
3.005595 0.9594516 2.717513 0.2347715 0.3255365 0.4855192
3.227342 0.783175 2.671107 0.2472424 0.3066587 0.4221264
3.065345 0.9990193 2.379806 0.245094 0.3287096 0.4198228
2.994489 1.110045 2.258647 0.2253168 0.3125405 0.3864764
2.950875 1.022284 2.618747 0.2244766 0.3185411 0.4622144
3.042031 0.9289233 2.71811 0.2387208 0.3251269 0.4804265
3.203483 0.7488748 2.738975 0.260222 0.3263224 0.4583594
3.05599 0.9522768 2.465017 0.2318109 0.3094267 0.407214
3.118839 0.7844181 2.845331 0.2462635 0.3204285 0.4778104
2.896105 1.184975 2.315161 0.2086811 0.3046547 0.3965
2.924936 1.073013 2.346659 0.2057197 0.2899103 0.3720527
2.948538 1.073339 2.337129 0.2203988 0.3096229 0.3953518
3.014986 0.9441985 2.514271 0.2321098 0.3149115 0.4236649
3.195724 0.8011388 2.603444 0.2471653 0.3093821 0.4146691
3.231495 0.6159126 3.020972 0.2652023 0.3278271 0.4968032
2.944033 1.059017 2.464735 0.2195392 0.3107256 0.4222522
3.499482 0.3680816 3.460328 0.2975013 0.3348106 0.5454436
3.240015 0.6374653 3.05111 0.2573871 0.3178192 0.4911415
2.810508 1.299244 2.173276 0.210793 0.3234478 0.40068
2.943778 1.125348 2.29829 0.2237768 0.3181401 0.4038498
2.99684 1.007868 2.551726 0.2202743 0.3043224 0.4253109
2.866945 1.182346 2.436706 0.2140316 0.319276 0.4424874
3.177724 0.7567421 2.79909 0.2573273 0.3268069 0.4729493
3.062313 1.046395 2.233728 0.2304879 0.3075578 0.3680585
2.878359 1.213779 2.151342 0.208057 0.3037837 0.3635414
3.390662 0.4811859 3.223973 0.2789926 0.3250681 0.5074954
2.617555 1.546392 1.908187 0.1825398 0.3105486 0.3446987
3.074141 0.9136143 2.752605 0.243497 0.3280683 0.4899905
2.841489 1.257329 2.063999 0.2033194 0.3013504 0.3463689
2.588131 1.722858 1.615635 0.1813669 0.3172175 0.2952748
2.898852 1.17562 2.232816 0.2123768 0.307675 0.3819755
2.796546 1.349002 1.965196 0.2029811 0.3101103 0.3427561
3.203294 0.8125921 2.651361 0.2475133 0.3110478 0.4288638
3.158473 0.803835 2.725062 0.2539249 0.325759 0.4634524
2.825237 1.179206 2.388974 0.2076434 0.3127269 0.4227345
3.179407 0.7145206 2.943468 0.2581939 0.3282242 0.4988231
3.6882 0.1746779 3.71719 0.3330126 0.3530055 0.5804344
2.930739 1.032743 2.502688 0.2249236 0.3196207 0.4393427
3.045769 0.9648732 2.52311 0.2453909 0.3327197 0.4529802
2.868912 1.150409 2.343379 0.2087031 0.3063556 0.4015012
2.781129 1.333047 2.06538 0.19133 0.2943939 0.3452163
2.997738 1.125742 2.218838 0.2312708 0.3211782 0.3901097
2.953982 1.055964 2.408953 0.2172229 0.3046955 0.4021967
3.086551 0.8993728 2.539536 0.2418143 0.3188129 0.4285248
2.88141 1.284307 2.042591 0.2094571 0.3078899 0.3515856
2.570273 1.610619 1.818931 0.1793131 0.3133272 0.3316806
2.732113 1.499671 1.846633 0.2046289 0.3289211 0.3471536
2.89519 1.149266 2.420574 0.2078623 0.3033862 0.4134543
3.328889 0.5977652 3.05303 0.2682578 0.3208305 0.4891475
3.060851 0.8922387 2.649268 0.2353121 0.314448 0.4451665
2.822375 1.227951 2.209777 0.20824 0.313327 0.3893716
3.182655 0.6997158 2.983528 0.2589355 0.3288016 0.505713
3.528663 0.4688922 2.933676 0.2994211 0.3301207 0.454359
2.902444 1.151887 2.37015 0.2121318 0.3082641 0.4094441
3.036407 0.9295232 2.52281 0.2339746 0.3146219 0.4233387
2.963904 0.9308721 2.759647 0.2417214 0.3401195 0.5127875
3.313412 0.6908135 2.792918 0.2648403 0.3182223 0.4485289
2.678066 1.440337 2.045365 0.202591 0.3340821 0.3958352
3.590058 0.1976515 3.834955 0.3316311 0.3649794 0.6315715
3.040154 0.9730683 2.464199 0.2293143 0.3090478 0.4095083
2.912193 1.119361 2.329292 0.2255832 0.3250232 0.418853
2.957945 1.022131 2.443525 0.225159 0.3150566 0.4194798
3.13596 0.8747427 2.594512 0.2487715 0.3226698 0.4417442
3.139702 0.7890476 2.960081 0.2471321 0.3219045 0.5054892
3.101002 0.8751946 2.660287 0.2437609 0.3210521 0.4538995
2.962091 1.196939 2.098669 0.2132438 0.2999457 0.3465635
3.352314 0.5485211 3.206885 0.2848054 0.3398935 0.5411555
2.644374 1.621922 1.702507 0.1768797 0.2970386 0.2907119
2.700741 1.443803 1.963127 0.191133 0.3092168 0.3487882
2.698596 1.399598 1.986127 0.1977943 0.3179239 0.360002
2.706012 1.42275 2.046325 0.2068121 0.3359389 0.3964049
2.94412 1.116295 2.312201 0.2182821 0.3094486 0.3949247
2.817251 1.327522 2.137134 0.1960477 0.2997257 0.3664649
3.201161 0.7140922 2.97338 0.2563953 0.3239117 0.498676
2.942758 1.089572 2.411281 0.2159388 0.3062924 0.4086108
2.773455 1.244616 2.327141 0.1985759 0.3072847 0.4088513
2.943862 0.895349 2.831466 0.231207 0.3255148 0.5009541
2.671616 1.421329 2.083705 0.2042803 0.3370826 0.4066399
3.125739 0.8463238 2.683838 0.2372054 0.3072612 0.434346
3.184253 0.8207829 2.536189 0.2409949 0.3018564 0.3939961
2.497645 1.725975 1.896319 0.1871136 0.350704 0.3971537
3.103366 0.7173237 3.236152 0.2509973 0.3323263 0.5699126
2.821012 1.216829 2.307767 0.2173133 0.3296376 0.4307591
2.709875 1.42899 2.028133 0.1967133 0.3183596 0.3725527
3.055136 0.9238762 2.534105 0.2389488 0.319589 0.4315925
3.087669 0.890852 2.617061 0.2416078 0.319538 0.4448627
2.7958 1.370067 2.014309 0.2029096 0.3131047 0.3585507
2.850156 1.217141 2.32958 0.2119808 0.3181178 0.4208017
2.980908 0.9756134 2.517482 0.2166633 0.2981658 0.406432
2.660998 1.545608 1.814768 0.1841495 0.3054266 0.3189156
2.755832 1.412356 1.969245 0.1995179 0.3144717 0.3536139
2.838432 1.232731 2.155781 0.2066522 0.3075942 0.3708002
2.6767 1.472121 1.952474 0.191993 0.3155657 0.3554604
3.18349 0.77615 2.810683 0.2598712 0.3314258 0.4860497
3.151787 0.8059659 2.729595 0.2505877 0.32224 0.4600703
2.980484 1.0121 2.433185 0.2252452 0.3115602 0.4111709
3.039079 0.8828446 2.928569 0.2461407 0.3377888 0.5403559
3.057295 0.8930581 2.742762 0.239638 0.3227512 0.4767055
3.210794 0.6357485 3.149653 0.2573502 0.3229519 0.520114
3.067807 1.011683 2.39987 0.2323387 0.3113517 0.4036323
3.024697 1.04495 2.340795 0.2233529 0.3037182 0.3854249
3.098401 0.8234217 2.898309 0.2449532 0.3249086 0.5036627
3.233024 0.6084114 3.373235 0.2682789 0.3378125 0.5875279
3.304692 0.5109939 3.361655 0.277037 0.3355914 0.559034
3.26112 0.5737394 3.232438 0.2734632 0.3370104 0.5473953
3.216682 0.6575356 3.098932 0.2550966 0.3192585 0.5069845
2.754315 1.381294 1.96099 0.2022508 0.3163314 0.3511846
2.62055 1.56 1.835325 0.187247 0.3174468 0.3364728
3.42948 0.4252389 3.146751 0.2939267 0.3354579 0.4959503
2.978428 1.034022 2.594687 0.2326387 0.328139 0.472405
3.253446 0.5623902 3.232407 0.2720958 0.3353067 0.542004
2.818447 1.177006 2.306564 0.214407 0.322486 0.4171599
2.581047 1.744016 1.584956 0.1778945 0.3123356 0.2848881
2.848271 1.179203 2.365109 0.2151055 0.321544 0.4293471
3.110321 0.7665986 2.915537 0.2456459 0.3209531 0.4908971
2.898996 1.115014 2.413106 0.2180877 0.3164958 0.4255928
3.343149 0.5680804 3.049611 0.2766943 0.3285529 0.4943749
3.084959 0.8003994 2.834225 0.2348142 0.3086872 0.460763
2.925493 1.176603 2.129238 0.2204107 0.3143469 0.3676909
3.257046 0.6678788 2.913677 0.2640073 0.3242407 0.478284
3.129189 0.9224006 2.33582 0.2317775 0.2969688 0.3620617
3.249285 0.5844771 3.195927 0.2737673 0.3384999 0.5440016
3.035032 0.9776612 2.347818 0.2258521 0.3020923 0.3770446
2.939848 1.132212 2.280788 0.2167127 0.3077408 0.387598
3.313161 0.6536095 2.742483 0.2577125 0.3059161 0.4157472
2.831623 1.202229 2.250477 0.2164725 0.3246092 0.4098532
3.064806 0.8683263 2.70116 0.2422622 0.3233941 0.465061
3.221359 0.6385197 3.060345 0.2661369 0.3321822 0.5159217
2.577202 1.685892 1.822934 0.1913789 0.3412079 0.3659476
2.879015 1.158566 2.240946 0.2190507 0.3195392 0.3968106
3.250754 0.6492576 3.060538 0.266599 0.3300616 0.514472
3.149191 0.7732085 3.038081 0.2536644 0.330766 0.5342731
2.90547 1.127792 2.255787 0.2134281 0.3056105 0.3791489
3.165142 0.7780606 2.79843 0.2530753 0.3238599 0.472515
2.842724 1.117113 2.420362 0.2222883 0.3303804 0.4463302
2.95622 1.036098 2.54175 0.2377334 0.3373607 0.4733341
2.944222 1.123128 2.26726 0.2180505 0.3083519 0.3845996
2.887216 1.092709 2.495669 0.219001 0.3197998 0.4459486
3.177894 0.6965102 3.073036 0.2466288 0.3135351 0.4996423
2.958814 1.049626 2.436294 0.2183667 0.3060541 0.4089024
3.198805 0.8105166 2.653671 0.2415915 0.3032193 0.4181082
3.635589 0.1689501 3.854511 0.3323136 0.3597158 0.6183982
2.996743 1.010446 2.638357 0.2317195 0.3239614 0.4730889
3.320359 0.6063391 2.944855 0.2691103 0.3211862 0.4688935
2.868988 1.127338 2.37527 0.2102252 0.3076601 0.4071122
2.861327 1.225235 2.095637 0.2106773 0.3091166 0.3588963
2.887824 1.082788 2.625353 0.2275938 0.3355367 0.4970771
2.837555 1.266904 2.109266 0.2102107 0.3150038 0.3730461
2.484661 1.890086 1.526039 0.1740654 0.3281825 0.2908604
2.821487 1.293234 1.996307 0.2065247 0.3096354 0.3444327
2.837864 1.180402 2.277423 0.2123262 0.3159298 0.4021558
2.776708 1.320428 2.17762 0.1957758 0.3042377 0.3797403
2.698653 1.369185 2.098159 0.192791 0.3098988 0.3730664
2.707311 1.458856 1.945924 0.2010846 0.3259434 0.3642596
2.979624 1.012738 2.504525 0.2228643 0.3097188 0.423975
3.16103 0.6998552 3.030912 0.2503759 0.320295 0.5027755
3.045205 1.045292 2.303565 0.2286362 0.3084756 0.3837408
3.206085 0.7564516 2.720852 0.2561758 0.3205464 0.4476044
3.465871 0.3733698 3.538073 0.3066882 0.3516785 0.5914086
2.890361 1.196288 2.198895 0.2094477 0.304543 0.37281
3.211271 0.9554178 2.307824 0.2408852 0.3022755 0.3664979
2.387422 1.989204 1.464866 0.1627564 0.3255692 0.2775156
3.100667 0.8004026 2.804151 0.2451625 0.321371 0.4736876
2.804016 1.338295 2.043728 0.2016019 0.3083193 0.3569067
3.048699 0.8627066 2.806937 0.2399896 0.3237769 0.4877811
2.843467 1.193968 2.411039 0.2208856 0.333534 0.4576461
3.514097 0.4164282 3.257608 0.2999656 0.335581 0.5170653
3.203822 0.7935075 2.692742 0.2474656 0.3105019 0.4334856
3.261243 0.6601694 3.076604 0.26301 0.3249284 0.5118534
2.886686 1.119142 2.464089 0.220614 0.3232013 0.4462398
2.803472 1.372869 1.999551 0.2090424 0.3220711 0.365636
2.770021 1.335054 2.067593 0.2086698 0.3245279 0.3806747
2.985939 1.035777 2.48312 0.2343238 0.3273857 0.4463978
3.021808 0.9374426 2.72905 0.2318832 0.3181008 0.4736574
2.99417 1.034321 2.440361 0.227158 0.3144155 0.419058
3.271039 0.529766 3.247168 0.2844513 0.34865 0.56068
2.931348 1.141475 2.30924 0.2291148 0.3292156 0.4221305
2.882204 1.083931 2.491111 0.2230813 0.3259092 0.4520855
2.923665 1.134802 2.309095 0.2169747 0.3109131 0.398029
3.449911 0.4952819 3.06428 0.2884765 0.3285382 0.4830187
3.308486 0.5231055 3.392276 0.2760889 0.3350912 0.5673173
3.313757 0.6670947 2.943161 0.2652151 0.3201308 0.4778538
2.902993 1.226273 2.095402 0.1982152 0.285073 0.3313744
2.967726 1.05371 2.448245 0.2252455 0.3161057 0.4254882
3.319575 0.5493772 3.102787 0.2782952 0.3333821 0.5096587
2.698799 1.485553 1.878252 0.1966389 0.3196628 0.3440446
2.87106 1.078758 2.550525 0.2246406 0.3310605 0.4727084
3.424595 0.4382947 3.458082 0.2893196 0.3361076 0.5636357
2.77401 1.281576 2.280682 0.2077205 0.3240893 0.424179
2.925444 1.080607 2.403331 0.2236353 0.3194922 0.4235651
2.804708 1.282775 2.114676 0.2009188 0.3051246 0.3640038
3.21898 0.5660346 3.331531 0.27265 0.3424331 0.5773541
3.012809 0.9337351 2.759162 0.229238 0.3155002 0.4756443
3.157388 0.7955006 2.623231 0.2396442 0.3032742 0.4098553
2.719658 1.534066 1.844225 0.1944234 0.3160076 0.335583
3.254743 0.8394281 2.431503 0.2479149 0.3029372 0.3774826
2.86497 1.218534 2.117281 0.2022076 0.295564 0.3473006
2.875278 1.1419 2.346325 0.213551 0.3127163 0.4094358
3.320654 0.6979863 2.843836 0.2602303 0.3128915 0.4526233
2.951876 1.09474 2.450205 0.2195452 0.3121781 0.4257099
3.192002 0.8043164 2.59826 0.2502891 0.3142886 0.4209189
2.495364 1.728732 1.74156 0.1760435 0.3246069 0.3317313
3.142601 0.7659922 2.861002 0.2426465 0.3120961 0.466009
2.868034 1.222408 2.160192 0.2071512 0.3044907 0.3672598
2.878217 1.292139 2.049735 0.2205238 0.3266514 0.3753219
3.232548 0.7181261 2.867038 0.2592503 0.3227203 0.4755031
2.983554 0.9699709 2.618217 0.2256265 0.3130298 0.4470966
2.930063 1.192652 2.237839 0.2127489 0.3062363 0.3832564
3.257996 0.7032622 2.827986 0.2597763 0.3188129 0.4586316
2.822394 1.293466 2.172418 0.2120567 0.3230892 0.3988574
2.721525 1.425329 2.114596 0.1987769 0.3225008 0.3969741
3.081975 0.839382 2.933977 0.2408779 0.3222103 0.509282
2.999356 1.083924 2.29881 0.2159855 0.2972914 0.3732013
2.669587 1.459761 1.907305 0.1897645 0.3102199 0.3386388
2.849376 1.114484 2.520227 0.2172522 0.3236091 0.4594242
2.663705 1.467756 1.938582 0.1949139 0.3214454 0.3583891
2.983866 1.073937 2.334719 0.2275649 0.3165436 0.4039266
2.989289 1.087469 2.359061 0.2294996 0.3202667 0.4154594
3.47131 0.451741 3.386002 0.2986785 0.3427706 0.5634824
2.928929 1.051332 2.556043 0.2238951 0.3209179 0.4557336
3.615285 0.2664624 3.490661 0.3210244 0.347222 0.548726
3.276378 0.6252011 3.178656 0.2735488 0.3374593 0.5472562
2.973778 1.013466 2.425087 0.2294851 0.318603 0.4189328
3.318174 0.5412319 3.383869 0.2749732 0.3334129 0.5667493
2.724117 1.34189 2.044232 0.2006422 0.3168407 0.36726
3.037511 0.7372223 3.279881 0.2552305 0.3483643 0.6116781
2.732476 1.421313 1.954972 0.2004993 0.3190941 0.3560152
2.92414 1.122096 2.469599 0.2181864 0.315368 0.4372122
2.826638 1.268028 2.121418 0.2131966 0.3213615 0.3831694
3.247901 0.6517474 3.065586 0.2645795 0.3279193 0.5127399
3.199736 0.6953493 3.169663 0.2586936 0.3296772 0.5464976
3.475629 0.4958539 3.215731 0.2941633 0.3356769 0.5249228
2.916496 1.155829 2.229884 0.2193564 0.3148801 0.3880167
2.752819 1.436355 1.963302 0.1936823 0.3064916 0.3449954
2.619634 1.528976 1.949821 0.2060068 0.3525647 0.4002163
3.12163 0.8054676 2.729759 0.2385608 0.3083476 0.4398181
2.649396 1.471659 1.951472 0.188823 0.3131705 0.3523548
3.012621 0.9183009 2.671865 0.2330804 0.3184965 0.4590354
3.741655 0.06151173 3.966881 0.3458638 0.3610537 0.612383
2.881172 1.107571 2.341902 0.2143345 0.3105546 0.401529
3.261374 0.6125872 3.164763 0.2728807 0.3371119 0.5407318
2.885729 1.20234 2.285843 0.2084608 0.3059387 0.3934948
3.031491 0.9325979 2.563933 0.2377311 0.3216913 0.4420313
3.339964 0.5896309 2.943459 0.2667001 0.3152763 0.4576257
3.344083 0.5215838 3.195588 0.2826557 0.3363326 0.5275552
3.046637 0.9731107 2.528618 0.2296006 0.3099797 0.4239986
2.989197 1.129509 2.207911 0.2233579 0.3102825 0.3749643
3.067508 0.910107 2.635255 0.2390341 0.3194894 0.4509804
2.847307 1.198475 2.443593 0.2215159 0.3351572 0.4680762
3.201287 0.6221312 3.363713 0.2666625 0.3396034 0.5909276
3.371679 0.5264581 3.146664 0.2807891 0.3304582 0.5094973
2.772634 1.37178 2.091473 0.2019219 0.3161742 0.3790493
2.835563 1.282324 2.202929 0.2138131 0.3247319 0.4073695
3.282881 0.5317823 3.497323 0.2769329 0.3411343 0.6019591
3.039021 0.9500423 2.614572 0.2327345 0.3158949 0.4475784
2.684203 1.503964 1.826233 0.1890558 0.3081836 0.3216181
2.640447 1.515119 1.903424 0.1989675 0.3345501 0.3679703
2.584953 1.634116 1.751646 0.186873 0.3253316 0.330071
3.041086 0.9157161 2.656941 0.2378625 0.3219221 0.4605652
3.036423 1.026076 2.549333 0.2274797 0.3121316 0.4385762
2.918694 1.045945 2.356524 0.220403 0.3117699 0.3992197
3.140143 0.8516754 2.73882 0.2500428 0.3257201 0.4740717
3.014044 1.078279 2.248582 0.2263813 0.3095426 0.3772717
3.224242 0.7087275 2.927908 0.260618 0.3257482 0.4904444
2.968907 1.078609 2.312647 0.2194942 0.3059581 0.3864853
3.220558 0.6566034 3.120716 0.261756 0.3285721 0.5269798
2.834418 1.205484 2.168945 0.2115919 0.3143918 0.3792324
3.037894 0.9265824 2.80392 0.2286133 0.3123759 0.4799832
3.287704 0.6978072 2.673967 0.2573121 0.3088433 0.4126201
2.509623 1.80911 1.662729 0.1713594 0.3174232 0.3096616
3.149391 0.7369601 2.986069 0.2580741 0.3336707 0.520641
2.604114 1.524109 1.914247 0.1870733 0.3189737 0.3539659
2.967677 1.022125 2.531228 0.2355556 0.3315382 0.4610887
3.100219 0.9123092 2.559505 0.2293274 0.3004243 0.4091759
2.863207 1.10785 2.553713 0.2105094 0.3110829 0.4476234
2.845154 1.170327 2.365199 0.2195762 0.3282138 0.4368877
3.020394 0.9665307 2.411436 0.2211011 0.2973157 0.3823038
3.321346 0.630435 2.877904 0.2680145 0.3196983 0.4573549
3.04896 0.8729732 2.891813 0.2322864 0.3147572 0.4940048
3.052686 0.917 2.641936 0.2361642 0.3179524 0.4519881
2.717212 1.480426 1.853766 0.1918081 0.3077676 0.3255411
3.321577 0.5740829 3.028494 0.2661707 0.3173683 0.4750246
2.965284 0.9722801 2.658929 0.2352253 0.3307102 0.4819344
2.962637 1.060668 2.431406 0.2253342 0.3171871 0.4245242
3.402826 0.639154 2.739323 0.2707105 0.3124338 0.4210721
2.920985 1.194339 2.182989 0.2172366 0.3127469 0.3792842
2.950013 1.069423 2.431138 0.216817 0.3059061 0.4099564
2.714803 1.376245 2.232251 0.2095981 0.3408485 0.4432783
3.088512 0.9674719 2.492983 0.2336807 0.3102452 0.4162477
3.025666 0.9579543 2.576229 0.2266189 0.3080443 0.4294868
3.178463 0.6217467 3.30793 0.267449 0.3423871 0.5831421
2.91133 1.242058 2.106882 0.2098076 0.3037219 0.3567938
3.013056 0.8852664 2.843415 0.2360471 0.3242637 0.5000529
2.78872 1.295763 2.226115 0.2033141 0.3146014 0.400958
2.893925 1.127343 2.397663 0.2095138 0.3042405 0.4074736
2.763932 1.325938 2.127122 0.206962 0.3233978 0.3921661
3.039119 0.9290546 2.632721 0.2284116 0.3082302 0.437092
3.457184 0.4248843 3.215695 0.2992627 0.3403751 0.517406
2.969836 1.118172 2.310901 0.2278414 0.3212776 0.4100086
3.009567 1.021759 2.565118 0.231993 0.3218721 0.4549804
2.737078 1.413246 1.940911 0.1997448 0.3163098 0.3493073
2.922594 1.21683 2.237112 0.2112227 0.3059374 0.3845358
3.101118 0.9609423 2.467574 0.2391894 0.3156645 0.4170416
2.564363 1.603358 1.848007 0.1896059 0.3332018 0.3586708
3.06894 0.8895551 2.655863 0.2396052 0.3193434 0.4524438
3.16855 0.8426229 2.729287 0.2494669 0.3209867 0.4637304
3.077801 0.8688124 2.61543 0.2335958 0.3078288 0.4253858
3.48866 0.3789507 3.440396 0.2985317 0.3378402 0.5498625
3.058602 1.009846 2.372366 0.2307476 0.3093086 0.3950244
3.273722 0.5675254 3.404259 0.2791745 0.3459199 0.5987556
2.952823 1.055549 2.349657 0.2237642 0.3137075 0.4017783
2.916525 1.040928 2.49886 0.2262975 0.3241412 0.4461228
2.682045 1.303257 2.345505 0.2043394 0.3334891 0.4541434
2.887223 1.141879 2.389664 0.2134197 0.3119216 0.4174958
3.273863 0.6883707 2.822121 0.2652681 0.3234807 0.461722
3.013828 0.8287762 2.801858 0.2378572 0.3224238 0.479205
2.988861 1.002326 2.363463 0.2238935 0.3061579 0.3881704
2.439697 1.756565 1.811537 0.18111 0.3469814 0.3728288
3.294134 0.6796628 2.734622 0.2567917 0.3076459 0.4200181
3.081594 0.8863588 2.576907 0.2377607 0.3134337 0.42711
2.697842 1.445216 1.921807 0.19643 0.3172957 0.3482569
2.958594 0.9285824 2.741624 0.2391891 0.3362243 0.5021041
2.929776 1.085309 2.37905 0.2125456 0.3015684 0.3952824
3.476094 0.3749326 3.360246 0.3049909 0.3456748 0.5448836
2.876863 1.189545 2.186075 0.2123676 0.3098785 0.3758928
3.005745 1.009331 2.463377 0.2281946 0.3134934 0.4196441
3.377097 0.5452966 3.151335 0.2812246 0.3314399 0.5155776
3.148754 0.824312 2.702812 0.2411169 0.3093787 0.4380928
2.952405 1.071137 2.474223 0.2222364 0.3149688 0.4315663
2.913564 1.164515 2.18697 0.2127308 0.3045465 0.3672502
3.193927 0.7392164 2.821352 0.250875 0.3157557 0.4591641
3.104622 0.9002854 2.497279 0.2349269 0.3060151 0.4026827
2.753141 1.482419 1.745313 0.1950269 0.305875 0.3005591
2.964534 1.03109 2.594056 0.2186004 0.3077118 0.4418925
3.163763 0.8381566 2.496231 0.2383904 0.3008537 0.3876825
2.909903 1.043826 2.518965 0.2229111 0.3202522 0.4454183
3.232263 0.7403709 2.734029 0.2574218 0.3186971 0.445089
2.960572 1.148296 2.267993 0.214527 0.3028113 0.3803328
2.843868 1.299963 2.05807 0.2080275 0.3118841 0.3612276
2.786873 1.459871 1.811511 0.1923152 0.2975579 0.304701
3.20421 0.6740757 3.085494 0.262865 0.3323039 0.5286914
3.050754 0.8738298 2.853557 0.243847 0.3307381 0.5103464
3.044752 0.9411175 2.567004 0.2302465 0.3099556 0.4278535
3.011778 1.105038 2.320915 0.2163008 0.2984314 0.381616
2.934636 1.020802 2.514432 0.2246334 0.3182145 0.43847
2.963406 1.000595 2.494095 0.2231157 0.3110612 0.4222577
2.945067 1.034479 2.508955 0.2270959 0.3217255 0.4441652
3.149091 0.802566 2.810236 0.2483804 0.3205291 0.4735553
2.776477 1.447275 1.924373 0.1940184 0.304109 0.3348334
2.895683 1.141721 2.371037 0.222108 0.3240597 0.4293351
2.913104 1.173255 2.267653 0.2237419 0.324334 0.4100417
2.853239 1.235259 2.285115 0.2125979 0.3189476 0.4137461
2.982405 1.065833 2.398142 0.2321377 0.3244301 0.426938
3.387912 0.5611556 3.043313 0.2836122 0.3321242 0.4970103
2.686469 1.451345 1.991105 0.1982369 0.3246548 0.3729516
3.51325 0.3871649 3.237688 0.3075384 0.3429727 0.5174759
2.920058 1.030347 2.608148 0.2240949 0.3220239 0.4662365
3.384885 0.4674211 3.174711 0.2796565 0.3249188 0.4947664
2.787847 1.30479 2.169671 0.2081279 0.3220573 0.3985009
2.765689 1.413693 1.946524 0.193286 0.3021819 0.3350856
2.770722 1.370382 2.102356 0.2028202 0.3184817 0.3846268
2.862641 1.144439 2.207412 0.2122414 0.3087386 0.3745639
3.14091 0.7571981 2.897723 0.2447115 0.31521 0.4765827
3.453959 0.4474175 3.265522 0.2866438 0.3270432 0.511912
2.897633 1.175868 2.336337 0.2170885 0.3178812 0.4177072
2.894587 1.238273 2.101808 0.2100236 0.3056686 0.3577735
2.693413 1.515576 1.820771 0.1882537 0.3064011 0.319333
2.863373 1.180968 2.372092 0.2053613 0.3041405 0.4074982
3.103941 0.9079013 2.509005 0.2397383 0.313695 0.4162498
3.186602 0.7788206 2.618317 0.2498339 0.3131553 0.4197976
3.261153 0.6749479 2.964865 0.2665128 0.3286537 0.4970753
3.308649 0.6656758 2.7605 0.2629706 0.3140911 0.4319311
3.302479 0.66546 2.819502 0.2659779 0.3199585 0.4523166
2.939582 1.131953 2.351033 0.2176052 0.3108414 0.4066673
3.009609 0.8568208 2.932014 0.2300125 0.3157398 0.5019618
3.023209 1.083177 2.280192 0.2245128 0.3069389 0.3815275
3.095316 0.9159182 2.487337 0.2358203 0.3091962 0.4070514
3.014756 0.9610116 2.636296 0.230169 0.3161005 0.4542166
3.00506 0.9418041 2.810373 0.2388115 0.3324788 0.5144858
2.895876 1.151463 2.25667 0.2201556 0.3187236 0.3979103
3.221895 0.606535 3.187588 0.2726808 0.3415708 0.5522841
2.983795 1.040536 2.383446 0.2243108 0.3105216 0.4026358
3.245939 0.6513003 2.922795 0.2634626 0.3240752 0.4772719
3.334098 0.4945046 3.366517 0.2822244 0.3384109 0.5613398
2.945355 1.103869 2.356809 0.2280698 0.3245272 0.4226703
3.111594 0.9280738 2.347141 0.2375527 0.3074536 0.3776471
2.679833 1.581786 1.70071 0.1861551 0.3060329 0.2969517
3.424191 0.5725043 2.79151 0.2708374 0.3080556 0.4147295
3.194846 0.7371701 2.83188 0.2626545 0.3318556 0.4843522
2.583555 1.682273 1.708745 0.1822813 0.3194898 0.3167616
3.003232 0.9952364 2.576526 0.2370411 0.3286221 0.4634404
3.007316 0.9695441 2.65052 0.2254848 0.3109423 0.4512994
2.892976 1.275191 1.981246 0.2066732 0.2999442 0.3291451
3.247086 0.5902416 3.101214 0.2679966 0.3296464 0.5108747
2.888105 1.133789 2.372682 0.2276511 0.3331637 0.4408571
3.058908 0.8623188 2.715325 0.2435805 0.3258688 0.4706686
3.223189 0.7538408 2.851048 0.2546058 0.3189773 0.4721428
3.031237 0.9585282 2.517367 0.2275163 0.307403 0.4161694
3.038233 0.9387689 2.664434 0.2369466 0.3224744 0.4661348
3.073915 0.8868107 2.54513 0.2331022 0.3070792 0.4122684
2.990291 0.9506768 2.461316 0.2307823 0.3152057 0.413987
3.223298 0.6562523 2.956615 0.2511399 0.3105323 0.4644769
3.016833 0.8746165 2.739719 0.234723 0.3188798 0.467368
3.025012 1.023947 2.433691 0.2382074 0.3265718 0.4326342
3.069991 0.9395446 2.487675 0.2334347 0.3099404 0.4110522
2.992806 1.13809 2.301871 0.220177 0.308263 0.3937625
2.813435 1.242455 2.141308 0.2160631 0.3263252 0.3912336
3.148663 0.8647695 2.582999 0.2416355 0.3102963 0.4209023
2.863309 1.20022 2.382455 0.2201373 0.329409 0.4457351
2.966435 1.061568 2.39799 0.2258929 0.3165331 0.4159501
3.203253 0.7373043 2.881674 0.2518508 0.3169253 0.4725084
3.37163 0.5526806 3.036651 0.2692571 0.3148345 0.4681644
3.380784 0.4723943 3.202454 0.2815791 0.3283821 0.5060365
3.033781 1.007862 2.363725 0.2312959 0.312517 0.3969953
2.915054 1.12993 2.220001 0.2197913 0.3135409 0.3813927
2.678118 1.535463 1.792961 0.1961011 0.3228363 0.3312945
2.87512 1.228834 2.084886 0.2091189 0.3054119 0.3531437
2.806005 1.165262 2.291256 0.2098165 0.3150985 0.402643
3.452106 0.4534881 3.179952 0.2956942 0.3373246 0.511555
3.027945 0.913913 2.747516 0.2348882 0.3207339 0.4781428
2.543733 1.732597 1.655893 0.1899827 0.3420181 0.3285941
2.959345 1.071894 2.322608 0.2202707 0.3080923 0.3906591
2.587065 1.587884 1.853212 0.1776017 0.3074361 0.3320168
3.46911 0.4672516 3.141806 0.2886806 0.326974 0.4913653
2.831759 1.320313 2.058177 0.2046978 0.3092206 0.3596296
2.704002 1.407205 2.058759 0.1977178 0.3198827 0.3795047
3.380996 0.5373683 3.11466 0.2830901 0.3323121 0.5076508
3.065777 0.9184948 2.552639 0.2316476 0.3079005 0.4188734
3.040054 0.9147814 2.616782 0.236682 0.3191259 0.4473117
2.882242 1.122825 2.459892 0.2092781 0.3062768 0.4229743
3.318936 0.5199501 3.420785 0.2831513 0.3440163 0.5890463
2.71267 1.513391 1.863092 0.2027651 0.3303291 0.3538383
3.130608 0.821819 2.801284 0.24852 0.3240114 0.4802464
2.583742 1.671209 1.829451 0.1958287 0.3475736 0.3735587
3.210811 0.8643871 2.572747 0.2586184 0.3267786 0.4410112
2.975652 1.093799 2.32111 0.2282331 0.3192844 0.4063542
2.825455 1.282633 2.170115 0.203115 0.3072415 0.3779131
3.127885 0.9145663 2.573468 0.2489909 0.3259096 0.4472665
2.480417 1.708069 1.791356 0.1820043 0.3379545 0.3560625
3.150485 0.7766428 2.790666 0.2426879 0.310577 0.4511032
2.913268 1.253481 2.107558 0.2128143 0.3092052 0.3645695
2.555258 1.681819 1.757545 0.1852909 0.3304175 0.3388907
2.98134 1.17937 1.993107 0.2144034 0.2956245 0.3187505
3.121555 0.8688929 2.608842 0.2476767 0.322726 0.4441228
2.992083 0.9533636 2.656606 0.2302236 0.3186021 0.4609529
3.176943 0.9070808 2.44621 0.2419439 0.3074967 0.3951633
2.959443 1.000738 2.670303 0.2359615 0.3346932 0.4944401
2.80778 1.407669 1.884268 0.1999198 0.3060414 0.3254904
2.673806 1.651146 1.709119 0.1939201 0.3260843 0.3215681
2.515483 1.798812 1.619232 0.187326 0.345388 0.3255338
3.236029 0.6087723 3.261122 0.2736975 0.3428393 0.5711169
2.680933 1.420854 2.210625 0.2005099 0.3327532 0.4318804
3.161576 0.8167433 2.722008 0.2469346 0.3165107 0.4518701
3.049042 0.8801552 2.786713 0.2397172 0.3240191 0.4864171
3.096408 0.8420422 2.591149 0.2467144 0.3223682 0.4364325
3.427113 0.3429841 3.540631 0.3070874 0.3551633 0.5906815
2.866762 1.095135 2.519839 0.2192368 0.3232845 0.4564496
2.934548 1.103448 2.434604 0.2134983 0.3051026 0.4138984
3.042173 0.8445954 2.844608 0.2410876 0.3258067 0.4963169
2.91394 1.00875 2.54873 0.2262295 0.3231065 0.4513045
2.857761 1.158501 2.268004 0.2171771 0.3197172 0.4028776
2.910754 1.168791 2.257857 0.2148049 0.3102725 0.3899229
3.261097 0.6541799 3.018079 0.2550448 0.3125874 0.479111
3.172259 0.8429122 2.613459 0.2482206 0.3164405 0.4328004
3.250173 0.6489233 3.015086 0.2629305 0.3242156 0.495644
3.099381 0.7899683 3.119431 0.2557734 0.3422788 0.5750018
2.980153 1.064791 2.266302 0.2211497 0.3051692 0.374369
3.335075 0.5844918 3.153593 0.2765376 0.3320159 0.5247166
2.707552 1.301728 2.19206 0.2017434 0.3213006 0.4018563
2.638679 1.642063 1.774992 0.1840632 0.3142709 0.3243005
3.027167 1.049009 2.403463 0.2360272 0.3240553 0.4256612
2.786196 1.383098 2.033546 0.2032541 0.316395 0.3676733
3.499112 0.4394725 3.090676 0.2925112 0.326125 0.4740811
2.802453 1.358254 2.07139 0.2017264 0.310895 0.367485
3.13649 0.9730423 2.314028 0.2380231 0.3075679 0.3764595
2.929326 1.131317 2.225851 0.2188993 0.3111687 0.3804149
2.78267 1.341342 2.0807 0.2010888 0.3112802 0.3686969
3.050114 0.9130755 2.606467 0.2369806 0.3183378 0.4441157
2.899448 1.067863 2.607217 0.220249 0.321165 0.4699667
3.074429 0.8519281 2.852757 0.2462122 0.3300774 0.5057315
3.173407 0.8050618 2.715315 0.2584903 0.330433 0.4684161
2.866872 1.321221 2.050656 0.2016313 0.3001204 0.3476419
2.783388 1.3971 1.922174 0.2030174 0.314008 0.3411143
2.684783 1.308008 2.263408 0.1925489 0.3111278 0.4062095
3.234082 0.6577988 3.011676 0.2643024 0.3282289 0.5026991
3.651949 0.1531255 3.786195 0.330254 0.3533808 0.5884801
3.19809 0.6853616 2.944031 0.2589186 0.3252275 0.4888253
3.078158 0.9436034 2.46366 0.2362583 0.3128502 0.4103778
2.734885 1.408468 2.050156 0.2039126 0.3263599 0.3851265
2.890331 1.158326 2.29973 0.2181244 0.3179457 0.407383
2.82607 1.261655 2.182789 0.2024962 0.3053359 0.3768605
2.644915 1.503021 1.820373 0.1811373 0.2987637 0.3105548
2.686059 1.50156 1.916454 0.1920842 0.3156648 0.3493108
2.874374 1.158103 2.31889 0.2120853 0.3107487 0.4023713
3.319096 0.648914 2.898527 0.2673099 0.3206081 0.4664881
2.770514 1.419513 1.829942 0.1895859 0.292496 0.3008292
