1.171041 1.295909 3.643574 0.1232 0.494393 1.146815
1.09108 1.518367 3.383874 0.1267815 0.5705 1.258442
0.9285867 2.348607 1.932579 0.09936228 0.5841431 0.6948932
1.171014 1.174065 4.550633 0.1304418 0.5294504 1.567815
1.197779 0.9925749 4.682362 0.1333944 0.513544 1.511696
0.9421367 2.165693 2.347785 0.110296 0.6299105 0.9401762
0.9593474 2.210056 2.320799 0.1210049 0.6865879 1.011844
0.7851581 3.313901 1.207997 0.123192 0.9910483 0.6334955
0.988956 2.047329 2.359741 0.1102443 0.5837469 0.875324
1.013021 2.048234 2.321322 0.1132723 0.5851618 0.8616769
0.9216686 2.434399 1.844721 0.122183 0.7372912 0.8277576
0.9849723 1.989626 2.603128 0.1263808 0.6763382 1.137597
1.121446 1.436989 3.641638 0.1239313 0.5369705 1.276375
0.9916439 2.097066 2.308078 0.09280902 0.4905616 0.7181642
1.060109 1.738575 2.904187 0.1180919 0.5604081 1.055525
1.00048 1.977793 2.552158 0.1125355 0.5868827 0.9637327
1.091558 1.47543 3.751436 0.1291629 0.5846447 1.449968
0.9627267 2.34914 1.84781 0.1072171 0.6051691 0.6829333
1.024331 1.823011 2.779446 0.124032 0.6196144 1.116542
1.045381 1.78598 2.977612 0.1163218 0.5679341 1.106665
0.9768513 2.183518 2.257795 0.1176928 0.6487489 0.9258502
1.272681 0.8107588 5.001385 0.1495341 0.5307849 1.610456
0.8064629 3.167462 1.316706 0.09954158 0.7639447 0.5489284
0.9043968 2.53501 1.76618 0.09885917 0.6141613 0.6526442
0.9398689 2.463242 1.788015 0.1261888 0.74853 0.809383
1.126166 1.480674 3.415763 0.1260808 0.5446647 1.207699
0.9081016 2.526065 1.716445 0.1071413 0.6606897 0.6792224
1.152457 1.311185 3.786258 0.1328308 0.5501173 1.343062
0.9779505 2.266257 2.009251 0.1141231 0.6291672 0.7826322
0.8706769 2.79761 1.43624 0.1068917 0.7147407 0.5885354
1.018971 1.981796 2.437336 0.116412 0.5925641 0.9208739
1.130277 1.411121 3.417437 0.1164992 0.4914071 1.077625
0.9903846 2.084758 2.3895 0.1118576 0.5978479 0.9106638
0.9421348 2.363799 2.052207 0.1178987 0.6935275 0.883427
0.9700768 1.985156 2.846637 0.1146016 0.6271488 1.170238
0.9873405 2.101915 2.320431 0.1092456 0.586164 0.8642558
0.8581943 2.929193 1.394992 0.1056078 0.732383 0.5761092
1.220417 1.137461 3.901084 0.1364775 0.5164731 1.26136
0.797674 3.144346 1.322106 0.102221 0.7906263 0.5720838
0.9778592 1.957151 2.687204 0.1156636 0.6195224 1.079633
0.9905599 1.917427 2.808226 0.1062582 0.5574831 1.020377
1.03175 1.810289 2.854621 0.1224971 0.6070026 1.126725
0.9972571 1.935081 2.634644 0.1153507 0.6007283 1.021803
1.024884 1.959743 2.419344 0.1120183 0.5632061 0.8678073
1.038841 1.731658 3.084481 0.1145145 0.5577731 1.126929
0.929164 2.356757 1.921295 0.1090141 0.6425263 0.7581441
0.8049625 3.351234 1.03909 0.1024236 0.7967974 0.4287109
0.9295514 2.374651 2.061039 0.1224591 0.7325865 0.9367805
0.959402 2.428655 1.758283 0.1099202 0.6297739 0.6688677
0.9121283 2.379353 2.067056 0.1250085 0.7645965 0.9816358
1.004639 2.042653 2.592397 0.1142255 0.6030107 1.010044
0.7694378 3.468687 1.032167 0.1198691 0.9976911 0.5245783
0.9274907 2.32039 2.02132 0.1056555 0.6222055 0.7794982
1.079291 1.526584 3.543823 0.1204923 0.5510758 1.284139
0.86732 2.848594 1.482482 0.1435455 0.9809908 0.8325965
0.9249001 2.313379 2.094414 0.09738502 0.5757444 0.7526382
1.089818 1.603075 3.217211 0.1233956 0.5610123 1.176497
1.032996 1.886371 2.67048 0.128302 0.6418124 1.107945
0.9564963 2.281177 2.13847 0.1228369 0.7026965 0.9401959
0.9711402 2.18647 2.407588 0.1165804 0.6524287 1.004104
1.050183 1.741928 2.989161 0.1128128 0.542623 1.058906
1.051243 1.766469 2.820211 0.1056883 0.5038221 0.9178155
1.175491 1.139135 4.22307 0.1203959 0.475273 1.274873
1.008428 1.887887 2.775812 0.1219198 0.6271518 1.132338
0.9638873 2.208855 2.198982 0.1027756 0.5728681 0.7928201
0.9094004 2.41937 2.013412 0.1129401 0.6940588 0.8623646
0.8689316 2.554106 1.920864 0.1094058 0.7208131 0.8432935
1.260629 0.8936573 4.827855 0.1448765 0.5238964 1.560795
1.09791 1.440386 4.226209 0.1319729 0.5993231 1.702866
1.0121 1.871406 2.866257 0.1174242 0.600811 1.124548
1.038181 1.941946 2.278114 0.109731 0.537115 0.7702485
0.909381 2.444835 2.015683 0.09714907 0.5975205 0.7428858
0.938364 2.342802 2.133545 0.09842777 0.5771522 0.7687773
1.007451 2.130748 2.15755 0.1115332 0.5845396 0.7915553
1.147898 1.476404 3.268339 0.1239001 0.5205273 1.094514
1.080742 1.564836 3.383454 0.1309277 0.6017588 1.334957
1.069601 1.645757 3.242441 0.1277988 0.6002876 1.278224
1.060593 1.786259 2.687275 0.1195083 0.5683895 0.9827164
1.041996 1.903586 2.463004 0.1177856 0.5777055 0.9069923
0.8552249 2.827302 1.566943 0.1140592 0.7887203 0.7147472
0.988682 1.984724 2.713591 0.1167617 0.6227076 1.098174
1.056604 1.984907 2.161506 0.1175011 0.5684374 0.7684444
0.9757837 2.224137 2.082714 0.1054226 0.5790365 0.7524355
1.152254 1.373089 3.712984 0.1340542 0.5611123 1.352542
0.9463731 2.276708 2.001403 0.1100736 0.6281734 0.7777743
1.389533 0.1948137 9.08002 0.1915771 0.6271978 3.225576
1.220208 0.870108 5.72674 0.1345807 0.5111909 1.857682
1.240726 0.9424723 4.522246 0.1407024 0.5157607 1.435741
0.9845855 2.21857 1.95972 0.109881 0.593417 0.7182135
0.8979954 2.692484 1.475474 0.1128517 0.7177239 0.6138192
0.8877641 2.747501 1.530659 0.09329754 0.606395 0.539139
1.051838 1.719079 3.162376 0.1088404 0.5219534 1.084054
0.9619161 2.157928 2.22966 0.119099 0.6630229 0.9331008
1.043986 1.866613 2.794712 0.1139237 0.5618272 1.021596
1.077475 1.589127 3.080245 0.116212 0.5283505 1.050438
1.165215 1.306449 3.558682 0.1268541 0.5127816 1.160717
0.9004949 2.635915 1.70044 0.1141547 0.7274043 0.7351953
0.9176986 2.548357 1.78037 0.1059401 0.6523648 0.6992426
1.006517 1.963172 2.885494 0.124129 0.6539536 1.239519
1.253267 0.8985336 4.76039 0.1481234 0.5389903 1.58022
0.9674592 2.155349 2.469206 0.09913685 0.5515286 0.8743019
1.064253 1.65305 3.052559 0.1093176 0.5084277 1.007322
1.09624 1.531106 3.540564 0.1089963 0.4879922 1.135943
1.198742 1.065241 4.430191 0.1422766 0.5523855 1.547479
1.084716 1.561997 3.164737 0.1209388 0.545929 1.117157
0.956362 2.078765 2.603196 0.1000349 0.5572099 0.9379284
1.001644 2.061792 2.388018 0.120307 0.6340917 0.9650056
1.179197 1.214317 4.038814 0.1455303 0.5851001 1.516275
0.95286 2.287562 2.025346 0.09752277 0.5537879 0.6969266
1.15703 1.317291 3.552071 0.1312543 0.5369389 1.216054
1.076037 1.628024 3.279326 0.1222408 0.5675797 1.221119
0.8859836 2.577383 1.756729 0.1064713 0.6835419 0.72069
0.7676129 3.420461 1.208622 0.109237 0.9154359 0.5787338
1.084275 1.776382 2.682179 0.119753 0.5541176 0.9533155
1.045516 1.704804 2.967299 0.1129348 0.5401961 1.04056
1.022247 1.819751 3.025408 0.1145686 0.5773598 1.148349
1.107097 1.466216 3.681301 0.1305841 0.5792632 1.400805
0.886092 2.644942 1.87646 0.101193 0.6621988 0.7496081
1.195276 1.125107 4.596805 0.1459274 0.5791348 1.721324
0.7894999 3.362574 1.150248 0.1030227 0.8247083 0.4959505
1.020285 1.812171 3.153262 0.1099472 0.5560319 1.159864
0.7612426 3.527532 1.090996 0.1130286 0.9633858 0.5348079
0.9893765 2.096393 2.236999 0.1112468 0.5916296 0.8345661
1.027814 1.884158 2.749097 0.1173807 0.5900188 1.053253
1.133677 1.298154 3.922442 0.1365611 0.5774802 1.467388
1.01943 2.116758 2.176672 0.1114067 0.5752728 0.786616
1.345056 0.6633739 5.281225 0.1529181 0.5036832 1.56076
1.021382 1.999266 2.508562 0.1223949 0.6280712 1.011141
1.025928 1.932248 2.529346 0.1254204 0.6329375 1.026917
0.8293669 3.019875 1.415784 0.1011282 0.7381609 0.5844906
1.13456 1.413547 3.196533 0.1183322 0.4932343 0.9991632
1.061765 1.629688 3.470042 0.1232063 0.5852918 1.347143
1.129739 1.511087 2.946459 0.1268674 0.5388697 1.006628
0.8832913 2.649785 1.730406 0.1120227 0.7313281 0.7535099
1.079237 1.656055 3.086828 0.1195285 0.5517318 1.108628
1.042672 1.753534 2.951414 0.1185432 0.5759902 1.107974
1.14439 1.458119 3.318376 0.1199184 0.5030319 1.072747
1.176197 1.140203 4.477718 0.129757 0.5198728 1.500928
0.9324918 2.312202 2.131629 0.09090578 0.5318518 0.7089953
1.088387 1.438371 3.853367 0.1157791 0.5203658 1.324009
1.033802 1.808516 2.821176 0.1271857 0.6288087 1.151453
1.037936 1.688539 3.413299 0.1245724 0.6123264 1.389758
1.112604 1.545451 3.156215 0.1265335 0.554973 1.129333
0.9856854 2.116784 2.20279 0.1135544 0.6082225 0.8428778
1.094092 1.710431 2.802663 0.1162761 0.5268257 0.9476746
1.003731 1.991416 2.454761 0.09386487 0.482816 0.758148
1.016065 1.939247 2.704259 0.119939 0.6158772 1.079804
0.9363329 2.258075 2.171317 0.1145834 0.6672744 0.9099422
0.9268679 2.414446 1.890201 0.1025965 0.6125162 0.7090421
1.179505 1.214888 4.205734 0.1415627 0.5715257 1.55479
1.114092 1.37312 3.902651 0.1217963 0.5291559 1.35292
1.025729 1.817359 2.941366 0.1095128 0.5460551 1.049662
1.172283 1.360913 3.374469 0.124822 0.5027346 1.077861
0.8772255 2.50507 2.069351 0.1117375 0.7273767 0.9287736
1.029679 1.791816 2.978004 0.1221819 0.6071587 1.182201
1.059909 1.763509 2.739074 0.1099396 0.5190918 0.9148996
0.6670831 4.284123 0.8340593 0.1081137 1.159341 0.4313294
1.015277 1.787535 3.117861 0.1210597 0.6142126 1.263726
0.9709873 2.026221 2.462322 0.1108391 0.599172 0.9443095
1.032907 1.87416 2.457826 0.1204206 0.5933199 0.9289166
0.9840986 1.982645 2.577886 0.1037814 0.5503375 0.9149619
1.190248 1.098457 4.580342 0.1380823 0.545315 1.602437
1.258885 0.7835146 5.678273 0.1500514 0.5467635 1.923252
0.8239144 3.169663 1.156896 0.1141266 0.8475352 0.5248058
1.21354 1.04558 4.614239 0.139322 0.5345962 1.566336
0.8658978 2.772769 1.631977 0.1119933 0.7593942 0.7242833
1.034579 1.821253 2.732651 0.1160062 0.5699494 1.005548
0.979012 2.088969 2.425514 0.1162872 0.6323552 0.9811944
0.9869738 2.282671 1.851213 0.1028482 0.556968 0.6309829
1.188647 1.263462 3.594911 0.1302581 0.5121936 1.163178
1.138244 1.491295 3.077934 0.1156703 0.4864649 0.955509
1.008573 1.939574 2.542708 0.123844 0.6374447 1.041238
1.116709 1.459985 3.469693 0.1188108 0.5147308 1.158334
0.8451321 2.963751 1.34342 0.1064592 0.7518651 0.5644391
1.055797 1.758729 2.768942 0.1090987 0.5170712 0.9224196
1.001601 1.895751 2.726811 0.1205725 0.6238588 1.103378
1.02846 1.916948 2.515328 0.1091033 0.5438043 0.875758
0.9797783 1.965767 2.71522 0.1105573 0.592303 1.045778
1.078612 1.684827 2.769403 0.1130996 0.5169195 0.9168042
0.838155 2.776146 1.709082 0.1206596 0.8526488 0.8576153
0.8262148 2.819715 1.574361 0.09895862 0.7061129 0.6441955
1.055583 1.770025 2.864588 0.1243917 0.5972142 1.109746
1.092625 1.401954 3.77669 0.122356 0.5437839 1.344133
0.8973586 2.550098 1.81063 0.1024529 0.6477041 0.7089518
0.9528428 2.30662 1.916605 0.09704023 0.5498013 0.6490415
1.059744 1.692468 3.007345 0.1239044 0.5860348 1.145241
0.9315331 2.584981 1.564193 0.107211 0.6463952 0.5961125
0.8874108 2.773675 1.539792 0.1099044 0.7225209 0.645108
1.108764 1.36709 4.02389 0.1214203 0.5311897 1.405577
1.029946 1.79665 3.024538 0.1177655 0.5862531 1.163265
0.8816638 2.712076 1.604864 0.1129623 0.7415585 0.6970578
1.121439 1.288227 3.973169 0.1282918 0.546477 1.405919
1.007893 1.929268 2.785521 0.1121007 0.5802234 1.053249
1.027254 1.96124 2.550898 0.1362732 0.6935669 1.137706
1.155302 1.260471 4.023955 0.1312723 0.540674 1.40556
0.9372613 2.34102 2.184514 0.1007675 0.5945643 0.8151896
0.7067844 4.057815 0.8046679 0.09816325 0.9564993 0.3524663
1.156535 1.340593 3.540732 0.1238408 0.5069386 1.146973
0.9347552 2.392231 1.89427 0.1133418 0.6701208 0.778298
0.8273392 2.940958 1.536143 0.1139909 0.8316914 0.7289146
0.8539794 2.96635 1.322027 0.1223331 0.8566318 0.6312493
1.01959 1.927721 2.713995 0.1100185 0.5601432 0.9862448
1.09891 1.536126 3.484509 0.1231008 0.5530244 1.264931
0.9775057 2.320672 1.811514 0.09767474 0.5359327 0.5915264
0.887206 2.622844 1.761739 0.1081143 0.6987385 0.7356761
0.8336545 3.028496 1.45649 0.1136859 0.8319701 0.6799834
1.195828 1.16747 4.044242 0.1296165 0.5050209 1.295756
1.119612 1.422377 3.557169 0.1272997 0.5504224 1.271266
0.9987296 2.073812 2.308339 0.1275303 0.6742639 0.9864482
1.331537 0.6627264 5.443452 0.1581721 0.530574 1.707967
0.9453949 2.271845 2.152827 0.1144468 0.6602205 0.8901551
0.9056673 2.579983 1.687412 0.1187859 0.7437637 0.747558
1.053473 1.783097 2.774752 0.1138982 0.5454696 0.9776252
1.110469 1.503165 3.639571 0.1173467 0.5191201 1.243584
1.190831 1.109683 4.604509 0.1305625 0.5151607 1.526633
1.015523 1.860351 2.70882 0.1164067 0.5875245 1.028486
1.040817 1.651517 3.459878 0.1023186 0.4934113 1.13299
0.872617 2.805407 1.49231 0.1150186 0.7732335 0.6648319
0.9661333 2.251157 1.94104 0.09926639 0.5486562 0.6574474
0.944417 2.134907 2.628676 0.1237301 0.7132238 1.215071
1.195418 1.103597 4.653071 0.1354772 0.5333955 1.597661
0.9290294 2.282124 2.146415 0.111292 0.6547397 0.880049
0.7792293 3.386397 1.157741 0.1096915 0.8963818 0.5419641
0.9137861 2.673416 1.542525 0.1280367 0.8046374 0.7260908
0.9575399 2.24576 2.105828 0.1190621 0.6742494 0.8877474
1.027753 1.696754 3.084997 0.1165679 0.5709763 1.151707
1.117005 1.616377 2.882314 0.1144669 0.4993204 0.9209142
0.9562637 2.096278 2.55688 0.1221863 0.6871604 1.133577
0.8871208 2.773519 1.473814 0.1173031 0.7682795 0.6518902
1.19567 1.185819 4.31854 0.1237226 0.4868889 1.356108
1.200406 1.103023 4.280109 0.1402569 0.5448429 1.477904
0.8664246 2.627418 1.956188 0.1212328 0.8159267 0.9691742
1.04639 1.867949 2.588977 0.1240706 0.6061973 1.007082
1.137646 1.1152 5.067423 0.130668 0.5490243 1.827666
1.095169 1.62145 2.923559 0.1238362 0.5548978 1.040655
0.8989487 2.404425 1.963126 0.1124565 0.696728 0.8429591
0.9026001 2.662712 1.623479 0.1073646 0.6831056 0.6547164
0.9101234 2.339608 2.256906 0.0931977 0.5663923 0.8053824
1.282873 0.8579036 5.304984 0.1452237 0.5186352 1.712313
0.9527423 2.225428 2.371403 0.1259994 0.7252408 1.095842
1.248938 0.7855069 6.009892 0.1535136 0.5696895 2.149061
1.08619 1.605156 3.090845 0.1189439 0.5391252 1.078582
1.012982 1.954418 2.605819 0.1138218 0.584704 0.9828008
0.9724605 2.054482 2.443022 0.1269574 0.692926 1.084192
1.01593 1.791012 2.831614 0.1279995 0.6421466 1.179238
1.022773 1.974819 2.253348 0.1115721 0.5593195 0.7940648
1.076799 1.582902 3.390247 0.1218487 0.5621232 1.251085
0.8829127 2.527338 1.996949 0.1021988 0.6597137 0.8078648
1.010859 1.969883 2.644218 0.1106242 0.5723017 0.9798977
1.128387 1.402287 3.5509 0.1245677 0.5313053 1.22078
0.8833943 2.703178 1.573493 0.1138953 0.7443127 0.6851924
1.028481 1.902217 2.471915 0.1177279 0.5855924 0.9235485
0.9322835 2.23212 2.309515 0.1005737 0.58571 0.8570686
0.9088228 2.520038 1.809284 0.1183069 0.7358102 0.8051782
1.008096 1.921467 2.758675 0.1153549 0.5963678 1.070899
1.251416 0.9168702 4.880296 0.1466494 0.5376878 1.631851
1.074474 1.72573 3.12073 0.1148278 0.5405584 1.107626
0.9946283 2.075213 2.226609 0.112375 0.5915352 0.8297375
0.8985102 2.502711 1.933875 0.1062853 0.6691729 0.7911722
0.9713313 2.291635 1.953443 0.1128966 0.6286166 0.7572637
1.021702 1.98556 2.535602 0.1121785 0.5729122 0.9340323
1.020539 1.967117 2.367089 0.1054002 0.5302258 0.7966671
0.7966549 3.276315 1.153161 0.1259345 0.9891945 0.6033624
1.144262 1.364363 3.769747 0.1272334 0.5348887 1.309887
1.212503 0.9649091 5.05012 0.1373701 0.5257397 1.682949
0.8068178 3.199743 1.279055 0.1083343 0.834461 0.5775773
0.9802138 2.051309 2.371826 0.09815016 0.5239361 0.792197
1.182205 1.171541 4.483961 0.1346424 0.5405788 1.571833
1.249046 0.9797455 4.353131 0.1443506 0.5269804 1.41469
1.111344 1.573474 3.114728 0.1231756 0.5430165 1.092697
0.9622471 1.957993 3.099473 0.108178 0.5972669 1.227152
0.919762 2.573292 1.711248 0.1240571 0.7665715 0.784191
0.9922521 2.191088 2.083804 0.114584 0.6156393 0.8001793
0.9848527 2.193955 2.025661 0.1151563 0.6222982 0.7830867
0.9805741 1.885229 3.143237 0.121696 0.6539819 1.364967
1.165612 1.380706 3.229776 0.1203817 0.4861123 0.9930495
0.9337981 2.383356 1.839235 0.1164156 0.6848107 0.7679591
1.027144 1.86208 2.706374 0.1238333 0.6200207 1.085555
1.094054 1.627498 2.983073 0.1232707 0.555515 1.068446
0.9386665 2.318056 2.004298 0.09598295 0.556087 0.690834
0.9000666 2.508911 2.040624 0.1136213 0.720233 0.9048861
1.028147 1.706353 3.200382 0.1181058 0.5822494 1.226792
1.260996 0.8273306 5.63333 0.1535972 0.5634851 1.990155
0.8922626 2.634599 1.645603 0.1363274 0.8771982 0.8540289
0.968443 2.114221 2.424465 0.1212203 0.6715518 1.04234
1.011612 1.999338 2.416762 0.1014076 0.519376 0.8009969
1.105134 1.519888 3.516774 0.1389316 0.622927 1.43937
1.080946 1.505089 3.49961 0.1264215 0.5751486 1.317423
1.076879 1.593917 3.338469 0.1151282 0.5305483 1.162588
1.075628 1.717496 2.741955 0.1211576 0.5595706 0.9824565
1.194206 0.9537753 5.552919 0.1386568 0.546318 1.958152
1.243767 0.9473598 5.03652 0.1475964 0.5503974 1.749583
0.9958326 1.964984 2.623517 0.116531 0.6118468 1.037116
1.03634 1.996465 2.481329 0.1164707 0.5865867 0.9324518
0.9332121 2.451254 1.918326 0.1045855 0.6254104 0.7343906
1.173689 1.479253 2.815029 0.1308887 0.5272342 0.9272948
1.120542 1.276467 4.551706 0.1313197 0.5704074 1.724606
1.051922 1.596345 3.816158 0.122722 0.5918833 1.519016
0.8756746 2.667915 1.686009 0.09905082 0.6503573 0.6494481
0.8331306 3.104883 1.306115 0.1083221 0.7946918 0.5689936
0.9067624 2.528963 1.807188 0.09974339 0.6183093 0.6741501
0.9612291 2.255819 2.151167 0.1145524 0.6489166 0.8762082
1.08798 1.498478 3.306524 0.1123875 0.4993828 1.066158
1.140881 1.35952 3.502908 0.1351739 0.5657976 1.269798
0.9276062 2.373223 2.020045 0.112601 0.6718446 0.8396498
1.055829 1.801752 2.83375 0.120061 0.5788057 1.064633
1.132526 1.329653 3.91501 0.1317494 0.5606212 1.430397
1.027301 1.798762 2.911789 0.107103 0.5303269 1.007252
0.9080389 2.467952 1.984042 0.1155394 0.7187785 0.8772422
1.267772 0.8585521 5.394471 0.1552283 0.5659984 1.912342
1.095644 1.36059 3.985726 0.1155066 0.5091861 1.331469
1.043431 1.83941 2.767244 0.1138651 0.5570841 0.9984977
1.122143 1.517228 3.421551 0.1316557 0.5771058 1.289874
1.085155 1.538351 3.531133 0.1236707 0.5643842 1.311983
1.282943 0.7476605 5.789497 0.1541964 0.549554 1.957795
1.032782 1.873496 2.808573 0.1269035 0.6369734 1.165548
0.9629226 2.211671 2.135839 0.1097019 0.6119436 0.81874
0.9387638 2.270945 2.399578 0.1321961 0.7816909 1.19599
1.013807 1.907314 2.736193 0.0963832 0.4894552 0.8705504
0.8497715 2.860957 1.602593 0.1220341 0.8582063 0.795479
1.070915 1.735052 2.74651 0.1198582 0.5587175 0.9853748
1.103555 1.628919 3.046759 0.1265833 0.5679149 1.120434
0.9590387 2.304797 1.992793 0.1062128 0.600678 0.7399125
0.7379049 3.625949 1.023267 0.1111435 0.9890669 0.5048529
1.066217 1.789335 2.744673 0.1238803 0.5876927 1.040043
0.9713544 2.187255 2.136654 0.111186 0.6121085 0.8198446
1.049904 1.776446 2.998297 0.116342 0.5646883 1.108332
1.106574 1.61293 2.831726 0.1310352 0.5789228 1.044913
1.005019 2.011001 2.463842 0.1076122 0.5590718 0.8819049
0.7866871 3.354901 1.084079 0.1053478 0.8423252 0.4747508
1.033552 1.856084 2.571397 0.1040011 0.50891 0.8380891
0.8926185 2.487398 1.832676 0.09910516 0.6188302 0.6862912
1.134541 1.402388 3.492348 0.1203929 0.5074734 1.140546
0.9315147 2.40273 1.924726 0.1098115 0.6522868 0.7701526
1.10333 1.417099 4.132043 0.1233607 0.5510928 1.518563
1.065357 1.741428 2.859586 0.1153395 0.5430954 1.004651
1.115375 1.505855 3.384367 0.1224432 0.5355083 1.177915
1.002337 2.105984 2.115299 0.1105394 0.5775679 0.7640863
1.178049 1.257799 3.849801 0.1450933 0.5848102 1.442725
0.9056473 2.550114 1.805329 0.1065815 0.6671562 0.7269249
1.104868 1.541453 3.364479 0.1315258 0.5872375 1.2898
1.005002 1.871427 2.784357 0.1175691 0.6040122 1.093279
1.042786 1.804001 2.827637 0.1273184 0.6230175 1.142811
1.158501 1.326739 3.544389 0.1164661 0.4729755 1.069082
1.205615 1.159195 4.460201 0.1363461 0.5352189 1.543667
0.7489704 3.805934 0.900717 0.1147817 1.025473 0.4431136
0.6462303 4.784007 0.6085653 0.09987915 1.159949 0.2847671
1.074193 1.673963 3.366488 0.1176709 0.5541403 1.235988
0.9824512 2.289333 1.882351 0.1195636 0.6563001 0.7576947
1.117198 1.53483 3.083654 0.1317619 0.5732874 1.133319
1.164926 1.303399 3.630841 0.1281586 0.5195197 1.203477
0.8971408 2.599296 1.711048 0.1068201 0.677525 0.691523
1.095547 1.402789 3.96207 0.1258398 0.5619985 1.470257
1.011552 2.031556 2.436298 0.1181744 0.6143588 0.9574563
1.173457 1.1636 4.128318 0.1243675 0.4945313 1.300537
0.9996438 2.019537 2.519359 0.1157852 0.6090174 0.9854616
1.488379 0.2216186 6.541588 0.1927957 0.5614225 1.93582
1.094436 1.710905 2.69041 0.1240691 0.5611051 0.9627802
1.053989 1.752128 2.788133 0.1116868 0.5304034 0.9530473
0.8511347 2.922524 1.462268 0.1158428 0.8143682 0.6759672
1.003531 1.899201 2.701167 0.1200397 0.619031 1.082173
0.9050931 2.367369 2.334447 0.106194 0.6582026 0.9714937
0.947662 2.331675 2.08778 0.1243215 0.7243544 0.941953
0.9132613 2.530599 1.817248 0.1054384 0.6508253 0.7143354
0.8655616 2.840538 1.411409 0.1266371 0.8592614 0.6898338
0.929365 2.431527 1.803841 0.1361463 0.8140094 0.890585
0.8075996 3.131112 1.354962 0.1136057 0.8687232 0.6466877
1.074298 1.649458 3.017029 0.119902 0.5537868 1.082542
1.048208 1.640081 3.472671 0.1214169 0.5853298 1.349405
0.8741102 2.612723 1.825101 0.09686851 0.6345642 0.6961872
1.046525 1.731382 2.994698 0.1165925 0.5621685 1.097843
0.8911805 2.535368 1.897141 0.1262661 0.8086082 0.9329018
0.8344867 2.916277 1.508568 0.09965093 0.7147481 0.6160804
0.985182 2.010495 2.604146 0.120444 0.6461756 1.087637
0.9045539 2.532246 1.881432 0.1049555 0.6573076 0.7510314
0.9764337 2.18266 2.197946 0.1072405 0.5878682 0.813792
0.7870952 3.573605 0.9474709 0.1166459 0.9591588 0.4523631
0.9108372 2.486416 1.946474 0.1299267 0.808795 0.9641104
1.025632 1.713464 3.026336 0.1225562 0.6031906 1.190823
1.106948 1.510597 3.305962 0.1137582 0.4987307 1.068114
0.9724954 2.043476 2.439344 0.1128447 0.6116454 0.954742
1.003604 2.017189 2.452066 0.114701 0.5979569 0.9369095
0.9780064 2.038934 2.470644 0.113073 0.6095167 0.965323
0.9976391 1.906654 2.710632 0.1198663 0.6232669 1.094557
0.9264386 2.451325 1.840653 0.1178723 0.709477 0.7942277
1.12478 1.450082 3.638066 0.1192018 0.5151207 1.225081
0.9204612 2.510279 1.817306 0.09635405 0.5849897 0.642335
0.914592 2.326433 2.201162 0.1052655 0.6358632 0.8787424
1.017524 1.930979 2.562146 0.1196897 0.6085739 1.001695
1.068362 1.650827 3.042455 0.1247132 0.5810156 1.146988
0.5949331 5.387414 0.4925872 0.09985387 1.34831 0.2431299
1.130219 1.251601 4.64344 0.1287401 0.5521189 1.700684
1.026639 1.905463 2.628091 0.1255967 0.6325989 1.071811
0.8879234 2.710228 1.543733 0.1315445 0.8567998 0.7707229
1.082906 1.685125 2.900378 0.1129896 0.5169004 0.9670766
0.973649 2.34739 1.75811 0.1123655 0.6236414 0.6640679
0.9787837 2.079034 2.41747 0.112306 0.6087747 0.9412135
1.149961 1.111696 4.903025 0.1422048 0.5912061 1.895085
0.9231118 2.518148 1.812539 0.1330667 0.8162646 0.8947752
0.9624297 2.137958 2.307968 0.1027007 0.5683958 0.8328709
1.104785 1.440511 3.62085 0.119166 0.5237456 1.237851
1.124773 1.331974 4.003212 0.1276615 0.5483171 1.437224
1.188586 1.057617 4.510787 0.1221372 0.4741313 1.352662
0.8050874 3.261374 1.088862 0.1067276 0.8203059 0.4698467
0.8267374 3.103528 1.225778 0.1281909 0.9478716 0.6330126
0.9411775 2.401648 1.862915 0.1204305 0.7074461 0.8048793
0.859824 2.64451 1.906907 0.1032991 0.6981628 0.8042891
0.8453879 2.783147 1.749794 0.1192621 0.8372654 0.8635316
0.9351131 2.423629 1.944776 0.1136343 0.676834 0.8080643
0.9724892 2.128372 2.269532 0.1127897 0.6166263 0.8852236
1.038463 1.786011 2.999067 0.123666 0.6095335 1.196832
1.069084 1.782289 2.662144 0.1165076 0.5466937 0.9327955
0.8126288 3.111555 1.389121 0.1137504 0.8628794 0.6618316
0.8861483 2.763957 1.539537 0.1131588 0.7451093 0.6663626
0.9704931 2.07123 2.556222 0.1145785 0.6295309 1.037367
1.063797 1.640212 3.374878 0.1247967 0.5909723 1.317486
1.000231 1.946893 2.730922 0.1105524 0.5772398 1.024625
0.8994321 2.554799 1.705265 0.1000999 0.6263561 0.6390409
1.199408 1.073035 4.641561 0.1455249 0.57053 1.696132
0.9845215 2.078427 2.404489 0.09693601 0.5192733 0.7988231
0.9436918 2.444018 1.788517 0.1163642 0.6836172 0.7405273
1.22729 1.020109 4.508645 0.140193 0.5268975 1.48989
1.01248 1.94683 2.676639 0.119024 0.6137825 1.064094
0.9690143 2.123878 2.250776 0.09688757 0.528299 0.7524334
0.9338098 2.453841 1.815134 0.1175406 0.7012653 0.7726681
0.8724412 2.684036 1.615599 0.1146883 0.7579469 0.719733
1.065417 1.730755 2.742118 0.1113013 0.5186064 0.9115307
0.9015926 2.536617 1.77301 0.105553 0.6594667 0.703496
0.882941 2.506815 2.072924 0.1116491 0.722934 0.9255222
1.135408 1.360962 3.966193 0.1348601 0.5770022 1.501083
1.172981 1.108506 4.700112 0.1357272 0.5468623 1.661169
1.02061 1.818653 2.913833 0.1203226 0.6056796 1.153087
1.06456 1.668711 2.85531 0.1174298 0.5458555 1.002818
0.9632912 2.216128 2.111172 0.1150775 0.6427878 0.8488446
1.03902 1.832612 2.806273 0.1158965 0.5705142 1.039673
0.9661021 2.278997 1.881258 0.0938505 0.518305 0.5985004
0.8652775 2.873974 1.464917 0.1159457 0.7936586 0.6628118
1.007624 1.964445 2.434997 0.1177898 0.6048284 0.9387859
0.9288071 2.480729 1.791703 0.1414345 0.8552618 0.9266851
0.8917594 2.472172 1.940791 0.09910536 0.623773 0.7418512
0.9309674 2.238879 2.277594 0.1160245 0.6812288 0.9824595
0.9035101 2.432248 2.18587 0.1315814 0.827536 1.130315
1.192608 1.251457 3.560365 0.1286259 0.5015979 1.122965
0.9616608 2.21855 2.043808 0.1263452 0.7061083 0.8974616
1.058472 1.553847 3.711264 0.1105605 0.521045 1.28906
0.9415944 2.074317 2.774775 0.1032223 0.5889957 1.067471
1.165324 1.138261 4.500676 0.1237644 0.4988397 1.445846
0.9251425 2.455356 1.771627 0.1081922 0.6484086 0.6946543
1.252972 0.8779813 5.109901 0.1494392 0.5477064 1.740037
1.037164 1.835265 2.734185 0.1248975 0.6163085 1.090057
1.031603 1.7438 2.950301 0.1200516 0.5884812 1.1299
0.8197075 2.986332 1.515861 0.09746596 0.7191579 0.6172168
0.994396 2.076936 2.224049 0.09868566 0.5173661 0.7254923
1.079009 1.63822 3.402714 0.1104048 0.5119925 1.150972
0.9850617 2.149335 2.296244 0.1106052 0.5999896 0.873374
1.033394 1.960375 2.290014 0.1090771 0.5390208 0.7784507
0.9363943 2.442784 1.753174 0.12222 0.7223315 0.7641333
1.044856 1.893018 2.403521 0.1036193 0.5011226 0.7644165
0.8600128 2.705109 1.766732 0.1246518 0.8487693 0.8910596
0.8559387 2.900531 1.481654 0.1402081 0.9809012 0.8283011
1.031722 1.882589 2.466229 0.1249098 0.6177634 0.9705726
0.8912501 2.4681 2.042248 0.1054314 0.6677839 0.8413164
1.002173 1.985173 2.569948 0.1102103 0.5751135 0.9529087
0.8795222 2.665853 1.723145 0.1058749 0.6952464 0.7122798
0.9922082 2.084796 2.33558 0.1092664 0.5821077 0.8653349
0.9274523 2.429323 1.926415 0.1112214 0.6681374 0.7892279
0.9076436 2.606033 1.690906 0.1006057 0.6299773 0.6346377
0.9753521 2.08832 2.373028 0.1113201 0.6049496 0.9149963
0.9948627 2.057546 2.383165 0.1313796 0.6985732 1.060775
1.187959 1.273086 3.81516 0.1320346 0.5256615 1.285186
1.156749 1.301484 4.053259 0.1280306 0.5306151 1.401136
0.9992057 1.912387 2.842361 0.1172064 0.6124084 1.137216
1.000763 1.977277 2.528629 0.1044497 0.5421967 0.8807548
0.9474022 2.239209 2.227119 0.1058968 0.6063291 0.8510013
0.9145725 2.483878 1.794705 0.1117483 0.6836362 0.7425311
0.9046634 2.6807 1.643167 0.1079545 0.6886829 0.6682622
1.097915 1.493564 3.32264 0.1215662 0.5379598 1.156687
0.9676529 2.079112 2.492565 0.1069006 0.5865859 0.9384085
1.097623 1.533039 3.448832 0.1348678 0.6082066 1.375112
0.9446484 2.326107 1.992758 0.1125637 0.6520375 0.8039229
0.6738748 4.313394 0.7507929 0.1364703 1.449532 0.4783846
1.07078 1.541776 3.61162 0.1204033 0.5584985 1.333507
1.02248 1.851063 2.845399 0.1259776 0.6364848 1.180716
1.005345 1.955667 2.527144 0.1152112 0.594406 0.963613
1.197364 1.324169 3.359163 0.1336034 0.5237472 1.10961
0.9647595 2.15394 2.30765 0.1090365 0.6048735 0.8853505
0.9328894 2.369393 1.894644 0.1021461 0.6005322 0.6986308
1.06625 1.658198 3.115382 0.112569 0.5251871 1.066078
1.063305 1.706558 2.784454 0.1112872 0.518562 0.9271804
0.9851768 2.036478 2.527602 0.1084868 0.5808786 0.9447927
1.188337 1.114784 4.836977 0.1336978 0.533796 1.680932
1.093608 1.455612 3.800256 0.1195244 0.5362573 1.345234
1.163158 1.360892 3.809822 0.1350386 0.5607463 1.391757
0.9530035 2.326686 1.929737 0.1136522 0.6499184 0.7717472
1.131765 1.24303 4.557099 0.1373453 0.5880633 1.770733
0.8109405 3.164346 1.195192 0.1022845 0.7739629 0.4987396
1.220952 0.9489627 4.802131 0.1397576 0.5263793 1.579955
0.9058574 2.486888 1.942681 0.09499804 0.5888025 0.7001359
1.167196 1.211191 4.104415 0.1237477 0.4984761 1.312544
0.8993593 2.605305 1.799756 0.1118209 0.7129509 0.7706254
0.8732015 2.888042 1.325758 0.09305821 0.6247131 0.4665349
0.9945781 1.899476 2.688234 0.1037077 0.5362797 0.9323049
0.9350496 2.289937 2.18164 0.1109608 0.6518354 0.8939561
1.126835 1.543866 2.886185 0.1239067 0.5290059 0.9679372
1.012497 1.83973 2.94872 0.1301596 0.6658032 1.285782
1.016844 1.922094 2.581031 0.1223623 0.6224917 1.033102
1.077268 1.760736 2.714815 0.1094377 0.5069526 0.8839771
1.033692 1.759581 3.080903 0.1129442 0.5561633 1.125092
1.00637 1.874001 3.078699 0.1073654 0.5562081 1.132631
0.9196814 2.484831 1.963167 0.1082772 0.6644943 0.799968
0.9893676 2.079617 2.510526 0.1189325 0.6412369 1.035001
1.060813 1.720887 3.182466 0.1241619 0.5952234 1.2475
0.9727771 2.218762 2.033306 0.1087998 0.5977332 0.7553372
1.032388 1.872247 2.632055 0.1094772 0.5413773 0.9173263
0.9518435 2.165075 2.290657 0.1081588 0.6095647 0.8850925
1.023144 1.970499 2.471257 0.107961 0.5459215 0.8630823
1.102748 1.373388 3.677214 0.1233651 0.5375412 1.280106
1.043313 1.693226 3.342702 0.1189324 0.5790146 1.281841
0.8902142 2.691413 1.597118 0.1020768 0.6596098 0.6185748
1.177844 1.130427 4.503944 0.1278253 0.5098754 1.477123
1.107169 1.432525 3.743168 0.1235218 0.5442406 1.336737
0.946924 2.274356 2.027459 0.1055328 0.6026337 0.7585601
0.7571634 3.593325 0.9919249 0.1160778 0.9983211 0.4938687
0.8364705 2.948799 1.449656 0.1069645 0.7677303 0.6297681
1.06532 1.64709 3.361362 0.1272246 0.6026456 1.338257
0.8415582 2.862971 1.568796 0.1073641 0.7583846 0.6854846
0.9901874 2.048019 2.477794 0.1333149 0.7142164 1.134231
0.7240188 3.964896 0.8514924 0.1378465 1.305885 0.5195423
1.141916 1.172092 4.709399 0.1232521 0.5141852 1.584968
0.9297368 2.189782 2.506869 0.102388 0.5990721 0.964841
1.070288 1.649934 3.068455 0.1212373 0.563233 1.122251
0.8612374 2.745981 1.725662 0.1213932 0.8301538 0.8461208
1.154242 1.153361 4.444039 0.128794 0.5264136 1.50831
1.0695 1.598924 3.297443 0.1148274 0.5319636 1.147997
1.093569 1.553616 3.592633 0.1170599 0.5313174 1.262468
0.9235939 2.461723 1.843607 0.1200582 0.7268263 0.8145893
1.084865 1.740257 2.83347 0.1224893 0.5665402 1.036492
1.115188 1.35213 3.919394 0.1221514 0.5282533 1.352926
0.8468642 2.888954 1.595005 0.1065256 0.7530584 0.6924451
1.091722 1.537716 3.363619 0.1144107 0.5133612 1.126313
0.9583712 2.336438 1.981954 0.1302118 0.7465455 0.9134196
0.6997771 4.177748 0.753422 0.1067737 1.066575 0.3595057
0.7186127 3.953485 0.8845513 0.1169757 1.113769 0.4624357
0.9325455 2.50895 1.734175 0.1043335 0.6247231 0.651242
0.8314903 3.023409 1.480117 0.1181168 0.8680566 0.7230692
0.8837974 2.66934 1.657478 0.1121387 0.7309013 0.7156114
1.168593 1.122029 4.496993 0.1372228 0.553448 1.599233
0.9786659 2.055438 2.540174 0.09709055 0.5226785 0.85441
0.9390479 2.288651 2.081845 0.1072152 0.6218459 0.8069459
0.8639859 2.864686 1.409371 0.1200803 0.8213704 0.6583476
1.096725 1.564553 3.391175 0.1195305 0.538672 1.197407
1.057748 1.640542 3.234739 0.124915 0.5918439 1.255271
1.135603 1.513705 3.086801 0.1269463 0.5403269 1.067632
0.9188414 2.519185 1.712398 0.1063337 0.6477467 0.6653802
0.943932 2.288952 2.159887 0.119072 0.6924025 0.9376914
0.8700383 2.723836 1.602321 0.1292493 0.8646082 0.8105276
0.8603934 2.833723 1.568974 0.1047312 0.7203439 0.6542996
1.023059 1.898732 2.4405 0.1067309 0.5290399 0.8200325
0.982037 2.117961 2.342252 0.1125931 0.6107994 0.9102488
1.091119 1.658987 3.188529 0.122685 0.5633748 1.176574
0.9721746 2.1943 2.143535 0.117061 0.6455926 0.8671599
1.143737 1.307216 3.765043 0.1212992 0.5030657 1.218849
0.9164289 2.297067 2.15827 0.1160744 0.6960559 0.9411894
1.049662 1.625089 3.422472 0.113105 0.5401242 1.222491
1.211301 1.219008 3.739166 0.136502 0.5260619 1.242423
1.026997 1.858818 2.834967 0.1232396 0.6196582 1.144315
1.015661 1.993969 2.525035 0.114964 0.5916863 0.9594764
1.123811 1.345827 3.914169 0.1212355 0.5190321 1.325858
1.092848 1.475496 3.849286 0.1191707 0.5380042 1.373625
0.7458086 3.735832 0.909568 0.1283866 1.142265 0.5037472
0.8764942 2.798732 1.529103 0.1079075 0.7214233 0.6378982
0.9766125 2.175975 2.087562 0.1164248 0.6346014 0.8268362
0.9849619 2.025796 2.662495 0.1157787 0.6234863 1.07613
0.8564687 2.595562 1.823576 0.09883924 0.6601892 0.7251852
0.9059771 2.45912 1.955804 0.1105722 0.6846642 0.8207076
0.9687378 2.322863 1.911915 0.1138249 0.6390331 0.751008
0.9864909 2.083606 2.383817 0.1148596 0.6174688 0.9390681
0.7765078 3.297149 1.246185 0.1340305 1.094492 0.727709
1.101091 1.350702 4.377412 0.1270109 0.5662515 1.654422
0.8390526 2.944598 1.473246 0.1368734 0.9840353 0.821766
0.8275773 3.037617 1.278285 0.1452651 1.064322 0.7495657
0.9725625 2.10904 2.337985 0.1186035 0.649289 0.9649722
0.9987945 1.98561 2.536301 0.1229518 0.6450823 1.051997
1.033818 1.69804 3.36038 0.1121875 0.5508346 1.227253
1.02473 1.926841 2.636159 0.1125078 0.5675228 0.9647843
1.090011 1.512983 3.364698 0.1161553 0.5196384 1.136659
1.143064 1.457531 3.250377 0.1225005 0.513782 1.069544
0.9396087 2.341184 2.04701 0.1063021 0.6212121 0.7889187
0.9065 2.500349 1.829406 0.09541827 0.5903149 0.6560385
1.055142 1.766949 2.770553 0.1235191 0.5902744 1.05459
1.063835 1.626846 3.099549 0.1135324 0.527487 1.061435
1.03117 1.921175 2.350759 0.1064888 0.5244009 0.7800565
1.072044 1.631707 3.399772 0.1178269 0.551884 1.24051
0.9030667 2.631357 1.698727 0.1168997 0.7426084 0.7500721
1.046011 1.757006 3.032111 0.1247703 0.6078239 1.206736
1.084639 1.566641 3.518477 0.1245676 0.5719859 1.328343
1.006527 1.937075 2.693772 0.1137201 0.5880882 1.026515
1.005521 1.841772 2.992411 0.1235942 0.6382238 1.256188
1.006114 2.016071 2.519685 0.1213469 0.6346669 1.027119
0.854077 2.65381 1.76964 0.1113461 0.7543099 0.7967818
0.9842966 2.139441 2.217894 0.1119026 0.6043252 0.8454197
1.253284 0.8576045 5.336395 0.1409522 0.5154397 1.71377
1.039347 1.929305 2.479791 0.1275204 0.6327648 1.002312
0.9422477 2.359627 1.864881 0.09818635 0.5662522 0.6453047
0.8911967 2.553896 1.69836 0.1222845 0.7760042 0.7875514
1.040642 1.79565 2.841951 0.119457 0.5839571 1.077293
0.9936863 2.078624 2.433161 0.1149039 0.6138942 0.9559848
1.197581 1.009814 4.898722 0.1463008 0.5721668 1.788201
1.136835 1.431302 3.176615 0.122303 0.5112779 1.031297
1.162187 1.345353 3.431016 0.1240994 0.5036599 1.098298
0.9913946 2.04081 2.481561 0.1051639 0.5572421 0.8863126
0.7260753 3.887309 0.8673624 0.1065046 0.9895126 0.405204
1.112134 1.376772 3.817371 0.1285358 0.5599304 1.396238
0.9503406 2.20616 2.237477 0.1191604 0.6789246 0.9590653
1.041974 1.676395 3.167664 0.1240588 0.5998893 1.245835
1.173619 1.268767 3.570424 0.1261412 0.5019618 1.131992
0.8832625 2.731594 1.626667 0.1384023 0.9169244 0.8749116
1.012194 2.009941 2.540157 0.1216528 0.6332212 1.035885
1.269265 0.8697882 4.669842 0.1424723 0.5056666 1.434526
1.292828 0.841961 4.792591 0.1496838 0.5220249 1.516895
1.038322 1.78927 3.011244 0.1090678 0.5354772 1.056651
0.9903649 2.150648 2.159432 0.1141824 0.6118746 0.8288239
1.229747 1.02015 4.355629 0.1288067 0.4781507 1.296811
1.146376 1.285005 3.81504 0.1336842 0.5543048 1.358527
1.06404 1.795046 2.775363 0.1314549 0.6278464 1.125852
1.172248 1.314226 3.467606 0.1303414 0.5232465 1.149829
0.8345206 3.04822 1.452167 0.1172816 0.8599091 0.6983301
0.9429839 2.253907 2.18733 0.1057986 0.6104702 0.8403541
0.8091395 3.06674 1.416023 0.1184899 0.8983747 0.7080837
0.8921425 2.479866 2.214233 0.1140816 0.7325251 1.013101
1.032611 1.784771 2.980758 0.1099939 0.5422094 1.057041
1.203814 1.20814 3.836728 0.1399029 0.5442671 1.323037
0.8879271 2.586014 1.872855 0.1270876 0.8237901 0.9330263
0.7197672 3.90171 0.8821569 0.1060631 0.9996326 0.4170376
0.996321 1.993099 2.66664 0.1249096 0.6624676 1.14554
0.9281882 2.170721 2.348022 0.1263665 0.7373449 1.101624
0.772982 3.401112 1.215839 0.12204 1.015132 0.6478726
1.084417 1.756856 2.718101 0.1287043 0.5953649 1.038273
1.044211 1.676745 2.994232 0.1201571 0.5744842 1.115993
0.8273341 3.221658 1.155642 0.1075507 0.8030614 0.4944075
0.9823374 2.030406 2.788812 0.1120612 0.6092696 1.111349
0.94513 2.269202 2.332025 0.1104806 0.6427703 0.9510815
1.052417 1.875733 2.423003 0.1167358 0.5616047 0.8634481
1.027494 1.71082 3.173023 0.1165239 0.5746517 1.199516
1.050297 1.875895 2.624287 0.1273793 0.6223943 1.050495
0.8681106 2.924577 1.342261 0.1089407 0.7439386 0.5604764
0.9447555 2.209077 2.220136 0.1122918 0.6426938 0.9002883
1.089716 1.652597 3.201166 0.125432 0.5765567 1.208538
1.02708 1.812094 3.229193 0.1036788 0.5206553 1.116458
1.217122 0.9702736 4.790912 0.1369676 0.5187567 1.560739
0.8676935 2.758954 1.638027 0.1045506 0.7046793 0.6759428
0.9351139 2.437418 1.750328 0.1052655 0.6204962 0.6563782
1.027755 1.836222 2.804049 0.1221332 0.6095807 1.109859
1.031357 1.859109 2.682063 0.1177897 0.584861 1.012665
1.00544 2.04546 2.380278 0.1125863 0.5874608 0.8906012
0.9136024 2.587021 1.575549 0.118032 0.7277885 0.675799
0.9590666 2.16201 2.246219 0.1149173 0.6427301 0.9131048
0.980044 2.06532 2.33999 0.1231825 0.663866 0.9873636
1.104766 1.494847 3.498407 0.1158177 0.5109458 1.166185
1.21435 1.033133 4.536887 0.137423 0.5237552 1.497998
1.310683 0.6718508 5.780976 0.1547414 0.5331804 1.856388
1.000862 2.06927 2.250317 0.1089014 0.5695275 0.8095514
0.9128862 2.487255 1.876118 0.1193804 0.7365946 0.8411636
1.055536 1.724817 2.854281 0.1283293 0.6107866 1.12642
0.9686006 2.211061 2.146835 0.1183 0.6579508 0.8856249
0.9553466 2.384677 1.879354 0.114481 0.6591174 0.757615
0.9085341 2.573903 1.755859 0.1008975 0.6301489 0.6646675
0.954328 2.230791 2.202348 0.1235079 0.7041132 0.9767582
1.029471 1.713372 3.297468 0.1301926 0.6472148 1.414178
0.9668642 2.259103 2.24802 0.127664 0.7248024 1.02909
1.179421 1.11429 4.610275 0.1405123 0.5634659 1.676418
1.156266 1.306271 3.675935 0.1219598 0.4977945 1.17029
1.112726 1.559043 2.925008 0.1184833 0.513884 0.9568957
0.9814504 2.232719 2.064604 0.116312 0.6380014 0.8207702
0.9613294 2.190281 2.176679 0.1275366 0.7143074 0.9769841
1.145186 1.308351 3.953967 0.1220216 0.5091282 1.307894
0.9599903 2.11774 2.508977 0.1129285 0.6321819 1.02001
1.01452 2.094946 2.226575 0.1263652 0.6574022 0.9226196
0.8257115 3.006745 1.406919 0.09696567 0.7092681 0.5592464
1.004526 1.878803 3.064058 0.1090183 0.5663635 1.146953
1.220063 1.114423 4.293763 0.1413411 0.5410634 1.475994
0.9332285 2.443184 1.842215 0.1049258 0.6240665 0.7000736
0.9037064 2.426207 2.08308 0.1032911 0.6404177 0.8272095
0.9385261 2.351958 2.0159 0.1160832 0.6813241 0.8496376
0.9994425 2.129401 2.225195 0.1125018 0.5963595 0.8365609
0.9459986 2.151001 2.508631 0.1167952 0.6694392 1.080156
1.359863 0.3123096 8.360056 0.178734 0.597497 2.894661
0.9495167 2.20224 2.375106 0.1151925 0.6604898 1.000159
0.7938524 3.34885 1.11383 0.1112628 0.884075 0.5143128
0.8705878 2.765792 1.663123 0.1238681 0.8383061 0.817921
1.08003 1.368899 4.137168 0.1227572 0.5552261 1.520927
0.9543587 2.345384 1.914751 0.1091327 0.6245809 0.7349659
1.019883 1.89109 2.836733 0.1211113 0.6174688 1.143254
0.8557048 2.969179 1.320148 0.08740896 0.6069768 0.4475811
0.9500067 2.280263 2.03157 0.1068148 0.6090294 0.768186
1.147737 1.576586 2.983875 0.1248242 0.5296347 1.013379
1.056202 1.740825 2.80943 0.1125662 0.5326603 0.9644858
0.9610122 2.235228 1.999834 0.09792545 0.5439992 0.6749629
1.092827 1.52679 3.519777 0.1128105 0.5071588 1.172352
0.8786655 2.758263 1.602341 0.1160828 0.7730518 0.7234033
1.215064 0.8340072 5.827742 0.1463884 0.5597471 2.060212
0.8623608 2.978587 1.297881 0.09910395 0.6842271 0.4935064
0.9308501 2.359823 1.865275 0.103921 0.609052 0.6948569
0.9662205 2.309469 1.915384 0.1206629 0.6789764 0.8001027
0.944547 2.349365 2.003446 0.1172504 0.6832407 0.8462585
0.9489369 2.174797 2.340156 0.1137376 0.6473816 0.963814
0.8702891 2.854055 1.449414 0.116388 0.7886605 0.6522331
0.8651943 2.711125 1.752193 0.1188888 0.8044148 0.8365304
0.9071808 2.574112 1.676862 0.1088973 0.6780581 0.6771874
1.101652 1.592457 3.073902 0.1181094 0.5251836 1.041806
0.9952363 2.069574 2.285195 0.1149822 0.6070102 0.8779996
0.8964053 2.609845 1.727624 0.09953251 0.6320499 0.6516046
1.005347 2.00486 2.329756 0.1136005 0.5857516 0.8645891
0.9685981 2.024614 2.613391 0.1354185 0.7443655 1.258458
1.030728 1.723448 3.044385 0.1269125 0.6239233 1.241153
1.155204 1.332193 3.64218 0.1174225 0.4810913 1.124862
1.047636 1.602518 3.359034 0.1219003 0.5813323 1.284757
1.034022 1.808695 2.862296 0.1043533 0.5123085 0.9539307
0.7887871 3.309094 1.205209 0.1361238 1.092602 0.6981556
0.8931398 2.50431 1.889789 0.1017353 0.6415959 0.7380941
1.133558 1.375799 3.670609 0.1201306 0.5076839 1.206246
0.901122 2.529011 1.642565 0.1241615 0.7721893 0.7550169
1.008055 2.024657 2.507313 0.1188825 0.6220042 1.002662
1.095162 1.586026 3.144802 0.1334391 0.6019178 1.227291
0.9175598 2.253832 2.334348 0.1184442 0.7108267 1.054804
0.9752629 2.176057 2.264784 0.1282254 0.708817 1.015066
0.9241056 2.316864 2.180067 0.1037714 0.6179297 0.8447711
1.092693 1.590233 2.99852 0.1171175 0.5231612 1.007756
0.9871134 1.941018 2.77201 0.1108904 0.5878585 1.06234
1.084817 1.669771 2.887283 0.1097284 0.4980344 0.9250124
1.083013 1.579176 3.318778 0.1215407 0.5550945 1.203795
1.268981 0.8457498 5.10197 0.1408821 0.5038682 1.580137
0.8857762 2.587989 1.736272 0.1126735 0.7239527 0.7513287
0.9948182 2.108292 2.280022 0.1245693 0.665614 0.961373
1.165706 1.105891 4.632568 0.1300867 0.5248815 1.565345
0.994347 1.991029 2.631428 0.1203332 0.6375902 1.085809
0.8061209 3.159176 1.199694 0.1013934 0.7706096 0.4986279
0.8708784 2.762907 1.570262 0.1128137 0.7567212 0.6916881
0.9556138 2.212081 2.171476 0.09871662 0.5538238 0.7553473
1.117663 1.363883 3.664233 0.1346996 0.580067 1.374487
1.019964 1.978559 2.53395 0.1270754 0.6518416 1.061305
1.115014 1.300137 4.274377 0.1204597 0.5214827 1.468598
0.9559042 2.360403 1.975758 0.1184887 0.6827575 0.831933
0.9677631 2.160886 2.186432 0.1143496 0.6303404 0.8667467
0.8805707 2.725186 1.683319 0.1126802 0.7460165 0.7396276
0.8626559 2.75621 1.699146 0.1131365 0.7704445 0.7700206
1.337338 0.7138528 5.099444 0.1601515 0.53467 1.615787
1.007918 2.000247 2.427553 0.1039592 0.5348595 0.8282299
0.8904405 2.588913 1.790383 0.1127577 0.7247933 0.7805702
0.8114183 3.09768 1.422009 0.1113172 0.8454296 0.6671816
0.8953644 2.742927 1.525958 0.1067084 0.6891491 0.6102264
0.9727827 2.145808 2.318586 0.1103555 0.6065339 0.8927377
1.174809 1.107909 4.624009 0.1331231 0.533579 1.588926
0.8055953 3.207859 1.2638 0.1358703 1.053088 0.7185025
0.9527303 2.154882 2.343808 0.1045575 0.5878373 0.8759945
0.894387 2.741979 1.461665 0.1097156 0.707169 0.5965251
1.090597 1.586611 3.137824 0.1185324 0.5341415 1.086174
1.041408 1.627629 3.442366 0.124538 0.6031966 1.375582
0.9725042 2.124613 2.32806 0.1125429 0.6167423 0.9121203
0.9486128 2.269297 2.082936 0.09207614 0.5227165 0.6788697
1.063294 1.725617 2.839742 0.1193207 0.5612438 1.02812
0.8061291 3.200003 1.23691 0.1218596 0.9391281 0.6259699
1.196816 1.094497 4.586243 0.1394485 0.5474592 1.609547
1.006441 1.794032 3.179294 0.1053849 0.5384035 1.133495
0.8807481 2.633894 1.647015 0.1179795 0.7663106 0.7464029
0.8221611 3.082299 1.413559 0.1408084 1.055783 0.8287589
0.996419 1.980521 2.674528 0.1213223 0.6409945 1.11139
1.065867 1.862163 2.516106 0.1174304 0.5582122 0.8955604
1.076846 1.642219 3.162561 0.1219718 0.5654773 1.168671
1.110084 1.545239 2.956919 0.1177565 0.5113613 0.9632199
0.9220119 2.338312 2.215214 0.1102622 0.6635698 0.9232956
1.067134 1.492978 3.835972 0.1248842 0.5817028 1.484423
1.121195 1.280611 4.421857 0.1277824 0.5519105 1.612289
1.018126 1.771072 3.069287 0.1106487 0.5542841 1.117553
0.914849 2.428081 1.892999 0.1224992 0.7462235 0.8634149
1.0436 1.648327 3.631089 0.1246853 0.6090625 1.480955
0.9400338 2.183654 2.380416 0.1160939 0.6694288 1.015271
1.006317 1.846219 3.046043 0.1216835 0.6292939 1.264488
1.187677 1.17408 3.951656 0.1362199 0.5350279 1.336925
1.093506 1.617101 2.876992 0.1119853 0.4988928 0.9181576
0.993924 1.926726 2.586902 0.1057031 0.5482729 0.9126204
1.05206 1.836008 2.775557 0.1272086 0.6202573 1.116652
0.8547746 2.768011 1.635668 0.1084733 0.7460743 0.7152156
1.064677 1.663067 3.229611 0.1384381 0.6570618 1.394463
1.097015 1.513666 3.454973 0.1242531 0.5560191 1.255065
0.8167503 3.154602 1.2449 0.1063668 0.7992569 0.5387622
1.027872 1.730267 3.079909 0.1154864 0.5693811 1.149678
1.325892 0.7455059 4.837934 0.145648 0.4853865 1.383886
1.062993 1.785198 2.724232 0.1272755 0.605032 1.060729
1.086068 1.643402 2.993431 0.1189164 0.5412692 1.047151
0.6083413 5.206213 0.5206916 0.09592809 1.238311 0.2423288
0.9560214 2.486072 1.684872 0.1122067 0.6512032 0.657397
0.6846622 4.193457 0.7901222 0.1084879 1.11464 0.3953405
1.164161 1.133511 4.69759 0.1259081 0.5112396 1.558687
1.275808 0.9430804 4.539123 0.1414991 0.5039229 1.409026
0.831979 3.187911 1.197451 0.1211949 0.8987993 0.5778493
0.7865165 3.406337 1.116835 0.1068732 0.8659703 0.5020735
0.9418482 2.236226 2.267059 0.1233969 0.7156378 1.025589
0.9727967 2.237389 2.139293 0.1170676 0.6512003 0.8724854
0.8230713 3.0629 1.29372 0.1194407 0.8806732 0.6261533
1.002519 1.960802 2.581484 0.1141103 0.5927103 0.9855836
1.01227 1.799856 3.111273 0.1105296 0.5614715 1.15255
0.9998726 2.113448 2.376131 0.1176936 0.627878 0.951014
0.8826891 2.482367 2.107395 0.1129509 0.7294986 0.9530421
0.86702 2.710545 1.650214 0.1267981 0.8522587 0.8279811
1.062489 1.819853 2.675382 0.1175828 0.5605336 0.9646641
1.074741 1.8148 2.712558 0.12295 0.5805675 1.01499
0.9081897 2.479746 1.826076 0.136 0.8426655 0.9335687
1.000007 1.99663 2.499633 0.1343553 0.7058356 1.131384
0.9241148 2.368023 1.886415 0.1124954 0.6677502 0.7712319
0.8511507 2.997212 1.344507 0.1238541 0.8769498 0.656672
1.17951 1.232386 3.690862 0.1258962 0.4964963 1.155552
0.8444828 3.075622 1.253884 0.1100966 0.7905234 0.5426917
1.082895 1.567844 3.638731 0.1237022 0.5715983 1.3815
0.848295 2.882303 1.568845 0.1155558 0.8154003 0.7367264
1.25944 0.7436283 5.784366 0.144251 0.5213939 1.851639
1.150536 1.29324 4.179256 0.139376 0.5861134 1.607272
0.9641846 2.000242 2.70577 0.1077729 0.5898386 1.036988
0.9820906 2.173843 2.128004 0.1032264 0.5576338 0.7427402
1.044542 1.690355 3.167996 0.1179476 0.5697 1.185348
0.9902105 1.955373 2.62657 0.1147776 0.6048527 1.026534
0.8944165 2.661164 1.667546 0.1316967 0.8499737 0.8381772
1.116153 1.601942 3.20037 0.1195373 0.5290696 1.103106
1.053842 1.694523 2.952024 0.1116863 0.5282925 1.011089
1.011109 1.907597 2.706797 0.1140673 0.5837779 1.023473
0.9765067 2.086707 2.427299 0.1039034 0.564173 0.8766832
1.013043 1.967854 2.48942 0.1127819 0.5775629 0.9208768
1.200757 1.126807 4.557054 0.1321173 0.517702 1.519427
0.9485818 2.197259 2.318682 0.1097214 0.625985 0.9215167
1.040897 1.792306 2.755788 0.1151147 0.5589228 0.994022
0.9643035 2.059927 2.385508 0.1068434 0.58357 0.8879766
1.147241 1.214268 4.513084 0.1297017 0.5421946 1.605171
1.158878 1.20589 3.9656 0.1285648 0.5203377 1.31509
1.140574 1.401453 3.499374 0.1360464 0.5743608 1.295631
0.9365866 2.263496 2.117816 0.1081344 0.62715 0.8307663
0.7926204 3.372174 1.050601 0.09730116 0.7727512 0.4204118
0.9940103 2.039354 2.47864 0.1063557 0.5623752 0.8937104
1.083596 1.695149 2.7849 0.1232025 0.5640402 1.007452
0.9522997 2.247939 2.119442 0.1029916 0.5837534 0.7737263
0.9328211 2.457632 1.930918 0.1232254 0.7426114 0.8784142
1.166009 1.133878 4.613835 0.1301847 0.5280676 1.57825
0.9975564 2.117725 2.203189 0.1082902 0.5723437 0.7938426
0.9297074 2.280216 2.309634 0.09786426 0.5770887 0.8440786
0.8722447 2.757861 1.623156 0.118315 0.7948408 0.7545759
0.7415104 3.9196 0.8501749 0.1342262 1.230909 0.491421
1.090994 1.566291 3.347801 0.1264271 0.5737256 1.256628
1.216691 0.9543013 4.82815 0.1487768 0.5654237 1.711126
0.8224376 2.966961 1.447821 0.09952794 0.7266061 0.5932512
1.114235 1.205634 4.901081 0.1342527 0.5850482 1.907364
1.139137 1.397193 3.471446 0.1231922 0.5177285 1.156962
0.8549528 2.918159 1.432841 0.09448091 0.6553021 0.531665
1.086503 1.544197 3.421715 0.1262356 0.574365 1.287749
1.070984 1.619678 3.222585 0.1212142 0.5631394 1.185927
1.170477 1.240172 3.787286 0.1382679 0.5564451 1.340981
1.072889 1.573737 3.664919 0.1168247 0.5447958 1.328488
1.215485 1.018829 4.904415 0.1363759 0.523333 1.638255
1.405456 0.37376 6.587713 0.1798155 0.5657414 2.087615
0.9073548 2.489186 1.971719 0.1215553 0.7594871 0.9181922
1.04637 1.760161 2.946318 0.1082665 0.5218994 1.001081
0.9321947 2.331781 1.999391 0.1034966 0.6066321 0.7503178
0.9862929 1.997315 2.671498 0.1012815 0.5393211 0.9350983
0.9440932 2.292168 2.274944 0.1212173 0.7093058 1.019188
1.002196 2.055541 2.338343 0.1167269 0.6119814 0.909017
0.7875473 3.357219 1.150467 0.1098281 0.8845638 0.5337723
1.183158 1.177834 4.18241 0.1348929 0.5366112 1.437237
0.8389499 3.184006 1.049018 0.1202721 0.8723577 0.4828896
0.9073047 2.594506 1.723587 0.1020906 0.6387851 0.6575219
1.053845 1.750772 2.895081 0.1194924 0.5727697 1.077169
0.796303 3.116101 1.381181 0.1038476 0.8044255 0.6137649
0.9406965 2.226405 2.0883 0.1106123 0.6331046 0.8256542
0.9068073 2.476272 1.837986 0.1182894 0.7311653 0.8157744
1.133426 1.219724 4.537346 0.1336755 0.5676688 1.692454
1.064176 1.735185 3.022933 0.1102356 0.52191 1.030686
1.013347 2.043596 2.244597 0.1040175 0.5327537 0.7547038
1.042523 1.755165 3.038587 0.1116006 0.5430799 1.081082
1.041521 1.737238 3.07276 0.1152649 0.5606068 1.128425
0.8763158 2.598105 1.860973 0.0969681 0.6340889 0.7130939
0.9190515 2.469155 1.957803 0.1087465 0.6651609 0.7984462
1.164817 1.30878 3.636254 0.1335751 0.5432998 1.261862
0.9089986 2.475662 1.982701 0.1026047 0.6353441 0.7736082
0.9752212 2.178586 2.194889 0.1013247 0.5544141 0.7664717
0.8245947 3.142007 1.278081 0.1246394 0.9303401 0.6467561
0.9929073 2.038375 2.485333 0.1102772 0.5853587 0.9340258
0.8205331 3.021649 1.351 0.1084041 0.7974796 0.5982691
1.035608 1.802379 2.921903 0.1203567 0.5944208 1.133323
0.9371445 2.32426 2.223727 0.1200581 0.7104691 0.9932946
0.9827303 1.969162 2.612686 0.1135666 0.6049928 1.021879
0.9197201 2.477917 1.815011 0.1418772 0.8675429 0.9544094
0.9778908 1.911357 3.056367 0.1129865 0.6083968 1.229996
0.8913965 2.495969 2.095343 0.1062427 0.6785066 0.8788243
0.964874 2.317591 1.914153 0.1162626 0.6540156 0.7685745
1.000884 1.869714 2.940752 0.1192221 0.6192518 1.194335
0.976434 2.115469 2.262338 0.1034699 0.5602349 0.8020157
0.8388208 3.049292 1.249648 0.1117097 0.8042059 0.551776
1.048177 1.589107 3.530807 0.1158344 0.5524795 1.291918
1.180339 1.144619 4.607446 0.1395569 0.5620959 1.681567
0.721429 3.959395 0.8262094 0.1260435 1.192198 0.4585348
0.7819445 3.355065 1.235622 0.09175456 0.7454114 0.4876107
1.082189 1.579192 3.308202 0.1045236 0.474481 1.026775
1.319291 0.6772565 5.223636 0.1540295 0.5186183 1.593404
0.9892442 1.941533 2.762107 0.1083765 0.5719576 1.028336
0.8339957 2.923171 1.47903 0.09443536 0.6782412 0.5725888
1.106629 1.419328 3.634732 0.1171537 0.5115784 1.210975
1.06466 1.588359 3.620974 0.1191203 0.5614921 1.352589
1.206449 1.171094 4.100101 0.1304908 0.5055429 1.320521
1.140668 1.329561 3.921708 0.1275889 0.5375331 1.372427
0.9048302 2.310663 2.201079 0.1132287 0.690996 0.9553956
1.091344 1.450353 3.636201 0.1260366 0.564142 1.342281
0.9128255 2.569465 1.69501 0.1168162 0.7246897 0.733229
0.8808623 2.688358 1.766972 0.1092376 0.7214542 0.758858
0.9767975 2.145667 2.402413 0.113982 0.6278791 0.9639486
0.9411516 2.239379 2.323241 0.1091285 0.6335379 0.9344921
1.140978 1.430609 3.617671 0.1237629 0.5256802 1.23943
1.030471 1.867893 2.678585 0.1160735 0.5774832 0.9987788
0.9932581 2.151247 2.092658 0.1098203 0.583672 0.7623567
0.8366152 2.874675 1.668644 0.1267319 0.9125449 0.8847223
0.9073557 2.574828 1.895356 0.1204231 0.7625437 0.8769632
1.040651 1.717677 3.336684 0.1070252 0.5225537 1.156923
0.9471363 2.327617 2.012136 0.1165181 0.6741392 0.8397189
1.003564 1.881482 2.691148 0.1150979 0.5900499 1.026133
1.291296 0.5447672 7.506894 0.1544565 0.5487609 2.514941
0.8070335 3.200031 1.355376 0.1159972 0.8995521 0.6648755
1.032633 1.798095 2.937809 0.1167418 0.5772956 1.107042
1.149484 1.174713 4.40105 0.1330574 0.5488113 1.561491
1.109137 1.388609 4.202271 0.1336281 0.5936622 1.661717
1.008602 1.868114 3.076976 0.1156022 0.5989823 1.219484
1.124523 1.578933 2.986421 0.1173866 0.5075536 0.9721674
0.8597353 2.817115 1.527865 0.1093386 0.7482514 0.6597122
1.058257 1.738195 2.88784 0.1210786 0.575741 1.077217
1.013747 1.95392 2.6019 0.1198821 0.61596 1.032847
0.6917383 4.421653 0.6821293 0.1066633 1.109002 0.3240597
1.064733 1.543846 3.460457 0.1243391 0.5782081 1.313558
1.111279 1.475858 3.609151 0.115575 0.5072339 1.199435
0.7855024 3.329152 1.093558 0.1236103 0.9891811 0.5647355
0.8928927 2.749563 1.442703 0.1270016 0.821505 0.6812179
1.010902 2.006411 2.397576 0.1177187 0.6070638 0.9270496
1.127882 1.267807 4.084039 0.130498 0.5534091 1.467723
0.9712638 2.216374 2.092628 0.1267351 0.7036578 0.9201485
0.9113637 2.440672 2.041038 0.1272953 0.7881553 0.9942594
1.061216 1.684757 2.948385 0.1294433 0.6097497 1.163271
0.9607786 2.208672 2.257799 0.1189951 0.6715797 0.9588349
1.033107 1.885262 2.73484 0.1175915 0.5875731 1.042216
0.8531192 2.752795 1.767019 0.118141 0.8175254 0.854862
1.06295 1.706654 3.041277 0.1262889 0.599628 1.190956
1.117923 1.481664 3.339252 0.1232886 0.5350098 1.155916
1.058233 1.87439 2.471565 0.1339554 0.6453818 1.015374
0.9903143 1.973605 2.61532 0.1088456 0.5741932 0.9700804
0.7566851 3.546611 1.102137 0.0898872 0.7703967 0.4317196
0.9214037 2.525445 1.728576 0.1195597 0.7287947 0.7550334
0.9038364 2.618151 1.703711 0.1044384 0.6594903 0.6693368
0.8506805 2.778348 1.785253 0.1291727 0.9043905 0.9555938
1.078859 1.627258 3.153166 0.1163653 0.5351507 1.099926
1.213659 0.9290181 5.239781 0.150644 0.5790065 1.924544
1.023512 1.829269 3.227088 0.1177023 0.5995626 1.287754
0.8525134 2.903741 1.463478 0.1243877 0.8715443 0.7255983
1.057743 1.654567 3.180073 0.118769 0.5618722 1.169427
0.7928952 3.050291 1.605795 0.1150677 0.8970502 0.8160415
0.8116869 3.082245 1.329341 0.09862316 0.7400866 0.5422961
1.083328 1.597804 3.240758 0.1187256 0.5414759 1.143298
1.038199 1.777368 3.044682 0.1303384 0.6440383 1.286842
1.309746 0.6561332 6.001764 0.1596601 0.5529856 2.004842
1.030499 1.923433 2.418795 0.1079684 0.5346559 0.8224759
1.051513 1.795481 2.983123 0.1175829 0.5717637 1.116505
0.9769938 2.254367 1.916769 0.1207805 0.6634169 0.7825881
0.9418663 2.196693 2.455101 0.1247208 0.7248165 1.140636
1.028463 1.795178 2.836239 0.111051 0.5478554 1.008593
1.0154 1.899006 2.846703 0.1199004 0.6152839 1.14445
0.8335151 2.954405 1.471618 0.126643 0.9177451 0.765202
1.142464 1.293759 4.111952 0.1393627 0.5888615 1.583086
0.8927805 2.618803 1.710165 0.1139432 0.7297562 0.742717
0.947453 2.235791 2.257227 0.09493258 0.5412474 0.7712902
0.9981924 2.126855 2.04482 0.1243533 0.6547667 0.8320093
0.9717033 2.108848 2.385547 0.1252392 0.6896518 1.050053
0.8166247 2.976196 1.437506 0.1266108 0.9371293 0.7581866
0.5851462 5.487472 0.4650228 0.09816841 1.359365 0.2271332
0.7834681 3.443466 1.119502 0.1184281 0.9707538 0.56131
0.8806786 2.751142 1.604084 0.11629 0.7713986 0.7229891
1.053368 1.81513 2.736648 0.1086077 0.5214481 0.9211544
0.8749377 2.705865 1.672541 0.1278586 0.8512612 0.839513
1.048888 1.762242 2.996824 0.1185311 0.5740014 1.123709
1.088217 1.600391 3.002595 0.1238823 0.5584549 1.078601
1.072469 1.589508 3.239031 0.109753 0.5028731 1.059805
1.099265 1.639789 2.896915 0.1157028 0.5164717 0.9605271
0.8531163 2.895265 1.424466 0.1098402 0.7634199 0.6167499
1.09577 1.491498 3.522514 0.1209832 0.540004 1.24306
1.027879 1.867242 2.773452 0.1155368 0.5787489 1.042739
1.010344 1.847132 2.992292 0.1238174 0.6362564 1.251221
1.115177 1.489866 3.596149 0.1200583 0.5270942 1.242713
0.8065192 3.368702 0.9913484 0.1299446 1.010288 0.5135179
1.104936 1.486133 3.551823 0.1229542 0.5449225 1.266998
0.9427669 2.267468 2.111397 0.1132769 0.653915 0.8631411
0.8756484 2.64185 1.729573 0.09868891 0.6477359 0.6685157
1.074204 1.621465 3.01118 0.1253262 0.5762143 1.120249
1.109498 1.37847 4.259865 0.1249729 0.5527521 1.568129
0.9959193 2.041472 2.509673 0.1219517 0.6480633 1.044755
0.9070756 2.557592 1.709316 0.1123948 0.7002357 0.7160695
0.9673105 2.349401 1.872791 0.1105143 0.622713 0.7139634
1.088756 1.535522 3.223528 0.1236459 0.5550257 1.157642
0.8312973 3.099635 1.180082 0.1157262 0.8443705 0.539772
0.9340454 2.387215 2.030641 0.1132532 0.6733936 0.8461901
