2.99752 1.843036 0.7910982 0.1615128 0.2137399 0.08353596
2.881192 2.239603 0.6382645 0.1512231 0.2239993 0.07029179
2.82605 2.163116 0.73911 0.1550179 0.2370968 0.08871128
3.00806 1.906013 0.7821754 0.1632567 0.2190093 0.08518671
3.154304 1.784648 0.8237134 0.1753475 0.2193361 0.0892077
3.003225 2.006807 0.7973817 0.1630148 0.2272776 0.09199325
3.119405 1.843667 0.8605216 0.1747765 0.2271027 0.09857215
3.106654 1.844115 0.7939015 0.1734387 0.2219716 0.0868976
2.888071 2.097914 0.7435304 0.1571805 0.2308719 0.08648608
2.939172 1.947111 0.8077155 0.1595876 0.2239488 0.09140788
3.304858 1.497846 0.9267559 0.1881983 0.2120692 0.09411488
3.100858 1.732854 0.8574547 0.1767084 0.2234882 0.09454901
3.193132 1.721816 0.9113787 0.1801931 0.2231138 0.1018201
2.936125 2.092336 0.7175118 0.1543321 0.2204097 0.0790606
2.877589 2.049288 0.7606156 0.152303 0.2215159 0.08498464
2.931242 2.160162 0.6860237 0.1533417 0.2216327 0.07567334
3.285446 1.798889 0.7757725 0.1762097 0.2081698 0.07860919
3.094133 1.924212 0.7339335 0.1661492 0.2138584 0.07681875
2.940145 2.072434 0.7442551 0.1641927 0.2352617 0.08780958
2.951196 2.026441 0.799816 0.1631571 0.2340125 0.09536787
3.031011 2.153966 0.6935921 0.1590082 0.2216276 0.07653672
2.972002 1.943871 0.813523 0.1647122 0.2285054 0.09384541
2.699065 2.324822 0.6557959 0.1458766 0.2391497 0.07813961
3.065256 1.892094 0.8253492 0.1701809 0.2262153 0.09390532
2.80585 2.19093 0.6901026 0.1488115 0.2273679 0.07839773
2.912932 2.082658 0.7084676 0.1535239 0.2195122 0.07733406
3.275508 1.732236 0.8093376 0.1756211 0.2061938 0.08124348
3.218681 1.6503 0.9072457 0.1864426 0.224857 0.1005039
2.842369 2.059048 0.7725688 0.1570428 0.2334735 0.09125271
2.994202 1.955627 0.7877677 0.1624339 0.2224839 0.08795701
3.054683 1.965535 0.7567883 0.1636938 0.218005 0.08202577
2.87601 2.326485 0.584807 0.1470181 0.2191209 0.06207248
3.029649 1.983728 0.7285122 0.1635372 0.2185807 0.07843397
3.003071 1.891952 0.7954751 0.1634353 0.2197241 0.08715251
3.089126 1.834872 0.8297228 0.1732943 0.2246372 0.09285728
3.112304 1.863906 0.8265064 0.1704557 0.220787 0.0914155
3.026409 1.854913 0.8108061 0.1637248 0.2161858 0.08725085
2.85918 2.317294 0.6237457 0.146805 0.2235284 0.06874895
2.913579 2.120869 0.7641279 0.1610435 0.2380628 0.09252422
3.22194 1.747003 0.8870951 0.1806761 0.2215467 0.0980813
2.989235 2.060392 0.6847669 0.1565269 0.2136641 0.07173388
2.897063 2.189504 0.7324569 0.1574154 0.2358732 0.08747023
3.105053 1.79367 0.8695957 0.1756039 0.2262206 0.09853976
3.060736 1.895753 0.8079657 0.1654409 0.2185534 0.08839828
3.050794 2.037365 0.7022221 0.1605093 0.2149228 0.07433688
2.920995 2.146992 0.6626373 0.1535399 0.21998 0.07172363
2.98417 1.999894 0.7703708 0.1577592 0.2189547 0.08492711
3.259567 1.688709 0.9162627 0.1842323 0.2215092 0.1010895
3.066639 1.803063 0.8146409 0.1689955 0.2171938 0.08727027
2.91899 2.161734 0.6844898 0.1537003 0.2228556 0.07580551
2.850581 2.140482 0.7246798 0.1584987 0.2375595 0.08638726
2.947886 2.087989 0.7432668 0.1582832 0.2267063 0.0848356
2.78095 2.2462 0.6602095 0.1456461 0.2258234 0.0740402
2.972674 1.957724 0.7973765 0.161622 0.2246065 0.09036511
2.807239 2.28845 0.6408737 0.1456896 0.2253383 0.07149072
3.009733 1.794267 0.8627205 0.1678986 0.2228137 0.09621968
2.971156 2.005813 0.7886533 0.1619461 0.226796 0.09031622
3.360363 1.641799 0.8899553 0.1924738 0.2199722 0.09563625
3.209197 1.692928 0.8856107 0.1804651 0.2188298 0.09570401
3.063319 1.946532 0.7432093 0.1630507 0.2141226 0.07851114
3.05109 2.007227 0.706629 0.163016 0.2166002 0.07510242
3.027777 2.056003 0.6922284 0.1615507 0.2183577 0.07420671
3.185793 1.867267 0.7398907 0.1706274 0.209665 0.07536254
2.863605 2.181998 0.682105 0.1543803 0.2295566 0.07775308
2.96937 1.999295 0.7558257 0.1579762 0.2191515 0.08287147
3.251421 1.654735 0.9826511 0.189938 0.2315289 0.1147517
3.082446 1.81645 0.8277731 0.171142 0.220894 0.09081728
3.003729 2.069708 0.7383154 0.1629091 0.2273403 0.0840817
2.577947 2.646001 0.5595011 0.1366935 0.2513191 0.06861825
3.072659 1.963629 0.7989577 0.1680978 0.2261059 0.09113749
2.89317 2.120324 0.7517084 0.1571071 0.2326225 0.08861821
2.891278 2.105255 0.7548016 0.1568859 0.2314494 0.08845995
2.789889 2.305406 0.6521107 0.145757 0.2302536 0.0749281
3.109714 1.900296 0.7037903 0.1626918 0.2040324 0.06925655
2.997584 2.09349 0.7325171 0.1598096 0.224684 0.08263196
3.164283 1.775227 0.8223516 0.171247 0.211934 0.08591406
3.100203 1.834263 0.7509372 0.1653634 0.2078415 0.07582021
3.149805 1.865481 0.7713121 0.1702953 0.2145549 0.0814258
2.899146 2.114049 0.6657217 0.1499759 0.2142979 0.07010379
3.021127 1.91965 0.7823629 0.1642865 0.2204613 0.08595815
2.880639 2.135955 0.7480112 0.1568625 0.2348337 0.08916475
2.748852 2.292808 0.6895589 0.146885 0.236268 0.08203962
2.880404 2.081206 0.7524412 0.1614992 0.237525 0.08997912
3.368915 1.583628 0.9179071 0.1919175 0.2170351 0.09709876
3.100221 1.831506 0.8252013 0.1724521 0.2223614 0.09132274
2.806396 2.096654 0.7588383 0.1534922 0.232773 0.08938307
2.919233 2.030384 0.7697639 0.1628863 0.2336877 0.09054546
3.007673 1.994953 0.7531306 0.1635869 0.2234156 0.08383512
3.017225 1.898116 0.8303213 0.1738858 0.2354506 0.09822879
3.144361 2.042082 0.7049263 0.1641465 0.2142599 0.07465904
2.980435 2.013959 0.7111027 0.1604247 0.2190719 0.07660662
3.008903 2.026797 0.7483474 0.1626055 0.2238715 0.083746
2.906419 2.109079 0.7245529 0.1589655 0.2300948 0.08324168
2.851475 2.159459 0.675271 0.1524506 0.2256578 0.07536248
2.77016 2.206185 0.6713598 0.1482422 0.2290258 0.07630549
2.833882 2.067141 0.7292135 0.1523742 0.2240817 0.08153405
2.867421 2.232247 0.6510964 0.1478887 0.2208023 0.07114753
2.986267 1.994289 0.7767311 0.1607469 0.223405 0.08742672
3.024068 2.02782 0.7438205 0.1618782 0.2224566 0.08282665
2.80322 2.139069 0.7121957 0.1515551 0.2290932 0.08151967
2.965768 1.994621 0.7951116 0.1650149 0.2315167 0.09293378
2.921376 2.192281 0.716083 0.1601749 0.2374975 0.08563751
2.968528 2.080768 0.7380142 0.1645995 0.2335413 0.08634809
2.720257 2.335605 0.674211 0.1455254 0.2380967 0.08054398
3.33424 1.587337 0.9642092 0.1911002 0.2210998 0.105426
3.063039 1.911734 0.788262 0.1673946 0.2206523 0.0865716
2.895751 2.133295 0.7543489 0.1598201 0.2376587 0.09095161
2.980055 1.956909 0.8338915 0.1691306 0.2367403 0.1004138
2.891981 2.143735 0.7055953 0.1556378 0.2279831 0.08026602
3.244758 1.70742 0.8431623 0.1793351 0.213311 0.0879421
2.953673 1.992866 0.7331273 0.1580723 0.2178753 0.0790141
3.076982 1.773062 0.8566451 0.1665681 0.2137354 0.0912366
2.885693 2.104156 0.703278 0.150302 0.2180774 0.07640195
3.058598 1.925066 0.7577838 0.1592352 0.2093369 0.07869
2.838292 2.250354 0.6917127 0.1485837 0.228418 0.07946462
3.063978 1.817132 0.825976 0.1696912 0.2201512 0.09026881
3.063443 1.927761 0.7386519 0.1675384 0.2183703 0.07898588
2.863446 2.232278 0.72149 0.1593849 0.2445187 0.08923314
2.966231 2.064529 0.715829 0.1591486 0.222769 0.07921449
3.087746 2.027105 0.677574 0.1642875 0.2145982 0.0706883
2.860592 2.105646 0.7047108 0.1530476 0.2235636 0.07823366
3.018757 2.08251 0.7171178 0.1619734 0.2244474 0.08023401
3.01261 1.969773 0.752903 0.1602274 0.2171376 0.0813988
2.949502 2.071604 0.7205465 0.1565458 0.2216282 0.07969413
2.825584 2.19907 0.6894787 0.1523651 0.2320953 0.07994259
3.15609 1.834996 0.787395 0.1729284 0.2160285 0.08355204
3.113256 1.769914 0.8481681 0.1747417 0.2213462 0.09298302
2.921859 2.009831 0.7629014 0.1598127 0.2264901 0.08655141
2.908899 2.045691 0.7897741 0.162346 0.235844 0.09450689
3.198821 1.742141 0.8246507 0.1738329 0.2111207 0.08537323
3.168468 1.816961 0.8260651 0.1765518 0.2216125 0.09084747
2.850528 2.243923 0.6490068 0.1502523 0.2258508 0.07234799
2.833902 2.193932 0.6797142 0.1509845 0.2281274 0.07719799
2.945567 2.137893 0.7230793 0.1516816 0.2191098 0.07987659
2.940184 2.116896 0.6874793 0.1551619 0.2206149 0.07509397
3.170151 1.79238 0.806234 0.1676271 0.2074915 0.08253445
2.849596 2.255856 0.6396376 0.1478908 0.2229997 0.07038093
2.737111 2.458109 0.5937068 0.1449777 0.2380334 0.06921255
3.001817 2.07341 0.7074198 0.1570264 0.2169101 0.07620158
3.06122 2.021746 0.7577462 0.1644013 0.2228021 0.08467834
3.12222 1.82913 0.7943533 0.1710936 0.2164328 0.08463092
2.816632 2.187417 0.7364809 0.1560837 0.2416295 0.0902334
2.583006 2.672511 0.5645058 0.1387871 0.2558484 0.07043428
3.224328 1.770176 0.8125959 0.1784225 0.2160692 0.08603229
2.939573 2.167512 0.6518393 0.1517666 0.2159846 0.06915943
3.110651 1.808862 0.8597434 0.1756336 0.2264137 0.0975158
2.842855 2.142139 0.7249913 0.1536721 0.2307472 0.08411212
3.148549 1.782723 0.8166557 0.1750612 0.2181981 0.08760507
2.89524 2.236304 0.6436965 0.15106 0.2233288 0.07092089
2.98019 2.0265 0.7363679 0.1596879 0.2208109 0.08092003
3.052015 1.983636 0.7501588 0.1659817 0.2221767 0.08278353
2.917353 2.087132 0.6947852 0.1503368 0.2142261 0.07386811
2.893994 2.109985 0.7157651 0.1537081 0.2235052 0.07995119
2.896087 2.127013 0.6684642 0.1527921 0.2189577 0.07186575
2.876055 2.194835 0.665961 0.1509897 0.2233155 0.0736688
2.856252 2.268602 0.6544443 0.1511554 0.230403 0.07494648
3.155076 1.920611 0.7305467 0.1668435 0.2095702 0.07481646
3.157513 1.892592 0.7715598 0.1730254 0.219111 0.0834138
2.991967 1.96629 0.7602405 0.1617055 0.221323 0.08391505
3.111804 1.796149 0.8617016 0.1734491 0.222396 0.09587379
2.933015 2.109103 0.7389546 0.1572914 0.2273761 0.08462543
3.037267 1.904505 0.795224 0.1629003 0.2168712 0.08618817
2.942691 1.926904 0.7543781 0.1593533 0.2173292 0.08085078
2.705332 2.476796 0.618625 0.1420758 0.2398592 0.07360276
2.976501 2.126345 0.7193783 0.1604442 0.2284436 0.08231673
3.240232 1.703218 0.8206761 0.1790334 0.2116037 0.08416198
2.834907 2.133528 0.6834873 0.1506736 0.2227008 0.07528676
2.870606 2.254469 0.6358932 0.1522965 0.2275822 0.07114756
2.866001 2.210481 0.6876366 0.1506212 0.2265016 0.07795817
2.960935 1.937647 0.8088643 0.1657675 0.2299709 0.09356287
3.091195 1.890397 0.7376479 0.1681355 0.2148496 0.07719043
2.895716 2.182664 0.6808704 0.1507397 0.2216062 0.07514182
3.148129 1.88456 0.7939019 0.1749544 0.2233951 0.08802529
2.874457 2.255308 0.6321748 0.1478503 0.2192018 0.06804602
2.917838 2.131463 0.6855963 0.1541029 0.221647 0.07530128
2.965137 2.022483 0.7396507 0.1595831 0.222367 0.08199415
2.937468 2.059183 0.7393294 0.1552179 0.2204876 0.08172588
2.901868 2.196968 0.6756721 0.1521204 0.2244634 0.07562928
2.999469 1.984917 0.746979 0.1609416 0.2192405 0.08139676
3.002774 1.972806 0.7650261 0.1646869 0.2253108 0.0860689
2.952055 1.981361 0.7718635 0.1623128 0.2259741 0.08720319
2.897027 2.019517 0.7589204 0.1539125 0.2202524 0.08392676
2.934398 2.053155 0.7157316 0.1541206 0.2173693 0.07734186
2.936522 2.096059 0.6976716 0.1583038 0.2241407 0.07729697
2.992651 1.920522 0.7933353 0.1658631 0.2252457 0.08920548
3.083727 1.777932 0.8612181 0.1772891 0.2289694 0.0982187
3.348309 1.751138 0.767393 0.1801467 0.2053264 0.07574374
2.8116 2.192331 0.6596388 0.1446346 0.2180513 0.07116967
3.070066 1.788722 0.8677176 0.1736856 0.2257037 0.09793073
3.084744 1.979654 0.7170805 0.1624575 0.2123146 0.07481992
3.161513 1.692541 0.8826112 0.1769251 0.2178312 0.09495471
3.183202 1.732785 0.8443904 0.178787 0.2184222 0.09049568
3.118653 1.917515 0.7107149 0.1614054 0.2034813 0.07024581
2.933697 2.112265 0.6810787 0.154513 0.2181729 0.07316734
3.184127 1.711486 0.8694272 0.1792312 0.2198573 0.09435968
3.149314 1.767458 0.84897 0.1730354 0.2166632 0.09131353
3.065331 1.871555 0.8502686 0.1691745 0.2242393 0.09625614
2.903498 2.104349 0.715474 0.1603485 0.232377 0.08280461
3.31486 1.519038 0.9939192 0.1946731 0.2240103 0.1091444
2.857962 2.102134 0.7523593 0.1570894 0.2338963 0.08886142
3.131744 1.868833 0.7805284 0.1683278 0.2142022 0.08265172
3.004055 2.032954 0.7239249 0.1620378 0.2223842 0.07985835
3.099869 1.88016 0.7757876 0.1682553 0.2164563 0.08288479
3.199562 1.771307 0.776445 0.1758786 0.2121954 0.07969818
3.048965 1.905665 0.8105203 0.169911 0.2267414 0.09207297
3.135466 1.779548 0.8703381 0.1748062 0.2224273 0.09696499
2.93968 2.025491 0.7602703 0.1601157 0.2269962 0.08668089
3.136089 1.762755 0.8551447 0.1769164 0.2224546 0.09427699
3.08572 1.915611 0.7645537 0.1670812 0.217142 0.08202551
3.009696 1.865034 0.809538 0.1653654 0.2205477 0.08892203
3.033024 1.85149 0.8680387 0.1721237 0.2312417 0.1015486
2.858225 2.173036 0.6772279 0.1550673 0.2302522 0.07720737
3.088531 1.840276 0.7944243 0.1704133 0.2184345 0.08548359
3.009223 2.025965 0.7606947 0.1607258 0.2225476 0.08518515
3.075311 1.884526 0.7813707 0.1673584 0.2183974 0.08457827
3.088784 1.888739 0.7443338 0.1667495 0.2137001 0.0777317
2.86632 2.180965 0.6982805 0.1536842 0.2294085 0.08006653
3.278166 1.588249 0.9067713 0.1861601 0.2156761 0.0950293
3.152449 1.760662 0.8662486 0.1754158 0.2200305 0.09492281
2.834326 2.313626 0.6489422 0.1501438 0.2320943 0.07476031
2.930148 1.951994 0.8251555 0.1602197 0.2269662 0.09518928
3.106612 1.980566 0.7238329 0.1641704 0.2137408 0.07624052
3.14811 1.805224 0.7862232 0.1715136 0.2132732 0.0820344
2.93216 2.190661 0.6816458 0.1550126 0.2253049 0.07639704
3.025406 1.929048 0.7693109 0.163787 0.2194294 0.08392833
3.251416 1.593411 0.947187 0.1884699 0.2234358 0.104237
2.826457 2.229133 0.7133194 0.1561547 0.2418331 0.08701565
3.18284 1.83797 0.8466805 0.1777865 0.2249568 0.09552554
3.006909 2.006485 0.7674541 0.1631985 0.2247526 0.08655276
2.971812 2.063884 0.7179228 0.1573126 0.2193256 0.07826782
3.006205 1.977364 0.7529436 0.159891 0.2168413 0.08124824
3.068126 1.951162 0.7754397 0.1687088 0.2250211 0.08714944
2.787448 2.275008 0.6740391 0.147898 0.2314217 0.0779069
3.109924 1.937622 0.7496081 0.1658426 0.2150596 0.07972796
2.770385 2.212428 0.7171057 0.1505225 0.2369699 0.085844
3.097667 1.931361 0.7815824 0.1710872 0.2253047 0.08789115
2.860698 2.17034 0.6934316 0.1518343 0.2259915 0.07817447
2.948725 2.082544 0.6843435 0.1546051 0.2158213 0.07265736
3.073606 2.044909 0.7507266 0.1662606 0.2262645 0.08530922
3.256658 1.628052 0.9116598 0.1864316 0.2204893 0.09867797
2.65676 2.56146 0.5926093 0.141642 0.2484888 0.07255739
2.856409 2.159427 0.6917609 0.1532789 0.2273213 0.07818425
2.869926 2.096647 0.7498425 0.1552652 0.2299792 0.08713676
3.099484 1.75993 0.8393843 0.1726632 0.218485 0.09046479
3.215456 1.708672 0.8684129 0.1800257 0.2181434 0.09341133
2.955105 1.999627 0.7733266 0.1610559 0.2259223 0.08779227
3.178526 1.804467 0.8354335 0.1748753 0.2181207 0.09053678
2.82119 2.155604 0.6852265 0.1497087 0.2241246 0.07621876
3.14238 1.809987 0.820124 0.1727017 0.2173815 0.08823011
2.931524 2.116847 0.7026781 0.1587274 0.2273087 0.07933471
2.898241 2.004227 0.7419016 0.1545907 0.2184582 0.08058915
2.884461 2.136907 0.7368475 0.1571417 0.2330956 0.08662787
2.885347 2.229751 0.6814431 0.1491872 0.2232182 0.07611989
3.041606 1.851642 0.8379303 0.1691954 0.2245746 0.09439138
3.147483 1.758653 0.8044435 0.1722362 0.2123864 0.08338139
2.829919 2.186246 0.7228235 0.1539416 0.2357967 0.08606364
3.10339 1.91378 0.7514477 0.1673194 0.2157892 0.07982873
2.979773 2.089154 0.68728 0.1574108 0.2188125 0.07417929
3.173388 1.87192 0.7630626 0.1739749 0.2170542 0.08114129
2.986009 1.984159 0.7931205 0.1668226 0.2315694 0.09247869
3.194646 1.714086 0.8687789 0.1798015 0.219483 0.09404847
3.412544 1.587375 0.8885266 0.1939346 0.2146242 0.09204894
3.024267 2.048439 0.7256044 0.1598042 0.219092 0.07923531
3.104904 1.883276 0.7926704 0.1712061 0.2214761 0.08714235
2.926508 2.180558 0.7059375 0.1582905 0.2329482 0.08253811
2.920772 2.168974 0.675859 0.1522167 0.2202366 0.0738142
2.846136 2.193703 0.6968867 0.1500619 0.2270803 0.07939509
3.060683 1.943875 0.748415 0.1630657 0.2142982 0.07920556
2.903819 2.080629 0.7464468 0.1555915 0.2266466 0.08534438
2.82756 2.242785 0.7051732 0.1515179 0.2350662 0.08370778
2.817942 2.333807 0.5969148 0.1443873 0.2214752 0.06445509
2.881123 2.123892 0.7050461 0.1540608 0.2261906 0.07961503
3.125116 1.745316 0.8415074 0.1725281 0.2157224 0.08944499
2.849029 2.148694 0.7263183 0.158419 0.2392163 0.08747167
3.3638 1.503197 0.9844948 0.1926256 0.2167431 0.104144
3.129103 1.825149 0.8012715 0.170743 0.2157959 0.08533054
2.98392 1.975729 0.7739999 0.1609586 0.2217326 0.08601002
3.111815 1.793934 0.8842111 0.1773564 0.2289377 0.1018221
2.734212 2.307721 0.6717026 0.1510446 0.2446093 0.08215486
2.677348 2.435478 0.6481061 0.1417314 0.2423345 0.07879483
2.789331 2.229963 0.6768526 0.15076 0.2339723 0.07895684
3.129263 1.694911 0.8801209 0.1750875 0.2178657 0.09468915
3.155033 1.78853 0.8092074 0.1732901 0.2144921 0.08511235
3.108464 1.941321 0.7800723 0.168216 0.2204139 0.08588966
2.983162 1.986425 0.7673017 0.1630841 0.2247868 0.08621056
2.86009 2.271376 0.6758587 0.1548816 0.2368533 0.07997454
2.889843 2.055361 0.7587296 0.1612646 0.2339538 0.08912503
2.879194 2.211223 0.6898464 0.1548149 0.2327785 0.08041996
2.975585 2.079654 0.6674101 0.1533138 0.2105448 0.06873379
2.983553 2.065972 0.7458253 0.1631973 0.2291009 0.08564738
3.63438 1.314784 1.025001 0.2159038 0.2159411 0.1036896
2.806049 2.259257 0.6602953 0.151074 0.2327501 0.07617353
2.74144 2.332383 0.6384617 0.144979 0.232988 0.07375397
3.027657 1.985059 0.7141714 0.1557536 0.207291 0.07286868
2.966156 2.052179 0.7381932 0.1585433 0.2226631 0.08224256
3.102952 1.862773 0.7692311 0.1662342 0.2122259 0.08029285
2.703653 2.465297 0.5987699 0.1409178 0.236307 0.06972277
3.276368 1.632075 0.9109932 0.1825603 0.2142881 0.09604289
2.677646 2.467251 0.6310746 0.1384833 0.2370082 0.07470131
2.847214 2.259378 0.6796145 0.1522704 0.2327413 0.07904233
3.310661 1.506571 0.9174367 0.1912164 0.2147486 0.09401001
2.865024 2.334671 0.646545 0.1517391 0.233316 0.0749238
3.283222 1.701414 0.8372481 0.186082 0.2185138 0.08903414
3.147021 1.815304 0.8391812 0.1760465 0.2235503 0.09353573
2.923257 2.099094 0.7115502 0.1561401 0.2241918 0.07953188
2.799468 2.14378 0.7355619 0.1507412 0.2310327 0.08587747
3.175538 1.832652 0.8000421 0.1742566 0.2179843 0.08619342
2.972316 1.973116 0.8122356 0.1635164 0.2287276 0.09419307
2.876148 2.208659 0.6562661 0.150304 0.222216 0.07203774
2.788136 2.31983 0.6399771 0.1452662 0.22864 0.07259725
3.026788 1.948409 0.7977413 0.1692309 0.2293204 0.09173953
3.02209 1.981212 0.7468678 0.1605845 0.2170671 0.08066194
2.863242 2.151535 0.7426397 0.1510731 0.2263199 0.08516207
3.344094 1.566134 0.9220108 0.1894988 0.214621 0.09615269
3.046123 1.836086 0.8152219 0.167235 0.2186936 0.08852013
2.88985 2.066665 0.7115247 0.1524917 0.218644 0.07725371
2.982733 2.193198 0.6421501 0.1539173 0.2166891 0.06822447
2.84887 2.174617 0.7070573 0.1499362 0.2247519 0.0796745
3.025743 1.987259 0.8054151 0.1658804 0.228535 0.09332527
2.965313 2.039543 0.7146662 0.1574442 0.2185472 0.0773636
3.010407 2.087796 0.6786078 0.1602272 0.2194019 0.07306825
3.197731 1.81891 0.8040803 0.1745528 0.2156471 0.0855566
2.871699 2.144764 0.6718021 0.1503442 0.2190147 0.07258485
2.939617 2.215748 0.6610694 0.1525252 0.2218007 0.07272086
3.210412 1.679249 0.8177669 0.176092 0.2083572 0.08214577
2.773811 2.366591 0.6246173 0.1458331 0.2323527 0.07167338
2.787821 2.279353 0.6625955 0.1472829 0.2305052 0.07610304
3.0276 1.940096 0.7597844 0.1611448 0.2158112 0.08150735
3.036491 2.038446 0.7215733 0.1625039 0.2211026 0.07922978
2.800091 2.309305 0.6575578 0.1472673 0.2312905 0.07584526
2.95496 2.052645 0.7482045 0.1587849 0.2255113 0.0848682
2.853925 2.134366 0.7632767 0.1580863 0.2391026 0.09283453
3.084051 1.798507 0.8861613 0.1738406 0.2273342 0.1017026
3.163671 1.841636 0.7648216 0.1717325 0.2135925 0.0798536
2.871283 2.172873 0.6799094 0.1532288 0.2267399 0.07653364
2.991547 1.876804 0.7939595 0.1647076 0.220801 0.08698466
2.963275 2.014873 0.7354833 0.1610386 0.2235734 0.08166275
3.179328 1.860016 0.7807101 0.1726613 0.215604 0.08296255
3.018465 1.908283 0.8016005 0.1662061 0.2236872 0.08970452
3.224406 1.580591 1.009004 0.1877226 0.2267909 0.1143897
2.857739 1.985049 0.8040408 0.1566591 0.2285409 0.09315021
3.045315 1.938774 0.745846 0.1630462 0.2155217 0.07932898
2.913103 2.122207 0.6834185 0.1526034 0.2181211 0.07363899
3.116039 1.93774 0.7036372 0.1636683 0.2078901 0.07103861
2.686834 2.468851 0.5862446 0.1385374 0.2314047 0.0663573
3.046516 1.954754 0.7757653 0.1684533 0.226147 0.08754998
2.930995 2.154794 0.6891905 0.1570871 0.2264133 0.07745235
2.942043 2.059654 0.7694135 0.161206 0.2308982 0.08975585
3.132979 1.81761 0.7747483 0.1661385 0.2071724 0.07850969
3.0584 2.099669 0.6896963 0.1588753 0.2159267 0.07373003
2.969205 2.001059 0.7791757 0.1569525 0.2187923 0.08596156
3.048953 1.972426 0.7360924 0.1642945 0.2184653 0.07940122
3.021951 1.920129 0.8256693 0.1710568 0.2323318 0.09667698
3.307332 1.611351 0.8502383 0.1834671 0.209018 0.08540835
2.982587 1.957988 0.8325454 0.1642989 0.2300516 0.097711
3.175082 1.810644 0.8419133 0.1779904 0.223308 0.09360415
3.080313 1.84151 0.8102693 0.1676208 0.2167748 0.08720588
2.815388 2.188878 0.678822 0.1486841 0.2247691 0.07581131
3.616393 1.305128 0.9923639 0.2158068 0.2145417 0.09834824
2.827254 2.241684 0.6633441 0.1478199 0.2253731 0.07432243
3.149173 1.728946 0.9094532 0.1774047 0.2232691 0.1018131
2.947051 2.077979 0.7039493 0.1570444 0.221367 0.07723824
2.963409 2.078644 0.7180017 0.1600768 0.2251224 0.08039326
3.260045 1.708785 0.8678955 0.1835961 0.2192585 0.09373268
2.894401 2.160672 0.6581417 0.1463217 0.2116452 0.06871644
3.146065 1.754628 0.8397264 0.1767583 0.2198049 0.09083742
3.023699 1.964367 0.7504029 0.1605503 0.2153914 0.08021481
2.94199 2.021829 0.7176659 0.1519288 0.2110822 0.07507109
2.860869 2.189384 0.6708989 0.1503697 0.2229667 0.07410362
2.926509 2.20007 0.6559997 0.1526587 0.2209808 0.07151873
2.945383 2.106174 0.7228529 0.1556507 0.2229879 0.08084627
3.061511 1.950798 0.8341697 0.1714678 0.2333726 0.09908793
2.949775 1.924256 0.8415985 0.1638675 0.230213 0.09858402
2.984135 1.910931 0.7765944 0.1609297 0.2167421 0.08349136
3.040275 2.019689 0.7732728 0.1642969 0.2251238 0.08772948
3.398536 1.553801 0.8847387 0.1924126 0.2116465 0.0896305
3.103511 1.894569 0.808856 0.1707674 0.2233703 0.09049321
2.999752 2.019381 0.7370415 0.162825 0.2235377 0.08189331
3.353837 1.52644 0.9458963 0.1968446 0.2213656 0.1012299
3.132523 1.810678 0.8757116 0.1760291 0.226428 0.09992228
2.87116 2.026181 0.7724819 0.1587617 0.2316337 0.09020627
2.905083 2.155641 0.6968268 0.1567433 0.2293778 0.07967268
3.158283 1.761603 0.8586744 0.1757534 0.2197828 0.09378746
2.962192 2.088439 0.6929145 0.1548533 0.2160344 0.07391289
3.328882 1.619319 0.8476232 0.1860919 0.2106072 0.08571917
3.218265 1.791787 0.8072118 0.1790644 0.2182559 0.0864375
3.257209 1.799944 0.8274625 0.1765174 0.2141694 0.08790182
2.807203 2.330838 0.6607724 0.1460637 0.2302987 0.07612862
3.063296 1.989318 0.7475657 0.1644566 0.2195302 0.08159963
3.136553 1.86081 0.8096994 0.1723942 0.2204228 0.08883947
2.859753 2.170391 0.7045677 0.1530124 0.229067 0.08086977
2.851129 2.223919 0.6647028 0.152507 0.2298439 0.07577411
2.992559 2.040709 0.7339534 0.1586301 0.2194745 0.08037447
2.793931 2.240509 0.689619 0.1476457 0.2299978 0.07962147
2.974855 2.057069 0.7589845 0.1637223 0.2311318 0.08826773
3.235999 1.684384 0.8823688 0.1819162 0.2180431 0.09475939
2.97577 2.063426 0.7172101 0.1600712 0.223227 0.0795187
2.834748 2.183269 0.7122723 0.154243 0.2345642 0.08395853
3.142478 1.785754 0.8131478 0.1692064 0.2106532 0.08431307
2.963241 1.944992 0.7791215 0.1633032 0.2249904 0.08749317
3.128412 1.79041 0.8833724 0.1769853 0.2271882 0.1009912
2.952558 2.142836 0.6858604 0.1529117 0.2181306 0.07438262
2.740022 2.357915 0.6497682 0.1449832 0.2355148 0.07629312
3.043132 1.99999 0.7581968 0.1643035 0.2220429 0.08407655
2.766399 2.236881 0.6800197 0.1478758 0.2309497 0.07833206
3.034484 2.000865 0.723711 0.16089 0.2169599 0.07777606
2.858561 2.196788 0.6874969 0.153071 0.2295944 0.07873421
3.000017 2.043559 0.7203785 0.162256 0.2231366 0.0796612
2.804426 2.319642 0.6072761 0.1445931 0.22267 0.06610721
2.96288 1.990456 0.7983511 0.1626036 0.2286172 0.09235678
2.860711 2.201129 0.697185 0.1519439 0.2290467 0.08008792
2.862618 2.109091 0.7363469 0.1565492 0.2319336 0.08583478
3.127666 1.870076 0.7803972 0.1719245 0.2195258 0.08458475
3.165396 1.731366 0.8789488 0.1739257 0.2153313 0.09406736
2.991682 2.029046 0.7501937 0.1614309 0.224179 0.08422821
2.96456 2.049434 0.699064 0.1539041 0.2121735 0.07310178
2.827936 2.092826 0.7341003 0.1518332 0.2260292 0.08324196
3.305314 1.622327 0.9088854 0.1869695 0.2173778 0.09690663
2.918735 2.02938 0.7909324 0.1625552 0.2344729 0.09401083
3.178121 1.709762 0.8832809 0.1804102 0.2217907 0.09688411
2.793053 2.368456 0.6209504 0.1484015 0.2342867 0.07162772
2.966637 2.07281 0.743682 0.1624492 0.2303571 0.08598735
3.28422 1.538155 0.9704994 0.1892723 0.2192297 0.1040975
2.715004 2.46119 0.595887 0.1431279 0.2377189 0.06953267
3.110866 1.79715 0.8192603 0.166846 0.2112236 0.08563346
3.025133 1.9715 0.7537259 0.1580545 0.2125011 0.07977222
2.809514 2.184066 0.7126237 0.1482439 0.2270861 0.08147974
3.066091 2.020353 0.7488911 0.1665768 0.2242477 0.0837753
2.787692 2.304529 0.6593381 0.1504259 0.2370835 0.0778145
3.091723 1.823449 0.7719823 0.1670424 0.2113008 0.07962462
3.116697 1.860602 0.7544571 0.1676724 0.2112741 0.07777344
2.858582 2.171451 0.7289054 0.1550283 0.2344594 0.08638501
3.251891 1.755878 0.8472574 0.1828788 0.220757 0.09234883
3.359819 1.57912 0.8894008 0.1893456 0.2123621 0.09110603
3.213382 1.860356 0.7820364 0.1752266 0.2167019 0.08355156
2.94946 1.999064 0.8054517 0.1666295 0.2363352 0.09641035
2.896258 2.213586 0.6683491 0.1521304 0.2241206 0.07427689
2.803368 2.297931 0.6567578 0.1488172 0.2331368 0.07629402
3.104839 1.94863 0.7320169 0.1652231 0.2132599 0.07668599
2.887004 2.091486 0.7604217 0.1582326 0.2326803 0.08945878
2.692508 2.514825 0.6092501 0.1440054 0.2470136 0.07448452
3.016288 1.957759 0.7621584 0.166745 0.2255477 0.0854275
2.95808 2.026061 0.7504678 0.1586208 0.2227442 0.08377223
3.163999 1.657397 0.9576754 0.1833552 0.2284107 0.1096558
2.929727 2.141142 0.7094269 0.1627119 0.2359619 0.08348982
2.708503 2.331344 0.6770027 0.1460887 0.240834 0.08196409
3.170987 1.789758 0.7897615 0.1703938 0.2089232 0.08059897
2.760101 2.525371 0.5935876 0.1443859 0.2415404 0.07072456
2.798846 2.137787 0.7178814 0.149529 0.2267894 0.08161075
3.02447 1.989993 0.7324743 0.1642827 0.2212672 0.08007471
2.551167 2.817945 0.5232393 0.1350581 0.2589115 0.06501407
3.180124 1.865848 0.7746252 0.1717188 0.214347 0.08177911
3.122286 1.714493 0.9146816 0.1745186 0.2213694 0.1016232
2.887941 2.203362 0.6857015 0.1502718 0.2230409 0.07641721
3.154841 1.808116 0.7627713 0.1726639 0.2125687 0.07857064
2.972511 2.079772 0.6897108 0.1563982 0.2163542 0.07344405
3.121816 1.910237 0.7680775 0.1682917 0.2158276 0.08192422
3.170956 1.835227 0.761074 0.1721252 0.2123423 0.07869058
2.973978 2.007829 0.7368004 0.1610929 0.2225544 0.08143741
3.128414 1.823682 0.7796346 0.1691354 0.212012 0.08092072
3.212088 1.753978 0.8434385 0.1825804 0.2231702 0.09276735
2.799836 2.298207 0.6565305 0.1511025 0.236889 0.07736716
3.153179 1.958184 0.721977 0.1681947 0.2141466 0.07581029
3.088136 1.93433 0.7066105 0.1624011 0.208034 0.07141012
2.912411 2.109189 0.7132795 0.1536873 0.2215868 0.07891227
3.11198 1.842782 0.816709 0.170615 0.2191769 0.08909468
3.061834 1.784296 0.8549732 0.1734716 0.2247928 0.09557076
2.654878 2.422258 0.6492328 0.1461949 0.2513025 0.08159621
2.956316 1.892426 0.8271789 0.1617276 0.2224723 0.09262571
3.013371 2.038821 0.7099665 0.1606011 0.2193548 0.07701874
2.661 2.549571 0.5828323 0.1408338 0.244635 0.06993268
3.035527 1.880271 0.7950775 0.1655411 0.2194694 0.08683378
3.012139 1.89015 0.8096463 0.1638903 0.2206565 0.08954165
2.97747 2.000445 0.7465718 0.1599409 0.2206207 0.0820424
3.284592 1.687421 0.8771107 0.1863765 0.2202585 0.09501765
2.929489 2.086097 0.7286074 0.1553015 0.2220931 0.08100389
3.078037 1.781334 0.8399194 0.1709621 0.2192046 0.09120921
2.789313 2.346468 0.6382572 0.1492934 0.2372471 0.07513036
2.852916 2.183276 0.6730961 0.1485854 0.2209439 0.07379465
3.149248 1.72539 0.8920345 0.1790393 0.224643 0.09991313
2.960128 2.051928 0.7377439 0.158411 0.222999 0.08231141
3.153013 1.795265 0.8452732 0.175049 0.2206109 0.09283891
3.061675 2.009784 0.7068233 0.1632877 0.2169946 0.07540072
3.029585 1.899984 0.7835822 0.1695921 0.2256724 0.08765204
3.013857 1.907789 0.7630607 0.1620212 0.2149431 0.08093839
3.026458 2.066472 0.7016335 0.1610455 0.2192222 0.07592637
2.936488 2.015784 0.7212487 0.1586997 0.2212268 0.0788307
3.277317 1.78364 0.8241266 0.1790343 0.2147428 0.08737689
2.873549 2.167616 0.7283503 0.1566951 0.2352224 0.08647278
3.005038 2.045833 0.7363838 0.1644704 0.2275194 0.08354061
2.745854 2.297113 0.6179157 0.140047 0.2199057 0.06672805
2.987615 2.080701 0.7286844 0.159205 0.2238055 0.08171078
2.878354 2.107532 0.7207116 0.1550137 0.2265921 0.08160103
2.874147 2.274267 0.6994632 0.1568858 0.2410536 0.0849948
3.032928 1.78489 0.8993983 0.171113 0.2268103 0.1030136
2.933249 2.089885 0.7340234 0.1545634 0.2213733 0.08158648
3.045258 1.958606 0.7925834 0.1657221 0.2235323 0.08904268
3.01344 2.093217 0.6854735 0.161065 0.2210805 0.0745815
3.121655 1.856997 0.8285572 0.1677295 0.2158492 0.08963223
3.116055 1.869426 0.8079105 0.1724181 0.2221268 0.08929253
2.792242 2.22674 0.688746 0.1526796 0.2369407 0.08155259
3.074946 2.041371 0.6981293 0.1646196 0.2182517 0.07476811
3.066869 1.875737 0.7717894 0.1647043 0.2135116 0.08122886
2.831666 2.371682 0.6058441 0.1479403 0.2297121 0.06824843
3.147692 1.908249 0.731278 0.1667602 0.2104241 0.07526374
3.146216 1.708883 0.9326291 0.1850391 0.2331419 0.1089492
3.012945 1.82237 0.8843461 0.1722104 0.2313495 0.103349
3.000135 2.008579 0.7581816 0.1605105 0.2212761 0.08408119
2.766398 2.276754 0.6711194 0.1446982 0.229769 0.07731755
3.088104 1.848332 0.8212425 0.1692492 0.2194304 0.08983096
3.138526 1.747747 0.8690811 0.175617 0.2202238 0.09504822
2.940345 2.123891 0.7019909 0.1558045 0.2225918 0.07775793
3.174394 1.762383 0.8829936 0.1808846 0.2268836 0.1002138
3.007972 1.921307 0.813978 0.164218 0.2234592 0.0916367
3.030412 1.880713 0.8179025 0.1689961 0.2259104 0.09249857
3.159411 1.691127 0.9132912 0.1833827 0.2276406 0.1032751
2.93186 2.237552 0.6920076 0.15625 0.2318855 0.08054138
2.810484 2.233664 0.6693019 0.1501274 0.2292413 0.07610646
3.2579 1.576153 0.9730835 0.1863605 0.2200491 0.1058304
2.945434 1.980263 0.7901507 0.1579689 0.2221802 0.08866046
2.895311 2.231411 0.7044467 0.1549141 0.2330674 0.08267327
2.86131 2.217604 0.6858896 0.1532822 0.2312732 0.07926594
2.857559 2.093164 0.7821511 0.1548815 0.2315174 0.09231377
2.82621 2.203345 0.6857268 0.1487812 0.2261624 0.07749202
2.884761 2.277025 0.6296331 0.1488225 0.2218746 0.06874722
3.251553 1.57052 0.9780488 0.1867062 0.2212149 0.1070321
2.9833 2.084863 0.7091739 0.15813 0.2202301 0.07753748
2.920807 2.078159 0.737715 0.1586461 0.2281861 0.08437572
3.193501 1.870771 0.782437 0.1754567 0.2188788 0.08449717
3.063042 2.036654 0.7372286 0.168012 0.2266807 0.08310367
2.771318 2.232602 0.7148299 0.1510214 0.2390945 0.08642091
3.128044 1.826118 0.8272074 0.1742771 0.2217618 0.09111206
2.994708 1.990377 0.7096722 0.1542155 0.207376 0.07233338
3.040592 1.856039 0.8270136 0.1675142 0.2219199 0.0918527
3.019507 1.965918 0.7503706 0.1677584 0.2258464 0.08381467
3.144791 1.699538 0.8702487 0.1744086 0.2155635 0.09247823
3.020699 1.950315 0.7801597 0.1598255 0.2165035 0.08475172
3.099778 1.967315 0.699185 0.1636629 0.2108209 0.07177317
2.94688 2.020075 0.7380754 0.1576928 0.2210522 0.08134535
2.840771 2.222486 0.6529015 0.149818 0.2260354 0.07298938
3.156686 1.839794 0.8111829 0.1710774 0.2155355 0.0867876
3.051099 1.950771 0.7663147 0.1638307 0.2185648 0.08346486
3.153951 1.79941 0.8405037 0.1792758 0.2261031 0.09437189
3.037458 1.976514 0.7306587 0.1647554 0.2200043 0.07923473
2.930353 2.068393 0.741377 0.1548201 0.2217053 0.08264631
3.001117 1.995739 0.7922819 0.1696188 0.2363675 0.09459344
3.601365 1.127683 1.226986 0.2275696 0.2292056 0.1308991
3.101044 1.781654 0.8239967 0.1688823 0.2138725 0.08698684
3.098118 1.809435 0.8347878 0.1732264 0.2218991 0.09193763
3.149693 1.755741 0.854355 0.1720468 0.2148961 0.09114681
3.099446 1.883094 0.741767 0.165835 0.2106066 0.07615826
2.93 2.079015 0.7347634 0.1539204 0.2212561 0.08179232
2.775443 2.257779 0.7107595 0.1517422 0.2414686 0.08681614
3.136675 1.902338 0.7720913 0.1703194 0.2177086 0.08313252
3.186972 1.693525 0.8441585 0.176179 0.2121532 0.08725443
3.053174 1.924979 0.7697237 0.1669587 0.2214424 0.08462725
3.189251 1.719408 0.8417664 0.1780822 0.216889 0.08948085
2.958839 2.150731 0.6886528 0.1537879 0.2195212 0.07525803
2.988727 1.913519 0.8080809 0.1636644 0.2230309 0.0904384
3.084552 1.923138 0.738894 0.1649292 0.2138692 0.07763236
2.718696 2.470414 0.6095884 0.146426 0.2455598 0.07392536
2.887807 2.17654 0.6895696 0.1557806 0.2300101 0.07896503
2.915161 2.144753 0.7291379 0.159579 0.2344112 0.08603417
2.850603 2.199654 0.6609021 0.1496808 0.2229083 0.07280014
3.213773 1.832727 0.7569488 0.169878 0.2060173 0.07594135
2.945416 2.126411 0.7361389 0.1610599 0.2322667 0.08592931
2.908054 2.044855 0.7482028 0.1532593 0.2197307 0.08260459
2.835453 2.343848 0.6331346 0.1489207 0.2313473 0.07250757
2.872007 2.090373 0.7241465 0.153707 0.2242181 0.08111658
3.023877 2.004706 0.782942 0.1631005 0.2246224 0.08883642
3.339458 1.44725 1.038938 0.1973314 0.2235506 0.1133745
2.881301 2.217101 0.7001541 0.1551268 0.2333626 0.08202358
3.003489 1.904517 0.759089 0.1612482 0.2146924 0.08037255
3.021584 1.929313 0.7689304 0.1650412 0.2212717 0.08448995
2.920475 2.100177 0.7244775 0.1562832 0.2257478 0.08195666
3.243045 1.634305 0.8667519 0.1834651 0.2152881 0.09039168
3.029692 1.881591 0.7807301 0.1661387 0.2196853 0.08485992
2.973342 2.008321 0.7911872 0.1679944 0.2362282 0.09435227
2.835116 2.229208 0.7108225 0.159859 0.2471884 0.08850668
3.227589 1.783859 0.7939379 0.1742244 0.2099733 0.08145705
2.92947 2.064457 0.7179974 0.1607219 0.2285701 0.08152008
3.018138 1.933745 0.7814501 0.1629349 0.2198566 0.08586315
2.710686 2.425247 0.6032949 0.1430421 0.2355125 0.06975183
3.174228 1.761938 0.8293718 0.176859 0.2182845 0.08908485
2.690256 2.460118 0.5922991 0.1401283 0.2352543 0.06846475
3.13767 1.80538 0.8104481 0.1715837 0.2155429 0.08616314
2.982032 2.053969 0.7059154 0.158747 0.2185137 0.07610144
2.964437 2.047766 0.7505574 0.1571367 0.2212169 0.083447
2.995385 2.13016 0.6657427 0.1553817 0.216177 0.07086573
2.94594 2.106788 0.6742628 0.1530961 0.2150625 0.07135392
3.07153 1.835368 0.8399884 0.1719779 0.225528 0.09487696
3.022508 2.133388 0.6687575 0.1566941 0.2163834 0.07135342
2.887587 2.175441 0.6733486 0.1564856 0.2301489 0.07668253
3.076735 1.847439 0.8458 0.1748921 0.229226 0.09713923
2.716589 2.260882 0.7528206 0.1492647 0.2462341 0.09518786
2.952392 2.038464 0.7433096 0.1568452 0.2209085 0.08225013
2.928076 2.146619 0.6665949 0.1519998 0.2174039 0.07149266
2.837687 2.163427 0.6841147 0.1467958 0.2187895 0.07447249
2.971127 1.909925 0.7719882 0.1628001 0.2210126 0.08456806
3.215735 1.710475 0.8883857 0.1807273 0.2200379 0.09697476
2.948387 2.048284 0.7889434 0.1621927 0.2328509 0.09338379
2.938537 2.132425 0.693114 0.1583709 0.2268326 0.07799926
3.048098 1.996394 0.7377093 0.1624571 0.2181789 0.07995142
3.11846 1.983554 0.7389615 0.1708044 0.223145 0.08153439
3.14802 1.771719 0.8305185 0.1770616 0.2208272 0.09030404
3.052733 1.926024 0.750155 0.1627225 0.2144318 0.0794729
3.432848 1.397972 1.015893 0.20062 0.2164845 0.1052576
2.936834 2.099712 0.7211605 0.1538729 0.2204173 0.07965965
3.064595 1.948872 0.7392447 0.1662002 0.2180272 0.07927074
3.094466 1.850766 0.8112379 0.1706585 0.2208571 0.08910714
2.762444 2.269166 0.6628635 0.1472582 0.23136 0.0762125
3.013448 1.978029 0.7373957 0.1589514 0.2148444 0.07859145
2.953016 1.936662 0.795648 0.1596699 0.2209782 0.08826779
3.112145 1.796364 0.854305 0.1754723 0.2248716 0.09584676
3.125465 1.970309 0.7136286 0.1651354 0.2118852 0.07403542
2.681222 2.453317 0.6284883 0.1427489 0.2419271 0.07550482
2.89157 2.175137 0.7238528 0.1549358 0.2317865 0.08481171
2.936276 2.217909 0.6414199 0.152248 0.2190781 0.06897326
2.781043 2.30474 0.6601867 0.1476488 0.2339566 0.07711235
3.324656 1.619755 0.8415656 0.1829975 0.2068901 0.08355219
2.792531 2.189689 0.7553717 0.1512552 0.2372391 0.09157106
2.906036 1.98718 0.7922446 0.1574387 0.2248253 0.08997059
3.014201 2.005341 0.7204587 0.159645 0.2153021 0.07653467
2.941793 2.042902 0.760308 0.1598794 0.2279049 0.08728359
2.778948 2.394931 0.6410351 0.145198 0.2344937 0.07494088
3.127 1.81396 0.8096494 0.1698275 0.2145423 0.08583966
3.198207 1.789043 0.807492 0.1774212 0.2172704 0.08603644
3.031712 1.956724 0.822012 0.1665111 0.2276736 0.09494937
2.873889 2.289906 0.6355726 0.1490173 0.2248387 0.07060282
3.09995 1.844181 0.781395 0.1695036 0.2159549 0.08288263
3.065353 1.793186 0.9131416 0.1755581 0.2323387 0.1077839
2.992616 2.090457 0.7129642 0.1604066 0.2238188 0.07938157
2.864764 2.22646 0.6475066 0.1512179 0.2237908 0.07119219
2.969523 2.126209 0.7061429 0.1600977 0.227624 0.08012139
2.907108 2.207361 0.6543875 0.1530332 0.2227394 0.07175315
2.973855 1.832822 0.8405202 0.1673744 0.2264504 0.09523379
3.042628 1.894868 0.8645697 0.1725164 0.2342275 0.103134
3.062396 1.841979 0.8274463 0.1709771 0.223887 0.09236996
3.142756 1.780905 0.8212613 0.1730339 0.2162728 0.08752819
2.947199 2.089289 0.7416606 0.1585477 0.2273888 0.08489941
3.519945 1.333558 1.053328 0.2127535 0.2222354 0.1109401
3.201077 1.768785 0.8257547 0.1762717 0.2158704 0.08780056
2.838229 2.138633 0.7054298 0.1530125 0.2280796 0.0802304
3.016573 1.982393 0.7596903 0.1643904 0.2234327 0.084615
2.997044 2.026639 0.7610991 0.1629955 0.2268841 0.0868001
2.651162 2.540362 0.5556345 0.1342744 0.2290654 0.06164502
2.943571 2.086809 0.7055491 0.1545508 0.2187296 0.07671835
2.723236 2.295886 0.6767242 0.1486541 0.2408655 0.08160438
3.258221 1.663395 0.8169104 0.1788364 0.2077597 0.08157781
3.278423 1.751185 0.7741972 0.1766171 0.2060833 0.07689491
3.337999 1.472181 0.9490674 0.1910949 0.2127387 0.09666826
2.640578 2.446079 0.670144 0.1437113 0.2518349 0.08524598
2.994681 2.052641 0.6881492 0.1557648 0.2131175 0.07215547
3.10171 1.973372 0.7221667 0.1647561 0.2143288 0.07612368
3.047014 1.903343 0.7642416 0.1637877 0.2155195 0.08141437
3.019864 1.982919 0.7837855 0.1678395 0.2301685 0.09067411
3.038512 2.0128 0.7277157 0.1624432 0.2189581 0.07894402
3.024065 2.084572 0.6884691 0.1609988 0.2197013 0.07445754
3.132488 1.803496 0.8315433 0.1706974 0.2167459 0.08972426
3.200376 1.785343 0.8111025 0.1778178 0.2173152 0.08641906
3.233623 1.711682 0.8325168 0.1803034 0.2147536 0.08706436
3.240665 1.637738 0.9472446 0.1886631 0.2272932 0.1070243
3.372199 1.61018 0.8777337 0.1905644 0.2142806 0.09099787
3.111832 1.874664 0.7753686 0.1660858 0.2122104 0.08123073
3.160866 1.757961 0.8553004 0.1782853 0.2218299 0.09388998
2.915491 2.17206 0.7122248 0.1563611 0.2315172 0.08306814
2.9515 2.244385 0.64555 0.152685 0.2220625 0.07087648
3.04413 1.876241 0.8304718 0.1709674 0.2280853 0.0950998
3.158742 1.828441 0.8011079 0.173121 0.2173454 0.08600959
2.74364 2.292563 0.6672543 0.1488104 0.2387073 0.0795278
2.951638 2.068058 0.7374305 0.1567063 0.2223033 0.08223557
3.03988 1.975779 0.7529944 0.1618762 0.2171245 0.08134981
2.961515 2.148352 0.701713 0.1586958 0.2267514 0.07929831
2.755095 2.352871 0.6241115 0.1450203 0.2328656 0.07186724
3.035321 1.870798 0.8410659 0.1708676 0.2289154 0.09690049
2.932889 2.026088 0.7543668 0.1638375 0.2322855 0.08760657
3.006406 1.993606 0.7557522 0.161874 0.2213163 0.08349675
3.084912 1.944321 0.7651112 0.1655828 0.2178722 0.08293121
3.391629 1.550545 0.9287803 0.1976863 0.220569 0.09919202
2.884974 2.09743 0.7506103 0.1555314 0.2288878 0.08680165
2.806843 2.30747 0.6610594 0.1517824 0.237342 0.07805736
2.79717 2.37547 0.6158097 0.1456587 0.2303423 0.06993194
3.138774 1.895832 0.7618397 0.1703159 0.2167693 0.08135186
2.999394 2.057975 0.7494964 0.1617966 0.2253512 0.08474299
2.955132 2.036878 0.729535 0.1545333 0.2156355 0.07837484
3.003255 1.878643 0.7824645 0.1645344 0.2188122 0.08461152
3.133139 1.769108 0.8603028 0.1737174 0.2194501 0.09402011
2.900035 2.132726 0.7226104 0.1562281 0.2284371 0.08274275
3.054751 1.814514 0.8817401 0.1701651 0.2246699 0.1000613
2.868447 2.218157 0.6661031 0.1487845 0.2219358 0.07343632
3.122755 1.77627 0.8324078 0.1729338 0.2180944 0.08971477
3.118952 1.771437 0.8267821 0.1713943 0.2153234 0.08770545
3.157561 1.856969 0.7664883 0.1691343 0.2104992 0.07898282
3.106355 1.868694 0.8161328 0.1711018 0.2227335 0.0909701
3.066164 1.836753 0.8515864 0.1710259 0.2248133 0.0961589
2.933212 2.004094 0.8064036 0.1614701 0.2309379 0.09466788
3.117765 1.870504 0.811873 0.1707247 0.2199829 0.08906084
3.011373 2.163224 0.6404546 0.1545136 0.2139413 0.06703683
2.991766 2.033658 0.7296041 0.1601694 0.2207933 0.08007649
3.2859 1.63626 0.9019138 0.1857845 0.2173743 0.09614558
3.385787 1.48634 0.9584696 0.1981106 0.2188586 0.1008512
3.030103 1.939868 0.8109033 0.1668495 0.2267542 0.09278286
2.8769 2.065287 0.7476955 0.1544819 0.2251805 0.08462771
3.01673 2.09222 0.7231161 0.159761 0.2216076 0.08007235
3.133248 1.996165 0.6728335 0.1654521 0.210383 0.06839855
2.875964 2.147357 0.7106709 0.1601247 0.2380637 0.08462842
3.233079 1.706311 0.8724462 0.1776034 0.2138151 0.09218888
3.159472 1.800355 0.7744224 0.1687421 0.2078354 0.07846006
3.057018 1.866342 0.8211302 0.1675068 0.220191 0.0903296
2.939427 2.043421 0.751253 0.1539303 0.217762 0.08219729
3.034201 1.864657 0.8251549 0.1651514 0.2196761 0.09088885
3.053931 1.970067 0.7412809 0.1605101 0.2128545 0.0781631
3.154934 1.752733 0.8679882 0.1749834 0.2184617 0.09427746
2.916367 2.14802 0.7045858 0.160032 0.233264 0.08196737
2.875208 2.114796 0.733579 0.1605112 0.2375148 0.08747682
3.162467 1.859875 0.8161609 0.176346 0.2246394 0.09145759
3.00027 1.994389 0.7148226 0.1591384 0.2145198 0.07536663
2.901426 2.127175 0.6775679 0.1535957 0.2211957 0.07396642
3.057293 1.917728 0.7968458 0.170253 0.2269919 0.09045889
2.859285 2.109675 0.7432301 0.1518747 0.2258379 0.08481027
3.19056 1.772311 0.8252536 0.1751602 0.2150888 0.0874245
3.242097 1.724462 0.8613867 0.1778079 0.2139881 0.09110297
2.761348 2.1942 0.7194406 0.1506844 0.2369374 0.08602372
3.254942 1.597605 0.946173 0.1846762 0.2190506 0.102425
3.082175 2.044885 0.6820713 0.1623308 0.2142732 0.07147544
3.238359 1.527097 0.9648511 0.1930106 0.2261777 0.1060625
2.91004 2.164893 0.6865716 0.1556812 0.2275012 0.07770708
3.028164 2.036317 0.7372449 0.1608689 0.2191391 0.08051487
2.880029 2.10717 0.7535978 0.1511431 0.2232474 0.08531011
3.314874 1.595714 0.8794038 0.1882146 0.2146476 0.09107109
2.859259 2.205887 0.6749694 0.1512243 0.2261034 0.07584442
3.002872 2.029604 0.7411844 0.1593943 0.2194712 0.08124804
2.964363 2.14432 0.7243168 0.1583053 0.2282981 0.08326556
2.91199 2.146125 0.7158897 0.1570476 0.2299025 0.08253602
3.141092 1.819625 0.8437797 0.1772465 0.226123 0.09527433
2.887483 2.188011 0.7208001 0.1562009 0.2339914 0.08507025
2.982075 2.010454 0.7254824 0.1604544 0.2199173 0.07888771
3.103079 1.9405 0.7607654 0.1697522 0.2216505 0.08357895
2.889906 2.139908 0.7458372 0.1577582 0.2342326 0.08837759
3.026145 1.939962 0.7526038 0.1619923 0.2156397 0.08024694
3.081493 1.916206 0.7606494 0.1678824 0.2190421 0.0822896
2.967177 1.920566 0.7995713 0.165432 0.2272107 0.09088329
2.804813 2.179722 0.7058274 0.1487537 0.2275163 0.08059051
2.782956 2.221464 0.7251616 0.1501232 0.2367079 0.08712426
2.891056 2.162005 0.6644913 0.1516542 0.2211264 0.07254811
2.860323 2.149843 0.6823668 0.1496196 0.2201868 0.07451995
2.645315 2.494097 0.6197357 0.1461738 0.2548762 0.07829491
2.906623 2.250657 0.6610417 0.1563099 0.2335631 0.07674503
3.093111 1.802494 0.8635334 0.1743543 0.225951 0.09779285
3.318751 1.569145 0.9184647 0.1911651 0.2182977 0.09723453
2.974336 2.068452 0.6777081 0.1547718 0.2130325 0.07079992
2.865248 2.17015 0.702573 0.1536792 0.229948 0.08095502
2.856393 2.27125 0.6407298 0.1501569 0.2268699 0.07173663
3.141921 1.748248 0.8506391 0.1766142 0.2203901 0.09253535
3.102726 1.936312 0.7112025 0.1603706 0.2047432 0.07100394
2.954581 2.0711 0.7194744 0.155042 0.2185577 0.07844631
2.737399 2.303741 0.7059414 0.1503194 0.24704 0.08859923
3.2083 1.739193 0.8707938 0.1809642 0.2226595 0.09636046
2.909334 2.155124 0.6771815 0.1508917 0.21852 0.07338044
2.91618 2.13435 0.6859569 0.1534733 0.2210411 0.07518834
3.411309 1.51538 0.8939786 0.1932978 0.2100949 0.08935646
2.851414 2.235012 0.686517 0.1523079 0.232354 0.07994943
2.952957 2.054486 0.7454499 0.1555301 0.2201177 0.08247352
2.867663 2.230325 0.6678482 0.1488059 0.2236534 0.07443222
2.827799 2.227709 0.6513621 0.1504895 0.2264474 0.07259828
2.873753 2.181136 0.6726381 0.1523983 0.2250651 0.07500123
2.875398 2.118581 0.7145821 0.1559209 0.2289808 0.08170155
2.94256 2.157903 0.6938615 0.1550929 0.2250739 0.07811449
3.012276 1.95775 0.7457309 0.1622067 0.2175786 0.0801733
3.179832 1.867647 0.766629 0.1682864 0.2093622 0.07895248
3.088613 1.951872 0.8067249 0.1702919 0.2272854 0.09246658
3.170716 1.83726 0.7667064 0.1714564 0.2121703 0.07946615
2.848074 2.247982 0.6922479 0.1508935 0.2311904 0.08042551
2.817697 2.358719 0.6197557 0.1463532 0.2278994 0.0695515
3.040715 1.835615 0.8246293 0.1662471 0.2187354 0.0899578
3.20814 1.673004 0.918889 0.1826613 0.2225748 0.1016378
3.130051 1.952334 0.7288877 0.1700282 0.218692 0.07824555
3.187408 1.795697 0.839751 0.1770518 0.2207295 0.09217631
2.825881 2.210215 0.6935906 0.1472527 0.2248977 0.07830175
3.022872 1.993819 0.7598386 0.1644676 0.2241889 0.08512528
3.014998 1.972551 0.788314 0.1671167 0.2294573 0.09101215
2.847403 2.359075 0.580382 0.1448684 0.2193489 0.06165305
2.772034 2.31848 0.6782079 0.1501514 0.240764 0.08198128
2.96724 2.012315 0.7349638 0.1562677 0.2155925 0.07874239
2.792732 2.204753 0.6694719 0.1463728 0.2241702 0.07457045
2.89871 2.261273 0.6569646 0.1494131 0.2225468 0.072639
2.775342 2.179221 0.744616 0.1506953 0.2362211 0.08942918
2.99045 2.042426 0.7422211 0.161439 0.2242648 0.08319301
3.162264 1.782769 0.8129258 0.1725735 0.2133157 0.08517864
3.232749 1.638013 0.9064759 0.1855983 0.2216444 0.09868925
2.888865 2.155959 0.7029589 0.1564397 0.2299291 0.08060568
3.072488 1.848384 0.8656503 0.1733423 0.2290425 0.1001217
2.984553 2.08001 0.7408226 0.1622897 0.2293041 0.08535229
2.931937 2.03871 0.75252 0.1602437 0.2288443 0.08650069
2.968041 2.121912 0.6759115 0.1578444 0.2210103 0.07348537
2.727012 2.405403 0.6126447 0.1477198 0.2426647 0.07324271
3.127742 1.853058 0.7897457 0.1706225 0.2161675 0.08417859
2.951143 2.105461 0.7341964 0.1596534 0.2285871 0.08424389
2.935943 2.053005 0.7170764 0.1606891 0.2267135 0.08055468
3.133382 1.837015 0.8085632 0.1724658 0.2188019 0.08760428
3.032431 1.927148 0.7479699 0.1635299 0.216128 0.07958272
3.000494 2.054985 0.7001377 0.1600897 0.220075 0.07607111
2.599473 2.55034 0.589369 0.1377956 0.2446648 0.07078844
3.220953 1.715637 0.858096 0.1779295 0.2151102 0.09097547
2.97562 2.084683 0.7383554 0.1637706 0.2321939 0.08600418
2.811759 2.291826 0.6443495 0.1467129 0.2271643 0.07255956
2.86334 2.216144 0.6432285 0.1481978 0.2193877 0.06942072
3.031546 1.937114 0.764531 0.1627743 0.2165048 0.08206425
3.186928 1.71287 0.8557354 0.1802558 0.2193681 0.09204542
2.967565 2.172404 0.6546856 0.1534436 0.2166628 0.0697426
2.879291 2.183192 0.6902495 0.1525724 0.2259945 0.07778534
2.996156 1.92838 0.7440704 0.1596033 0.2133447 0.07816061
3.077157 1.952115 0.7350605 0.1657467 0.2169059 0.07845951
2.69033 2.476894 0.6172035 0.1419914 0.2418663 0.07411344
2.846821 2.24035 0.6691706 0.1500701 0.2280077 0.076022
2.777974 2.277277 0.6398386 0.1462727 0.226994 0.07159507
3.017985 2.006087 0.7308833 0.1616964 0.2190018 0.07927242
2.58715 2.765594 0.5340788 0.1434547 0.2700191 0.06951976
3.164742 1.79703 0.7848737 0.1707439 0.2101003 0.08050468
3.191644 1.758186 0.8627483 0.1782633 0.2206675 0.09466918
3.025502 1.981491 0.7689033 0.165307 0.2249278 0.08653502
3.120857 1.918385 0.7997729 0.1701719 0.2219555 0.08894514
3.071345 1.839169 0.8269864 0.1679331 0.2188389 0.09032303
2.74964 2.279068 0.6480779 0.1444586 0.2276435 0.07305653
3.226867 1.847466 0.7954785 0.1751712 0.2152769 0.08460113
3.402314 1.461042 0.9857091 0.1981396 0.2177259 0.1034493
2.889277 2.254309 0.6525434 0.1522116 0.2272969 0.07346294
2.751851 2.317546 0.6712057 0.1515616 0.2444452 0.08208117
2.876744 2.074255 0.7599982 0.1575312 0.2312294 0.08867102
3.121114 1.692122 0.9064906 0.177602 0.2232605 0.100645
3.07708 1.873057 0.7732723 0.1662739 0.2152371 0.08209281
3.042522 1.959065 0.7760672 0.1645839 0.2214317 0.08598315
3.247706 1.638965 0.9048315 0.1854468 0.2200264 0.0977173
2.86383 2.214809 0.7116293 0.1516235 0.2299706 0.08258436
3.102095 1.906458 0.7499874 0.165725 0.2133411 0.0787315
3.149828 1.872124 0.7767104 0.1658309 0.2089261 0.08017268
2.878735 2.276382 0.6263981 0.1464176 0.2174304 0.06687504
2.948042 2.069156 0.7076549 0.1547531 0.2174662 0.07637502
2.924971 2.186474 0.6837367 0.1535097 0.2236027 0.07614141
3.083954 1.985562 0.7292822 0.1642845 0.2166278 0.07808458
2.821634 2.244931 0.6699287 0.1536217 0.2362997 0.07877952
2.978971 2.024335 0.7286677 0.1589678 0.2191971 0.07926894
2.866401 2.1983 0.6958095 0.1530769 0.2291855 0.07974151
2.821977 2.245572 0.6645912 0.1471306 0.2267755 0.07526509
2.86888 2.046219 0.7079688 0.1515434 0.2166331 0.07574194
3.149984 1.746967 0.9394581 0.1796238 0.2292218 0.1092837
2.904139 2.057783 0.7538859 0.1597726 0.231182 0.08762551
2.891172 2.141068 0.6920778 0.1564318 0.2287661 0.07864537
3.073867 2.065644 0.7364853 0.1671234 0.2282143 0.08418856
2.95867 2.08037 0.6938641 0.1549488 0.2168782 0.07442306
2.951247 1.923932 0.7869765 0.1597734 0.2200211 0.08652614
2.916706 2.06944 0.7371636 0.1584675 0.2271734 0.08376197
3.076577 1.959627 0.7818319 0.1687028 0.2253754 0.08832338
3.044397 1.890132 0.7881598 0.1687506 0.222374 0.08682732
3.353158 1.487749 0.9653564 0.1948178 0.2183936 0.1018635
3.297477 1.689645 0.8800251 0.1846458 0.2177482 0.09452441
2.963698 2.120553 0.6912586 0.1555221 0.2195611 0.07527509
2.850445 2.217321 0.6910088 0.1546843 0.2349144 0.0812226
2.730813 2.373409 0.6367758 0.144149 0.2351962 0.07439847
2.955643 2.130489 0.7029753 0.1581095 0.2257721 0.07908239
2.996241 1.926503 0.769265 0.1609765 0.2173824 0.08313665
2.658309 2.455163 0.615154 0.1454482 0.2488504 0.07563949
3.078922 1.985816 0.7295164 0.1603764 0.2105596 0.07588648
2.949805 2.064145 0.7595677 0.1631706 0.2328824 0.08906646
2.862732 2.109549 0.7703789 0.158516 0.2376284 0.09309555
2.906798 2.085978 0.7242042 0.1539376 0.2214318 0.08012867
2.72321 2.353969 0.6357566 0.1399445 0.2275939 0.07192552
2.967316 2.064105 0.7176836 0.1588313 0.2218932 0.07910104
2.883101 2.169821 0.6699657 0.1539688 0.2258166 0.07476075
3.095015 1.920204 0.7512888 0.1682432 0.2171489 0.08018437
3.01275 1.784852 0.9258556 0.1683083 0.226504 0.1069652
2.891447 2.139936 0.6910546 0.1528756 0.2229297 0.07657535
3.021129 2.045603 0.7457193 0.1620174 0.2238378 0.08372634
2.945811 2.192434 0.6681577 0.1515618 0.2196769 0.07302559
2.769987 2.199777 0.7171484 0.1505872 0.2356157 0.08515786
3.026649 1.941487 0.7499314 0.1630108 0.2175458 0.08067336
2.734205 2.437312 0.6301203 0.1434622 0.2385368 0.07488882
3.150869 1.868297 0.7656292 0.1724773 0.2169981 0.08150026
2.920518 2.081842 0.7154678 0.1578605 0.2253511 0.08014024
3.228478 1.616991 0.8952551 0.1787999 0.2109555 0.09215127
3.045632 1.878295 0.7681751 0.1627969 0.2125864 0.08049479
2.842787 2.233169 0.6741056 0.1498506 0.2277807 0.07659163
2.864769 2.142981 0.7763532 0.1617694 0.2463361 0.09786021
2.924402 2.071796 0.7536301 0.163283 0.2359676 0.08950551
2.966907 1.995263 0.7525503 0.1619786 0.2243632 0.08411172
2.988236 2.032512 0.7734545 0.1688987 0.2368486 0.09219972
2.814115 2.151133 0.676574 0.1456532 0.2175764 0.07293157
2.995203 1.9925 0.7510642 0.1609456 0.2207375 0.08267
3.04829 1.875016 0.8108207 0.1682574 0.2223934 0.08996284
2.914237 2.186553 0.6901321 0.1561937 0.2293455 0.07895791
3.381007 1.444082 0.9184162 0.1954925 0.2109301 0.09090315
3.01357 1.986994 0.7514569 0.1635843 0.2222189 0.08306225
2.725935 2.340788 0.6571638 0.141695 0.2307365 0.075855
2.843818 2.21163 0.6781399 0.1502047 0.2264202 0.07644763
2.807286 2.208498 0.7085156 0.1527129 0.2354983 0.08384724
2.79845 2.207055 0.6700054 0.149118 0.2271228 0.07537282
2.773754 2.104222 0.7294387 0.1459955 0.221929 0.08130906
2.818472 2.274396 0.6381305 0.1450518 0.2219547 0.06995978
2.976847 2.00164 0.7298766 0.1604361 0.220295 0.07957889
2.909096 2.066881 0.718813 0.1564829 0.2238398 0.08004481
2.949523 2.114345 0.7174552 0.1589949 0.2270176 0.08133807
3.004257 2.033747 0.7242301 0.1581199 0.2161367 0.07768862
3.246839 1.703823 0.8676716 0.183181 0.2195886 0.0937999
2.719337 2.392729 0.6337421 0.1469075 0.2415218 0.07583963
2.764169 2.205557 0.6906374 0.1497178 0.2335519 0.0806071
3.253512 1.645301 0.859973 0.182398 0.2131778 0.08879945
3.123009 1.857183 0.8056796 0.172585 0.2211324 0.08845743
2.881415 2.162407 0.6762827 0.1547501 0.2269486 0.07592425
2.979076 2.028071 0.7063774 0.1563122 0.2140273 0.07452107
3.17496 1.67022 0.9643638 0.1880294 0.2345192 0.1136223
2.630318 2.56299 0.6148268 0.139963 0.249749 0.07630823
3.083309 1.79941 0.8597099 0.1690509 0.2190359 0.09439459
2.879973 2.16183 0.6629571 0.151159 0.2205431 0.07205663
3.193035 1.734173 0.8558919 0.1775036 0.2169997 0.09162154
3.013315 1.857889 0.8609825 0.1710325 0.2309845 0.1004149
3.472914 1.502904 0.9193693 0.1961039 0.2101051 0.09246314
3.228549 1.703983 0.8602117 0.1799726 0.2161497 0.09133747
2.937366 2.149597 0.6885533 0.1556381 0.2238534 0.07659816
3.090654 1.840511 0.884831 0.1751114 0.2306939 0.1035456
3.110077 1.864994 0.8147879 0.1711316 0.2215717 0.09013843
3.046542 1.949794 0.7088717 0.1609189 0.2102152 0.07260552
3.007394 1.881761 0.8350796 0.166921 0.2259792 0.09504913
2.773677 2.306499 0.6272388 0.1414398 0.2209977 0.06836459
2.956263 2.044533 0.7566997 0.1625565 0.2297881 0.08726897
2.830933 2.296564 0.6592241 0.1509736 0.2344765 0.0770847
3.04923 1.891152 0.8146266 0.171092 0.2275757 0.0927372
2.963629 2.026869 0.7322498 0.1555946 0.2158146 0.07864482
3.060231 1.905856 0.787795 0.1653376 0.2174599 0.08521543
2.96077 1.908814 0.7943574 0.1606352 0.2201539 0.08743399
2.67612 2.412673 0.6493976 0.1392902 0.2359123 0.07678507
2.91909 2.126909 0.7219874 0.1578107 0.2287145 0.0826708
3.056143 2.057336 0.7246271 0.1627672 0.2204163 0.07944295
3.384214 1.603507 0.865127 0.1866257 0.2079774 0.08679304
3.268499 1.590197 0.9819013 0.1910273 0.2268772 0.1106782
3.411439 1.454766 0.9585391 0.1968043 0.2137086 0.09780222
3.181196 1.760923 0.8299257 0.1769556 0.2175794 0.08879658
2.917653 2.217734 0.6821727 0.1546544 0.2290137 0.07809236
3.006811 1.961956 0.7276004 0.1591937 0.2132602 0.07637008
3.077893 1.97048 0.7641586 0.1621614 0.215037 0.0820979
2.942256 2.128607 0.713003 0.1590405 0.229291 0.08177157
2.876834 2.307002 0.6518469 0.1460017 0.222416 0.07234258
3.06374 1.841654 0.845352 0.1723755 0.2270829 0.09630812
2.977511 1.999262 0.8150456 0.1672156 0.2363336 0.0980798
2.907244 2.141159 0.7106895 0.1544607 0.2251721 0.08005556
3.128436 1.862744 0.7820448 0.1684258 0.2142174 0.08276447
2.871052 2.319814 0.6427476 0.1494288 0.2272704 0.07236802
3.197135 1.667545 0.8539705 0.1811551 0.2176914 0.09044157
2.946873 2.083013 0.7304876 0.1597472 0.2269283 0.08282158
2.868113 2.188882 0.6617097 0.1504317 0.2218095 0.07245032
2.780241 2.337264 0.6303033 0.1471833 0.2319087 0.07210544
3.019654 1.937019 0.7730898 0.1649683 0.221583 0.08519192
2.916676 2.043487 0.7570136 0.160153 0.2305149 0.08781102
3.119858 1.86348 0.8224002 0.1720658 0.2215426 0.09097031
2.986336 1.922513 0.801333 0.1587408 0.2164353 0.08715756
3.020255 2.133668 0.6979005 0.1607213 0.2246204 0.07805557
2.868291 2.230975 0.6662265 0.1516006 0.2285583 0.07583227
2.927506 2.255 0.6458607 0.1559282 0.2295698 0.07321019
2.8932 2.132942 0.6903688 0.1519707 0.2200445 0.07533176
2.924775 2.151917 0.6939446 0.1511876 0.2191974 0.07599821
2.859243 2.250147 0.6717913 0.1473038 0.223706 0.07518514
3.265233 1.631129 0.8825168 0.1849945 0.2166362 0.09310404
3.038085 1.900627 0.8213217 0.1685483 0.2265317 0.09361547
3.243875 1.671441 0.8933513 0.184022 0.2205578 0.09721051
2.812129 2.343399 0.6358474 0.1477172 0.2320735 0.07319813
3.004203 2.011276 0.7426963 0.1630674 0.2234502 0.08258648
3.297715 1.615573 0.9255422 0.1911126 0.2235679 0.1017204
3.132803 1.731902 0.8353146 0.1746456 0.216733 0.08872958
2.915174 2.111655 0.729243 0.1560092 0.2274678 0.0834872
2.861367 2.236238 0.6976644 0.1563008 0.2381484 0.08340115
2.981014 1.954138 0.8012431 0.1602202 0.2214885 0.0895971
2.995473 1.900532 0.8212363 0.1627086 0.2210243 0.09134597
2.891882 2.12444 0.7335464 0.1587489 0.2333866 0.08601649
2.954876 2.031186 0.7718512 0.1587942 0.2249012 0.08767643
3.092186 1.937798 0.7928958 0.1667561 0.2206559 0.08784203
2.931761 2.176412 0.6407484 0.1509632 0.2151583 0.06747282
3.056246 2.007381 0.735651 0.1635009 0.2193752 0.0801568
3.249902 1.671914 0.9757803 0.1876856 0.2296495 0.1133233
2.950348 2.00084 0.8040208 0.1669116 0.2366269 0.09630308
3.172681 1.831123 0.7639337 0.1706552 0.210402 0.07837803
3.05153 1.988283 0.7010053 0.1600949 0.2110339 0.07236892
2.859285 2.186832 0.6867758 0.1526711 0.2275866 0.07778427
3.014204 1.95078 0.7941192 0.1648697 0.2245954 0.0896119
3.024756 2.007015 0.7635202 0.1630549 0.2244533 0.08620845
2.744341 2.417035 0.6395321 0.1472714 0.2426198 0.07727338
3.045804 1.880723 0.7994645 0.1632086 0.2155132 0.08594529
3.139012 1.883451 0.7533999 0.167597 0.2114436 0.07811755
2.955612 2.063718 0.7383331 0.1599229 0.2262326 0.08360875
3.179079 1.772155 0.8406992 0.1776863 0.2203508 0.09165142
2.999573 2.013411 0.7227624 0.1603042 0.218239 0.0779532
3.134639 1.933884 0.7683776 0.1683353 0.2179635 0.08337547
3.042227 2.011805 0.7409096 0.1640527 0.2220693 0.08191251
3.297616 1.657919 0.8527835 0.1827882 0.2116307 0.08765898
2.810408 2.33082 0.6600527 0.1504641 0.2374691 0.07829271
3.271194 1.590545 0.8993575 0.1879608 0.2184591 0.09529364
3.052064 1.961165 0.7695775 0.1683562 0.2250953 0.08625378
3.004737 2.051967 0.704853 0.1616486 0.2215986 0.07709194
3.045072 1.891315 0.8249024 0.1689975 0.225578 0.09347612
2.952551 2.053578 0.743295 0.1612021 0.2280903 0.08486756
3.06313 1.655742 0.996959 0.175123 0.2273525 0.1150494
3.120493 1.954498 0.7451789 0.1697038 0.2197977 0.0808453
