1.73214 2.87141 1.468408 0.2044439 0.6981314 0.5859309
1.75592 2.76812 1.556901 0.1669418 0.5507958 0.4995427
1.89123 2.221305 2.266335 0.2347478 0.6756851 0.9693868
1.856225 2.390926 1.815232 0.2163624 0.6385767 0.7048312
2.052143 1.89604 2.648946 0.2235799 0.5602334 0.9575278
1.999104 2.00222 2.635105 0.2306593 0.6083316 1.037776
2.468344 0.8890041 5.794832 0.3048751 0.5800303 2.15427
2.122151 1.729577 2.722038 0.2448621 0.5759018 1.005432
2.142253 1.66466 3.120661 0.2289852 0.5332725 1.086103
2.032299 1.901067 2.770783 0.2394729 0.6119969 1.102859
2.286193 1.242548 3.970416 0.2527553 0.5223234 1.331264
1.743608 2.636093 1.726133 0.1958752 0.6438476 0.6625761
2.302568 1.40054 3.581313 0.2644672 0.5540969 1.285282
2.082986 1.828177 2.627345 0.2216543 0.537992 0.9072925
1.946195 1.995646 2.651177 0.244935 0.6650619 1.142455
1.656992 2.899654 1.722033 0.1967522 0.7147677 0.7147346
2.303764 1.280792 3.87197 0.2507883 0.5163372 1.287212
2.195462 1.489981 3.16051 0.2504539 0.5505338 1.114289
1.440372 4.130087 0.7411661 0.1922174 0.9247555 0.3085134
1.826402 2.434265 1.881747 0.2373372 0.7243283 0.8324166
2.146752 1.657998 3.019899 0.2512892 0.5827499 1.140701
2.034327 1.976193 2.408375 0.2305081 0.5867119 0.9000635
1.85454 2.317374 2.100041 0.212793 0.6296645 0.8249536
1.984344 1.962621 2.626899 0.2481497 0.6554927 1.113221
1.584938 3.230543 1.317731 0.2209275 0.8735006 0.6226875
1.725153 2.769195 1.654786 0.2514183 0.8599503 0.8345937
1.93678 2.122008 2.400947 0.2233185 0.6162298 0.9443684
2.04554 1.918434 2.548968 0.2239513 0.5632417 0.9215353
2.163695 1.540566 3.380397 0.2294454 0.5204558 1.149198
1.931618 2.131328 2.439668 0.2516615 0.7026291 1.098184
1.632022 3.087367 1.252185 0.195425 0.7272754 0.4986336
1.640961 3.207358 1.166635 0.2034217 0.7625712 0.4748072
2.401593 1.060991 4.473234 0.272655 0.5272862 1.492449
1.996155 2.086902 2.174069 0.1992014 0.5206766 0.7118674
2.14486 1.865551 2.369953 0.2593495 0.6113068 0.9154472
2.075517 1.862703 2.79735 0.2461442 0.6119736 1.113456
2.133061 1.581667 3.419641 0.2367183 0.5516843 1.241222
2.183794 1.639233 3.007024 0.2650541 0.6027779 1.172562
1.917093 2.078473 2.619271 0.2310397 0.6465304 1.096948
2.0692 1.774136 3.200725 0.2489565 0.6203782 1.315216
1.679002 3.117213 1.209743 0.2454008 0.8917034 0.5848033
2.210884 1.568508 3.044386 0.2207381 0.4843217 0.9477297
1.911913 2.215605 2.266309 0.198842 0.5615585 0.8054851
2.368232 1.158051 4.274987 0.2856958 0.5693996 1.560883
1.87372 2.192237 2.412306 0.1991626 0.574836 0.8850686
1.901993 2.48535 1.675628 0.2129311 0.6205952 0.6233668
2.001654 2.147487 2.146757 0.25477 0.6759433 0.9085039
2.106335 1.711319 3.138587 0.2344704 0.5625102 1.15847
1.92149 2.015701 2.734521 0.2171292 0.5997229 1.068507
1.531551 3.535807 1.029206 0.2254305 0.9532248 0.495814
1.856515 2.419196 1.985107 0.2089013 0.6257482 0.7648545
1.94367 2.232251 2.149936 0.2692888 0.7526119 1.014577
2.522883 0.7959928 5.224599 0.2949648 0.5303288 1.691467
1.998216 2.00286 2.430044 0.2136504 0.55652 0.8639274
1.912136 2.185991 2.315924 0.2197589 0.6201616 0.911628
1.906962 2.144096 2.447292 0.191107 0.5364438 0.84089
2.308754 1.229016 4.785367 0.2877959 0.6071251 1.933104
1.725839 2.683586 1.723341 0.2197154 0.7387242 0.7556178
2.072506 1.857941 2.573729 0.236384 0.5807187 0.9578321
2.006862 2.041628 2.425755 0.202187 0.527384 0.8179699
2.030526 1.952022 2.44682 0.211221 0.5353475 0.8365181
1.974049 1.978824 2.74275 0.2326241 0.6216567 1.110404
1.821095 2.410438 2.072727 0.2267948 0.6978123 0.8976727
2.542389 0.8477125 5.279429 0.2889125 0.5200803 1.705137
1.747168 2.85575 1.441988 0.1899193 0.6368532 0.5234891
1.986731 2.011783 2.626536 0.2481728 0.6612556 1.123672
1.737296 2.615352 1.807058 0.2253019 0.7464124 0.8100842
1.609423 3.272163 1.205946 0.2146717 0.8366775 0.5381215
2.091423 1.705289 2.908811 0.2428226 0.5810663 1.093503
2.148277 1.539212 3.628423 0.2282445 0.5266683 1.264975
2.124113 1.773527 2.614836 0.2435258 0.5739011 0.9581027
2.036779 2.001022 2.522918 0.2322955 0.5968937 0.9667459
2.115737 1.683452 3.064907 0.2283366 0.5399903 1.079503
2.054348 1.832217 2.88547 0.2045953 0.5086181 0.9579875
2.070307 1.899126 2.442334 0.2047317 0.5020093 0.7814158
1.750366 2.747955 1.535165 0.2116551 0.7006791 0.6244898
2.017632 1.930165 2.741405 0.2025689 0.5204738 0.9275501
2.199634 1.451953 3.876472 0.261001 0.5854204 1.502687
1.87493 2.330847 2.135664 0.2276148 0.6704227 0.8949834
2.381434 1.163399 4.217928 0.2840546 0.5624884 1.519875
2.164741 1.593614 3.249831 0.2358134 0.5383076 1.140843
1.962976 1.980467 2.669954 0.2130259 0.5690261 0.9851146
2.063992 1.900611 2.619721 0.2480435 0.6196548 1.045015
2.213549 1.269533 4.628687 0.2479339 0.5438986 1.673334
1.798535 2.564158 1.843592 0.2249694 0.7138997 0.7959409
2.209666 1.371308 3.965657 0.2459723 0.5408706 1.410849
1.653235 2.921091 1.663482 0.3682824 1.360467 1.308835
2.070203 1.77692 3.017874 0.2511483 0.6214703 1.230021
1.832879 2.44812 1.96329 0.2175001 0.6650498 0.8023923
1.893481 2.275939 2.036966 0.229421 0.6572074 0.8312257
2.031881 1.821656 3.020908 0.208159 0.5256103 1.043514
2.294831 1.452048 3.274659 0.2623261 0.5504482 1.156856
2.134129 1.685945 3.211262 0.234025 0.5536789 1.171477
2.103274 1.771042 2.53006 0.2521762 0.5977301 0.9589044
2.320894 1.313362 3.6408 0.254952 0.5198821 1.210277
2.210905 1.388724 4.152748 0.2566852 0.5706399 1.5761
2.286016 1.371875 3.850133 0.2696296 0.5720764 1.440098
2.135687 1.609501 3.1991 0.2536545 0.5904861 1.231999
1.935432 2.168698 2.358841 0.244237 0.6819201 1.023964
2.002014 2.058569 2.193194 0.2259646 0.5884314 0.811595
2.04493 1.764603 3.119735 0.2799975 0.7048747 1.448476
1.51875 3.698896 0.9148052 0.3479422 1.517005 0.6769037
2.458553 0.9207468 5.040139 0.2814713 0.5273249 1.665663
2.134909 1.524135 3.513647 0.2562775 0.5936716 1.369636
2.319267 1.232562 4.391576 0.277901 0.5758618 1.654839
1.753483 2.705381 1.638923 0.2280764 0.7537702 0.726191
2.206972 1.358171 4.497538 0.3002701 0.6769994 2.049831
2.073453 1.855795 2.626915 0.2070797 0.505919 0.853738
1.914782 2.515084 1.522515 0.2257445 0.6504157 0.5832438
2.174992 1.644508 2.983656 0.2539545 0.5788609 1.115992
1.882865 2.272163 2.284531 0.2168074 0.6326457 0.9151921
1.413656 4.070616 0.7906754 0.2369731 1.158097 0.4176452
1.993228 2.200992 2.062556 0.226131 0.6056773 0.7785967
2.171876 1.504962 3.25525 0.2519777 0.564613 1.186482
1.564 3.424803 1.136556 0.1958917 0.7991305 0.4708461
2.08332 1.721475 3.047848 0.2366407 0.5738711 1.143473
2.427234 1.011121 4.750221 0.2815745 0.5392182 1.622523
2.363026 1.177953 4.229335 0.2485647 0.4933888 1.338577
1.917448 2.134745 2.438549 0.2057411 0.5751079 0.8982424
1.945921 2.097166 2.385545 0.21172 0.5768983 0.8777358
2.254649 1.447491 3.264915 0.2555983 0.5442919 1.137702
2.176832 1.510425 3.506131 0.2336271 0.5262334 1.208345
1.800056 2.446611 2.179151 0.2301868 0.7254763 0.9857834
1.891112 2.296181 2.016308 0.2338068 0.6741516 0.8433924
1.983352 2.032333 2.502377 0.240614 0.6406513 1.029531
2.152538 1.661682 3.117549 0.2400705 0.5576316 1.13523
1.856953 2.493476 1.771148 0.193642 0.5804862 0.6207233
2.275245 1.421709 3.386626 0.2526896 0.532686 1.15882
1.700729 2.975757 1.397901 0.2634899 0.9360356 0.7351775
2.070805 1.868401 2.400794 0.2516402 0.6148976 0.933766
1.985565 2.004768 2.540809 0.2379517 0.6306261 1.031781
1.843077 2.473652 1.782874 0.2090971 0.6309738 0.6801342
2.183381 1.467563 3.657272 0.260368 0.5859543 1.407351
1.912271 2.273911 2.032276 0.2507624 0.7126926 0.8992807
2.090668 1.791088 2.830274 0.2148582 0.5201001 0.9558491
2.382993 1.243485 3.895949 0.2645385 0.5236198 1.306004
1.938639 2.229733 2.039179 0.2522599 0.7005441 0.887873
2.028198 2.080665 2.275604 0.2151064 0.5567622 0.8020684
2.216132 1.638946 2.761163 0.239218 0.5270384 0.9264793
1.849366 2.557722 1.629557 0.2171856 0.6586819 0.6372404
1.9872 1.991832 2.59285 0.2095334 0.551931 0.9244386
2.130442 1.561505 3.768021 0.2498537 0.5895479 1.484154
1.80516 2.45698 1.948192 0.2061108 0.6395474 0.7643327
1.957041 2.182739 1.979285 0.2070088 0.5577131 0.6830902
2.354145 1.210789 4.378702 0.2631973 0.5323665 1.515956
2.190412 1.583398 3.183721 0.2475258 0.5566995 1.150441
2.073119 1.848682 2.676885 0.2772668 0.6864791 1.184652
2.149094 1.605137 3.308026 0.2323273 0.5370721 1.164914
1.771601 2.695215 1.617632 0.1995296 0.6484657 0.6165885
2.062181 1.908367 2.582777 0.2215765 0.5520011 0.9166746
1.986335 2.080218 2.316495 0.255791 0.6815797 1.001579
1.80668 2.512003 1.972617 0.2117766 0.6647975 0.8027198
2.302182 1.346082 3.469416 0.2680717 0.5527762 1.2222
2.056673 1.858563 2.822963 0.2245801 0.5614793 1.031804
1.96967 2.259792 1.832043 0.214619 0.5802661 0.6500579
2.006253 2.007003 2.383297 0.2221985 0.5759285 0.8734747
1.768482 2.741609 1.635655 0.2457488 0.8136823 0.7810149
2.10001 1.769387 2.75871 0.2236185 0.5340574 0.9483692
1.840167 2.41828 1.939933 0.2325108 0.704018 0.8387712
1.795846 2.815257 1.412983 0.2113889 0.6855279 0.5532032
1.950451 2.15197 2.278927 0.2698551 0.7440569 1.073877
1.828387 2.486097 1.808034 0.2424973 0.7444192 0.8151159
2.258864 1.377392 3.848328 0.2674234 0.5747449 1.446784
2.261843 1.45295 3.241588 0.2623921 0.5576258 1.156489
2.090494 1.601348 3.52704 0.2348916 0.5632791 1.3166
2.152086 1.618975 2.978571 0.2290792 0.5222478 1.001575
2.174734 1.551771 3.430633 0.2390637 0.5431041 1.22247
1.990303 1.987672 2.675724 0.2496231 0.6621826 1.149295
2.037491 1.83296 2.800059 0.2240107 0.5614806 1.019954
2.076921 1.835128 2.78372 0.2304964 0.5672094 1.02405
2.056859 2.011591 2.208644 0.2011314 0.5028142 0.6997964
1.711223 2.912392 1.380836 0.2435542 0.8460405 0.6586109
2.118938 1.538143 3.535536 0.2521982 0.5910129 1.376883
2.349706 1.443481 3.021783 0.2390257 0.4797372 0.9133464
2.899926 0.1445401 8.840431 0.3931062 0.6096146 2.969031
2.388975 1.083886 4.862295 0.294758 0.585635 1.845743
2.825765 0.3879591 6.679028 0.3711119 0.5843301 2.207312
2.15864 1.590665 3.132697 0.2311709 0.5261158 1.06789
2.009956 1.919179 2.596078 0.2307563 0.5926676 0.9898502
2.141076 1.678581 3.08338 0.2306104 0.5380236 1.081265
1.686042 2.924574 1.432106 0.2131774 0.7548312 0.6123694
2.022062 1.871635 2.817357 0.2425093 0.6206462 1.138814
2.234483 1.448235 3.681981 0.2538833 0.5550144 1.339097
1.799812 2.449695 2.007862 0.2702519 0.8495406 1.052227
2.277334 1.28649 4.401196 0.2498689 0.5301881 1.540442
2.180239 1.717731 2.913558 0.2572916 0.5931052 1.120335
1.949922 2.190706 2.23299 0.2485148 0.6873117 0.9679853
1.874494 2.204736 2.401674 0.2039282 0.5906258 0.9053036
2.065354 1.850251 2.850083 0.2154805 0.5346777 0.9925033
2.246396 1.418299 3.723146 0.2578796 0.5586919 1.360645
1.664791 3.105671 1.248667 0.2216656 0.8115056 0.5524219
2.097206 1.705585 3.006726 0.2381368 0.57071 1.11754
2.303711 1.218833 4.203399 0.2631169 0.5422132 1.472672
1.769117 2.465481 2.211668 0.2009094 0.6459767 0.8926007
2.163773 1.446069 4.005399 0.2667616 0.6120483 1.634478
1.996831 2.066997 2.423846 0.244193 0.648735 1.005803
2.163742 1.587128 2.986819 0.2418752 0.5463833 1.047871
2.003249 1.95573 2.644965 0.2524222 0.6602751 1.130122
1.65646 2.963263 1.475925 0.2301953 0.83941 0.7014874
2.219339 1.471774 3.440121 0.226223 0.4924479 1.098014
2.035487 2.028338 2.177706 0.2298617 0.5833836 0.7962999
2.161227 1.484126 3.724701 0.2324174 0.5287875 1.300087
2.049731 1.801696 2.982766 0.2572341 0.6459664 1.263041
2.263471 1.371608 3.676044 0.263077 0.5594536 1.33193
1.819068 2.609109 1.747668 0.2291001 0.7212775 0.7541038
1.788524 2.653377 1.547263 0.2259906 0.7200963 0.6523617
2.179928 1.666062 3.064603 0.2492447 0.5712763 1.139745
2.0595 1.986146 2.223477 0.2030211 0.5031826 0.7033953
1.9137 1.982706 3.077209 0.2401465 0.6735249 1.376059
1.944339 2.050377 2.626856 0.2120526 0.5798514 0.9871234
2.077563 1.534036 3.518403 0.2477737 0.5913508 1.369153
2.448943 0.8733637 5.538851 0.2751191 0.5195994 1.817444
2.594146 0.6567922 5.972766 0.3032022 0.5282098 1.902064
1.799444 2.642216 1.729949 0.2341873 0.7493259 0.7718325
2.159579 1.696184 3.063078 0.2518626 0.5871513 1.174451
1.911768 2.392836 1.826979 0.2052296 0.5878721 0.6544492
1.802147 2.546306 1.830088 0.2351076 0.7420354 0.8211578
2.387242 1.113688 4.338577 0.2763467 0.5416822 1.496849
1.940484 1.944139 2.885886 0.2293619 0.6229001 1.179279
1.993112 1.885346 2.831991 0.2215081 0.5757634 1.06402
1.978963 1.94757 2.665432 0.234187 0.6173205 1.064248
1.746254 2.678414 1.646224 0.2486257 0.8222188 0.7972907
1.871564 2.290698 2.269033 0.235323 0.6937691 0.9938856
1.884154 2.114733 2.547054 0.2125716 0.6074959 0.9995318
1.811474 2.404819 1.961342 0.2130902 0.6523609 0.7869328
1.991352 2.01307 2.291116 0.207569 0.5389699 0.7811549
2.565878 0.8826434 4.77447 0.3088759 0.5481005 1.605507
2.018162 2.001534 2.434183 0.2306382 0.5956959 0.9255818
2.012448 2.032794 2.517005 0.2354982 0.6172739 0.9981331
1.915316 2.27025 1.994587 0.199304 0.5590326 0.690036
2.245014 1.454589 3.567434 0.2512213 0.5441794 1.26471
1.673036 3.062256 1.283241 0.1960771 0.7091683 0.5009745
2.044707 1.894377 2.631947 0.2452034 0.6183803 1.049079
2.122938 1.658072 3.2173 0.2516469 0.5957428 1.257226
2.269211 1.399404 3.686764 0.2539711 0.5408443 1.297214
2.158233 1.671057 2.85552 0.2329494 0.5331681 0.9785461
2.188112 1.601629 3.11099 0.2442146 0.5500921 1.108739
1.861176 2.328839 2.132639 0.2248528 0.6657134 0.8860954
1.737764 2.77528 1.585953 0.246772 0.8333727 0.7689834
2.064874 1.908305 2.32062 0.2299957 0.5644447 0.8257916
2.865285 0.3813265 6.388794 0.3570779 0.5484 1.954337
2.007141 1.99273 2.520026 0.2168496 0.563654 0.9123216
2.115659 1.719606 3.025618 0.242148 0.5775023 1.140316
2.066343 1.851042 2.885871 0.2219105 0.5530318 1.043447
2.231923 1.41663 3.981177 0.2500534 0.5495399 1.449077
1.909577 2.262532 2.042319 0.2293122 0.6502967 0.8260442
2.567197 0.7318952 6.088831 0.3244337 0.5826912 2.199512
2.240844 1.387147 3.589628 0.238413 0.5095309 1.181357
1.789377 2.572806 1.779987 0.2086738 0.6616023 0.7070746
2.118501 1.703877 3.12338 0.2494493 0.5948716 1.216931
2.088009 1.817564 2.934425 0.2200328 0.5390216 1.034253
1.757521 2.72489 1.709278 0.2304669 0.7683704 0.7771641
1.922984 2.238002 2.254613 0.1947381 0.5491804 0.7836821
1.783944 2.610643 1.614178 0.1874117 0.5938278 0.5673691
2.513047 1.017246 4.263128 0.2770473 0.5032563 1.32946
2.004207 2.051081 2.263691 0.2262777 0.5893133 0.8424542
2.055183 1.702182 3.388705 0.2189344 0.5419917 1.221524
1.941508 2.169148 2.351994 0.2245705 0.6234469 0.9334931
1.717772 2.719066 1.744233 0.268674 0.9187358 0.9495726
1.828336 2.436812 1.871264 0.2634423 0.8054078 0.9198052
2.34208 1.128226 4.639086 0.269987 0.5463768 1.642545
1.84572 2.403477 1.827683 0.2129488 0.6335685 0.7040445
1.871594 2.34544 1.927218 0.2058473 0.6002435 0.7115929
2.295545 1.188023 4.488173 0.2589469 0.5370627 1.569039
2.019831 2.060749 2.389827 0.2267437 0.5912757 0.900889
2.053256 1.894836 2.651933 0.2319818 0.5817229 0.9953954
2.370273 1.039422 4.88761 0.2696856 0.5329267 1.669631
1.76553 2.797339 1.468825 0.2229862 0.7363323 0.6212841
2.202766 1.404774 4.181379 0.2350665 0.5237319 1.459192
1.700286 2.953454 1.363861 0.1972223 0.6907682 0.5283586
2.083344 1.869807 2.671648 0.2465972 0.6078247 1.047829
2.311209 1.039928 5.31401 0.2520041 0.5152839 1.783788
2.154848 1.429986 4.394218 0.2770407 0.6448119 1.916586
2.317908 1.215764 4.322462 0.2710033 0.5580128 1.567758
2.001101 1.952214 2.648313 0.2276759 0.5933938 1.016559
1.767767 2.697768 1.684108 0.2174917 0.715145 0.7130167
1.720572 2.833033 1.522051 0.206192 0.7054536 0.618192
2.09845 1.753251 2.728631 0.2169965 0.5163005 0.9055907
1.845885 2.553804 1.856388 0.28812 0.893306 1.003711
2.052336 1.848914 2.7975 0.2384794 0.5972702 1.085757
2.404097 1.086559 4.664234 0.2720403 0.5312147 1.590558
2.007695 1.939885 2.563069 0.2352747 0.606942 0.9990978
2.0272 1.835154 2.799371 0.2111583 0.5310651 0.9649127
2.216166 1.478683 3.418138 0.2430081 0.5325672 1.18107
1.945255 2.246496 2.041372 0.1954965 0.539901 0.6871014
2.032216 1.925191 2.846973 0.2330907 0.6002643 1.117728
1.968676 2.119158 2.252454 0.2367744 0.6392826 0.91078
1.992705 2.169675 2.115816 0.2377833 0.6346336 0.8390646
1.980546 2.0998 2.373534 0.2313242 0.6206775 0.9384944
2.072202 1.853151 2.683442 0.2335425 0.5760784 0.997706
1.903319 2.228294 2.316395 0.2404997 0.6901405 1.014279
2.091244 1.768311 2.958083 0.2280771 0.5530017 1.066802
2.377103 1.084214 5.13808 0.2845525 0.5716414 1.924236
2.104095 1.800046 2.917872 0.2085732 0.5029738 0.9571221
2.096451 1.696409 3.05539 0.2297013 0.5494325 1.094589
2.207302 1.573136 3.126921 0.2514419 0.5594464 1.131781
1.820638 2.595744 1.64421 0.2229658 0.6929688 0.6751048
1.768678 2.756931 1.64238 0.2177303 0.7197649 0.6921447
1.709391 2.793549 1.631072 0.2289653 0.7915532 0.7540973
1.994859 2.060055 2.41564 0.247415 0.6566532 1.013549
1.884806 2.272805 2.235708 0.2136577 0.6211896 0.8767071
2.161308 1.380106 4.152679 0.2355134 0.5326103 1.467878
1.677276 3.049349 1.290107 0.2318143 0.8360676 0.5936708
2.263265 1.468566 3.258914 0.2923269 0.6273006 1.315147
1.840374 2.416451 2.002553 0.2180705 0.6620343 0.8192213
2.044237 1.886043 2.633783 0.2155219 0.5394415 0.9148984
2.104026 1.787546 2.736248 0.2446966 0.5876553 1.035798
2.176743 1.599508 3.019665 0.2376777 0.5353122 1.041554
1.658827 3.012668 1.278149 0.2318103 0.8398704 0.5928793
1.912819 2.245697 2.269074 0.2278712 0.6502375 0.9327526
2.233965 1.416056 3.556824 0.220233 0.472535 1.089276
2.36494 1.160547 4.009148 0.2538655 0.4983352 1.262533
2.196287 1.470707 3.444809 0.2522687 0.5590282 1.250587
1.639434 2.927417 1.588907 0.2026633 0.7450492 0.6795672
2.075036 1.798612 2.640522 0.2359633 0.5732478 0.9704609
1.804894 2.504616 1.826848 0.1802719 0.5583098 0.6184802
1.645281 3.061941 1.38394 0.2402388 0.8930117 0.6861786
1.806902 2.61 1.751138 0.217259 0.6880621 0.7211012
2.190684 1.498447 3.534626 0.2246146 0.5008801 1.159674
1.80987 2.526529 1.828926 0.2168903 0.6768187 0.7489745
2.114208 1.740014 3.001412 0.2437109 0.5835747 1.14307
2.156826 1.632493 3.125338 0.2428465 0.5589428 1.135987
2.126745 1.682371 3.134069 0.2367219 0.5586154 1.14505
2.07574 1.753827 2.874318 0.2613111 0.6377864 1.188814
1.727441 2.732286 1.744065 0.2071836 0.7026036 0.7259725
1.90989 2.118805 2.484267 0.2309056 0.6505861 1.039024
2.412765 0.8732419 5.712108 0.2869802 0.554655 2.015144
2.479419 0.9605399 4.828089 0.2864569 0.5331272 1.615723
2.144529 1.707134 2.80831 0.2267271 0.524399 0.9466016
2.088531 1.88304 2.480773 0.2204566 0.5355666 0.8465918
1.594108 3.274188 1.209665 0.2054432 0.8067386 0.519665
1.763322 2.551887 1.988586 0.1857943 0.6015645 0.7324562
2.479083 1.140129 3.92223 0.268184 0.4995426 1.229449
1.954948 2.187684 2.223083 0.2363295 0.6512115 0.9137582
1.871162 2.382971 1.905678 0.2273266 0.6695112 0.7822194
1.875437 2.081782 2.956643 0.2232209 0.6476867 1.264222
2.102813 1.626385 3.321564 0.242508 0.5774704 1.261307
2.171887 1.513754 3.249318 0.2385113 0.5336027 1.119352
1.831891 2.508561 1.777938 0.2430868 0.7462752 0.8000424
2.237203 1.429162 3.451218 0.2660301 0.5748126 1.281047
1.920747 2.187431 2.33811 0.2412979 0.6816137 1.014143
1.93903 2.182623 2.113557 0.2330383 0.6420515 0.8489351
1.880086 2.442352 1.804336 0.1944365 0.5711061 0.6259809
2.305821 1.446312 3.047816 0.2548629 0.524783 1.010286
1.771798 2.664 1.66158 0.1828821 0.5903904 0.580269
2.112888 1.714028 3.121424 0.249442 0.5978318 1.22339
2.222477 1.491983 3.421172 0.2522555 0.5543997 1.234537
2.130171 1.639333 3.037347 0.2563215 0.5979056 1.176354
2.031031 1.819825 3.033305 0.250857 0.6391755 1.275804
2.079318 2.022326 2.187846 0.2053346 0.507555 0.6975518
1.911044 2.22894 2.179854 0.2473557 0.7021177 0.961354
1.465363 3.769035 0.9375401 0.218625 0.9948494 0.4516496
2.039543 1.881957 2.709567 0.1979678 0.4964753 0.871233
2.134547 1.618752 3.398618 0.2211594 0.5173883 1.161124
1.635664 3.239099 1.205169 0.2336053 0.8889883 0.572026
1.973672 2.094815 2.440119 0.2288625 0.6179126 0.9654086
2.074265 1.921024 2.400594 0.2014663 0.493289 0.7525241
1.508301 3.698498 0.994103 0.2195392 0.964271 0.4720426
1.904445 2.373094 1.882848 0.2631907 0.7605355 0.8755225
2.338873 1.135958 4.647227 0.2587917 0.5231569 1.575209
1.995747 1.976363 2.416273 0.2533044 0.6606049 1.017981
2.392272 1.131228 4.008443 0.2390488 0.4586952 1.15347
1.993709 2.125992 2.058399 0.2244512 0.5906878 0.7571621
2.184882 1.593392 3.293837 0.2444273 0.5551714 1.196993
2.242819 1.574906 3.204872 0.2684426 0.5910647 1.230966
2.297247 1.354299 3.590274 0.2655481 0.5522516 1.27404
1.709242 2.904242 1.510989 0.2313632 0.8103512 0.6999431
2.073138 1.833398 2.790044 0.2232226 0.5492349 0.9936105
1.767263 2.510877 2.027561 0.2138176 0.6892931 0.8596629
1.88195 2.300741 1.921311 0.1832639 0.5235334 0.6193713
2.015768 2.036156 2.45369 0.2235306 0.5834063 0.9173264
1.861579 2.584919 1.415318 0.2226497 0.6646989 0.5460968
1.768736 2.806926 1.358537 0.2229625 0.731425 0.5647001
2.265915 1.398503 3.675119 0.2727335 0.5836392 1.395653
1.687908 2.936863 1.418536 0.2035234 0.7185741 0.5750848
1.892238 2.300289 2.014107 0.2140496 0.6154403 0.7689098
2.391487 1.064541 4.506469 0.2710223 0.527241 1.507053
2.000324 1.92142 2.677771 0.24569 0.6386605 1.106444
2.063827 1.789517 2.619697 0.2091971 0.5064818 0.8485795
1.665057 3.102225 1.164526 0.2314487 0.842201 0.5300941
1.714095 2.815344 1.504987 0.1809616 0.6165569 0.5347551
2.422753 1.12954 4.231633 0.2904496 0.5617088 1.511716
2.115749 1.659359 3.269014 0.2602476 0.6206091 1.334897
1.657444 3.017206 1.453834 0.2193069 0.8050236 0.6575399
2.116458 1.686944 3.004079 0.2408591 0.5694459 1.111674
1.996902 2.046149 2.320018 0.2332254 0.6118636 0.9003293
2.1524 1.497374 3.576217 0.2461192 0.5631398 1.323531
1.801779 2.506571 1.832174 0.2293235 0.7176782 0.797058
2.253398 1.400989 3.633155 0.2285164 0.4865585 1.14698
2.208685 1.522685 3.273487 0.235015 0.5177549 1.097189
1.76784 2.653711 1.674689 0.2107038 0.6835739 0.6777011
2.134151 1.69777 2.888837 0.2435022 0.5694166 1.062695
2.310138 1.26339 4.312214 0.2499216 0.5187535 1.465581
1.46879 3.910294 0.8403958 0.1945654 0.8938662 0.3525683
2.270876 1.370779 3.56339 0.2593662 0.546532 1.252846
2.251311 1.465744 3.414449 0.2454525 0.528319 1.168982
2.331059 1.246297 4.170453 0.2556902 0.5221332 1.412945
2.018176 1.961769 2.494335 0.2131227 0.5458612 0.87198
1.900852 2.361044 1.953765 0.2419934 0.7010453 0.8433394
2.045313 1.814259 3.002459 0.2489268 0.6276712 1.237048
2.213606 1.431401 3.681414 0.2737685 0.6049857 1.457942
1.822162 2.451549 1.979819 0.2393612 0.7387065 0.8987482
1.963231 2.010914 2.791058 0.2396164 0.6514212 1.190035
2.203522 1.486438 3.553824 0.2776 0.6205453 1.444699
1.87007 2.191374 2.418376 0.2281442 0.6638643 1.026154
1.647543 3.221059 1.150041 0.2516312 0.9460138 0.579186
1.817329 2.417815 2.02567 0.2038111 0.6251881 0.782604
2.317532 1.419908 3.25111 0.2317785 0.4735579 0.9799359
1.989126 1.876699 2.925162 0.2358099 0.6173709 1.185016
1.775453 2.832118 1.472782 0.205155 0.6782345 0.5733182
2.088178 1.738075 3.114341 0.2188733 0.5306603 1.085258
2.184476 1.312829 4.552417 0.2658758 0.5979581 1.820687
1.963878 2.042721 2.560196 0.215509 0.5804059 0.9582449
2.31652 1.216206 3.795581 0.261353 0.5273861 1.266967
2.428545 1.002 4.797582 0.2750746 0.5251246 1.593449
1.89934 2.172423 2.440161 0.2645758 0.7585135 1.184766
1.698231 3.132701 1.194788 0.2154753 0.7736673 0.4998729
1.965606 2.13377 2.188313 0.2656139 0.7193652 0.9897197
2.355235 1.217623 4.083917 0.2662955 0.5346868 1.404056
2.298868 1.398624 3.590543 0.2470001 0.5159955 1.198683
1.827456 2.528747 1.693097 0.2372192 0.7278692 0.7361424
1.866119 2.355599 1.974041 0.2211447 0.6500453 0.790335
1.92187 2.174294 2.304147 0.2265511 0.6343766 0.9266871
2.177067 1.707555 2.585937 0.2257703 0.5086693 0.8336327
2.488461 0.939432 5.043597 0.2882316 0.5359826 1.703879
1.80072 2.650745 1.665372 0.271801 0.8706864 0.8587175
2.357277 1.04847 5.309078 0.2592315 0.5207764 1.804954
2.266062 1.36374 3.592957 0.2563675 0.5409889 1.250987
2.116287 1.555519 3.574915 0.2499468 0.5892894 1.393802
1.765222 2.801297 1.489488 0.2124817 0.7038414 0.6042166
2.020556 1.873751 2.896191 0.2322793 0.595864 1.128516
1.688754 2.84849 1.66957 0.2449864 0.8681925 0.8437458
1.872894 2.318663 2.116501 0.2567863 0.7574252 1.001409
2.133887 1.797789 2.716164 0.2416888 0.5728166 1.002283
1.97435 2.113678 2.155942 0.186592 0.4939214 0.6688611
1.689919 2.962866 1.394582 0.192892 0.6834912 0.5365621
2.088476 1.81783 2.797234 0.2097432 0.5088292 0.9221446
1.860778 2.504084 1.812896 0.2391484 0.7237326 0.794232
2.191005 1.367805 4.128343 0.2595002 0.5799412 1.58617
2.069899 1.816043 2.721643 0.2261506 0.5538175 0.9721803
1.574583 3.251733 1.283757 0.2094703 0.834925 0.5770064
2.493313 0.9793988 4.478332 0.2754926 0.5045993 1.402062
2.031943 1.949856 2.54673 0.2379201 0.608004 0.9949585
2.163995 1.761429 2.751787 0.2586143 0.6017797 1.066066
2.007959 2.023708 2.310651 0.2363569 0.613588 0.8982282
2.138583 1.709347 2.820497 0.2403208 0.5602282 1.017719
1.950396 2.033131 2.556584 0.2273083 0.616183 1.014997
2.244381 1.424628 3.479111 0.2671772 0.5756763 1.294621
1.611296 3.1923 1.277241 0.2458349 0.9501051 0.6576441
1.792023 2.531008 1.874691 0.2229818 0.7061813 0.8037878
2.132586 1.880431 2.445047 0.2452678 0.58407 0.9072832
1.775685 2.663323 1.724351 0.2415905 0.7876844 0.8074346
1.694156 2.935716 1.492603 0.2013634 0.7118702 0.6040472
2.25597 1.355697 4.182546 0.261852 0.5669947 1.570601
1.804764 2.663282 1.602074 0.244243 0.7777694 0.7333063
2.001221 2.003994 2.429257 0.217827 0.5668508 0.8793091
1.860969 2.414507 1.943845 0.2241077 0.6685909 0.7974491
2.163835 1.543089 3.276537 0.23001 0.519794 1.106273
2.138868 1.618669 3.290324 0.244459 0.5704976 1.231492
2.173219 1.499311 3.777908 0.2375335 0.5405953 1.354153
2.0064 2.057337 2.276253 0.2160965 0.5635462 0.8125398
2.017959 1.880909 2.750354 0.2486827 0.637388 1.137083
2.019647 1.916191 2.564957 0.2407163 0.6152515 1.01369
2.279833 1.393284 3.415935 0.2398582 0.5010135 1.096608
1.867968 2.396882 1.884367 0.2614816 0.7754056 0.8935608
2.43198 1.053857 4.502294 0.2691376 0.5128316 1.460122
1.82843 2.405821 1.991527 0.2207192 0.6711377 0.8236904
1.776496 2.566399 1.905778 0.2236661 0.7215531 0.8355269
2.18942 1.444082 3.712588 0.2365694 0.5265684 1.281865
2.050704 1.843384 2.722579 0.2323957 0.5791207 1.019316
2.639898 0.4960656 7.095075 0.345131 0.5951431 2.513888
2.081921 1.576798 3.641175 0.2210109 0.5307393 1.285811
2.068079 1.94276 2.626927 0.2347374 0.5894186 0.9986714
2.140704 1.502101 3.557298 0.2505047 0.5765119 1.346065
2.092438 1.892115 2.422116 0.2055244 0.4960986 0.7630821
2.038792 1.885199 2.842844 0.2389529 0.6077963 1.126532
2.079629 1.788432 2.917478 0.2352906 0.5766175 1.097116
1.86538 2.348302 1.931303 0.1962996 0.5739282 0.6821438
1.858768 2.327901 2.318678 0.2310995 0.6930146 1.017008
2.169308 1.577021 3.258364 0.2503211 0.5704723 1.211826
1.904169 2.238777 2.339846 0.2428102 0.6997473 1.041338
1.972595 2.060139 2.454465 0.2157795 0.5780496 0.9094691
1.604172 3.138877 1.276611 0.1889197 0.7213936 0.5017612
1.98406 2.105929 2.236461 0.2267007 0.6025929 0.8496559
1.861376 2.242085 2.20115 0.2159938 0.6292181 0.8704265
1.707969 2.945573 1.445249 0.2085918 0.7310649 0.5973982
2.105579 1.90935 2.446738 0.2524136 0.6139546 0.9563225
1.83444 2.325504 2.233446 0.23458 0.7100016 0.9980578
1.737731 2.788455 1.486507 0.2228502 0.7484168 0.6412072
1.818097 2.405846 2.03947 0.2160848 0.6630994 0.8373765
1.92776 2.175884 2.12774 0.2162781 0.5969479 0.7948515
2.176524 1.487679 3.387898 0.2497712 0.5595227 1.230736
1.848552 2.349483 1.98073 0.2148681 0.6380927 0.7805576
1.919111 2.194752 2.218862 0.2502189 0.7039986 0.9845964
1.849865 2.223111 2.50753 0.2018491 0.5975826 0.9623044
2.089356 1.742564 3.034075 0.2351003 0.5706188 1.133042
2.241495 1.366465 3.861278 0.2476952 0.5331684 1.343238
1.996561 1.986333 2.627734 0.2231111 0.5852925 0.9932991
1.774248 2.583722 1.765433 0.2463865 0.7936289 0.8403549
1.871501 2.298577 2.235873 0.2315794 0.6828831 0.9622626
1.830535 2.531317 1.761017 0.2129807 0.6564344 0.6970926
2.448858 0.9971147 4.956509 0.3001175 0.573714 1.812813
2.041434 1.903074 2.589573 0.2293119 0.5768162 0.9591851
2.178327 1.531944 3.664273 0.2724781 0.6247131 1.517847
1.951317 1.856008 3.102622 0.2505721 0.6723906 1.38082
2.223662 1.42321 3.400844 0.2384966 0.5140088 1.124101
1.903575 2.32628 2.078535 0.2134772 0.6147297 0.7949479
2.387759 1.06689 4.455281 0.2538889 0.4920572 1.387379
1.915933 2.365044 1.950636 0.2345006 0.6736928 0.8088539
2.443923 0.9179567 5.123344 0.2803036 0.5292186 1.703289
2.151283 1.673775 2.944694 0.2531056 0.5857567 1.114505
2.305435 1.111245 4.933151 0.2796793 0.5794388 1.868888
2.306418 1.348347 3.497201 0.2244575 0.4577949 1.02159
2.148418 1.674995 2.971862 0.2436608 0.5648753 1.08706
2.562607 0.8895342 4.355102 0.2778323 0.4837648 1.266372
1.750038 2.607477 1.747136 0.248809 0.815508 0.85163
1.913654 2.279544 2.081651 0.2242631 0.6369085 0.825795
2.031178 1.859797 2.568231 0.2398187 0.601946 0.9903529
1.94157 2.063364 2.608606 0.1951031 0.5329267 0.8994234
1.630018 2.952105 1.714902 0.2015293 0.7536275 0.7474353
1.746817 2.746696 1.620997 0.2133184 0.7122805 0.6759783
2.032128 1.799841 2.910542 0.2182672 0.5468294 1.037385
1.293248 4.5983 0.6382606 0.2474081 1.409637 0.3741991
1.867839 2.320059 2.145976 0.2120216 0.6250063 0.8400233
2.030472 1.784297 3.114427 0.2281108 0.5763093 1.182655
1.847736 2.482132 1.807173 0.2259604 0.6837746 0.7480101
2.390351 1.193993 4.064425 0.2738244 0.539152 1.400999
2.185647 1.615278 2.949445 0.2359196 0.5289274 1.002448
1.943772 2.15715 2.240586 0.2154872 0.5922777 0.8391429
2.222911 1.440218 3.563974 0.256207 0.5598031 1.297531
1.821965 2.246777 2.540892 0.2243611 0.6818223 1.114584
1.889197 2.328537 1.974318 0.2095513 0.6062382 0.7405401
2.573287 0.693209 6.372915 0.3259685 0.5842976 2.305109
1.978854 1.941909 2.820379 0.2414606 0.6416752 1.182734
2.408572 1.047563 4.656762 0.2943027 0.572169 1.697191
2.050964 1.83212 2.867277 0.2447422 0.6141615 1.148817
1.995943 2.024011 2.437748 0.2170424 0.5695644 0.8884267
2.165894 1.589126 3.34396 0.2353357 0.5385581 1.18031
2.149995 1.588246 3.551647 0.2383462 0.5544787 1.305069
2.25396 1.555241 3.151282 0.2398358 0.5183822 1.053812
1.670672 3.023216 1.445964 0.230608 0.840165 0.6809304
2.221496 1.40862 3.870308 0.2353309 0.514989 1.310623
2.051483 1.867417 2.840256 0.2204969 0.5545304 1.028189
2.16727 1.571951 3.417768 0.2631388 0.604766 1.358667
2.147335 1.651529 3.153401 0.2383531 0.5534182 1.138608
1.650345 2.964698 1.406713 0.2055979 0.7472595 0.5913139
1.954224 2.182769 2.119121 0.2365962 0.6470385 0.8580368
2.37142 1.071002 4.796332 0.2876636 0.5729815 1.771633
2.012242 1.99438 2.425745 0.2004289 0.5149094 0.796547
1.773491 2.686927 1.677859 0.2206033 0.7195335 0.7134135
1.845123 2.553563 1.71167 0.2056726 0.6266963 0.6414942
1.842775 2.419425 1.965397 0.2330831 0.7062623 0.8544096
2.265968 1.485717 3.222697 0.2431672 0.517517 1.07199
2.055435 1.78912 2.915062 0.2616815 0.6515076 1.238155
1.802573 2.568716 1.663424 0.1988536 0.6221187 0.617441
1.860327 2.339275 2.283292 0.2333966 0.7000012 1.008963
1.714184 2.842493 1.556066 0.2200699 0.7603509 0.6827616
2.247234 1.408459 3.701271 0.2648332 0.5726339 1.382883
1.902557 2.412679 1.757479 0.2470841 0.7146618 0.7594368
1.655627 2.878471 1.68554 0.2346734 0.8548882 0.8386721
1.948921 2.135586 2.511248 0.2340219 0.6489707 1.049177
2.344423 1.140799 4.505223 0.2560561 0.5142875 1.493654
1.982179 2.115667 2.183038 0.2468946 0.658279 0.9024972
2.383227 1.270402 3.606459 0.2702449 0.5321471 1.215248
1.479875 3.776229 0.9822093 0.1998362 0.9028151 0.4313093
2.320307 1.32299 3.43483 0.2449552 0.4951768 1.076402
1.700329 2.900004 1.403788 0.1988844 0.690712 0.5481725
1.822992 2.524009 1.82953 0.2446573 0.7600274 0.8415161
1.993401 1.970698 2.588454 0.2752763 0.7254439 1.210687
2.466815 0.9000949 4.872703 0.2980777 0.553667 1.670349
2.025949 1.893928 2.690541 0.2326573 0.5925564 1.031066
2.117792 1.671582 3.477809 0.2517893 0.6055441 1.402566
2.277213 1.21545 4.253021 0.2511207 0.523591 1.442926
2.177231 1.650639 2.772573 0.2370407 0.5329952 0.9418876
2.455869 1.093975 4.126571 0.2739687 0.5147678 1.331703
1.751236 2.734321 1.770252 0.2001428 0.6701821 0.7045827
1.876545 2.216912 2.272047 0.2335979 0.6771571 0.9742482
2.032899 2.109831 1.948055 0.228208 0.5822696 0.6992545
2.005002 1.954239 2.736776 0.250623 0.6573401 1.170658
2.321586 1.220036 4.142099 0.2803815 0.5749124 1.538028
2.066406 1.869844 2.750226 0.2723452 0.6817949 1.216097
2.08306 1.768363 2.907955 0.2221556 0.5391685 1.019775
1.725879 2.90364 1.392461 0.2192342 0.752191 0.5915491
2.137673 1.700097 3.004002 0.239801 0.5625726 1.099577
2.140812 1.570439 3.39273 0.2464689 0.571706 1.273453
2.056621 1.821471 3.063384 0.2361238 0.5928623 1.195926
1.849512 2.332163 1.99036 0.2235202 0.6626734 0.8160141
2.470559 0.9240672 5.16981 0.3001736 0.5642271 1.841288
1.997328 1.975359 2.644137 0.2417803 0.6348526 1.084711
1.588013 3.109213 1.357641 0.2748747 1.068606 0.7991317
2.138859 1.620939 3.227605 0.2498354 0.5819086 1.227079
1.633344 3.255084 1.156582 0.2220334 0.8472627 0.5208315
2.016679 1.763086 3.142919 0.2381462 0.6048409 1.252472
2.116242 1.806824 2.544327 0.2314793 0.5489282 0.8903189
2.036576 1.829691 2.983343 0.2404741 0.6092223 1.191738
1.93537 2.187947 2.04239 0.2002575 0.5482 0.6969187
1.954566 2.140344 2.395232 0.2165132 0.5933973 0.9070799
1.983045 1.840697 3.260065 0.2285851 0.6034962 1.312696
2.03091 1.961263 2.540621 0.2665904 0.6854238 1.118617
2.015867 1.821543 2.906981 0.2497753 0.6373577 1.20928
1.989107 1.987647 2.409702 0.2159106 0.5627187 0.8644276
1.822461 2.609129 1.600381 0.2307163 0.717949 0.6783521
2.625238 0.6055033 6.187608 0.3165357 0.5447094 2.017125
2.258819 1.19667 4.632742 0.2640095 0.5614576 1.708814
2.076676 1.754976 3.20423 0.2451212 0.6056366 1.283536
2.188857 1.666075 2.850312 0.2322206 0.5228448 0.9569322
2.130045 1.722878 2.793971 0.2256393 0.5261783 0.9439841
2.091149 1.860291 2.507551 0.1983799 0.4769566 0.7626662
2.051092 1.993103 2.299977 0.2407381 0.6070348 0.8826577
1.903453 2.349096 1.838682 0.1958154 0.5584564 0.6280712
2.268425 1.309294 4.142569 0.2784255 0.5949801 1.617862
2.097035 1.827385 2.721025 0.2414561 0.5869396 1.031734
1.749087 2.798146 1.493655 0.2306516 0.7719476 0.6643958
2.248817 1.424102 3.594574 0.2516278 0.5415029 1.264617
2.011182 2.061975 2.171079 0.2142609 0.5529147 0.7526903
2.04242 1.785436 2.764921 0.2198993 0.543084 0.9694887
1.933521 2.176424 2.155403 0.2310825 0.6389142 0.8641721
1.979277 2.073596 2.461157 0.252186 0.678513 1.070245
2.270971 1.283625 4.034519 0.2680212 0.5657649 1.48273
1.855144 2.323215 2.170333 0.2349645 0.7002158 0.9520745
2.221312 1.432018 3.884729 0.2703668 0.5992724 1.53893
1.961061 2.067795 2.368927 0.233649 0.6293916 0.9495083
2.242977 1.636553 2.855862 0.2570187 0.5627106 1.028149
2.444561 1.012416 4.919756 0.2690437 0.5127499 1.610217
1.656872 3.007519 1.396635 0.2332326 0.8521499 0.6652812
1.606782 3.186555 1.308731 0.2235665 0.865375 0.6157393
1.844205 2.488295 1.708948 0.21493 0.6482446 0.6654729
2.152545 1.6589 3.179519 0.2465476 0.5739156 1.194179
2.390189 1.063561 4.80495 0.2709758 0.5319218 1.640819
1.966874 2.18876 2.10771 0.2366686 0.6428628 0.8465996
2.350223 1.136042 4.53768 0.2816758 0.567389 1.661442
1.756912 2.675301 1.737891 0.2340244 0.7731823 0.7989343
1.993815 2.023243 2.407246 0.2265024 0.5940273 0.9116382
2.153201 1.632645 3.14991 0.2568829 0.5953887 1.223527
2.190012 1.60939 3.276641 0.2529436 0.5758473 1.236896
2.082762 1.64828 3.445464 0.2218877 0.5363973 1.225378
2.174931 1.507846 3.908583 0.2588839 0.5951396 1.554906
1.986588 1.906167 2.854807 0.2292472 0.6019499 1.123862
2.256891 1.393852 3.915 0.2578892 0.5570875 1.435056
2.327476 1.147706 4.5707 0.2550239 0.5182616 1.535537
2.227152 1.383282 3.809822 0.245142 0.5321132 1.323871
2.083153 1.828868 2.501203 0.2162526 0.5201431 0.8267435
2.047713 1.847852 2.879412 0.2501136 0.6306958 1.185054
1.862677 2.395492 2.05798 0.2642795 0.7943043 1.013802
1.909662 2.264214 1.972747 0.2233252 0.6297162 0.7677059
2.013968 2.107685 2.267087 0.2152395 0.5639184 0.8086483
2.487743 1.069088 4.272353 0.2851016 0.5301904 1.423669
1.629504 3.051213 1.419409 0.2051326 0.7688803 0.6095698
2.40388 0.9859806 5.164354 0.2924969 0.5714478 1.891915
2.400622 1.054945 4.988507 0.2609239 0.5106298 1.64475
2.040564 1.950988 2.623769 0.2445991 0.6259234 1.061385
1.684777 3.016115 1.386832 0.196887 0.7064704 0.5477989
2.110286 1.754419 3.080876 0.2484347 0.6005088 1.214644
2.109011 1.748349 2.859296 0.2088714 0.495575 0.9175443
2.387507 1.157264 4.125001 0.269506 0.5278836 1.384936
1.851932 2.471937 1.930468 0.2097826 0.6354473 0.7506619
2.088688 1.754334 3.033636 0.2554805 0.6237417 1.23924
2.040274 1.858667 2.846577 0.2235135 0.5642485 1.047465
1.959055 2.149973 2.226909 0.2084963 0.5662575 0.7964917
1.956866 2.159696 2.109057 0.2193552 0.5940511 0.7833438
2.332348 1.21414 4.307644 0.28637 0.5873784 1.644853
1.917689 2.271115 2.140541 0.2175651 0.6175922 0.8280872
2.117464 1.765701 2.932011 0.2297623 0.5492419 1.048624
2.109014 1.772292 3.092388 0.2504055 0.6087437 1.238875
1.662623 2.954844 1.510893 0.223386 0.8111262 0.6964687
1.775279 2.689589 1.565697 0.1926847 0.619292 0.5660563
1.99723 2.006765 2.533373 0.2135385 0.5595859 0.9115907
2.004396 2.165109 1.988984 0.1961332 0.5125598 0.6315883
1.805511 2.583886 1.683198 0.2320915 0.7297058 0.7317458
2.239551 1.539315 3.466036 0.2637085 0.5828833 1.326293
2.167904 1.628042 3.369774 0.2437831 0.5641184 1.25439
2.087658 1.781728 2.728254 0.2481327 0.6004818 1.054932
2.235458 1.557076 3.04681 0.2368019 0.5144235 1.006319
2.035244 1.939132 2.449129 0.2105199 0.5300387 0.8277166
1.75568 2.82836 1.440503 0.219032 0.7311431 0.6024281
2.121703 1.847553 2.511081 0.2210442 0.524792 0.839482
1.940072 2.179992 2.302922 0.2340539 0.6512148 0.9516593
1.846097 2.340719 2.069334 0.1933564 0.5749671 0.74047
1.616649 3.069844 1.522889 0.2712285 1.03937 0.8893903
1.947329 2.11272 2.330327 0.2176021 0.5938476 0.8799475
2.180246 1.499683 3.712066 0.253651 0.5763962 1.416051
2.300067 1.336908 3.755538 0.2454072 0.5089112 1.234715
2.053046 2.046465 2.250536 0.257155 0.6546235 0.9288399
2.26538 1.259689 4.215246 0.2544234 0.537801 1.478787
1.996649 2.09598 2.192047 0.2244622 0.5908658 0.8150417
1.931936 2.170569 2.143785 0.2056973 0.5656213 0.760264
1.915702 2.334662 1.919034 0.2628505 0.7518426 0.8871487
1.505305 3.587383 1.071937 0.1885797 0.8167819 0.4411305
2.42473 1.000657 5.118387 0.2830485 0.5474574 1.797599
1.966873 1.999029 2.568268 0.2288415 0.6105626 1.009716
1.821931 2.533941 1.881722 0.2335109 0.7291355 0.8338053
1.768549 2.604574 1.769888 0.2288682 0.7410069 0.7853936
2.104191 1.677806 3.174637 0.2607962 0.625608 1.302415
1.992078 2.11372 2.153142 0.20784 0.5467531 0.7378995
1.869555 2.23162 2.478953 0.2393513 0.7050566 1.11995
1.543561 3.521857 0.9976583 0.2544147 1.063713 0.5350412
1.58828 3.412301 1.116806 0.2306925 0.9265671 0.5361568
2.381146 1.102169 4.334595 0.26111 0.5099073 1.402238
2.246517 1.371581 3.87063 0.2377228 0.5116538 1.297487
2.602167 0.7892034 4.814497 0.2976367 0.5113287 1.472847
2.457905 0.8748769 5.277782 0.2653176 0.4938167 1.626298
2.180888 1.583774 3.351781 0.2255013 0.5106595 1.121295
1.629135 3.017455 1.386057 0.2309329 0.8600474 0.6655352
2.112107 1.748195 2.825659 0.2440487 0.5822842 1.064537
1.541477 3.4408 1.100411 0.2271382 0.9426741 0.5341478
2.364097 1.241848 3.747985 0.2494861 0.4931125 1.172695
2.010106 1.902491 2.870715 0.24467 0.6356489 1.193424
2.078886 1.830482 2.737035 0.2413946 0.5930582 1.050075
2.044362 1.811656 2.886081 0.2233514 0.5573318 1.047528
1.898158 2.314764 2.092202 0.2268223 0.6565742 0.857189
2.021569 1.900947 2.601777 0.2253993 0.5731783 0.9594972
1.954282 2.141753 2.265206 0.2091868 0.5689928 0.8152909
2.277502 1.401595 3.924635 0.2536592 0.5433035 1.405194
2.103981 1.67669 3.173438 0.2416356 0.5782786 1.204158
1.853023 2.311701 2.191621 0.207166 0.6142423 0.8443176
1.745528 2.775289 1.588571 0.2409094 0.8110426 0.7508929
2.180031 1.527685 3.396603 0.2392668 0.5380645 1.191933
2.159922 1.531201 3.494557 0.252109 0.5763354 1.320581
1.673081 2.8556 1.543385 0.1931694 0.6853988 0.6108649
1.529586 3.452369 1.133798 0.1748132 0.7304508 0.427644
2.324734 1.287661 3.584598 0.2476047 0.4990052 1.133615
1.77486 2.693298 1.520261 0.1955225 0.6296533 0.5579183
2.025718 2.098143 2.147681 0.2079318 0.5364647 0.7228405
2.375579 1.169021 4.349357 0.2556045 0.5070357 1.421877
1.796141 2.517094 1.733485 0.2289419 0.7143957 0.7427492
2.344457 1.153849 4.638181 0.2798015 0.5691069 1.71921
2.174861 1.621823 3.187033 0.2222088 0.5056296 1.0519
1.920463 2.351224 1.86391 0.2131374 0.6046411 0.6899006
2.214283 1.507681 3.515521 0.2490855 0.5531293 1.274743
1.996669 2.078479 2.472234 0.1987716 0.5262045 0.8347819
1.702091 2.943059 1.448387 0.1997732 0.702164 0.5757799
1.939001 2.152544 2.209193 0.2034107 0.5572413 0.7761388
2.028736 1.898143 2.582418 0.220814 0.557532 0.9242046
2.449627 1.029807 4.299612 0.2682354 0.5014171 1.342325
2.414249 0.8911313 5.645165 0.2760199 0.5324395 1.915093
2.101534 1.862856 2.503955 0.2416854 0.5836251 0.9313744
2.153464 1.520207 3.684223 0.2637491 0.6099053 1.488527
1.676896 2.923421 1.439127 0.2125593 0.7571805 0.6178926
1.845425 2.416922 1.89341 0.2172814 0.6522856 0.7554027
1.996794 2.116358 2.293198 0.229594 0.6113467 0.8895524
1.966666 1.928826 2.798557 0.2304582 0.6127968 1.118338
2.531051 0.7981551 5.539355 0.308487 0.5592653 1.917639
2.03392 1.872223 2.869291 0.2548713 0.6514792 1.222014
2.361695 1.239024 3.945507 0.2767306 0.5545824 1.402723
1.967035 1.980774 2.68802 0.2043028 0.5439258 0.9489436
1.681587 3.043673 1.39082 0.2199586 0.7960749 0.6165864
2.226231 1.507296 3.352777 0.2522667 0.5532717 1.204351
1.630386 3.249686 1.26816 0.2363211 0.9095368 0.6198117
2.05713 2.046699 2.253321 0.2188395 0.5535402 0.7875971
2.293447 1.366114 3.613057 0.249965 0.5212312 1.214701
2.283416 1.444806 3.345302 0.2438682 0.5126875 1.102494
2.152624 1.684264 2.847828 0.2146012 0.4916627 0.9006674
1.858974 2.385831 2.120012 0.2023381 0.6057471 0.8008348
2.30188 1.249477 4.126932 0.2458788 0.5071461 1.355584
1.988854 2.06939 2.215746 0.2155965 0.5654721 0.7885059
1.915349 2.228654 2.197541 0.241593 0.6849443 0.9473807
2.004763 1.938868 2.660926 0.2028159 0.5239539 0.9025763
1.439389 4.028369 0.7708178 0.2412455 1.147807 0.4044512
2.076456 1.821435 2.861263 0.247951 0.6123305 1.140652
1.994678 2.13522 2.049829 0.2835924 0.7517532 0.9582801
2.014625 2.013384 2.353133 0.2331832 0.6028483 0.9010166
1.576307 3.287389 1.216208 0.2379462 0.9502672 0.6147231
1.680282 2.960228 1.369207 0.2098841 0.7459249 0.5721947
2.198195 1.529707 3.39431 0.2199543 0.4882675 1.080852
1.550868 3.439922 1.162764 0.1936787 0.8009706 0.4836002
1.731586 2.697269 1.745409 0.2182519 0.7339423 0.7606909
1.701229 2.892165 1.434538 0.1851142 0.6439767 0.5259299
2.038767 1.771976 3.132549 0.2118907 0.5304026 1.095345
1.901242 2.157646 2.365016 0.2212421 0.6259496 0.9429668
2.042891 1.880679 2.626599 0.2137139 0.5343863 0.9033355
2.100316 1.74115 2.967128 0.2352444 0.56574 1.093615
2.366639 1.173509 4.395016 0.2481311 0.4938409 1.40148
2.059438 1.810027 2.996255 0.2286023 0.5696197 1.119343
1.927875 2.193058 2.04254 0.2209411 0.6098312 0.774652
1.992342 1.962273 2.660281 0.2010994 0.5254243 0.905736
1.885322 2.20329 2.353023 0.1987934 0.5703047 0.8539313
1.890603 2.328031 1.97749 0.2235881 0.6455947 0.7877173
1.97442 2.082611 2.460174 0.2277107 0.6134855 0.9675855
2.409134 1.141744 4.215976 0.2693112 0.522996 1.405425
1.771196 2.581004 1.87624 0.1924406 0.6203566 0.7047858
2.176896 1.557519 3.282786 0.2570681 0.5823368 1.244553
2.222869 1.484653 3.48375 0.2509781 0.551657 1.253294
2.638944 0.5590254 7.05919 0.3382657 0.5882181 2.523543
2.327815 1.413802 3.219325 0.2514468 0.512806 1.048776
2.168237 1.444132 3.821994 0.242449 0.5487489 1.384819
1.569986 3.251249 1.341875 0.1856133 0.7424961 0.5394288
2.300422 0.9922503 5.809646 0.2729536 0.5664078 2.16383
1.99538 1.855755 2.953589 0.2472879 0.6437394 1.247255
2.122417 1.897323 2.432309 0.2198687 0.5257636 0.8132013
1.993643 2.146927 2.347859 0.2562206 0.6915928 1.033419
1.834495 2.518678 1.708806 0.1913391 0.5813914 0.5958511
2.016043 1.905626 3.164516 0.2614775 0.6880758 1.449097
2.620931 0.7832057 5.267911 0.327842 0.5696315 1.831442
1.842933 2.513203 1.786303 0.2081982 0.634832 0.6855425
1.955974 2.007052 2.530681 0.2351183 0.6322675 1.029295
2.056085 1.72405 3.269023 0.2002958 0.492498 1.06413
2.284272 1.281289 4.116623 0.2507878 0.5252642 1.408228
1.903255 2.171004 2.295772 0.2179312 0.6144753 0.893431
2.257437 1.371397 3.875874 0.2904158 0.6272197 1.592805
2.145132 1.558112 3.287963 0.2377162 0.5453486 1.168332
1.949998 1.927215 3.007653 0.2540322 0.6902432 1.371453
2.020763 1.769455 3.201552 0.2207011 0.5598246 1.185498
1.816323 2.58035 1.837551 0.249204 0.7874163 0.873828
2.261337 1.335879 4.007987 0.2531106 0.5403895 1.418081
1.857366 2.638361 1.613967 0.2233245 0.6860005 0.6535488
1.648635 3.083024 1.279659 0.2086001 0.7686025 0.5392053
2.134754 1.683604 2.981787 0.2407623 0.5628467 1.08821
1.729173 2.893567 1.386559 0.238445 0.816736 0.6400933
1.820631 2.427777 2.091011 0.2446226 0.7575609 0.9833693
2.174209 1.453206 3.598143 0.2575216 0.5787493 1.360495
2.127144 1.67292 3.152676 0.2427333 0.5728591 1.182013
2.127304 1.701928 2.991859 0.2278813 0.5358869 1.04232
1.890776 2.184586 2.252417 0.2344153 0.6684113 0.9516229
2.415215 1.040106 4.267782 0.2824611 0.5382342 1.432183
1.853863 2.391475 1.984227 0.2143177 0.6401593 0.7833794
1.676846 2.852684 1.549308 0.2686498 0.9544768 0.8517765
1.931206 2.095973 2.549718 0.2025713 0.5598229 0.9204761
1.505937 3.449539 1.13373 0.2207839 0.9432638 0.5529295
2.196113 1.464205 3.846757 0.2355248 0.527199 1.342489
2.136316 1.655219 3.224337 0.2454618 0.5769496 1.221265
2.041654 1.983886 2.59364 0.250653 0.6445339 1.078406
2.027796 1.874897 2.779761 0.2172296 0.5515572 0.9968907
2.090136 1.854019 2.684147 0.228826 0.5591701 0.9689194
1.651654 3.158864 1.234357 0.2584374 0.964411 0.6438486
1.708177 2.967445 1.306782 0.2595203 0.9083508 0.6603112
1.905104 2.448508 1.751977 0.201818 0.5831648 0.6166
2.014557 1.955074 2.510088 0.2166285 0.5561314 0.8950282
2.137837 1.620308 3.299192 0.2434938 0.5692043 1.233632
1.702788 2.814751 1.627993 0.2036717 0.7066798 0.6699471
2.187056 1.489412 3.762451 0.2273785 0.5122743 1.277368
1.979116 2.029646 2.674747 0.2297116 0.6166502 1.07085
1.692753 3.026309 1.297753 0.2913799 1.042473 0.7475843
2.138074 1.785011 2.561324 0.2268163 0.5285963 0.8612764
2.272507 1.305296 3.951024 0.2337284 0.4897554 1.255535
1.830107 2.5195 1.673452 0.2101187 0.6401142 0.6397893
2.037561 1.842067 2.848594 0.2293867 0.5783475 1.073339
1.627413 3.184137 1.233985 0.2439469 0.9289605 0.6190655
2.146611 1.734111 2.798292 0.2017807 0.4657167 0.8389065
2.144831 1.671068 2.920705 0.2428429 0.5618107 1.058312
1.834407 2.305441 2.0806 0.2007934 0.5982312 0.7764787
1.852192 2.424336 1.961448 0.2856201 0.8638491 1.040411
2.087783 1.876302 2.570906 0.238088 0.5824412 0.9597573
1.819489 2.411162 2.110912 0.2076626 0.6393524 0.840208
1.61393 3.081768 1.318594 0.2131189 0.8048198 0.5840212
2.522954 0.8378838 5.114929 0.2948012 0.5324059 1.675493
1.954551 2.132234 2.174579 0.1973453 0.532683 0.7292267
1.73972 2.679618 1.763852 0.1880994 0.6261391 0.6587593
2.10398 1.791435 2.759857 0.2243058 0.5383809 0.9598774
2.168578 1.641318 3.017793 0.2490538 0.5695526 1.112734
1.678228 3.028978 1.247786 0.1943549 0.6938454 0.476253
2.019315 2.035532 2.347062 0.2591776 0.6737699 1.004452
2.273385 1.263683 4.201311 0.2412094 0.5060068 1.384695
1.505086 3.578562 1.072086 0.2360374 1.026373 0.5553949
1.825692 2.285092 2.404251 0.2134654 0.6481991 0.9943074
1.783609 2.652745 1.746175 0.2167937 0.7014674 0.7304762
2.182184 1.549345 3.158616 0.259699 0.5830489 1.189463
1.823691 2.559618 1.75 0.2384139 0.7411175 0.7776651
1.796507 2.419419 1.905342 0.2036485 0.6281517 0.7327913
3.064667 -0.01238058 8.340968 0.4306869 0.6183933 2.631418
1.77116 2.560706 1.955209 0.2188784 0.7092101 0.8462466
2.26841 1.354836 3.948832 0.2439386 0.5186686 1.340119
1.933786 2.040433 2.602845 0.2062908 0.5643578 0.949678
1.776295 2.552318 1.981147 0.1829872 0.5876479 0.7126035
1.800904 2.458798 2.136423 0.2198679 0.6914166 0.9171646
2.149606 1.683177 2.778044 0.2499978 0.5753869 1.022886
2.010246 1.997295 2.424536 0.2467111 0.6407768 0.9913353
1.634928 3.085324 1.282395 0.2146025 0.7990121 0.5619958
1.988529 1.839484 2.811457 0.2032729 0.5215579 0.9527785
2.296314 1.327509 3.60561 0.2715596 0.5628082 1.299185
1.982613 2.041889 2.574634 0.2454808 0.6585029 1.094979
2.135432 1.647732 2.973644 0.2350056 0.543788 1.043479
2.29023 1.382745 3.59324 0.2450917 0.5125349 1.189568
1.972365 2.168949 2.143069 0.2068424 0.5565915 0.7479075
1.998525 1.846836 3.134781 0.2344029 0.6116611 1.270414
1.791872 2.514077 2.015852 0.2298992 0.7324024 0.9073925
1.774618 2.727231 1.564192 0.2322721 0.7579141 0.690832
2.493331 0.8946184 4.961856 0.2765377 0.5059613 1.555547
1.997629 1.921171 2.759538 0.2221946 0.5783684 1.037752
1.953009 2.075782 2.356697 0.2013215 0.5429028 0.8154885
2.180224 1.620682 3.326744 0.248092 0.5687052 1.243286
2.254871 1.413095 3.695983 0.2512606 0.5400535 1.301829
2.235228 1.462718 3.498555 0.2660328 0.5808685 1.323164
2.154322 1.605873 3.223306 0.2548287 0.5877967 1.236047
1.85868 2.425694 1.803685 0.2260044 0.6718185 0.7353662
2.258836 1.342941 3.801092 0.2411165 0.5105192 1.257539
2.111207 1.619373 3.594335 0.2390347 0.571632 1.369431
2.09526 1.645339 3.556917 0.2271936 0.5486039 1.301407
2.301489 1.358347 3.612332 0.2665762 0.5547957 1.291285
1.792546 2.573925 1.855092 0.2837818 0.9113323 1.02321
2.196818 1.640934 3.102497 0.2535572 0.5750881 1.161766
2.346632 1.099789 4.724585 0.276528 0.5574173 1.702274
1.858492 2.363652 1.877349 0.1968239 0.5783619 0.6655476
1.697727 2.943966 1.32959 0.185448 0.6458577 0.4800938
1.941107 2.135401 2.122294 0.207642 0.564492 0.7511399
1.950245 2.140308 2.258531 0.2127124 0.5797425 0.8277014
2.31466 1.18338 4.334619 0.239237 0.4861578 1.358653
1.885143 2.311762 2.095429 0.1816428 0.5246318 0.6863424
1.846787 2.39052 2.035375 0.1894016 0.5667466 0.714206
1.958381 2.073279 2.284552 0.2177354 0.5833413 0.8430432
1.814402 2.475282 1.938866 0.2302474 0.7150669 0.8486373
1.997678 2.027933 2.539306 0.2216777 0.5848594 0.956325
2.457175 1.108422 3.852176 0.2523336 0.4673394 1.114157
2.05695 1.933322 2.509122 0.2377066 0.596607 0.9589709
1.756244 2.749477 1.586847 0.2217033 0.735119 0.6803111
1.910778 2.124359 2.280976 0.216989 0.6037237 0.8725146
1.696982 2.834889 1.547663 0.2706175 0.9479368 0.8472891
1.972904 1.984333 2.70788 0.2251115 0.600982 1.057736
2.358067 1.223017 3.941471 0.2680975 0.5351138 1.346595
2.004928 1.961797 2.589705 0.2345635 0.6098748 1.017431
2.343027 1.151181 4.26242 0.2600281 0.520356 1.418206
2.875204 0.2645915 6.827081 0.3654201 0.556313 2.056955
2.230414 1.28114 4.480884 0.2475588 0.5375567 1.594467
1.911174 2.350156 1.873869 0.2408262 0.6886666 0.789612
1.926719 2.153208 2.241571 0.2045609 0.5650577 0.8001463
1.648751 2.960012 1.513314 0.2290659 0.8404156 0.7226463
1.734084 2.858515 1.580322 0.2081773 0.7132616 0.6511095
1.983022 2.071668 2.314103 0.2317835 0.6153403 0.9028606
2.54223 0.7478187 5.944349 0.2932015 0.5279483 1.941916
2.008774 1.957681 2.460375 0.2387083 0.6154806 0.9672933
1.965903 2.230359 1.871148 0.2309736 0.6241293 0.7159051
2.092421 1.798815 2.720482 0.2417629 0.5842783 1.023036
1.659736 2.998889 1.417819 0.2008679 0.7297962 0.5801166
2.228285 1.527307 3.241475 0.2510056 0.5498407 1.15335
2.16935 1.553743 3.417949 0.2479519 0.5654389 1.266987
2.002563 2.070395 2.405393 0.2273272 0.600288 0.9222044
1.760764 2.738905 1.487991 0.1945577 0.6343508 0.5454215
2.085259 1.921418 2.430395 0.2452097 0.603931 0.9353035
2.002334 1.988876 2.678513 0.2197831 0.5770724 1.003029
2.49656 0.9152457 5.419477 0.294662 0.5500117 1.895171
2.085037 1.66008 3.320369 0.2277897 0.5501133 1.206045
1.83198 2.441175 1.94193 0.2106178 0.6420353 0.7652935
1.772363 2.696831 1.561419 0.2199904 0.7146008 0.6525761
2.344196 1.242778 3.986833 0.2530309 0.5095418 1.3051
2.040565 1.790217 2.955988 0.221255 0.5520726 1.065522
1.99555 1.922174 2.719817 0.2206964 0.5743333 1.01382
1.971004 2.151804 2.148232 0.2034188 0.5455801 0.7352891
1.956408 2.18404 2.272899 0.2369556 0.6538449 0.9415773
2.000613 1.959841 2.83349 0.2298561 0.6058749 1.124
2.037547 1.992162 2.527202 0.2383286 0.6124919 0.9949328
2.367962 1.168647 4.138608 0.255478 0.5041858 1.329499
2.327842 1.325034 3.609783 0.2505058 0.509392 1.176375
2.149256 1.59534 3.29361 0.2361411 0.5450769 1.175068
2.008759 1.912075 2.572306 0.2141846 0.5470476 0.903239
2.481291 0.7047972 6.832131 0.3019825 0.5660895 2.435283
2.22218 1.530255 3.238473 0.2357665 0.5163547 1.081385
1.978283 2.105279 2.360091 0.1990046 0.5321805 0.8003079
1.803153 2.507949 1.857783 0.1974539 0.615369 0.6941772
1.983339 1.981039 2.508609 0.2238427 0.5885949 0.9480971
1.995263 2.074772 2.429342 0.2666057 0.7116736 1.105836
1.725762 2.862365 1.527149 0.2460294 0.8473789 0.7429199
2.125546 1.626548 3.405424 0.2484192 0.5876026 1.322016
2.16363 1.541831 3.300872 0.237429 0.5382072 1.156122
1.95794 2.210834 2.048268 0.1995429 0.5430219 0.6931675
1.966655 2.13367 2.467785 0.2090077 0.5703961 0.9038348
2.039064 1.870735 2.733317 0.1995136 0.4995701 0.8843472
2.121267 1.761664 2.573862 0.2236933 0.523143 0.8559873
2.099047 1.869064 2.616477 0.2408363 0.5868048 0.9871575
1.692043 2.87971 1.475482 0.2156719 0.7566139 0.6375935
2.266482 1.547315 3.01051 0.2564545 0.5488868 1.056761
2.183247 1.46411 3.471633 0.2496242 0.5566346 1.256597
2.054414 1.675478 3.826156 0.2243689 0.5613795 1.454511
2.013511 1.863062 2.808003 0.2483477 0.6375359 1.164842
2.669034 0.6839355 4.744407 0.2895306 0.4722853 1.288685
2.191036 1.685175 2.913826 0.2456953 0.5582644 1.05115
1.848678 2.447443 1.91787 0.2541372 0.7708578 0.9046994
2.144733 1.593487 3.481004 0.23206 0.5401881 1.24355
1.875419 2.167042 2.532684 0.2222465 0.6448019 1.052198
2.079262 1.777323 3.016344 0.2256459 0.5528555 1.09243
1.951808 1.896217 2.770854 0.2136943 0.5667843 1.021757
2.164046 1.518547 3.523 0.2406143 0.5476692 1.266808
1.901444 2.278831 2.101245 0.232662 0.667744 0.8765076
2.363477 1.221014 4.059746 0.2843837 0.5708965 1.490419
2.02172 1.994301 2.653093 0.2437379 0.6362897 1.094225
1.835214 2.461774 1.873337 0.2391631 0.7307924 0.8349701
1.988396 2.056165 2.437643 0.25815 0.6883946 1.0735
1.859177 2.542344 1.755966 0.2559837 0.7803465 0.823959
1.556179 3.413053 1.131363 0.2510144 1.03219 0.6060459
2.058842 1.702309 3.382252 0.2532327 0.6294206 1.415585
2.229267 1.477617 3.273121 0.2277043 0.49105 1.033931
1.856184 2.303199 2.1844 0.2226946 0.6598994 0.9045497
2.388958 1.063693 4.84823 0.2570883 0.5037785 1.570118
2.302387 1.282552 3.924728 0.2563586 0.5292151 1.339151
2.018349 2.031596 2.512849 0.2202886 0.5747578 0.9288385
1.835521 2.552703 1.716828 0.2246118 0.6907802 0.7100292
1.885944 2.244471 2.345712 0.2376435 0.6920647 1.032423
2.288315 1.319882 3.847592 0.2607793 0.5455229 1.358957
2.05753 1.9735 2.515089 0.220712 0.5574236 0.9002802
2.021855 1.870071 2.958542 0.215529 0.5517538 1.07095
2.339235 1.049485 5.454172 0.2761108 0.5640784 2.023409
2.156514 1.589815 3.433616 0.2565044 0.5948649 1.347168
2.226271 1.492456 3.414855 0.2359287 0.5155379 1.144963
2.126383 1.778854 2.581118 0.2168418 0.5077566 0.835686
2.026125 1.934621 2.747423 0.2361422 0.6087777 1.08764
2.206202 1.612853 3.241865 0.246744 0.5564705 1.180762
1.641747 3.206805 1.218525 0.1996982 0.7514651 0.4918917
1.984969 2.045973 2.285921 0.2511785 0.6633758 0.9592751
1.805462 2.487397 1.906044 0.1902785 0.5913299 0.6885509
2.025479 1.915598 2.733352 0.2352262 0.6035929 1.071058
1.556502 3.624563 0.9626555 0.2688894 1.131068 0.539319
2.103612 1.796349 2.779102 0.2492882 0.6018091 1.081322
