1.660475 1.428525 0.701748 0.1684273 0.3443114 0.104056
1.923102 1.01727 0.7443916 0.2170766 0.3527414 0.09946319
2.235407 0.624407 1.048187 0.2907103 0.4131495 0.1554472
1.75856 1.370042 0.6582529 0.179191 0.3334542 0.09077084
1.907263 1.105684 0.6954254 0.2108394 0.3457324 0.0920253
1.99698 0.9586646 0.7925173 0.2307618 0.3625466 0.1085151
2.256621 0.5154615 0.8362639 0.305081 0.403146 0.1054077
2.393528 0.4430988 0.855401 0.3339422 0.4153463 0.1078287
2.055901 0.957551 0.7529923 0.2372689 0.3575001 0.09979558
2.629664 0.1967655 0.9399975 0.3987371 0.4523837 0.117301
2.240662 0.5029887 0.8856568 0.3063337 0.4122462 0.1157602
1.971287 1.065908 0.6788279 0.2190448 0.3422528 0.08684928
1.704348 1.591462 0.5885863 0.1643013 0.3244597 0.08133497
2.10604 0.8978657 0.77388 0.2443171 0.357265 0.1010535
1.732814 1.313224 0.6445234 0.1782727 0.3307171 0.0859861
1.797471 1.420523 0.6492283 0.1810689 0.3340769 0.09085265
2.122303 1.117414 0.8016786 0.2333104 0.3572405 0.1157964
1.536468 1.617171 0.6120919 0.1491052 0.332985 0.08842655
2.734785 0.02689696 1.102891 0.4413225 0.4935959 0.1453127
2.169738 0.998208 0.7030435 0.247559 0.3495861 0.09035636
2.165045 0.8104787 0.7743564 0.2613875 0.3677235 0.1000528
1.80409 1.36166 0.5869087 0.1838429 0.3236565 0.07538295
2.051451 0.9804071 0.7149432 0.2320224 0.3472474 0.09142341
1.681842 1.563436 0.64975 0.1666405 0.3416039 0.0967918
1.842385 1.526799 0.6583256 0.1809508 0.3370315 0.09651124
2.311509 0.7121446 0.7736479 0.2908202 0.3772563 0.09772533
2.388619 0.6005887 0.7224506 0.3141312 0.3828201 0.08536391
1.761796 1.39212 0.6380069 0.1800593 0.3341777 0.08777671
2.254363 0.7634982 0.7661741 0.2744184 0.3672354 0.09650316
1.962754 1.095503 0.6573243 0.2146615 0.3368367 0.08296395
1.555314 1.842591 0.5541021 0.1442534 0.333153 0.08205738
1.802375 1.692341 0.6067912 0.1732195 0.3384119 0.09076074
1.808832 1.330533 0.6592796 0.1868628 0.3359528 0.09048772
1.76105 1.417528 0.6915292 0.1788254 0.3423768 0.1011394
1.983921 0.859663 0.7917775 0.234682 0.3638581 0.1042568
1.670116 1.582452 0.5542249 0.1584305 0.3126864 0.07235927
2.229772 0.6652563 0.701752 0.2884712 0.3772082 0.08334438
2.206942 0.7490525 0.7789506 0.2710372 0.3700866 0.0986145
1.886572 1.071199 0.6954933 0.2095774 0.3441817 0.09038559
1.795926 1.311704 0.6645549 0.1843011 0.3321092 0.08994935
1.746221 1.3563 0.6668039 0.1772295 0.3321819 0.09171209
2.01842 1.05699 0.7987555 0.2261503 0.358768 0.1129439
2.121256 0.8435032 0.7381006 0.2545553 0.3624315 0.09359047
1.811415 1.2647 0.6952672 0.1897971 0.3393198 0.09594122
1.769491 1.259695 0.7406689 0.187065 0.3470573 0.1064449
2.504645 0.2548376 0.896352 0.3732914 0.4422072 0.1108344
1.692656 1.541287 0.6568226 0.1686695 0.3423542 0.09778313
1.898654 0.9983946 0.7875974 0.2171159 0.3601347 0.1085156
2.242127 0.6776907 0.8039214 0.2834931 0.3803853 0.1022481
1.997649 1.108259 0.7106357 0.2211279 0.3482496 0.09549619
1.764531 1.205842 0.6980103 0.1878081 0.3410581 0.09497406
1.841266 1.243468 0.6555256 0.1946235 0.335648 0.08697055
1.901811 0.9369674 0.8350276 0.2244421 0.3734426 0.1185907
2.446602 0.5054188 0.7980162 0.3319818 0.3999873 0.09752488
1.975312 0.9853836 0.7982991 0.2232075 0.3559627 0.108919
2.205868 0.6485102 0.8152143 0.283556 0.3864676 0.1042673
1.794789 1.571923 0.6484006 0.1762041 0.3393368 0.09625267
1.864628 1.286058 0.6755107 0.1959085 0.3405428 0.09328484
2.102532 0.6194294 0.898791 0.2693651 0.3923387 0.1196248
1.949157 1.144197 0.6655458 0.214014 0.3409339 0.08659729
1.955799 0.9598269 0.7672495 0.222424 0.3535983 0.1015488
2.253635 0.6236756 0.9333715 0.2933557 0.4026648 0.1291972
2.180347 0.6853375 0.9467008 0.2747101 0.3937174 0.1327934
2.136975 0.6535926 0.907076 0.2718429 0.391912 0.1228483
1.794728 1.251059 0.7182436 0.1893057 0.3425409 0.1005443
2.355788 0.2216749 1.0037 0.3542158 0.4553602 0.131132
1.948043 1.141736 0.6874763 0.2141928 0.3450583 0.09156375
1.874547 1.124365 0.8564642 0.2081783 0.3682596 0.1307205
1.820267 1.09908 0.7149797 0.1990132 0.3441398 0.09511336
1.778021 1.223504 0.7509852 0.1895102 0.3495232 0.108024
1.665183 1.560975 0.6053047 0.1615922 0.3270514 0.08444661
1.614042 1.678108 0.5495026 0.1494492 0.3149018 0.07411487
2.01506 0.8442128 0.7976613 0.2402706 0.3669824 0.1054962
1.871523 1.055911 0.8486284 0.2095864 0.3640513 0.1243577
1.813716 1.39904 0.6059373 0.1841373 0.3275793 0.08049846
1.89015 1.156276 0.7431646 0.203796 0.3459613 0.1028091
2.089002 0.8972836 0.8330906 0.2458058 0.3691668 0.1151552
1.884747 1.122099 0.739464 0.2076363 0.3504895 0.1019153
1.729746 1.55324 0.5892922 0.1696878 0.3294698 0.08190892
2.221604 0.5428041 0.7992455 0.2973709 0.3960024 0.09860475
2.199117 0.7818545 0.7480319 0.2695225 0.3680148 0.09410823
1.92686 1.115473 0.7741628 0.205354 0.3420443 0.1060987
2.096271 0.7308149 0.8375373 0.2629893 0.3840417 0.1118044
2.214642 0.6874094 0.8530273 0.2760954 0.3806946 0.1117385
2.230793 0.6707119 0.8635809 0.2851456 0.3909875 0.1154382
1.886323 0.9987514 0.8109445 0.2142625 0.3605395 0.1132029
2.292229 0.4772644 0.9467654 0.3102083 0.4124263 0.1256661
2.202751 0.75634 0.7601692 0.2715168 0.3697445 0.09550621
2.003397 0.9208457 0.7550238 0.2339887 0.3596286 0.09917198
2.093135 0.6427673 0.9297098 0.2646047 0.3914948 0.1266015
1.822945 1.274378 0.6609493 0.1908209 0.3345953 0.0885766
2.070065 1.001975 0.7542204 0.2315445 0.3486795 0.09958289
2.034284 0.8683258 0.889789 0.2434597 0.3796723 0.1277333
2.5695 0.4362383 0.8473881 0.3565396 0.4117962 0.1052867
1.812206 1.356164 0.7222402 0.1878866 0.3458294 0.1058044
2.11195 1.08341 0.6925912 0.2342879 0.3443298 0.09032828
1.796296 1.271046 0.6737689 0.188055 0.3367157 0.09143709
2.259982 0.5223248 0.9565219 0.3039655 0.4133076 0.1305449
1.61966 1.566371 0.6806816 0.1581861 0.3405369 0.1028792
2.283779 0.6775611 0.8778303 0.2911009 0.3915992 0.1186042
1.742449 1.378671 0.6448306 0.1775614 0.3324264 0.08824366
1.668011 1.492911 0.5877943 0.1635879 0.3226485 0.07865157
1.861713 1.104158 0.7931752 0.2085085 0.3625471 0.1150697
2.124157 0.9076221 0.7709866 0.2492666 0.3621762 0.1021433
2.105416 0.6971997 0.839977 0.2619835 0.3791871 0.1094623
2.155333 0.8555968 0.8174661 0.2593573 0.3731543 0.1112112
1.723509 1.439906 0.6437044 0.1731992 0.3328751 0.08988673
2.360256 0.5208574 0.9506642 0.3169414 0.4120497 0.1289922
1.968369 0.8884216 0.8541299 0.2316791 0.3712953 0.1194623
2.246977 0.6023131 0.8591013 0.2937249 0.3959422 0.1122686
1.800109 1.167631 0.7194463 0.1933953 0.3428058 0.09794449
2.035698 0.8237399 0.8063959 0.2455086 0.3707222 0.1070695
2.016425 1.201804 0.6944239 0.2149144 0.3407384 0.09410241
1.997554 1.028511 0.6714409 0.2242258 0.3429029 0.08450325
2.223189 0.6236792 0.9091107 0.2857574 0.3953054 0.1226426
1.769871 1.356303 0.6571971 0.1850934 0.3409305 0.09183133
1.649124 1.629552 0.6330016 0.1592767 0.3375771 0.09429189
2.075654 0.7543755 0.7916792 0.2590871 0.3784869 0.1030963
1.796727 1.29926 0.6322314 0.1876566 0.3328218 0.08372526
1.681944 1.55168 0.6272761 0.1654827 0.3344064 0.0901915
2.32731 0.4614859 0.8776946 0.3178657 0.4093484 0.1114739
1.769949 1.422779 0.6285555 0.17525 0.3248476 0.08482861
1.890184 1.457595 0.5936885 0.1864075 0.3214296 0.07853857
1.840047 1.354364 0.5690446 0.1867934 0.3196877 0.07135184
1.898136 1.286992 0.6414356 0.1972829 0.3312878 0.08472383
2.345396 0.4162522 0.9467478 0.3254781 0.4209943 0.1243337
2.24006 0.6585808 0.8449664 0.2853412 0.3866408 0.1102342
2.669597 0.1563193 0.9375742 0.4128019 0.4602492 0.1161478
1.896712 0.9423785 0.8091777 0.2219247 0.3678738 0.1123303
2.250789 0.477544 0.8201502 0.3103164 0.4078084 0.1016611
2.167677 0.7425729 0.7772597 0.2684169 0.3728704 0.09867892
2.781685 0.1980178 0.9035864 0.4236758 0.4510025 0.1106815
1.619705 1.368752 0.7402915 0.1680475 0.3513507 0.1117419
2.511668 0.5440244 0.8681912 0.3300022 0.3953049 0.1106675
1.785534 1.188739 0.768925 0.1914634 0.3507634 0.110549
2.342254 0.6295363 0.7879448 0.3026991 0.3848292 0.09822457
1.895744 0.9674702 0.7825315 0.2178759 0.3598412 0.106277
1.816819 1.126191 0.77769 0.1994971 0.3542796 0.1105011
1.906535 1.114728 0.7373478 0.2085837 0.3474953 0.1005563
1.684867 1.214222 0.6410846 0.1816512 0.337947 0.08386287
2.094982 0.7284979 0.9017025 0.2571217 0.3813862 0.1230562
1.709048 1.640148 0.5999418 0.1660506 0.3358332 0.08747279
2.24158 0.7067874 0.8563867 0.2772896 0.3784425 0.1126196
2.065509 0.8812943 0.7632138 0.242962 0.3610551 0.09946832
2.491278 0.486147 0.8053366 0.3386064 0.4006697 0.09806073
2.03905 0.9747265 0.7418859 0.2328978 0.3534774 0.09747921
2.031294 0.9972883 0.6671201 0.2313424 0.344655 0.08296371
1.886764 1.053086 0.8127306 0.2107056 0.3592867 0.1157689
2.30662 0.5603714 0.8416192 0.3038333 0.3951283 0.1068299
2.254174 0.6135024 0.7696748 0.2933911 0.384903 0.09435296
2.662423 -0.01410678 0.9211601 0.446258 0.4958834 0.1104786
2.191131 0.473665 1.047509 0.295954 0.4209601 0.1472598
2.064132 1.016968 0.7108338 0.2310491 0.3454251 0.09159594
1.983056 1.223551 0.6650939 0.2101522 0.3348636 0.08775797
2.186195 1.051382 0.670985 0.2458269 0.3439458 0.08524835
2.225315 0.6501411 0.7811035 0.2856434 0.382558 0.09747854
2.172442 0.7144006 0.8931793 0.2726977 0.3887887 0.1226853
2.163069 0.6427525 0.8684795 0.2778152 0.3911817 0.1147934
1.949667 1.013009 0.8022303 0.2219457 0.3618958 0.1125956
2.132924 0.8662526 0.7740253 0.2551876 0.3674722 0.1022614
2.023951 0.9094351 0.7163349 0.2351631 0.3528218 0.0903009
1.837107 1.391035 0.6626616 0.1865693 0.3362046 0.09309831
2.186246 0.6859994 0.8408738 0.2742794 0.3820414 0.1098114
1.804336 1.03241 0.7632736 0.2056599 0.3598181 0.1054022
2.068089 0.9084385 0.7882411 0.2399855 0.3601669 0.1049306
2.40887 0.3674283 0.8382239 0.3421501 0.4178045 0.1014424
1.880725 1.281171 0.699117 0.1971797 0.3417117 0.09784855
2.506423 0.1675146 1.053696 0.3821252 0.4648465 0.1391716
2.051665 1.002325 0.6915975 0.2312445 0.3455775 0.08780492
2.002735 0.8606791 0.8085432 0.2374428 0.3673593 0.1084193
2.142495 0.8447426 0.8296782 0.2548904 0.3690238 0.1118905
2.167652 0.9033021 0.7129104 0.2572443 0.3597609 0.09090796
2.367183 0.5349694 0.8320593 0.3161858 0.3981677 0.1044571
2.527441 0.1940499 0.9399338 0.3817705 0.4504049 0.1166878
1.858513 0.9778665 0.801298 0.2108287 0.3578107 0.1097665
1.935881 1.067055 0.7410119 0.213405 0.3465502 0.09912899
2.050994 0.9854955 0.7296868 0.2358281 0.355453 0.09612569
1.926883 1.085457 0.7325669 0.2094956 0.3427557 0.09747603
2.001838 1.167532 0.6874185 0.2164723 0.3415971 0.09172432
1.981291 1.057509 0.7717232 0.2198417 0.3518318 0.1058634
2.75 0.1374219 0.9163125 0.4294348 0.4626055 0.1118483
1.587407 1.689273 0.607898 0.1516512 0.3355316 0.09011679
1.581246 2.005992 0.5196665 0.1390465 0.3272869 0.07685518
2.240866 0.7911597 0.7536628 0.27283 0.3671095 0.0953332
1.837832 1.406387 0.6244311 0.1868316 0.3325649 0.08536236
1.954341 0.993909 0.7415301 0.2210351 0.3515174 0.09776281
2.016925 0.9709942 0.7243902 0.2291995 0.3492785 0.09319267
2.230177 0.6266081 0.7748463 0.2851836 0.3791351 0.09464066
2.378835 0.6231398 0.8660312 0.3060203 0.3911307 0.1134665
1.950565 0.9778422 0.7456945 0.2253711 0.3574442 0.09906757
1.932458 1.044052 0.7175723 0.2122458 0.3423886 0.09325688
1.859412 1.250826 0.6609698 0.1969575 0.3371236 0.08845595
2.165559 0.8896371 0.7378096 0.2575989 0.3620148 0.09525232
2.291951 0.6542324 0.7731465 0.2954753 0.3832284 0.09633577
2.223716 0.7316489 0.7876732 0.280341 0.3805164 0.1017801
1.781705 1.350768 0.6434998 0.1820344 0.3314549 0.08706358
1.732596 1.420496 0.6281318 0.1763922 0.3338435 0.08661308
1.893731 1.083332 0.7599835 0.212528 0.3560469 0.1056277
1.919595 0.9667348 0.8678711 0.2242163 0.3754189 0.1272535
1.761675 1.372637 0.6511669 0.1754649 0.3253658 0.08772263
1.696627 1.47423 0.6443396 0.1710584 0.3383156 0.09237958
1.821917 1.192203 0.627195 0.1962769 0.3339977 0.0798907
1.914464 1.053584 0.7751008 0.2132217 0.3539198 0.1070001
2.000205 0.8929664 0.7383922 0.2356453 0.3587019 0.09477286
1.672955 1.390192 0.7412245 0.1722146 0.3512561 0.1128022
1.861134 0.8364657 0.9044438 0.2241719 0.381824 0.129682
2.280811 0.8744638 0.6965625 0.2693244 0.3538033 0.08573271
2.263233 0.5597214 0.8201907 0.3021652 0.3978562 0.1034595
1.749777 1.09193 0.7964468 0.1958305 0.3608021 0.1145468
2.252648 0.4579124 0.8829408 0.3075238 0.408694 0.1119105
1.991413 1.121117 0.7069046 0.2171571 0.34406 0.09439511
1.770409 1.159269 0.7275846 0.1931582 0.3490757 0.1007855
2.034991 0.9154825 0.7391336 0.240191 0.3613115 0.09641842
2.026461 1.037058 0.7197705 0.2252836 0.345487 0.09395486
2.056931 0.9242802 0.7516851 0.2366897 0.354639 0.09767537
2.480133 0.5283755 0.7681775 0.3371644 0.3985692 0.09313882
2.059779 0.9205737 0.7771289 0.2406929 0.3620457 0.1037821
1.854695 1.052543 0.8041372 0.2082988 0.3596826 0.1140223
2.233949 0.7167565 0.7615418 0.2799407 0.3747954 0.09528613
2.854961 0.104124 0.938717 0.4521425 0.4710185 0.1155605
1.858126 1.224253 0.7517492 0.1990818 0.3513057 0.1086275
1.832097 1.433311 0.6776368 0.1844475 0.3384662 0.09780321
1.728635 1.580439 0.5252943 0.1666653 0.3164475 0.06810684
1.964044 1.280049 0.6365663 0.2047863 0.3306197 0.08341024
1.798223 1.300665 0.649372 0.185071 0.3305364 0.08647985
2.192865 0.7347742 0.8045894 0.2708695 0.3743516 0.1035596
1.900818 1.276329 0.6618763 0.1977851 0.3350534 0.08922202
2.013125 0.9216117 0.802674 0.2353919 0.3659761 0.1097696
1.964929 1.070396 0.7710513 0.2173399 0.3514522 0.1061409
2.364485 0.5394236 0.8035065 0.3177049 0.3981327 0.09968531
1.944151 1.326981 0.6013359 0.2012957 0.3279968 0.0778935
1.889993 1.271817 0.6566391 0.1964997 0.332847 0.08750209
1.810037 1.083566 0.8685172 0.2043281 0.371234 0.1319053
1.736843 1.459978 0.6145349 0.1748015 0.3310684 0.08443348
1.871269 1.114115 0.740675 0.205079 0.3487392 0.1015074
2.204574 0.6279495 0.8997121 0.283711 0.3952707 0.1211292
1.755579 1.330598 0.6818286 0.1812666 0.3381834 0.09525295
1.738219 1.462063 0.5851513 0.1714333 0.3206325 0.07692454
1.946088 1.231342 0.6931692 0.2036236 0.3361027 0.09370871
1.891546 1.154155 0.7556856 0.2083121 0.3555078 0.1076922
1.812058 1.48885 0.6253438 0.1790977 0.3301566 0.08722449
2.23647 0.6734114 0.8109609 0.2880947 0.3884622 0.1051772
2.472453 0.358697 0.954154 0.3542928 0.4336644 0.1253775
2.026722 1.099762 0.7255554 0.2231794 0.3466597 0.09747978
1.993368 0.9375983 0.7963783 0.2322783 0.3640259 0.1085908
2.283649 0.6059341 0.7889278 0.2995588 0.3897991 0.09838925
1.888519 1.053687 0.7082426 0.2074613 0.3413915 0.09150472
2.226752 0.7504259 0.7867241 0.2770694 0.3759933 0.1013819
1.834788 1.386859 0.6355203 0.1877674 0.3336128 0.08702039
1.745229 1.328649 0.7343389 0.1790687 0.3434479 0.1070355
2.013327 0.9820677 0.792884 0.2322122 0.3629662 0.1095772
1.976526 1.036264 0.7212337 0.2190344 0.343995 0.09379348
1.83142 1.099958 0.7270966 0.2034436 0.3504655 0.09875503
1.847708 0.9250652 0.8681156 0.2151558 0.3711021 0.1239376
2.339766 0.5249607 0.8953336 0.3144717 0.4075207 0.1177312
1.715405 1.55841 0.6090136 0.1670825 0.3278216 0.08516866
2.014261 1.131951 0.6857177 0.2160538 0.3363334 0.08912178
2.183082 0.8374078 0.7714402 0.2602055 0.3636061 0.09963179
1.93954 1.051945 0.7155001 0.2153916 0.345311 0.09362661
2.101761 0.9358937 0.7203732 0.2431157 0.3521592 0.09169545
1.773246 1.446129 0.6757752 0.1763735 0.3353422 0.0970752
2.067721 0.7595926 0.7685274 0.2563262 0.3735374 0.09801751
1.842831 1.283895 0.6852977 0.1910337 0.3354215 0.09366725
2.100276 0.7322589 0.8941463 0.2648543 0.3926685 0.1250915
2.205413 0.7445229 0.7138065 0.2761785 0.3701234 0.08706595
2.32036 0.8118118 0.6845235 0.2820692 0.3596274 0.0825843
1.808561 1.175443 0.7323875 0.1971047 0.3506406 0.1027109
2.036889 0.6379351 0.9280371 0.2601675 0.3946548 0.1266841
2.100556 0.8992747 0.8302703 0.2440699 0.3647324 0.1136438
1.990262 0.8943158 0.8582846 0.2371774 0.3772312 0.1222851
1.967071 0.9318942 0.8130781 0.2302724 0.3674905 0.1124594
1.859284 1.237606 0.6891779 0.1976524 0.3417388 0.09449586
1.868932 1.150488 0.7653271 0.2025454 0.3505248 0.1081531
2.025335 0.6965313 0.8842417 0.2533821 0.385823 0.1193252
1.603082 1.738476 0.5699614 0.1513805 0.3301073 0.08234519
2.15987 0.6958736 0.8522722 0.2698843 0.3820381 0.1123621
2.086539 0.9663175 0.7108013 0.2389409 0.3502083 0.09080027
1.822519 1.380122 0.6127562 0.1824583 0.3239859 0.08073258
2.170219 0.7575078 0.7893403 0.2664223 0.3720771 0.1013862
1.507002 1.420091 0.6923066 0.151466 0.3394205 0.1006739
1.921846 1.0541 0.6963685 0.2148852 0.3460981 0.09047599
2.108639 0.8744496 0.8481673 0.2484881 0.3697804 0.1171319
1.900356 1.000948 0.7522853 0.2178239 0.3576042 0.1013751
2.053624 0.9954308 0.6935 0.2339129 0.3477588 0.08817689
1.820845 1.286179 0.685252 0.19125 0.3405728 0.09500171
1.926479 1.151368 0.6857043 0.2104645 0.342968 0.09106233
2.186237 0.8791995 0.7497268 0.2574588 0.3593182 0.09645254
2.047463 0.4572501 0.9369076 0.2800892 0.4153217 0.1233935
2.087886 0.8415947 0.7476288 0.2468109 0.3584192 0.09443551
2.032232 0.9486966 0.7981457 0.235985 0.3639008 0.1094259
2.374278 0.5697034 0.8702099 0.3074548 0.3909045 0.1113179
2.0434 0.932501 0.7696861 0.236423 0.3585446 0.1020986
1.828144 1.441011 0.6134601 0.1847506 0.3326116 0.08430218
1.964195 1.140079 0.6842678 0.2143472 0.3420971 0.09030019
1.859846 1.399858 0.64946 0.1873223 0.332808 0.09008353
1.896072 1.354956 0.6386774 0.1948842 0.3324989 0.08641748
2.293514 0.3019372 0.9119636 0.3346841 0.4352186 0.1146366
1.910307 1.123835 0.764346 0.2110742 0.3552017 0.1081041
2.681903 0.4226875 0.7914515 0.3775321 0.4110755 0.09475768
2.163142 0.8895856 0.7229973 0.2537763 0.3558804 0.09139836
2.330935 0.6906091 0.7286559 0.2946251 0.3725703 0.08801225
1.913209 1.185821 0.7241118 0.20105 0.3380051 0.09847825
2.268605 0.5789634 0.9462472 0.2999748 0.4081871 0.1306169
1.764787 1.589691 0.6093664 0.1713399 0.3327983 0.08748971
1.669044 1.449822 0.7070952 0.1724307 0.3528433 0.1079823
1.913673 1.094248 0.7163152 0.2146011 0.3522944 0.0969565
1.930623 1.07336 0.7782122 0.2133974 0.3530814 0.1082075
2.097451 0.8377184 0.7915562 0.2539883 0.3715629 0.1051382
2.160836 0.9423738 0.805171 0.250473 0.3637447 0.110467
1.890203 1.189417 0.6894585 0.2053851 0.3449175 0.09354554
2.001621 1.095119 0.7084773 0.2188701 0.3428606 0.09343823
1.826817 1.201888 0.6433873 0.194064 0.3329414 0.08298085
2.15919 0.7302261 0.769304 0.2724591 0.3786098 0.09796108
2.069468 0.9782137 0.7778509 0.2350907 0.3555525 0.104736
2.0773 0.747437 0.9078213 0.2562741 0.3855322 0.1264593
2.1375 0.8427439 0.6847113 0.2586965 0.3589559 0.0834808
1.904081 1.357951 0.6528814 0.1933142 0.3294601 0.08836
1.657221 1.693587 0.5836825 0.1572346 0.3300893 0.08415332
1.831587 1.262551 0.72214 0.1915425 0.3423877 0.1019017
2.205645 0.4652788 0.9402543 0.3043891 0.4202534 0.1258495
2.318887 0.3327314 1.082761 0.3267393 0.43569 0.1483638
1.741222 1.349889 0.6589063 0.179305 0.3350056 0.09058775
2.00735 0.8684389 0.9016702 0.2441578 0.387696 0.1325786
2.069002 0.8246921 0.7596117 0.2491372 0.3648882 0.09717698
1.805007 1.037817 0.825514 0.2020587 0.3610157 0.1182317
2.169413 0.9001427 0.7635382 0.2553148 0.3621846 0.1005124
1.75573 1.235547 0.692742 0.1844156 0.3385026 0.0944445
1.741068 1.414818 0.7089473 0.1769391 0.3443942 0.1050609
1.961898 1.043482 0.7289736 0.2215371 0.3524974 0.09747169
1.841913 1.151687 0.7361569 0.2001521 0.3487872 0.1021945
1.807367 1.311649 0.6308891 0.1854399 0.3287782 0.08313438
1.828645 1.470472 0.6744768 0.1774777 0.3282848 0.09569095
1.866235 1.163288 0.6884512 0.2003978 0.3381337 0.09089294
1.793785 1.560586 0.5247137 0.1749787 0.3179862 0.06782516
1.8995 1.19852 0.7449773 0.2034026 0.3474731 0.105199
2.206897 0.7538067 0.8261128 0.2682335 0.3716636 0.1077347
1.936718 1.205502 0.6891287 0.2046209 0.3366475 0.09219301
1.927776 1.050592 0.8202764 0.2168622 0.3626051 0.1180626
2.186473 0.9478533 0.8266936 0.2482981 0.3588467 0.1135602
1.890521 1.263235 0.6547223 0.1991045 0.3351178 0.08720904
1.953804 0.8333438 0.7837982 0.2312577 0.3619203 0.1012861
1.79448 1.108852 0.8565618 0.1989451 0.3670822 0.1298069
2.234895 0.6988515 0.7902335 0.2797806 0.3763278 0.0998923
1.830668 1.357174 0.6601169 0.1889767 0.337878 0.09186609
1.988601 0.9702681 0.7968121 0.2276326 0.3600621 0.1091451
2.147572 0.6107006 0.8058805 0.2781445 0.3867304 0.1009582
2.028358 1.004693 0.6729949 0.2315003 0.3465019 0.08459184
1.826989 0.9118322 0.9621142 0.2188441 0.3909564 0.14878
1.910797 0.9933844 0.7893456 0.219828 0.3629512 0.1094944
2.107883 0.9993416 0.7660051 0.237859 0.3538936 0.1030859
2.018006 0.7911513 0.8794906 0.2470812 0.3829895 0.1227157
1.862857 1.069224 0.7452002 0.2072434 0.3520628 0.1015859
2.088287 0.5590461 1.028816 0.2795067 0.420235 0.1492577
2.296038 0.56093 0.8658857 0.3036665 0.39901 0.1120757
1.961455 0.9642914 0.797005 0.2249356 0.3604761 0.109056
1.958496 0.9371366 0.8163471 0.2293367 0.3688941 0.1138228
2.03925 1.064073 0.6758444 0.2288968 0.34524 0.08686132
2.163722 0.7835473 0.790885 0.2663239 0.3746673 0.1033711
2.035017 0.826724 0.7903965 0.2440912 0.3673105 0.103479
1.90402 1.046837 0.7772405 0.2122247 0.3544529 0.1073697
2.212357 0.8277099 0.7094371 0.2681362 0.3621279 0.08789548
1.920934 1.010294 0.7047228 0.2135316 0.342024 0.08955459
1.92732 0.974013 0.8036182 0.217648 0.3561649 0.1096287
2.155743 0.6905778 0.8965131 0.2734406 0.3923994 0.1231049
2.210756 0.791879 0.7038841 0.2685271 0.3609282 0.08553222
2.436486 0.5056802 0.8539003 0.3237439 0.3971787 0.1067273
2.08912 0.7864173 0.8673769 0.2549275 0.3793724 0.1189868
1.86163 1.326771 0.6571533 0.193804 0.3367625 0.08998276
2.429333 0.4167532 0.8657463 0.3418688 0.4190598 0.1091292
2.458597 0.4680209 0.8716109 0.3357801 0.40851 0.1104341
1.762078 1.400831 0.6719006 0.1769779 0.3329226 0.09417968
2.036107 0.9198317 0.7767603 0.2400278 0.3656553 0.1046268
2.533295 0.5419037 0.8109283 0.3352285 0.3928216 0.1000075
2.221723 0.5550519 0.9590635 0.2947345 0.409032 0.1317313
1.810064 1.326286 0.7038583 0.1875904 0.3417386 0.1002536
2.025381 0.9071209 0.7575117 0.2357363 0.3579178 0.09871507
2.364134 0.6232348 0.7673502 0.3071523 0.3844691 0.09429772
1.700082 1.743549 0.5210689 0.1570846 0.3156842 0.07021737
2.253299 0.6909008 0.8352364 0.2876569 0.3882958 0.1104246
2.166312 0.6768813 0.8938857 0.2717155 0.3864775 0.1202558
2.204476 0.7089892 0.766454 0.2772829 0.3764275 0.09617304
1.769867 1.228955 0.7550068 0.1867953 0.3461835 0.1080061
1.787299 1.522769 0.5907 0.1777046 0.3297502 0.08130094
1.915251 1.075431 0.6896678 0.2136458 0.3457056 0.08987378
2.005104 1.006544 0.7718945 0.2276389 0.3569481 0.1051622
1.913151 1.182392 0.6729102 0.2070909 0.3416071 0.08956797
2.109802 0.769198 0.8203795 0.2568982 0.372486 0.1075724
2.163516 0.6700996 0.8067993 0.2756535 0.3834302 0.1031215
2.2086 0.8022301 0.797697 0.2695752 0.3734007 0.1051817
1.839703 1.388379 0.6555031 0.1887506 0.3379737 0.0919527
2.001261 0.9374542 0.8801557 0.2308697 0.3697518 0.126606
2.282783 0.6213779 0.8928495 0.2923668 0.3915297 0.1183465
1.755918 1.621795 0.5949177 0.1673671 0.3260983 0.08381783
1.951163 1.038517 0.7323131 0.2187464 0.3501308 0.09738606
1.951555 1.055211 0.7287143 0.2179779 0.3500241 0.09740099
1.990172 0.7615458 0.8706184 0.2481678 0.3869554 0.1203878
1.885554 1.194208 0.6909021 0.2010194 0.3380952 0.09232939
2.022065 0.9274039 0.7639462 0.2337201 0.3571678 0.1005039
2.416234 0.5000291 0.915609 0.3261687 0.4098684 0.1206276
2.375547 0.5484965 0.8600051 0.3138646 0.3969251 0.1097937
2.252779 0.4568637 0.8394628 0.3051094 0.4002576 0.1022421
1.570698 1.615632 0.6378453 0.1495809 0.3305257 0.09299464
2.518342 0.3941943 0.9303956 0.3525915 0.4221793 0.120259
2.100612 0.86728 0.7152629 0.2523303 0.3619439 0.09037259
2.244591 0.5932564 0.8364976 0.2965133 0.3972441 0.1079571
2.174602 0.5968644 0.994207 0.2793814 0.4014503 0.1391666
2.432163 0.2015197 1.007505 0.3648701 0.4537777 0.1301129
1.610858 1.524746 0.6296967 0.1606243 0.3371935 0.09063555
1.864911 1.11909 0.6494618 0.2048403 0.3382303 0.08249847
1.946404 0.9193886 0.8265406 0.2280772 0.3688064 0.1149016
2.19982 0.8201231 0.7429023 0.2628956 0.3599218 0.09296932
1.799287 1.359351 0.7194784 0.1857287 0.3457803 0.1056099
1.560628 1.720558 0.6442209 0.1481209 0.3401852 0.09925406
1.87148 1.002857 0.9269008 0.2164732 0.38089 0.1432635
1.513358 1.3916 0.6672907 0.1542047 0.3373793 0.09419697
2.132648 0.7456807 0.8611324 0.2598446 0.3761681 0.1150646
2.236273 0.4284392 0.9651712 0.3077963 0.4194848 0.1280671
2.106691 0.7941549 0.8110264 0.2567657 0.3735086 0.107262
2.320771 0.7657503 0.7582823 0.288849 0.3740147 0.09649946
1.811069 1.087429 0.8104834 0.1965236 0.3506631 0.1143456
2.367282 0.7261869 0.770158 0.2979637 0.3776936 0.09778648
2.048246 0.6962008 0.8006683 0.2601364 0.3829669 0.1031128
2.185594 0.618212 0.8437038 0.2833013 0.3916576 0.1092559
2.43255 0.5581291 0.8732307 0.3173006 0.3937993 0.1120256
1.924497 1.178969 0.6933891 0.2082447 0.3432182 0.09356195
2.031563 0.8993059 0.8260998 0.2376201 0.366463 0.1132404
2.303015 0.6141953 0.7911804 0.3003931 0.3883131 0.09887082
2.025411 1.059684 0.7373789 0.2271859 0.352463 0.09968911
1.890319 0.9315064 0.8022959 0.2216897 0.3669056 0.1102136
2.109765 0.8413222 0.7723118 0.2532451 0.366836 0.1007263
2.479303 0.5183126 0.8885916 0.3347457 0.4081328 0.1162073
2.410634 0.4704307 0.9233996 0.32885 0.4135237 0.121234
2.133487 0.723206 0.8392671 0.2653325 0.3808016 0.1110674
2.135085 0.8140967 0.8490034 0.2589121 0.377755 0.1166262
2.364417 0.6587219 0.7457779 0.3022048 0.3773451 0.09062669
1.676789 1.44958 0.6107155 0.1682665 0.3281597 0.08277103
2.317878 0.7092408 0.7922377 0.2887465 0.3745886 0.1002088
1.98116 1.328158 0.6896018 0.2061405 0.3411537 0.09731797
1.856091 1.254353 0.7455998 0.1947852 0.3448129 0.1066678
1.906098 1.152515 0.7121871 0.2078636 0.3465519 0.09699733
1.75511 1.117575 0.7231081 0.1927049 0.3470626 0.09783865
1.731236 1.468476 0.6546255 0.1728217 0.3348002 0.09328475
1.705182 1.53236 0.615431 0.1671178 0.3292239 0.08615719
2.199922 0.992004 0.7231723 0.2509886 0.3523647 0.0944997
1.719661 1.486677 0.6450231 0.1703931 0.3325287 0.09137358
1.974314 0.9828018 0.7706377 0.2246585 0.3564792 0.1039397
1.839318 1.219875 0.6623641 0.1971991 0.3400033 0.08849133
2.282801 0.644647 0.7545708 0.2940895 0.3812318 0.0923954
2.186131 0.9349337 0.7051033 0.2507076 0.347849 0.08815217
1.987649 1.004685 0.7655594 0.2272604 0.3585696 0.1042705
1.990015 0.8650753 0.9053261 0.2387721 0.3819293 0.1313102
1.850246 1.24424 0.6367363 0.1929881 0.3293498 0.08231873
2.155946 0.6700961 0.8376205 0.2710409 0.3810717 0.1080954
1.870526 1.359861 0.6820786 0.1884534 0.3327362 0.09500718
1.698418 1.52667 0.6448214 0.1677002 0.3377296 0.0940627
2.485219 0.3088888 0.9093245 0.3534032 0.422762 0.111634
2.214773 0.6119185 0.8780073 0.2844891 0.3907614 0.1149406
2.094383 0.8201388 0.7717794 0.2500699 0.3634354 0.09896133
2.203842 0.7242037 0.8354486 0.271573 0.3761127 0.1091084
1.572128 1.749304 0.5862649 0.1497019 0.3351191 0.0867312
2.354098 0.5688816 0.8682715 0.3129604 0.4016392 0.1135069
2.046755 0.8603003 0.767507 0.2432322 0.3636153 0.09990344
1.706128 1.4354 0.6604281 0.1709975 0.3353488 0.0937942
1.501589 2.090043 0.4970365 0.1322863 0.3328499 0.07461656
2.303472 0.484316 0.8653586 0.3128262 0.4065235 0.1097691
1.962264 1.085573 0.7434357 0.2202106 0.3553108 0.1025116
2.022833 1.037793 0.7762854 0.224077 0.3508859 0.1058154
1.68519 1.460769 0.7136114 0.1690358 0.3436918 0.1071654
2.01722 1.072468 0.710604 0.2247353 0.3474831 0.09397254
2.022293 0.8041194 0.8688194 0.2481486 0.3835179 0.121425
2.047941 0.8692469 0.7489588 0.2438242 0.3629399 0.09676697
1.968616 1.103635 0.7533729 0.2174711 0.3524584 0.1044999
2.083191 0.8981424 0.771104 0.2426114 0.3579661 0.1006518
1.745943 1.280945 0.6355278 0.1831054 0.3335086 0.08398164
2.125842 0.5244695 1.063429 0.2871468 0.425558 0.1555852
2.125564 0.6618112 0.9631406 0.2727778 0.4018752 0.1371241
2.198161 0.7299125 0.8994524 0.2737152 0.3874006 0.1244195
2.15795 0.7326759 0.7731904 0.2682045 0.3733318 0.0976377
2.122423 0.8209324 0.807189 0.2567927 0.3722681 0.1075355
2.197082 0.6545583 0.9552772 0.2790011 0.3964457 0.1336058
1.951037 1.130117 0.6972858 0.2131082 0.3432371 0.09261459
1.775258 1.252592 0.6492063 0.1864318 0.3332405 0.08556071
2.019618 0.9804614 0.7240859 0.2312785 0.3530802 0.09439372
1.885257 1.266748 0.7532566 0.2000096 0.3515708 0.1106344
2.133909 0.8127018 0.7291118 0.2562241 0.3600064 0.09039122
2.087093 0.9915674 0.7348503 0.2389529 0.3553055 0.09733695
1.761941 1.236958 0.8221555 0.1870088 0.3575618 0.1254319
1.907938 1.255114 0.6575403 0.197659 0.3302098 0.08656522
2.010245 0.9436097 0.7523367 0.2294098 0.3518066 0.09771151
1.89132 1.110519 0.8014196 0.2118453 0.3641443 0.1174766
1.695017 1.525361 0.630122 0.1666591 0.3307412 0.08902571
1.855848 1.109843 0.6842606 0.2077134 0.3488824 0.09075519
2.04966 0.781498 0.9383059 0.2486116 0.3836266 0.1337293
2.353452 0.152362 1.063042 0.3615566 0.4684629 0.1406007
1.817037 1.287315 0.6761402 0.1882596 0.3349807 0.09203569
1.977127 0.8701544 0.8223939 0.2369665 0.3734432 0.1129718
1.698512 1.40555 0.6347261 0.1714541 0.3315792 0.08709171
1.464542 1.83712 0.6075963 0.137681 0.3459133 0.09598342
2.199416 0.5979078 0.8701038 0.2858137 0.3940242 0.1135506
2.130979 0.8671804 0.7700362 0.2522243 0.3632339 0.1006268
1.822007 1.23505 0.6930529 0.1937944 0.3424405 0.09534026
1.877354 1.12711 0.7605354 0.2038754 0.3483899 0.1056551
2.373086 0.4343298 0.8694816 0.3317958 0.4175671 0.1104401
2.271559 0.8018151 0.7498219 0.2766762 0.3667725 0.09492585
2.300232 0.7467289 0.6929053 0.2862927 0.3649865 0.08258091
2.22782 0.8679815 0.6770807 0.2664529 0.3552472 0.08237446
2.305044 0.49209 0.9427791 0.306892 0.4062313 0.1242994
1.940845 1.06192 0.730516 0.2163992 0.3490208 0.09757405
1.933473 1.180718 0.6394016 0.2075074 0.3346274 0.08200083
1.714551 1.316537 0.6838495 0.1799656 0.3432569 0.09643475
2.054232 0.8029406 0.7529804 0.2516362 0.3698271 0.09624769
1.67638 1.438609 0.7072924 0.1698536 0.344787 0.1055188
2.038641 1.000793 0.7937689 0.2299554 0.3569641 0.1091864
2.288964 0.661781 0.7978324 0.2941351 0.3854237 0.101565
2.571765 0.06872807 1.099078 0.4111151 0.4899683 0.1469866
1.8617 1.11868 0.7428433 0.2009711 0.3429634 0.1005108
1.559797 1.480675 0.6245154 0.1547844 0.3314974 0.08724494
1.74132 1.274789 0.6768683 0.1818709 0.3371709 0.09232349
1.986514 0.8583028 0.8142774 0.2358799 0.368135 0.1095234
2.273434 0.5841703 0.8650415 0.2967292 0.394465 0.1119947
1.71793 1.226266 0.6817025 0.184141 0.3420739 0.09266903
1.836154 1.424825 0.6514407 0.1863439 0.3371285 0.09208115
1.796975 1.374255 0.7452168 0.1856963 0.3499376 0.1123738
1.986586 1.197887 0.6780729 0.2117924 0.3388699 0.09052716
2.201645 0.7781535 0.8073008 0.2703924 0.375413 0.1063586
1.874191 1.187492 0.7313405 0.2036357 0.350126 0.1027848
1.939028 1.093688 0.7445633 0.2127739 0.3475759 0.1011112
2.004708 0.9793273 0.7851828 0.2287854 0.3587004 0.1070585
1.960913 1.318946 0.6674312 0.2034719 0.3374171 0.0919979
1.949699 1.165756 0.7342609 0.2068903 0.3400336 0.1000005
1.931307 1.157441 0.7667765 0.2125 0.3560469 0.1100397
1.956302 1.170683 0.7370768 0.2110646 0.3473729 0.1026628
2.547998 0.2886499 0.9861806 0.373559 0.4442302 0.1295094
1.94986 1.046716 0.7429712 0.2161538 0.3484586 0.09938193
2.034721 0.9510146 0.7040754 0.2352971 0.351787 0.08936628
1.960464 1.036268 0.6820087 0.2213284 0.3460586 0.08718208
2.037342 0.749126 0.8406899 0.2485991 0.37404 0.1106973
1.824202 1.160883 0.7033619 0.1969443 0.342114 0.09453635
2.338975 0.573046 0.8096687 0.3057853 0.3891027 0.1004069
1.882119 1.212848 0.7225511 0.2024288 0.3475813 0.10139
1.910891 1.263686 0.6013014 0.1991344 0.3244845 0.07546115
2.21588 0.5996854 0.7833315 0.2876823 0.3848768 0.09615089
1.796645 1.314055 0.6859588 0.1864084 0.3391234 0.09575769
1.759867 1.334827 0.7055874 0.182392 0.3431035 0.1012769
2.479896 0.2967885 0.9679124 0.3644598 0.4443652 0.1267661
2.26947 0.5735427 0.7888022 0.2996329 0.3904967 0.09702907
2.495418 0.2536259 1.010328 0.3605863 0.4376027 0.1298642
2.535039 0.2196348 0.9508278 0.3851595 0.4555178 0.1214041
1.934784 1.119 0.7256433 0.2122744 0.3475648 0.09853478
1.752504 1.405237 0.6475819 0.1792124 0.3358835 0.09025663
2.494828 0.08346144 1.094367 0.3961067 0.4865854 0.1463991
1.267448 2.4323 0.4921625 0.1120904 0.3745941 0.08616654
1.651261 1.356282 0.6950611 0.170987 0.3432712 0.09993519
2.026464 0.8481423 0.8588996 0.2402464 0.3714946 0.1183849
2.116762 0.7529114 0.8656813 0.2622411 0.3835064 0.1181381
1.896455 1.06477 0.7756851 0.2102044 0.3531901 0.1074107
2.295635 0.6409019 0.7063626 0.2974299 0.37667 0.083067
1.895509 1.172842 0.7824178 0.2020162 0.3481891 0.1117623
2.109478 0.8123207 0.8786205 0.2517147 0.3736855 0.1209901
2.126522 0.9710704 0.7081779 0.2431903 0.3494379 0.09030345
2.757403 -0.06911386 0.943683 0.4679547 0.5038574 0.1126022
1.770854 1.313039 0.6861536 0.1865582 0.3438351 0.09677406
2.106641 0.7654397 0.817732 0.2594289 0.3763986 0.107856
1.9136 1.18823 0.7414683 0.2064217 0.3492561 0.1046441
2.135663 0.7943385 0.7999287 0.2610886 0.3734687 0.1052126
1.734007 1.240998 0.7680401 0.1860414 0.3544264 0.1132511
1.91978 1.327189 0.6498344 0.1966953 0.3304802 0.08723897
1.838539 1.245556 0.6274241 0.1920487 0.3276423 0.08022623
1.693991 1.539737 0.6278686 0.1640549 0.3275666 0.0883697
2.030601 0.9476125 0.7418344 0.2355901 0.3566139 0.09700992
1.801659 1.270767 0.7458518 0.1929431 0.3538475 0.1097873
1.629424 1.80432 0.5611785 0.1523276 0.3314033 0.08215613
1.858303 1.097136 0.7961826 0.2071864 0.3605943 0.1148282
1.963833 1.091891 0.7081679 0.2171198 0.3456421 0.09376703
1.961464 1.19012 0.6946576 0.209064 0.3390066 0.0932208
2.281072 0.4886159 0.883524 0.3131131 0.4133676 0.1148948
1.718535 1.570049 0.6089028 0.1664003 0.3266426 0.08513579
2.082405 0.8628522 0.7420974 0.2505914 0.3651517 0.09565213
2.498715 0.3146978 0.9064839 0.3592041 0.4280831 0.1127423
1.789548 1.280114 0.6594269 0.1871044 0.3364146 0.08913311
1.758456 1.430015 0.6874446 0.1755352 0.3358326 0.09888412
2.082796 0.7731215 0.8606034 0.2564622 0.3821442 0.1178999
1.897449 1.26806 0.7190909 0.1983909 0.3419143 0.101305
1.932973 1.125545 0.7743248 0.2126983 0.3553626 0.1102408
2.050006 0.9311759 0.773393 0.2404461 0.3640856 0.1040839
2.003552 0.9493638 0.7770609 0.2287905 0.3557346 0.1035045
1.97523 1.301418 0.6223184 0.2039619 0.3278996 0.08097597
1.873001 0.9395576 0.8591716 0.2173989 0.3705047 0.1228562
2.159613 0.7247396 0.8742934 0.267249 0.3824097 0.1180909
2.356319 0.4779882 0.8428052 0.3210077 0.4049845 0.1050456
1.606416 1.737664 0.5642641 0.1511497 0.3280831 0.080791
1.970911 0.9633017 0.7816996 0.2279769 0.3618197 0.1064223
2.618728 0.3215738 0.9609043 0.3749659 0.4324405 0.1241016
2.032456 0.8348208 0.785829 0.2442678 0.3681104 0.1031839
1.985561 0.9710969 0.7188353 0.227572 0.3513233 0.09258472
2.209929 1.005006 0.6415214 0.2537581 0.3449264 0.07882714
2.126133 0.7982809 0.7700112 0.2587224 0.3688428 0.09889448
1.797129 1.445955 0.6487 0.1787773 0.3311529 0.09069043
1.915074 1.016056 0.8696953 0.2150887 0.3641635 0.1266985
2.220319 0.6677168 0.8179677 0.2783524 0.3780286 0.1038048
1.792138 1.387273 0.6049984 0.1832728 0.3291096 0.08035795
1.997316 0.9504198 0.78944 0.2309007 0.3617773 0.1073794
1.890066 1.361723 0.545594 0.192892 0.3174136 0.06694687
2.563207 0.4850986 0.9124439 0.3479076 0.4112579 0.1195416
1.746117 1.264972 0.7376911 0.1831175 0.3449996 0.1056351
2.409239 0.7079299 0.7257388 0.3032945 0.3718805 0.08810032
1.795635 1.092632 0.753143 0.1964949 0.3477562 0.1027936
2.211815 0.6445657 0.8144056 0.2848268 0.3869555 0.1040635
2.512805 0.350584 0.9333119 0.3617607 0.4333023 0.1209205
1.874774 1.294413 0.6929924 0.199174 0.3464516 0.09820018
1.773913 1.385232 0.6187104 0.1820818 0.3324832 0.08359564
1.750054 1.40933 0.7315656 0.1760323 0.3435765 0.109371
1.889612 1.188997 0.6501509 0.2012234 0.3325772 0.08359696
1.831313 1.309051 0.6751014 0.1905866 0.3387526 0.09347994
1.64339 1.393911 0.6871259 0.1649151 0.3331234 0.09683069
1.652662 1.301797 0.7571547 0.1739681 0.3517275 0.1126963
2.017788 0.7828614 0.8777755 0.246798 0.3814868 0.1214489
2.058596 1.183847 0.6213068 0.2218238 0.3327738 0.07838185
1.9304 1.189099 0.6975823 0.2041594 0.336883 0.09329185
2.117979 0.5334655 1.104943 0.2777998 0.4157468 0.1612174
1.974653 0.8869786 0.7405986 0.2354439 0.3633922 0.0960042
2.07931 0.8566716 0.8202392 0.2471773 0.3688423 0.1106944
2.132538 0.8982388 0.7803943 0.2519144 0.3651227 0.1042117
1.743205 1.203897 0.7699183 0.1858108 0.3492865 0.1108031
2.047082 0.6598101 0.8505454 0.2582714 0.3825782 0.1101566
2.472854 0.4838097 0.757026 0.3367565 0.3962163 0.08890181
2.160465 0.6220062 0.8704232 0.2789659 0.3927513 0.114555
1.938866 1.202335 0.7166022 0.2060538 0.3415006 0.09834536
1.884548 1.160101 0.7053093 0.2035336 0.3423563 0.09491856
1.943646 1.029149 0.6978359 0.2213576 0.3509898 0.09086785
2.44904 0.4544865 0.8903684 0.3362806 0.4119609 0.1138381
2.245494 0.8340585 0.7679416 0.266734 0.3621336 0.09858903
2.04893 1.037037 0.6417318 0.2289693 0.337566 0.07849453
2.091861 0.8625349 0.7960637 0.2489934 0.3670385 0.1059721
1.988602 0.8269889 0.75518 0.2378803 0.3626806 0.09611748
2.236024 0.611293 0.8330145 0.2928675 0.39433 0.1075566
2.221448 0.696459 0.8485071 0.2726455 0.3737305 0.1094655
2.419869 0.508855 0.8219173 0.3263057 0.4000412 0.1018518
1.80054 1.44674 0.6702165 0.178148 0.3332845 0.0955548
1.943317 1.036767 0.752516 0.2165352 0.3502171 0.1011075
2.272741 0.697875 0.7733336 0.2872611 0.3780743 0.09719233
2.150147 0.8224455 0.8452303 0.2580794 0.3739261 0.1153158
1.796592 1.396105 0.638325 0.1808593 0.3299377 0.08709562
2.043022 0.8496473 0.7947405 0.2432915 0.3661246 0.1049158
1.973093 1.013336 0.7394615 0.2239748 0.3534364 0.09846728
2.116401 0.8079525 0.8027586 0.2578682 0.3737429 0.1064807
2.166746 0.8349174 0.8223945 0.2621967 0.3748572 0.1116851
2.108495 0.8453312 0.7762983 0.2525512 0.3657942 0.1012258
1.745031 1.313365 0.7676825 0.1822057 0.3519202 0.1155062
2.141634 0.8819997 0.7598989 0.2546438 0.3640175 0.09944417
2.108507 0.9572693 0.7559146 0.2411499 0.3540749 0.09944387
1.969457 0.9924645 0.8495693 0.2276365 0.3707596 0.1233291
1.970467 1.062464 0.7463344 0.2211477 0.3537793 0.1017826
1.990023 1.067347 0.8320411 0.2245368 0.3657357 0.1219523
1.473122 2.057947 0.5351633 0.1368275 0.3558965 0.08700842
1.746654 1.400628 0.6323403 0.1771467 0.331558 0.08637671
1.861107 1.191766 0.691543 0.2008074 0.3437176 0.09386335
2.239634 0.539152 0.89201 0.2981169 0.4034377 0.1168233
1.709431 1.472941 0.6229893 0.1709789 0.3321119 0.08672828
1.743517 1.420915 0.6702157 0.1744533 0.3341575 0.0949043
1.854695 1.22505 0.6079515 0.1974958 0.3298777 0.07662511
2.011317 1.063167 0.7746769 0.2271256 0.3595725 0.1087388
1.800489 1.139248 0.726487 0.1976055 0.3487564 0.09963386
2.178763 0.9227942 0.724223 0.2543366 0.3561094 0.09287376
2.281467 0.5422945 0.9431664 0.3018327 0.4054605 0.1269239
1.802943 1.313647 0.6808583 0.1879364 0.3387361 0.09447613
1.792971 1.203226 0.7316269 0.1928282 0.3482364 0.1030329
1.870081 1.252921 0.6352905 0.1957365 0.3294924 0.08214971
1.944324 1.289582 0.6190104 0.2040514 0.3320328 0.08087353
1.826964 1.537447 0.6190609 0.1795256 0.3304584 0.08717797
2.163538 0.6467819 0.8381868 0.2789934 0.3903736 0.1093134
1.57776 1.912074 0.4991961 0.1441093 0.326057 0.07098048
1.852352 1.131226 0.8452957 0.2027318 0.3611825 0.1263431
2.301097 0.4360414 0.8698327 0.3210548 0.4166411 0.1103465
2.065393 0.6668728 0.8777841 0.2649398 0.3939013 0.1187024
2.10941 1.072559 0.6203478 0.234621 0.3357123 0.07557121
2.305332 0.7825328 0.7193098 0.2845801 0.3677454 0.08904649
2.25676 0.6637964 0.9575248 0.2860809 0.3964636 0.1345996
1.787585 1.330873 0.6585949 0.1843931 0.3348074 0.09003094
1.767121 1.301441 0.6830839 0.1837827 0.338065 0.09448555
2.162738 0.6877319 0.9025855 0.2713448 0.3881632 0.1229392
2.03161 0.7619827 0.7424487 0.2526738 0.3715428 0.09299743
1.870002 1.400819 0.6675141 0.188935 0.3349725 0.09390973
1.942283 1.039366 0.7063384 0.218937 0.3481865 0.09207534
2.159586 1.003479 0.7395161 0.2438817 0.3516597 0.09782995
1.755543 1.269276 0.7169587 0.1846176 0.3445486 0.1017065
1.781041 1.363407 0.6692252 0.1814115 0.3348048 0.09307705
2.200147 0.5380944 0.8560058 0.2924873 0.3990613 0.1091292
1.76669 1.353695 0.6623287 0.1828959 0.33886 0.09241648
1.796665 1.172677 0.6900039 0.1940967 0.3419403 0.09244775
1.651659 1.438706 0.627857 0.1639492 0.3260462 0.08526391
1.877333 1.065389 0.7506413 0.2052406 0.3453761 0.1007332
2.313248 0.6821955 0.8216178 0.2865975 0.374523 0.1042866
2.080292 0.9200634 0.8271102 0.245637 0.3717244 0.1157912
1.775995 1.456765 0.6640117 0.1780363 0.3367122 0.09529268
1.899383 1.041516 0.7942364 0.2112415 0.3550426 0.1105579
2.049341 0.8392722 0.8632068 0.244836 0.3750353 0.1198847
2.198289 0.8794756 0.7292786 0.2589625 0.3567046 0.09218519
1.980014 1.015852 0.6921665 0.2227083 0.3456382 0.0883503
2.098258 0.9590994 0.7766414 0.2386531 0.3543283 0.1033775
1.775901 1.336349 0.712384 0.1860602 0.3479041 0.1038915
2.097108 0.6722718 0.9154454 0.2653793 0.3920178 0.1256058
2.85527 -0.3106243 1.097622 0.5395152 0.5790777 0.1383393
2.273624 0.5334399 0.8777853 0.305192 0.4051423 0.1142746
1.638893 1.479112 0.6809869 0.1647752 0.3427444 0.10095
1.754031 1.174345 0.7880213 0.1887038 0.3523473 0.1140968
1.961877 1.053539 0.7355905 0.2161517 0.3445737 0.09712876
1.959339 0.850979 0.8464876 0.2308807 0.3682506 0.1153432
2.094908 0.778942 0.7206531 0.2591449 0.3675767 0.08899468
1.919895 1.059925 0.7556462 0.2176966 0.3589875 0.1048265
2.313653 0.5027057 0.8376652 0.3162028 0.407043 0.1058257
2.400243 0.5371996 0.8435343 0.3206885 0.3999732 0.1070764
2.050895 0.8589006 0.7366157 0.2456009 0.363152 0.09418272
1.945492 1.221813 0.7063137 0.2072095 0.3431054 0.09752999
1.883357 1.149637 0.7483753 0.2053963 0.3506799 0.1048443
2.087266 1.029346 0.7716055 0.2336503 0.3537506 0.1053239
2.064539 0.7213658 0.8411744 0.2578785 0.381997 0.1115006
2.569514 0.4123297 0.8797606 0.3592268 0.4173656 0.111017
2.03233 1.107598 0.6507206 0.2216694 0.336395 0.08214149
1.932293 1.296339 0.6285081 0.2008247 0.3301518 0.08237616
1.653985 1.584619 0.6504054 0.1626403 0.3410044 0.09735298
2.419016 0.5399308 0.7476138 0.3231263 0.3892216 0.08829808
2.323513 0.6140575 0.9201434 0.3003078 0.3979222 0.124845
2.296553 0.5551984 0.9433617 0.3054843 0.4091395 0.1288769
2.135842 0.7749471 0.824369 0.2625186 0.3768226 0.1096154
1.807729 1.567511 0.6256337 0.17729 0.3323785 0.08951692
2.13027 0.5498557 0.9980141 0.2831145 0.4135392 0.1403788
1.730778 1.548747 0.6156512 0.1702707 0.3343352 0.08803039
1.935268 1.070037 0.7069224 0.2165056 0.3478354 0.09321761
1.985035 1.039942 0.7502604 0.2183089 0.3452117 0.09956606
2.854817 0.1021733 0.8872015 0.4541432 0.4680359 0.1059552
1.970646 0.8509926 0.7722276 0.234842 0.3647365 0.1006425
2.07929 0.7853865 0.8222292 0.2555941 0.3777205 0.110005
2.254759 0.325055 0.9874951 0.3267178 0.4404585 0.1311763
1.817841 1.11865 0.8039696 0.196314 0.350924 0.1145212
1.833204 1.520842 0.6254778 0.1816237 0.3335715 0.08882003
1.963122 1.009467 0.7334869 0.2211902 0.3498114 0.09639645
2.248446 0.3949951 0.9243067 0.3120099 0.4171745 0.1178999
1.694637 1.489697 0.6349182 0.1637041 0.323849 0.08765144
1.654309 1.450319 0.7293018 0.1682528 0.3500593 0.1119016
2.196429 0.8481029 0.6673882 0.2626723 0.3529112 0.07962841
1.471875 1.951719 0.5567425 0.1350581 0.3432296 0.08704327
1.851343 1.168938 0.7288864 0.196408 0.3394462 0.09892316
2.181933 0.4959296 0.9894102 0.2940937 0.4160849 0.1360114
1.937225 0.9399671 0.8025893 0.2237882 0.361281 0.1090972
1.962122 0.8859302 0.8114837 0.231872 0.368002 0.11025
2.199103 0.7029712 0.9857995 0.2815038 0.4058379 0.1455483
2.063767 0.8459767 0.7983494 0.2440313 0.3639179 0.1049534
2.209571 0.7235592 0.8144324 0.2749512 0.3772873 0.10544
2.093012 0.7536672 0.7752405 0.2571143 0.3702216 0.09821284
2.39091 0.4696567 0.9046369 0.3274374 0.4136769 0.1178504
2.005783 0.9709233 0.7841515 0.2321039 0.3625032 0.107339
2.210443 0.9132081 0.68379 0.2599739 0.3527911 0.08460498
1.823052 1.337237 0.7457793 0.1914085 0.3529323 0.1120844
1.727282 1.559818 0.6257495 0.1703733 0.3364657 0.09065424
2.443787 0.6187169 0.8648682 0.3189764 0.3968123 0.1144251
2.165018 0.7778712 0.849974 0.2666187 0.3806496 0.1155635
1.587152 1.636377 0.6527503 0.1560606 0.3465715 0.1006571
2.312938 0.2727535 0.9966332 0.339794 0.4456871 0.1308428
2.075895 1.077675 0.7424124 0.2278129 0.3463876 0.09984665
1.821377 1.179507 0.6706179 0.1956925 0.3387535 0.08847608
1.732212 1.407901 0.6530124 0.1723923 0.3287842 0.08992397
1.915801 1.217935 0.7251513 0.2017814 0.3410839 0.1004979
1.58639 1.446121 0.651985 0.1588504 0.3347046 0.09228014
1.719502 1.552131 0.5633971 0.1664774 0.3197669 0.07492532
1.950582 1.312273 0.6421107 0.2028699 0.3340717 0.08623662
1.967917 1.178473 0.7261701 0.2119378 0.3459945 0.1005019
2.020545 1.079154 0.7927425 0.2228648 0.3547751 0.1118037
2.020491 0.9598196 0.7742535 0.2343419 0.3620484 0.1049807
1.71189 1.611663 0.5542469 0.165061 0.3214527 0.07475143
1.711721 1.472012 0.6384598 0.1714513 0.3354086 0.09054207
2.099652 0.7691855 0.8525071 0.2522362 0.36998 0.11273
2.095531 0.951918 0.8037663 0.2391781 0.358882 0.1094489
2.215826 0.7720587 0.8334782 0.2664628 0.3689692 0.109179
2.3338 0.5233312 0.914985 0.3080847 0.4012839 0.1196394
1.973795 0.8624249 0.7581122 0.2377611 0.3671758 0.09896461
1.824269 1.323126 0.667586 0.1887639 0.3362855 0.09181821
2.01404 0.9702808 0.7413604 0.2346378 0.3608628 0.09896659
2.312346 0.4346062 0.9873314 0.3179395 0.4214266 0.1331461
2.14706 0.7384294 0.7861793 0.2662205 0.3743946 0.1004876
1.864898 1.142597 0.7714317 0.2044766 0.3554158 0.1104413
2.375987 0.5999119 0.842863 0.3111662 0.3945087 0.1087797
1.632721 1.421427 0.6511679 0.166228 0.3366667 0.09165302
2.046192 0.8703311 0.7683 0.2379546 0.3563566 0.09879636
2.156396 0.9196041 0.7860218 0.2510679 0.3617777 0.1053669
2.071367 0.7968852 0.8168523 0.2559288 0.3803066 0.1102532
2.237676 0.5562235 0.9274776 0.2925301 0.3997769 0.1233218
1.597541 1.451976 0.6717606 0.1605177 0.3374056 0.09674463
1.746583 1.482052 0.6303045 0.1752511 0.3346723 0.08892116
2.938662 -0.2192539 1.005688 0.5332397 0.5459899 0.1218417
1.944931 0.9051517 0.8198715 0.2310078 0.3718479 0.1136608
2.231304 0.8601221 0.7253176 0.2669859 0.3611303 0.09171093
1.864722 1.230768 0.6878669 0.1981523 0.3397075 0.09337382
2.365301 0.4604494 0.8768399 0.3288786 0.4169583 0.1129979
1.984074 1.001469 0.8274771 0.2248311 0.361996 0.1170111
1.840761 1.007898 0.8094661 0.2109373 0.3646248 0.1144591
1.94465 1.060332 0.6854621 0.2156287 0.343667 0.08838233
1.935975 1.159728 0.6927304 0.2067338 0.3366929 0.091251
1.858903 1.078797 0.7641904 0.2037678 0.3487679 0.1046207
2.154275 0.7841516 0.9049303 0.2656979 0.387413 0.1284261
1.930807 1.232587 0.6236299 0.2037563 0.3305672 0.0798706
2.15697 0.7494563 0.7890666 0.2633169 0.3686619 0.1000713
2.553842 0.2568208 0.938587 0.3785374 0.4436815 0.118737
1.711063 1.430137 0.6940475 0.174194 0.3439071 0.1023039
1.689927 1.656023 0.5685 0.1613121 0.3239981 0.07884991
1.871092 1.134841 0.7530161 0.2051124 0.351725 0.105412
1.806651 1.221641 0.6888848 0.1910025 0.3375873 0.09282032
1.850001 1.348285 0.6469792 0.1901977 0.3348632 0.08853081
1.916252 1.211072 0.7156187 0.2058694 0.345887 0.09951953
1.910266 1.05635 0.6960876 0.2127495 0.3447106 0.09017936
2.078203 0.8735477 0.8090677 0.2473936 0.3691241 0.1094004
2.03632 1.065526 0.6809564 0.2256543 0.3410297 0.08689492
1.944047 0.7059243 0.8937452 0.2459198 0.3915621 0.1231017
2.251035 0.6527613 0.8202374 0.2865912 0.3835889 0.1047742
1.988346 0.8931891 0.8524779 0.2325277 0.3688206 0.1186659
1.903834 1.228801 0.6766339 0.2027421 0.3402734 0.09153027
2.066151 0.9914049 0.7219517 0.2373341 0.3539916 0.09451746
1.823905 1.253545 0.682133 0.1930955 0.3411759 0.09361545
2.121788 0.8353242 0.8478679 0.2539668 0.3739382 0.1164448
1.587785 1.61894 0.5926742 0.1533528 0.3292626 0.08389409
1.885815 1.078444 0.7828465 0.2107567 0.3575473 0.1103941
2.030401 1.102012 0.6694803 0.2248071 0.3423891 0.08638029
2.387613 0.4895764 0.8527 0.3250792 0.4063935 0.1077125
1.938683 1.166518 0.7392472 0.2129764 0.3546219 0.1048672
2.107741 0.906854 0.747368 0.2478059 0.359649 0.09711523
2.067104 0.812909 0.8351948 0.249811 0.3743503 0.1129445
1.682927 1.423749 0.7263487 0.1719762 0.3494625 0.1103026
2.440975 0.436569 0.7888318 0.338347 0.404927 0.09381481
1.884952 1.151462 0.6731075 0.2048661 0.3403584 0.08828317
2.060799 0.8663873 0.9453712 0.244136 0.3813983 0.139495
2.26127 0.6084208 0.8400291 0.2929768 0.3905149 0.1078319
1.909606 1.257535 0.6592795 0.1960526 0.3286883 0.08677773
2.228752 0.6867654 0.8431459 0.2821332 0.3860975 0.1112709
1.705278 1.568555 0.6155128 0.1646744 0.3270261 0.08652663
2.066506 0.8391733 0.7674105 0.2469991 0.3641297 0.0990449
1.870481 1.069457 0.7341231 0.2078095 0.3488695 0.09851539
2.12421 0.691247 0.784048 0.2673761 0.3773961 0.09870295
2.053674 0.8866305 0.8380545 0.2413301 0.3685997 0.1154951
2.047384 0.8342217 0.7846767 0.2448525 0.3661739 0.1025004
1.807688 1.31428 0.6203321 0.1866815 0.3279273 0.08088787
2.369163 0.5483019 0.821944 0.3160225 0.3979337 0.1033969
2.014535 1.163218 0.7011133 0.217369 0.3418727 0.0941439
1.774736 1.430618 0.6421521 0.1804758 0.3358146 0.08997169
2.296407 0.4243733 0.9040463 0.3202125 0.41963 0.1166783
1.735448 1.336754 0.6417175 0.1793416 0.3331958 0.0866003
2.165349 0.8770824 0.721395 0.2575436 0.3589435 0.09114698
1.941897 0.9899407 0.7560142 0.2179329 0.3495263 0.09970286
1.81155 1.232306 0.6547478 0.1930275 0.337314 0.08682293
2.24784 0.5976492 0.9954318 0.2933588 0.4081922 0.1413868
1.919136 0.8257192 0.9183767 0.2275062 0.3759122 0.1300623
1.644784 1.638989 0.5940444 0.1576913 0.3301223 0.0849894
1.838717 1.23383 0.7530946 0.1973495 0.3525611 0.1095399
2.298977 0.7644411 0.819944 0.2797119 0.3722508 0.1072981
1.812807 1.290777 0.7028363 0.1882385 0.3386417 0.09799382
2.082494 0.9830362 0.6775305 0.2356743 0.3432557 0.08409725
2.06692 0.9709661 0.6812298 0.2378482 0.3482369 0.08524856
1.943754 1.035568 0.7163837 0.2190102 0.3494789 0.09413765
2.277494 0.5795276 0.8800546 0.2993626 0.3989521 0.115651
1.938686 1.176963 0.6481005 0.2089798 0.336215 0.08367969
1.966471 1.201984 0.6759304 0.207471 0.3343435 0.08914055
1.856736 1.253875 0.66537 0.1960641 0.3378062 0.08964696
2.324668 0.5182118 0.8907987 0.3096283 0.4025447 0.1152459
1.971746 0.8448058 0.8360716 0.2362833 0.3732576 0.1143659
1.603942 1.546035 0.6571553 0.157095 0.3364079 0.09646819
1.932422 1.001434 0.7282163 0.2194193 0.3514598 0.09550944
2.068182 0.930918 0.7756637 0.2409667 0.3610828 0.1036537
1.863268 1.166433 0.7985445 0.2027469 0.3576783 0.1174954
1.807781 1.391591 0.6298956 0.1844872 0.3326138 0.08590933
2.058287 0.7041595 0.8707534 0.2587843 0.3871847 0.1175902
2.134067 0.5941332 0.8534986 0.2794677 0.3951261 0.110534
2.04854 0.9724453 0.7409278 0.2329309 0.3512727 0.09665581
2.104912 1.026875 0.6601187 0.2367815 0.342266 0.08234661
2.050507 0.8261962 0.8225833 0.2460187 0.3704364 0.1100903
2.397746 0.2872717 0.9108592 0.3503501 0.4350708 0.1135488
2.183328 0.9277723 0.729245 0.2543187 0.3556485 0.09379576
1.93949 0.9939762 0.8488134 0.2257799 0.3739526 0.1242762
1.969472 0.8979436 0.731684 0.2320271 0.3578745 0.09353185
1.851995 1.244733 0.7573665 0.1985573 0.3536135 0.1111003
1.599116 1.860439 0.5139777 0.1451968 0.3209297 0.07200941
2.1848 0.7886497 0.8510077 0.2657911 0.3769508 0.1154101
2.046012 1.035083 0.724351 0.2254341 0.3420641 0.09384912
1.958512 0.9557349 0.8209655 0.228054 0.3684127 0.1154149
1.512338 1.577549 0.6978545 0.1499225 0.3490059 0.1090205
2.12061 0.8528384 0.8313876 0.2550522 0.3752798 0.1144774
2.228673 0.4513599 0.8928584 0.3065683 0.4136429 0.1146942
2.188961 0.7769156 0.7658414 0.2670267 0.3680014 0.09705508
2.09663 0.6799943 0.8732996 0.265459 0.3886208 0.1171421
1.956664 0.9909377 0.8430429 0.2231534 0.3655101 0.1206177
2.236142 0.7081529 0.7631009 0.2819115 0.3762465 0.09541219
2.051243 0.8929878 0.7916561 0.2427607 0.3668231 0.1065284
2.215258 0.7574744 0.7888424 0.2725735 0.3730979 0.1015625
2.099146 0.9782601 0.7179684 0.2415716 0.3532409 0.09312766
2.120385 0.6896097 0.8615655 0.2670122 0.385654 0.1146495
2.443121 0.2407413 0.9106146 0.3660488 0.4451846 0.1130598
2.536366 0.4065817 0.8918347 0.3552753 0.4195932 0.1134661
1.79352 1.370991 0.6418789 0.1835146 0.333677 0.08786005
1.950383 1.12662 0.6821332 0.2123703 0.3398014 0.08893496
1.816381 1.141538 0.7342061 0.1988117 0.3503062 0.1018091
2.185774 0.7098455 0.8518558 0.2761259 0.3873113 0.1142994
2.068882 0.8389736 0.8827556 0.249668 0.3804033 0.1250592
2.301576 0.5981195 0.7666707 0.3020539 0.3875387 0.09376533
2.019244 0.972484 0.7468434 0.2272652 0.349289 0.09745016
2.265074 0.7903456 0.7124424 0.2765485 0.3636419 0.0873967
2.052404 0.9466066 0.8093935 0.2378601 0.3644883 0.1116658
2.005759 0.939384 0.7583522 0.2354586 0.3633568 0.1014457
1.954464 1.092613 0.7116268 0.2182023 0.3498926 0.09544751
1.847048 1.243684 0.7605122 0.1978888 0.3529171 0.111375
1.968062 0.9899087 0.7873587 0.2235675 0.3578232 0.1076625
2.080134 0.9729782 0.8109798 0.2412933 0.3668086 0.1137577
1.731672 1.24589 0.7040599 0.1796409 0.3360787 0.09631439
2.083876 0.9319756 0.7546428 0.2444461 0.3615717 0.09994054
1.836844 1.332271 0.6502485 0.1893584 0.3339561 0.08834941
1.752625 1.265468 0.7256127 0.1832931 0.3424038 0.1025772
1.692236 1.446734 0.6659247 0.1717439 0.3416385 0.09673827
2.003236 1.165722 0.7696679 0.2133536 0.3455723 0.1082226
2.005519 1.068076 0.678207 0.2222507 0.3415949 0.08669775
1.827739 1.234435 0.6880306 0.1930524 0.3387729 0.09342527
1.764507 1.150733 0.7875125 0.1925665 0.3558357 0.1140192
1.750177 1.464764 0.5868988 0.1747342 0.3261539 0.07851494
1.807979 1.21999 0.728255 0.1937106 0.3485411 0.1031672
1.874651 1.1348 0.725274 0.2038075 0.3455228 0.09856661
2.183511 0.6869336 0.7597939 0.2781271 0.37893 0.09451391
2.468527 0.4019974 0.9100812 0.3459498 0.4206064 0.1165444
2.034582 0.8839839 0.8103151 0.2419099 0.3707782 0.1107694
2.041259 0.8901564 0.8154953 0.2384349 0.3632589 0.1097693
1.931882 0.9865108 0.7962625 0.2208295 0.3618634 0.1104535
2.438265 0.3803068 0.9043117 0.3470505 0.4265901 0.1158022
2.576997 0.3109968 0.8679513 0.3778118 0.433201 0.106893
2.364574 0.5867699 0.9228379 0.3096214 0.4021743 0.1249511
1.87607 1.320216 0.6939282 0.191823 0.3351054 0.09646297
1.939289 1.193635 0.6943961 0.2097955 0.3438159 0.09430314
2.392432 0.6402841 0.75709 0.3099185 0.3828922 0.09290128
1.939867 1.14859 0.6821721 0.2129847 0.3449215 0.09085064
2.330448 0.5548594 0.8159869 0.3120584 0.3983796 0.1026091
2.17243 0.6915015 0.8774544 0.268215 0.3794171 0.1161202
1.993909 0.894194 0.8706401 0.2318774 0.3683337 0.1220275
1.985368 0.9402594 0.6840319 0.2303254 0.3506073 0.08529255
1.708685 1.537329 0.6123791 0.1665485 0.3269489 0.08514501
1.940686 1.216738 0.6342638 0.2034457 0.3281088 0.08077835
1.841975 1.242728 0.5911593 0.1944117 0.3265419 0.07360856
2.655896 0.2109423 1.01833 0.3964125 0.4525049 0.1323777
1.905745 1.121985 0.7662022 0.2105594 0.354555 0.1080932
1.877093 1.29453 0.6302853 0.1960914 0.3328046 0.08328816
1.942014 1.100896 0.7263339 0.2142082 0.3483475 0.09819813
2.103227 0.8439582 0.7802135 0.2503846 0.3647424 0.1017978
1.951211 1.094049 0.730336 0.2125679 0.3434462 0.0974851
1.96751 1.088786 0.7052685 0.2156118 0.3427126 0.09258244
1.751905 1.323104 0.663935 0.18078 0.3347867 0.09077439
2.039578 0.8008168 0.826 0.2416562 0.3637608 0.1077589
1.906374 1.147744 0.7283042 0.2029125 0.3389913 0.09797093
2.588977 0.1580062 0.9139497 0.3968662 0.4537292 0.1107733
1.877231 1.130609 0.7237523 0.205486 0.3470818 0.09843694
1.852926 1.083874 0.7958289 0.2070576 0.3598222 0.1138662
2.214683 0.8347261 0.7880664 0.2678519 0.3713443 0.1044423
2.066511 1.0146 0.7334546 0.2320035 0.3498123 0.09673797
1.871901 0.9890238 0.8181924 0.2138999 0.3636457 0.1151697
1.74784 1.189731 0.761777 0.1913718 0.3571614 0.1107875
2.241088 0.489436 0.9508897 0.3035766 0.4138813 0.1275446
2.126258 1.005044 0.7100627 0.2412324 0.3494184 0.09190517
2.105401 0.635598 0.8502712 0.2694627 0.387955 0.1104027
2.583197 0.2342504 1.0181 0.3863018 0.4545827 0.1345076
2.266038 0.666725 0.8213991 0.2896812 0.3863775 0.1063161
2.232702 0.8652581 0.7956747 0.2677101 0.3703616 0.106894
1.696717 1.443484 0.5886318 0.1688127 0.3234257 0.07777656
2.051081 0.7792627 0.7938807 0.2517127 0.3737691 0.1035661
1.997604 1.063066 0.7305124 0.2237945 0.3510645 0.09813034
1.793991 1.409367 0.6156496 0.1787817 0.3238002 0.08181251
1.915716 1.006928 0.7550264 0.2181402 0.356796 0.1020811
1.8125 1.283472 0.6628339 0.1893776 0.3353793 0.08944506
1.690507 1.457585 0.7066481 0.1713782 0.3464359 0.1063966
2.137165 0.9423856 0.6789597 0.248651 0.3505307 0.08439249
1.894978 1.180348 0.6542342 0.2038339 0.3366274 0.08498426
2.562267 0.3911032 0.8489704 0.3640225 0.4203536 0.1051037
1.814583 1.224807 0.7049294 0.1949005 0.3457492 0.09792814
1.833853 1.237488 0.7187599 0.1949505 0.3453977 0.1010599
2.201164 0.5671819 0.9548202 0.2882183 0.4042812 0.1305115
1.943758 1.173237 0.6871504 0.2094016 0.3405431 0.09161655
2.514802 0.2076047 0.9029556 0.379665 0.4466102 0.1101263
1.972012 1.013833 0.750248 0.2227307 0.3527735 0.1003289
2.248075 0.6435937 0.7800976 0.2878639 0.3812627 0.09676225
1.974466 0.7794528 0.9087112 0.2415879 0.3844913 0.1281269
1.970253 0.792961 0.8486423 0.2353703 0.370045 0.1134263
2.109662 1.004093 0.7706596 0.239252 0.3559103 0.1045389
2.636874 -0.08457475 0.9473405 0.4513549 0.5086496 0.1132095
2.067414 0.846626 0.8200698 0.2449915 0.3670289 0.1097696
2.052706 0.9403974 0.7647351 0.2370467 0.3573875 0.1011702
1.834565 1.169171 0.6992303 0.1972437 0.341529 0.0940245
1.926311 1.22427 0.6729038 0.2058943 0.3398103 0.09045109
1.76995 1.414481 0.644434 0.1722781 0.3185997 0.08587024
2.276553 0.5544892 0.8028468 0.2970046 0.3864868 0.09780387
1.900224 1.164148 0.7757322 0.202462 0.3462795 0.1095156
2.293439 0.2363315 1.013662 0.3389222 0.4484244 0.1322308
2.213518 0.7770806 0.7358492 0.2702748 0.3652982 0.09123335
1.950352 1.174503 0.6309278 0.2113269 0.3357089 0.0804395
2.08066 1.068302 0.6504661 0.23082 0.3386899 0.08122724
2.004079 1.014385 0.7834175 0.2304441 0.3640105 0.1095873
2.223334 0.6789875 0.8395905 0.28047 0.3833651 0.1094746
1.970638 1.024783 0.718672 0.2191436 0.3449994 0.09326652
2.243211 0.6088749 0.8105434 0.2885995 0.3841327 0.1010626
1.989152 0.7761547 0.8481903 0.2441593 0.3796544 0.1150096
